index,non-parasite output,parasite output,label
0,1.0,2.9765082e-09,0
1,1.0,7.4306833e-10,0
2,1.0,3.7014388e-11,0
3,1.0,1.6172134e-09,0
4,1.0,2.3815527e-10,0
5,1.0,1.4045548e-10,0
6,1.0,6.581986e-11,0
7,0.99999964,3.506825e-07,0
8,1.0,2.2326398e-11,0
9,1.0,3.56097e-11,0
10,1.0,1.8443256e-08,0
11,0.9999999,6.296657e-08,0
12,1.0,7.2304185e-10,0
13,1.0,2.2125355e-09,0
14,0.9999999,1.1939751e-07,0
15,1.0,3.3068828e-09,0
16,1.0,1.4202388e-10,0
17,1.0,5.7699955e-13,0
18,1.0,1.4537032e-09,0
19,1.0,4.0319117e-09,0
20,1.0,6.458152e-11,0
21,1.0,2.4912062e-12,0
22,1.0,4.3095674e-09,0
23,1.0,6.1213434e-10,0
24,1.0,6.59161e-11,0
25,1.0,1.4173445e-12,0
26,1.0,3.0437324e-08,0
27,1.0,3.2656648e-09,0
28,1.0,1.5434124e-12,0
29,1.0,1.0369742e-10,0
30,1.0,1.4270857e-08,0
31,1.0,1.6012693e-11,0
32,1.0,1.2522046e-10,0
33,1.0,5.3344307e-09,0
34,1.0,3.7215597e-10,0
35,1.0,1.9559579e-10,0
36,1.0,1.4081439e-10,0
37,1.0,3.127763e-11,0
38,0.999998,1.9853164e-06,0
39,1.0,3.247244e-08,0
40,1.0,7.2742576e-09,0
41,1.0,5.0656286e-08,0
42,0.9999938,6.2091044e-06,0
43,1.0,2.7964079e-11,0
44,0.99999905,1.0026565e-06,0
45,0.99999917,8.328248e-07,0
46,0.9999974,2.572992e-06,0
47,0.9999975,2.4795745e-06,0
48,1.0,8.010513e-12,0
49,1.0,2.0945388e-09,0
50,1.0,5.0132154e-08,0
51,1.0,6.380697e-11,0
52,0.9999999,7.0369396e-08,0
53,1.0,2.922723e-11,0
54,1.0,9.553422e-10,0
55,1.0,3.3870664e-09,0
56,0.9999999,1.6064762e-07,0
57,1.0,5.770935e-08,0
58,1.0,1.2037816e-09,0
59,0.9999999,1.5961588e-07,0
60,1.0,1.327601e-10,0
61,1.0,4.243686e-12,0
62,1.0,5.6262187e-12,0
63,1.0,1.3887315e-10,0
64,0.9999999,7.583334e-08,0
65,1.0,9.3340395e-14,0
66,1.0,1.895442e-11,0
67,1.0,1.643182e-09,0
68,1.0,3.680876e-14,0
69,0.9999908,9.237706e-06,0
70,1.0,3.8637105e-10,0
71,1.0,9.634841e-13,0
72,1.0,2.1641881e-11,0
73,1.0,5.295886e-13,0
74,1.0,8.9971135e-14,0
75,1.0,6.830815e-15,0
76,1.0,5.414985e-09,0
77,1.0,6.510486e-13,0
78,1.0,1.282684e-15,0
79,1.0,4.747797e-10,0
80,0.9999981,1.8890803e-06,0
81,1.0,2.6799155e-10,0
82,1.0,2.7656122e-14,0
83,1.0,1.1862397e-10,0
84,1.0,8.061962e-10,0
85,1.0,1.1822446e-09,0
86,0.9999999,1.2335406e-07,0
87,1.0,1.481368e-10,0
88,0.9999994,6.102016e-07,0
89,1.0,3.213907e-09,0
90,1.0,2.6387682e-11,0
91,0.99999964,3.150812e-07,0
92,1.0,9.348539e-11,0
93,1.0,2.3901944e-10,0
94,1.0,7.893952e-12,0
95,1.0,1.9108495e-09,0
96,1.0,1.3736142e-12,0
97,1.0,1.9219742e-11,0
98,1.0,3.6705556e-14,0
99,1.0,6.4120723e-12,0
100,1.0,3.6330883e-11,0
101,1.0,3.7312506e-12,0
102,1.0,1.2889443e-09,0
103,1.0,1.2134617e-12,0
104,1.0,2.1230434e-13,0
105,1.0,1.2109577e-12,0
106,1.0,6.706884e-13,0
107,0.999998,1.9772142e-06,0
108,1.0,5.6060676e-09,0
109,1.0,2.5140348e-10,0
110,1.0,7.6406614e-10,0
111,1.0,2.705773e-12,0
112,1.0,2.8178836e-11,0
113,1.0,4.9257677e-12,0
114,1.0,6.930073e-09,0
115,1.0,9.58115e-12,0
116,1.0,1.5711565e-09,0
117,1.0,4.063447e-10,0
118,1.0,1.0072067e-12,0
119,1.0,1.3619157e-13,0
120,1.0,4.0870977e-11,0
121,1.0,1.636189e-13,0
122,1.0,3.4156502e-13,0
123,0.99999905,9.933729e-07,0
124,1.0,2.7646377e-13,0
125,1.0,2.6576632e-08,0
126,1.0,1.7342341e-11,0
127,0.9999999,1.1868298e-07,0
128,1.0,1.1032398e-08,0
129,1.0,1.145626e-09,0
130,0.99999964,3.997929e-07,0
131,1.0,5.997486e-14,0
132,1.0,8.508168e-09,0
133,1.0,3.9223607e-11,0
134,1.0,1.1095405e-09,0
135,1.0,1.0762062e-12,0
136,1.0,2.5420885e-10,0
137,1.0,2.0112518e-11,0
138,1.0,3.13909e-10,0
139,1.0,2.0012738e-13,0
140,1.0,1.3614517e-08,0
141,1.0,5.6415967e-08,0
142,1.0,6.948331e-11,0
143,1.0,1.561229e-10,0
144,1.0,2.719637e-10,0
145,1.0,3.9878406e-10,0
146,1.0,6.0206125e-11,0
147,0.99999976,2.74556e-07,0
148,1.0,3.4651868e-09,0
149,0.9999987,1.3692509e-06,0
150,0.9999999,9.976987e-08,0
151,0.9999999,7.652e-08,0
152,1.0,4.6655164e-09,0
153,1.0,1.357182e-11,0
154,1.0,3.8588365e-13,0
155,1.0,2.1321384e-12,0
156,0.9999999,1.6087759e-07,0
157,0.9999995,4.8471264e-07,0
158,0.9999999,6.781443e-08,0
159,0.9999999,1.7488281e-07,0
160,1.0,6.4105294e-09,0
161,1.0,4.095616e-09,0
162,0.9999989,1.124422e-06,0
163,0.9999995,4.8612924e-07,0
164,1.0,1.7733289e-08,0
165,0.99999976,2.8864469e-07,0
166,1.0,4.7853295e-09,0
167,0.99999976,2.7981602e-07,0
168,1.0,1.2636835e-09,0
169,1.0,1.08215596e-10,0
170,1.0,1.2805081e-08,0
171,0.99999976,2.703819e-07,0
172,1.0,3.6101702e-10,0
173,1.0,1.4099552e-10,0
174,0.99999976,1.803803e-07,0
175,1.0,3.754431e-08,0
176,1.0,2.4521256e-08,0
177,1.0,9.168711e-09,0
178,0.9999999,6.190092e-08,0
179,1.0,3.4864492e-12,0
180,0.9999999,1.2499203e-07,0
181,0.9999999,7.1290614e-08,0
182,1.0,7.9771345e-09,0
183,0.9999999,7.367943e-08,0
184,1.0,4.52382e-09,0
185,1.0,3.629982e-09,0
186,0.9999999,1.7444887e-07,0
187,1.0,4.1522243e-09,0
188,0.9999999,1.7044027e-07,0
189,0.9999995,4.4522344e-07,0
190,1.0,4.258774e-13,0
191,1.0,3.1176586e-09,0
192,0.9999999,9.42475e-08,0
193,1.0,1.0996683e-08,0
194,1.0,6.1000226e-11,0
195,1.0,5.463201e-10,0
196,1.0,2.2927776e-10,0
197,1.0,5.616939e-10,0
198,0.99999976,1.8156805e-07,0
199,1.0,7.592394e-12,0
200,1.0,2.159462e-08,0
201,0.99999595,4.1043872e-06,0
202,0.99999917,8.196394e-07,0
203,1.0,1.6629487e-08,0
204,1.0,3.6009964e-10,0
205,1.0,6.1530213e-13,0
206,0.9999999,1.0101796e-07,0
207,0.99999964,3.8006735e-07,0
208,1.0,1.286098e-09,0
209,0.99999964,4.0952122e-07,0
210,1.0,4.5205523e-12,0
211,1.0,1.00246415e-10,0
212,1.0,1.5755707e-13,0
213,1.0,1.0158084e-10,0
214,0.9999999,6.8931115e-08,0
215,1.0,1.499577e-09,0
216,0.99999917,8.038153e-07,0
217,1.0,8.86612e-12,0
218,0.9999995,4.786519e-07,0
219,0.9999994,5.861914e-07,0
220,1.0,7.192274e-11,0
221,0.9999993,7.4417807e-07,0
222,1.0,4.1428658e-13,0
223,0.9999988,1.1889329e-06,0
224,1.0,2.9905939e-12,0
225,1.0,4.5035367e-09,0
226,1.0,9.498904e-12,0
227,0.9999999,1.3736268e-07,0
228,1.0,4.7757043e-15,0
229,1.0,3.785808e-14,0
230,1.0,3.3341037e-09,0
231,1.0,6.5699823e-15,0
232,1.0,1.030565e-12,0
233,0.9999999,1.3947326e-07,0
234,1.0,1.6519463e-13,0
235,1.0,1.630984e-11,0
236,1.0,1.6262298e-13,0
237,1.0,6.221598e-13,0
238,1.0,2.6731162e-13,0
239,1.0,2.7305807e-12,0
240,0.9999999,9.7208265e-08,0
241,1.0,2.2234965e-13,0
242,1.0,1.1469428e-08,0
243,1.0,5.922808e-11,0
244,1.0,3.0567275e-13,0
245,1.0,3.819177e-14,0
246,1.0,2.9224897e-14,0
247,1.0,9.1395475e-10,0
248,0.9999999,1.4435366e-07,0
249,1.0,3.5104078e-10,0
250,0.9999974,2.6029716e-06,0
251,1.0,1.383171e-08,0
252,0.9999995,5.008704e-07,0
253,1.0,4.8278865e-09,0
254,1.0,1.631359e-09,0
255,1.0,4.2064255e-11,0
256,1.0,2.2521773e-11,0
257,1.0,2.2348437e-10,0
258,1.0,4.2268695e-11,0
259,0.9999999,7.6885755e-08,0
260,0.99999666,3.3216722e-06,0
261,1.0,1.5051311e-08,0
262,0.99999726,2.7277263e-06,0
263,1.0,1.43138745e-08,0
264,1.0,4.265548e-12,0
265,1.0,6.744416e-14,0
266,1.0,4.905069e-11,0
267,1.0,1.1074082e-11,0
268,1.0,6.859611e-09,0
269,1.0,4.3253037e-13,0
270,1.0,1.8705908e-09,0
271,1.0,3.4859038e-12,0
272,1.0,4.1632e-09,0
273,0.99999976,2.6158818e-07,0
274,0.9999919,8.094486e-06,0
275,0.99999964,3.633219e-07,0
276,1.0,5.3909453e-08,0
277,0.9999982,1.7863874e-06,0
278,1.0,1.735412e-11,0
279,0.9999994,5.611333e-07,0
280,0.9999995,4.994499e-07,0
281,1.0,1.7879652e-10,0
282,1.0,8.657057e-15,0
283,0.9999995,5.217495e-07,0
284,1.0,1.4531332e-15,0
285,1.0,5.690799e-13,0
286,1.0,6.702137e-10,0
287,1.0,3.939401e-08,0
288,1.0,4.5561077e-10,0
289,1.0,1.9703637e-09,0
290,1.0,1.3846333e-08,0
291,1.0,8.878648e-11,0
292,0.99999714,2.8582535e-06,0
293,1.0,3.4200294e-14,0
294,0.99999917,8.67042e-07,0
295,1.0,2.7313058e-15,0
296,1.0,3.1663623e-09,0
297,1.0,1.9650656e-15,0
298,1.0,1.6509644e-12,0
299,1.0,1.6133364e-14,0
300,1.0,1.3139163e-11,0
301,0.9999999,8.084574e-08,0
302,0.9999995,4.6268454e-07,0
303,1.0,5.928213e-10,0
304,1.0,1.3335802e-10,0
305,1.0,1.4795988e-12,0
306,1.0,9.916803e-09,0
307,1.0,7.957614e-11,0
308,1.0,6.4278196e-12,0
309,0.99999654,3.4611576e-06,0
310,1.0,3.823961e-13,0
311,1.0,5.8215432e-09,0
312,0.99999976,2.3454966e-07,0
313,1.0,2.7991028e-11,0
314,1.0,1.02759925e-08,0
315,1.0,1.1058315e-11,0
316,1.0,1.6514595e-11,0
317,1.0,4.1839767e-09,0
318,1.0,1.5580564e-08,0
319,1.0,8.1557845e-09,0
320,1.0,7.715363e-10,0
321,0.9999753,2.4682246e-05,0
322,0.99999976,2.0555528e-07,0
323,1.0,7.733458e-13,0
324,1.0,9.905489e-11,0
325,1.0,6.6059984e-14,0
326,1.0,3.115973e-11,0
327,1.0,3.2049712e-08,0
328,0.9999999,1.4977061e-07,0
329,1.0,1.7161864e-10,0
330,1.0,1.9968538e-10,0
331,0.99611366,0.0038863446,0
332,1.0,6.029867e-10,0
333,0.9999987,1.2897143e-06,0
334,1.0,2.9294063e-09,0
335,0.99999535,4.653322e-06,0
336,0.99999964,4.0588543e-07,0
337,0.9999269,7.3023424e-05,0
338,0.99897444,0.0010255381,0
339,0.99998844,1.1519233e-05,0
340,1.0,6.3206805e-14,0
341,1.0,1.0384596e-08,0
342,1.0,2.5573246e-10,0
343,1.0,2.3641533e-08,0
344,0.9999999,6.215067e-08,0
345,0.9999999,1.629445e-07,0
346,1.0,6.701002e-13,0
347,1.0,8.816806e-13,0
348,0.99999726,2.7722176e-06,0
349,1.0,1.6244139e-12,0
350,1.0,4.6551785e-09,0
351,1.0,6.459874e-12,0
352,0.9999964,3.5775092e-06,0
353,1.0,2.1328384e-08,0
354,1.0,1.2741863e-11,0
355,1.0,1.203889e-10,0
356,1.0,3.821296e-11,0
357,0.9999871,1.290005e-05,0
358,0.99998856,1.1478517e-05,0
359,1.0,5.333583e-14,0
360,0.9999839,1.6124843e-05,0
361,1.0,4.4045284e-12,0
362,1.0,1.2816112e-10,0
363,0.9999999,1.2026445e-07,0
364,1.0,1.0378444e-11,0
365,1.0,3.9950083e-12,0
366,0.9995547,0.0004452477,0
367,0.9999999,1.0630885e-07,0
368,0.99999976,2.8343024e-07,0
369,1.0,2.8014435e-10,0
370,1.0,2.271042e-10,0
371,1.0,1.1406493e-11,0
372,1.0,2.6685687e-12,0
373,1.0,6.1860556e-12,0
374,1.0,6.534151e-12,0
375,1.0,2.9480096e-09,0
376,1.0,6.976534e-12,0
377,0.9999975,2.480975e-06,0
378,0.99999917,7.765476e-07,0
379,1.0,5.1676947e-09,0
380,0.9999999,6.515558e-08,0
381,1.0,1.00215365e-08,0
382,0.9999969,3.107268e-06,0
383,1.0,2.9522537e-08,0
384,1.0,3.6005982e-10,0
385,1.0,2.9026991e-12,0
386,1.0,3.1689318e-08,0
387,1.0,2.309053e-08,0
388,1.0,1.171014e-10,0
389,0.9999938,6.192187e-06,0
390,1.0,2.0373599e-11,0
391,1.0,3.6513555e-13,0
392,1.0,1.2367441e-08,0
393,1.0,3.9069312e-09,0
394,1.0,2.4079823e-09,0
395,1.0,7.4746065e-10,0
396,1.0,9.805532e-09,0
397,1.0,2.0585781e-11,0
398,0.9999999,9.642107e-08,0
399,1.0,5.6789023e-10,0
400,0.9999964,3.6137542e-06,0
401,1.0,4.723047e-11,0
402,1.0,4.7738272e-08,0
403,1.0,8.687635e-09,0
404,1.0,6.049214e-12,0
405,0.9999995,5.1610584e-07,0
406,1.0,7.3026166e-13,0
407,1.0,9.716874e-09,0
408,0.99999833,1.6188704e-06,0
409,0.9999999,9.105347e-08,0
410,0.9999951,4.8332786e-06,0
411,0.9999999,6.027044e-08,0
412,0.9999987,1.3301822e-06,0
413,1.0,4.5368527e-08,0
414,1.0,8.063596e-09,0
415,0.99999905,9.3853885e-07,0
416,0.9999974,2.6798396e-06,0
417,1.0,1.006391e-11,0
418,1.0,5.7721867e-09,0
419,0.99998534,1.4649382e-05,0
420,1.0,2.3802654e-08,0
421,1.0,6.047463e-11,0
422,0.9999894,1.0617348e-05,0
423,0.99999964,3.2392583e-07,0
424,1.0,1.6370935e-10,0
425,1.0,5.4949156e-11,0
426,0.9999831,1.6874295e-05,0
427,0.9999317,6.831614e-05,0
428,1.0,1.2306495e-08,0
429,0.99999964,3.3806597e-07,0
430,1.0,6.655814e-11,0
431,1.0,4.8121604e-11,0
432,1.0,1.7570027e-09,0
433,0.9999995,4.8096996e-07,0
434,1.0,2.0881496e-08,0
435,1.0,2.3754172e-08,0
436,1.0,3.9303005e-10,0
437,1.0,3.1615672e-11,0
438,1.0,3.294576e-12,0
439,0.9999999,1.0776651e-07,0
440,1.0,1.1779095e-09,0
441,0.9999548,4.518106e-05,0
442,1.0,1.0931295e-11,0
443,0.99999976,2.954835e-07,0
444,0.9999993,6.79172e-07,0
445,1.0,2.7801438e-08,0
446,1.0,1.3064141e-08,0
447,1.0,2.8112496e-10,0
448,0.9999999,1.0091725e-07,0
449,1.0,5.3173064e-08,0
450,1.0,3.316636e-09,0
451,1.0,5.251645e-10,0
452,0.99999726,2.7969086e-06,0
453,0.99998903,1.0913938e-05,0
454,0.9999993,7.1021884e-07,0
455,1.0,1.395082e-10,0
456,1.0,4.629096e-12,0
457,1.0,1.0224271e-10,0
458,0.9999999,1.6163575e-07,0
459,1.0,6.81805e-10,0
460,1.0,1.4845514e-12,0
461,1.0,4.8768854e-08,0
462,0.9999999,6.201307e-08,0
463,0.9999956,4.4700964e-06,0
464,1.0,2.3276236e-09,0
465,0.99999547,4.5176407e-06,0
466,1.0,3.9851566e-10,0
467,0.9999993,7.326015e-07,0
468,0.99999905,9.115607e-07,0
469,0.999992,7.962763e-06,0
470,1.0,7.793827e-10,0
471,0.9999995,4.2647272e-07,0
472,1.0,8.870239e-10,0
473,0.9999988,1.2254144e-06,0
474,0.9999949,5.1011034e-06,0
475,0.9999987,1.2993313e-06,0
476,0.9999727,2.7343858e-05,0
477,0.9999999,9.145031e-08,0
478,1.0,4.6073307e-08,0
479,0.9999999,6.623669e-08,0
480,1.0,2.2129407e-09,0
481,0.9999982,1.8334111e-06,0
482,0.99999964,3.3248148e-07,0
483,0.99999964,3.3215252e-07,0
484,1.0,2.4453394e-08,0
485,1.0,3.531189e-08,0
486,0.99999857,1.3994162e-06,0
487,1.0,3.8614232e-08,0
488,0.9999999,6.0315166e-08,0
489,0.9999995,5.361107e-07,0
490,1.0,1.6773889e-08,0
491,0.9999944,5.5444957e-06,0
492,1.0,2.6971582e-08,0
493,0.9999999,6.7285285e-08,0
494,1.0,6.8083326e-09,0
495,0.9999987,1.3457156e-06,0
496,1.0,7.513776e-09,0
497,0.9999927,7.221092e-06,0
498,1.0,5.6649276e-09,0
499,0.9999994,5.514305e-07,0
500,0.9999925,7.4549603e-06,0
501,1.0,6.828087e-09,0
502,1.0,2.6947386e-10,0
503,0.99999833,1.6651774e-06,0
504,1.0,5.108924e-08,0
505,0.9999999,1.4767183e-07,0
506,1.0,1.0325527e-11,0
507,1.0,2.5406646e-09,0
508,1.0,1.9409103e-10,0
509,1.0,1.6488567e-11,0
510,1.0,2.8153585e-11,0
511,0.9999951,4.89714e-06,0
512,0.99999976,1.9768889e-07,0
513,0.9999908,9.200225e-06,0
514,1.0,2.0129436e-08,0
515,1.0,3.2803804e-08,0
516,1.0,9.72125e-09,0
517,0.9999988,1.2386525e-06,0
518,0.99999785,2.0877746e-06,0
519,0.99992037,7.965493e-05,0
520,0.9999999,1.17294924e-07,0
521,1.0,2.8164855e-08,0
522,1.0,1.2289864e-08,0
523,0.9999989,1.0904262e-06,0
524,0.99999976,2.5885342e-07,0
525,0.99999833,1.6797234e-06,0
526,1.0,3.4871844e-10,0
527,0.9999987,1.3476832e-06,0
528,0.99999964,4.017946e-07,0
529,0.9999927,7.292762e-06,0
530,0.9988287,0.0011713253,0
531,0.9999999,6.337104e-08,0
532,1.0,1.1068645e-09,0
533,0.9999993,7.3161846e-07,0
534,1.0,5.6917657e-09,0
535,1.0,3.7806025e-08,0
536,0.9999999,1.5386722e-07,0
537,0.9999988,1.234486e-06,0
538,0.9999993,7.001795e-07,0
539,0.9999994,5.3906973e-07,0
540,0.99999964,3.2732154e-07,0
541,1.0,2.334828e-08,0
542,0.9999999,9.327606e-08,0
543,1.0,1.2315226e-09,0
544,0.9999999,1.4295e-07,0
545,1.0,7.4074795e-09,0
546,0.99999917,8.024787e-07,0
547,1.0,1.1856239e-11,0
548,1.0,9.955617e-09,0
549,1.0,1.1715245e-08,0
550,1.0,4.3408694e-08,0
551,0.999997,2.9488601e-06,0
552,0.9999995,4.929462e-07,0
553,0.9999994,6.015858e-07,0
554,1.0,5.0125604e-10,0
555,1.0,6.809758e-10,0
556,0.99999905,9.588479e-07,0
557,1.0,1.5419935e-09,0
558,0.9999995,5.203939e-07,0
559,0.9999999,1.4800767e-07,0
560,1.0,5.5085523e-09,0
561,1.0,5.0045884e-08,0
562,1.0,1.433701e-09,0
563,1.0,3.68866e-08,0
564,0.9999995,5.011791e-07,0
565,0.9999993,6.834108e-07,0
566,0.99999774,2.2392999e-06,0
567,1.0,2.2556446e-09,0
568,0.9999999,1.09105905e-07,0
569,0.999997,2.9377613e-06,0
570,0.9999999,1.0238258e-07,0
571,0.9999802,1.9747267e-05,0
572,1.0,2.2790536e-09,0
573,0.99999917,8.2700916e-07,0
574,0.9999988,1.1417478e-06,0
575,0.9999999,1.1081286e-07,0
576,0.99999964,3.142035e-07,0
577,1.0,3.179557e-08,0
578,0.9999993,6.5961717e-07,0
579,1.0,5.1193827e-11,0
580,1.0,5.949901e-08,0
581,0.99999964,3.821645e-07,0
582,1.0,7.626105e-09,0
583,1.0,1.0451466e-11,0
584,0.9999951,4.854375e-06,0
585,0.9999913,8.758883e-06,0
586,1.0,6.3719093e-13,0
587,0.9999999,6.55001e-08,0
588,1.0,1.5571059e-08,0
589,1.0,5.0980144e-11,0
590,1.0,4.8827973e-11,0
591,1.0,4.118327e-08,0
592,1.0,1.26961535e-08,0
593,0.99999857,1.391292e-06,0
594,1.0,4.628576e-08,0
595,1.0,1.0679214e-11,0
596,0.9999995,4.801698e-07,0
597,1.0,1.8187882e-09,0
598,1.0,1.4622899e-10,0
599,1.0,1.2135323e-14,0
600,1.0,3.2928222e-09,0
601,0.9999999,1.530179e-07,0
602,1.0,4.7694222e-08,0
603,1.0,3.4683506e-11,0
604,1.0,7.0071615e-17,0
605,1.0,1.2469951e-09,0
606,1.0,5.2062042e-11,0
607,1.0,1.6971605e-09,0
608,1.0,1.1811313e-09,0
609,0.99999845,1.5769871e-06,0
610,0.999964,3.5979923e-05,0
611,1.0,1.9981121e-09,0
612,1.0,1.0600498e-10,0
613,0.99999976,2.0339972e-07,0
614,0.99999666,3.3195536e-06,0
615,1.0,1.5450348e-09,0
616,0.99994266,5.7309502e-05,0
617,1.0,2.57809e-10,0
618,0.9999999,1.0864261e-07,0
619,0.99999964,3.5136074e-07,0
620,1.0,7.9709975e-11,0
621,1.0,2.4080783e-13,0
622,0.99999964,3.252997e-07,0
623,1.0,3.9739497e-08,0
624,1.0,2.299304e-09,0
625,1.0,1.7925359e-08,0
626,0.9999999,8.186584e-08,0
627,0.9999995,5.0279914e-07,0
628,1.0,8.424915e-11,0
629,0.99874425,0.0012557189,0
630,1.0,1.5231258e-08,0
631,1.0,1.7508128e-10,0
632,0.9999962,3.7820414e-06,0
633,1.0,8.584598e-10,0
634,0.99999964,3.109406e-07,0
635,1.0,1.6386351e-12,0
636,1.0,3.4045362e-12,0
637,1.0,4.5376374e-13,0
638,0.999997,2.9995e-06,0
639,1.0,5.9933295e-12,0
640,1.0,3.131703e-11,0
641,1.0,5.1305538e-08,0
642,1.0,2.067529e-12,0
643,0.99999976,1.9317058e-07,0
644,1.0,5.3292646e-09,0
645,0.9999957,4.344226e-06,0
646,1.0,3.250128e-10,0
647,0.99999976,2.0964428e-07,0
648,0.9999999,9.6026106e-08,0
649,1.0,3.2494851e-09,0
650,0.9999999,6.198575e-08,0
651,0.9962662,0.0037338608,0
652,0.9999982,1.7758256e-06,0
653,0.99999976,2.7080253e-07,0
654,0.99999976,2.9103398e-07,0
655,0.99995816,4.183898e-05,0
656,1.0,8.027442e-09,0
657,0.99999905,9.68795e-07,0
658,0.99999857,1.4407766e-06,0
659,1.0,5.5276176e-11,0
660,1.0,1.556753e-11,0
661,0.99999475,5.207223e-06,0
662,0.9999484,5.162001e-05,0
663,1.0,3.791649e-09,0
664,1.0,8.620734e-09,0
665,1.0,8.876224e-15,0
666,0.99999857,1.3875199e-06,0
667,1.0,2.1258872e-10,0
668,1.0,2.9093341e-08,0
669,1.0,1.3568235e-13,0
670,1.0,2.8634996e-14,0
671,0.99999905,1.0016081e-06,0
672,1.0,1.0913962e-11,0
673,1.0,5.7905077e-11,0
674,1.0,1.1853974e-08,0
675,1.0,1.2268568e-13,0
676,1.0,8.2380436e-11,0
677,1.0,5.0963083e-09,0
678,1.0,2.800804e-09,0
679,1.0,2.5391058e-08,0
680,0.99999857,1.4428033e-06,0
681,1.0,1.4234563e-12,0
682,0.99999845,1.5071267e-06,0
683,0.99997425,2.57601e-05,0
684,1.0,1.5142093e-09,0
685,1.0,4.1047127e-08,0
686,1.0,3.9826134e-09,0
687,1.0,3.0271913e-08,0
688,1.0,8.642598e-09,0
689,1.0,1.7349629e-10,0
690,1.0,6.2136385e-10,0
691,1.0,1.7074466e-09,0
692,1.0,8.133679e-09,0
693,1.0,5.8299914e-08,0
694,1.0,2.6249776e-08,0
695,1.0,2.7685747e-09,0
696,1.0,3.6057128e-09,0
697,0.9999999,6.828598e-08,0
698,0.99999976,2.0051766e-07,0
699,1.0,1.3176905e-08,0
700,1.0,4.8094883e-08,0
701,0.9999999,8.518516e-08,0
702,0.9999999,7.3179855e-08,0
703,1.0,2.6807257e-08,0
704,1.0,2.5579562e-12,0
705,1.0,7.698301e-09,0
706,1.0,3.8252213e-10,0
707,1.0,3.489676e-08,0
708,1.0,2.204457e-08,0
709,1.0,4.2119233e-08,0
710,1.0,1.3711224e-08,0
711,0.9999999,8.699328e-08,0
712,1.0,4.8511143e-11,0
713,1.0,7.083274e-09,0
714,1.0,5.7382703e-08,0
715,1.0,1.0444616e-10,0
716,1.0,7.154883e-10,0
717,1.0,3.3372513e-10,0
718,1.0,2.0542215e-10,0
719,1.0,2.8468884e-11,0
720,1.0,1.9462312e-09,0
721,1.0,4.3851086e-11,0
722,1.0,2.921721e-10,0
723,1.0,8.3504346e-13,0
724,0.9999999,6.726655e-08,0
725,1.0,2.4969948e-09,0
726,0.9999999,1.3194175e-07,0
727,0.9999999,1.6084293e-07,0
728,1.0,1.2847055e-09,0
729,1.0,1.2855782e-09,0
730,1.0,3.6798283e-11,0
731,1.0,1.5127644e-11,0
732,1.0,1.5132796e-09,0
733,1.0,5.1592576e-08,0
734,1.0,2.478159e-16,0
735,1.0,6.651574e-19,0
736,1.0,6.0368606e-11,0
737,1.0,1.0342148e-10,0
738,1.0,2.2267207e-14,0
739,1.0,3.2626282e-08,0
740,1.0,1.4961949e-12,0
741,1.0,4.0885654e-14,0
742,1.0,4.2952533e-14,0
743,1.0,8.176281e-09,0
744,1.0,3.5298682e-16,0
745,0.9999999,9.6341275e-08,0
746,1.0,7.554785e-10,0
747,1.0,2.7229783e-11,0
748,1.0,1.2024624e-16,0
749,1.0,7.471676e-16,0
750,1.0,1.0911423e-11,0
751,1.0,1.7611201e-12,0
752,1.0,9.701535e-10,0
753,1.0,7.877326e-21,0
754,1.0,7.543704e-16,0
755,1.0,2.1047754e-16,0
756,1.0,7.6626955e-11,0
757,1.0,1.8278057e-09,0
758,1.0,7.709728e-14,0
759,1.0,1.2065843e-08,0
760,1.0,9.386069e-09,0
761,1.0,1.1948255e-10,0
762,1.0,2.5175473e-10,0
763,1.0,9.0425495e-10,0
764,1.0,8.949052e-22,0
765,1.0,1.8890133e-12,0
766,1.0,1.5302205e-10,0
767,1.0,2.5453244e-14,0
768,1.0,2.5390378e-12,0
769,1.0,6.681239e-15,0
770,1.0,9.258718e-10,0
771,1.0,2.0851784e-10,0
772,1.0,6.5568955e-09,0
773,1.0,1.1738728e-16,0
774,1.0,6.979867e-14,0
775,0.9999999,8.77256e-08,0
776,1.0,6.721592e-11,0
777,1.0,2.8841387e-09,0
778,1.0,1.1060617e-18,0
779,1.0,8.466637e-11,0
780,1.0,8.626917e-17,0
781,1.0,4.7919757e-10,0
782,1.0,2.5325301e-14,0
783,1.0,5.350161e-10,0
784,1.0,1.3049534e-10,0
785,1.0,2.7358412e-08,0
786,1.0,2.9943156e-08,0
787,1.0,5.5616245e-20,0
788,0.9999999,1.6958938e-07,0
789,0.99999976,2.8139033e-07,0
790,1.0,6.824025e-09,0
791,1.0,2.7541617e-11,0
792,1.0,1.168332e-18,0
793,1.0,1.152917e-16,0
794,1.0,2.015142e-18,0
795,1.0,3.578475e-11,0
796,1.0,1.2438624e-08,0
797,1.0,6.907986e-15,0
798,1.0,1.3184005e-10,0
799,1.0,1.2763554e-12,0
800,1.0,2.0241769e-13,0
801,1.0,2.5544078e-15,0
802,1.0,1.3965159e-15,0
803,1.0,6.7764625e-09,0
804,1.0,9.462351e-10,0
805,1.0,5.321529e-11,0
806,1.0,1.6007767e-16,0
807,1.0,1.9177698e-19,0
808,1.0,2.7035266e-10,0
809,1.0,6.1680827e-10,0
810,0.9999999,6.940765e-08,0
811,1.0,1.2039693e-10,0
812,1.0,1.14197e-16,0
813,1.0,4.344889e-18,0
814,1.0,1.0440391e-18,0
815,1.0,6.9065026e-10,0
816,1.0,9.973501e-09,0
817,1.0,1.9182407e-09,0
818,0.9999999,1.2883899e-07,0
819,1.0,1.1212872e-11,0
820,1.0,6.0768848e-09,0
821,1.0,4.2167624e-08,0
822,1.0,3.9052043e-08,0
823,1.0,1.2233235e-17,0
824,1.0,1.3257485e-14,0
825,1.0,2.8907524e-13,0
826,1.0,8.0115854e-19,0
827,1.0,4.965722e-14,0
828,1.0,1.4902693e-14,0
829,1.0,1.6869708e-14,0
830,1.0,5.974283e-15,0
831,1.0,3.6609387e-12,0
832,1.0,2.1618522e-08,0
833,1.0,3.5351583e-08,0
834,1.0,3.1595224e-08,0
835,1.0,4.796203e-09,0
836,1.0,7.841211e-18,0
837,1.0,7.3671953e-09,0
838,1.0,8.3981e-16,0
839,1.0,1.5715918e-12,0
840,1.0,5.443722e-20,0
841,1.0,1.4502019e-10,0
842,1.0,1.864492e-17,0
843,0.9999995,4.4318747e-07,0
844,1.0,5.220251e-16,0
845,1.0,2.0224222e-08,0
846,1.0,2.480504e-09,0
847,1.0,4.9628723e-10,0
848,1.0,1.3190324e-13,0
849,1.0,6.7832867e-10,0
850,1.0,2.599407e-09,0
851,1.0,4.073982e-08,0
852,1.0,1.7507303e-09,0
853,1.0,2.754e-14,0
854,1.0,1.5023618e-10,0
855,1.0,6.816983e-14,0
856,1.0,3.0669968e-19,0
857,1.0,1.3750069e-11,0
858,1.0,3.5204675e-09,0
859,1.0,9.246854e-11,0
860,1.0,2.2605655e-18,0
861,0.9999999,1.5791767e-07,0
862,1.0,1.8097575e-08,0
863,1.0,5.389557e-12,0
864,1.0,1.4838546e-20,0
865,1.0,1.3676254e-15,0
866,1.0,1.8147954e-10,0
867,1.0,1.1139764e-13,0
868,1.0,1.6818227e-08,0
869,1.0,4.065341e-20,0
870,1.0,5.387558e-10,0
871,1.0,7.227551e-10,0
872,1.0,2.4748484e-08,0
873,1.0,3.0269905e-11,0
874,1.0,1.2681978e-18,0
875,1.0,4.1354318e-19,0
876,1.0,1.345664e-09,0
877,1.0,2.2084444e-14,0
878,1.0,7.4686035e-11,0
879,1.0,1.8081288e-08,0
880,1.0,7.0932555e-23,0
881,0.99999964,3.785762e-07,0
882,1.0,1.2241732e-17,0
883,1.0,2.8412847e-11,0
884,1.0,6.6627015e-10,0
885,1.0,3.757719e-12,0
886,1.0,2.7539124e-09,0
887,0.99999976,2.4154176e-07,0
888,1.0,2.433521e-08,0
889,1.0,2.4148596e-08,0
890,1.0,1.4052862e-14,0
891,1.0,3.5120264e-11,0
892,1.0,1.3651993e-11,0
893,1.0,2.4761532e-18,0
894,1.0,2.2103799e-09,0
895,1.0,1.4630044e-17,0
896,1.0,3.902339e-15,0
897,1.0,6.3070547e-12,0
898,1.0,3.0571913e-11,0
899,0.9999999,6.8551415e-08,0
900,1.0,6.3268715e-09,0
901,1.0,2.4862163e-09,0
902,1.0,3.5509836e-20,0
903,0.99999905,9.2216953e-07,0
904,1.0,2.126476e-09,0
905,1.0,3.785043e-10,0
906,1.0,2.699206e-12,0
907,1.0,2.9286422e-08,0
908,1.0,2.443378e-18,0
909,1.0,7.5173885e-09,0
910,1.0,8.288606e-18,0
911,1.0,2.107463e-12,0
912,1.0,2.1820417e-17,0
913,0.9999999,1.3587983e-07,0
914,1.0,5.6610694e-21,0
915,1.0,5.0027595e-14,0
916,1.0,5.4290048e-14,0
917,1.0,2.5126764e-15,0
918,1.0,1.68914e-15,0
919,1.0,5.904939e-19,0
920,1.0,2.4475894e-11,0
921,1.0,7.3212916e-09,0
922,1.0,1.6808058e-12,0
923,1.0,3.0842263e-15,0
924,1.0,7.4587136e-10,0
925,1.0,2.888355e-13,0
926,1.0,4.4702752e-11,0
927,1.0,2.8615592e-19,0
928,1.0,4.1641225e-16,0
929,1.0,4.7449387e-09,0
930,1.0,3.536318e-08,0
931,1.0,5.9024807e-09,0
932,1.0,2.465999e-12,0
933,1.0,3.8986618e-16,0
934,1.0,4.2131987e-09,0
935,1.0,2.1804208e-08,0
936,1.0,1.0619358e-14,0
937,1.0,2.6099486e-17,0
938,1.0,8.8202334e-10,0
939,1.0,8.074043e-21,0
940,1.0,6.613933e-09,0
941,1.0,1.514555e-10,0
942,1.0,5.437967e-11,0
943,1.0,1.2500605e-08,0
944,1.0,6.513318e-13,0
945,1.0,6.167341e-14,0
946,1.0,6.087776e-21,0
947,1.0,1.234737e-10,0
948,1.0,1.02976e-18,0
949,1.0,3.2327044e-11,0
950,1.0,3.8846766e-09,0
951,0.9999999,7.446183e-08,0
952,1.0,1.2367104e-09,0
953,1.0,6.933639e-10,0
954,1.0,4.4122457e-09,0
955,1.0,7.5687605e-14,0
956,1.0,1.4543279e-08,0
957,1.0,8.173964e-19,0
958,1.0,7.825167e-10,0
959,1.0,2.0239039e-08,0
960,1.0,4.1055936e-10,0
961,1.0,2.3371059e-11,0
962,1.0,8.692226e-09,0
963,0.9999999,6.3184686e-08,0
964,0.9999999,6.3400414e-08,0
965,1.0,2.3750963e-11,0
966,1.0,5.452325e-13,0
967,1.0,2.048742e-19,0
968,1.0,8.8986907e-10,0
969,1.0,6.6643093e-12,0
970,1.0,3.909219e-09,0
971,1.0,9.790617e-17,0
972,1.0,1.8134685e-08,0
973,1.0,3.4535378e-11,0
974,1.0,6.9626656e-09,0
975,1.0,4.2657003e-17,0
976,1.0,2.4496055e-16,0
977,1.0,1.1448587e-10,0
978,1.0,6.5306174e-18,0
979,1.0,2.7112481e-09,0
980,1.0,9.797016e-15,0
981,1.0,3.8429173e-18,0
982,1.0,3.876911e-13,0
983,1.0,3.0022618e-10,0
984,1.0,6.5106384e-12,0
985,1.0,4.5334198e-11,0
986,1.0,5.066917e-18,0
987,1.0,1.0614516e-18,0
988,1.0,3.4807803e-09,0
989,1.0,2.855455e-10,0
990,1.0,3.8848857e-08,0
991,1.0,1.3877816e-09,0
992,1.0,7.044319e-14,0
993,1.0,1.5185249e-16,0
994,1.0,3.246439e-08,0
995,1.0,1.5046481e-09,0
996,1.0,6.905243e-16,0
997,1.0,1.168583e-08,0
998,1.0,2.4144916e-15,0
999,1.0,1.0735429e-16,0
1000,1.0,4.433525e-11,0
1001,1.0,1.7596244e-10,0
1002,1.0,7.599957e-12,0
1003,1.0,4.487476e-13,0
1004,1.0,1.04851156e-10,0
1005,1.0,8.0005963e-10,0
1006,1.0,5.7321647e-16,0
1007,1.0,8.993876e-09,0
1008,0.99999976,2.4359178e-07,0
1009,1.0,1.3212533e-09,0
1010,1.0,2.3351493e-15,0
1011,1.0,5.949489e-09,0
1012,1.0,9.73523e-11,0
1013,1.0,1.4423711e-13,0
1014,1.0,1.8761767e-08,0
1015,1.0,1.1562797e-20,0
1016,1.0,3.2647305e-09,0
1017,1.0,4.242492e-18,0
1018,1.0,3.292194e-09,0
1019,1.0,1.3851252e-11,0
1020,1.0,8.305134e-09,0
1021,1.0,5.471989e-15,0
1022,1.0,1.21403885e-11,0
1023,1.0,6.4449196e-16,0
1024,1.0,1.4103917e-09,0
1025,1.0,1.1941744e-09,0
1026,1.0,3.8501743e-10,0
1027,1.0,2.1313165e-09,0
1028,1.0,1.4578845e-17,0
1029,1.0,3.6808616e-14,0
1030,1.0,7.2959166e-10,0
1031,1.0,3.607683e-15,0
1032,1.0,3.245384e-17,0
1033,1.0,2.8370088e-17,0
1034,1.0,1.219276e-08,0
1035,1.0,4.568005e-09,0
1036,1.0,1.0129799e-17,0
1037,1.0,1.3228407e-11,0
1038,0.9999999,1.02209896e-07,0
1039,1.0,2.067126e-09,0
1040,1.0,2.3953743e-14,0
1041,1.0,2.764236e-10,0
1042,1.0,9.18788e-09,0
1043,1.0,9.868763e-13,0
1044,1.0,1.4329236e-18,0
1045,1.0,9.779901e-10,0
1046,1.0,2.546712e-15,0
1047,1.0,4.0737457e-17,0
1048,1.0,1.922098e-08,0
1049,1.0,6.4407665e-16,0
1050,1.0,2.762416e-15,0
1051,1.0,2.1386316e-15,0
1052,0.999998,1.9860474e-06,0
1053,0.99999976,2.3275676e-07,0
1054,1.0,1.5020186e-09,0
1055,1.0,2.0823748e-15,0
1056,1.0,1.3002072e-15,0
1057,1.0,5.525241e-09,0
1058,1.0,3.409989e-08,0
1059,1.0,1.7767158e-14,0
1060,1.0,1.5052184e-10,0
1061,1.0,1.0402804e-14,0
1062,1.0,2.4383029e-11,0
1063,1.0,1.5369039e-18,0
1064,1.0,2.7245242e-09,0
1065,1.0,1.3111007e-10,0
1066,1.0,3.1111388e-11,0
1067,1.0,1.2362538e-15,0
1068,1.0,6.5482336e-13,0
1069,1.0,2.0502747e-11,0
1070,1.0,1.6391377e-09,0
1071,1.0,1.1357198e-10,0
1072,1.0,3.8467434e-08,0
1073,1.0,5.2711253e-13,0
1074,1.0,1.7817495e-13,0
1075,1.0,1.0643713e-10,0
1076,1.0,2.4933124e-08,0
1077,1.0,5.9234434e-10,0
1078,1.0,5.0988946e-09,0
1079,1.0,2.2314127e-08,0
1080,1.0,2.8175999e-14,0
1081,1.0,6.471862e-19,0
1082,1.0,7.751335e-11,0
1083,1.0,2.5611663e-10,0
1084,1.0,2.591209e-17,0
1085,1.0,2.9976896e-10,0
1086,1.0,5.2027915e-10,0
1087,1.0,8.547273e-12,0
1088,1.0,2.7745232e-08,0
1089,1.0,1.41209145e-11,0
1090,1.0,4.738266e-16,0
1091,1.0,9.495672e-10,0
1092,1.0,2.0034803e-14,0
1093,1.0,1.8049371e-13,0
1094,1.0,1.7152837e-13,0
1095,1.0,1.6319994e-10,0
1096,1.0,4.118993e-20,0
1097,1.0,1.1474461e-08,0
1098,1.0,7.59933e-09,0
1099,1.0,3.1286875e-15,0
1100,1.0,2.4110525e-20,0
1101,1.0,3.9456362e-11,0
1102,1.0,1.0485586e-08,0
1103,1.0,1.0243041e-15,0
1104,1.0,9.009517e-09,0
1105,1.0,2.921733e-17,0
1106,1.0,1.38202704e-11,0
1107,1.0,6.565205e-09,0
1108,1.0,1.5309919e-13,0
1109,1.0,1.7616065e-09,0
1110,1.0,5.571548e-10,0
1111,1.0,6.3083745e-13,0
1112,1.0,8.626722e-09,0
1113,1.0,2.8753407e-08,0
1114,1.0,4.4316097e-13,0
1115,1.0,1.9162814e-08,0
1116,1.0,1.7834849e-19,0
1117,1.0,8.594437e-12,0
1118,1.0,7.5628935e-16,0
1119,1.0,6.720956e-17,0
1120,1.0,1.1722528e-16,0
1121,1.0,8.6174745e-10,0
1122,0.99999976,2.4516515e-07,0
1123,1.0,4.7493797e-11,0
1124,1.0,1.766913e-13,0
1125,1.0,1.9773814e-09,0
1126,1.0,2.1676822e-08,0
1127,1.0,3.8983474e-17,0
1128,0.9999999,8.585868e-08,0
1129,1.0,4.556206e-09,0
1130,1.0,3.121821e-11,0
1131,1.0,9.376564e-21,0
1132,1.0,5.112918e-09,0
1133,1.0,9.365311e-12,0
1134,1.0,1.0332008e-11,0
1135,1.0,3.7406388e-14,0
1136,1.0,1.3579159e-13,0
1137,1.0,2.6573385e-12,0
1138,1.0,5.147361e-09,0
1139,1.0,6.361937e-10,0
1140,0.99999964,3.0896308e-07,0
1141,1.0,7.995764e-09,0
1142,1.0,1.5779683e-16,0
1143,1.0,7.6905165e-18,0
1144,1.0,3.8801403e-11,0
1145,1.0,1.8384313e-09,0
1146,1.0,1.7944206e-08,0
1147,1.0,5.0617868e-11,0
1148,1.0,1.0540563e-09,0
1149,1.0,2.1511322e-09,0
1150,1.0,5.6259836e-19,0
1151,1.0,1.1955289e-08,0
1152,1.0,3.6764455e-08,0
1153,1.0,3.7697476e-21,0
1154,1.0,1.3049851e-11,0
1155,1.0,7.753102e-09,0
1156,1.0,1.67996e-08,0
1157,1.0,5.305486e-11,0
1158,1.0,4.4377912e-10,0
1159,1.0,1.3102376e-11,0
1160,1.0,4.2229587e-16,0
1161,1.0,4.562988e-17,0
1162,1.0,6.773264e-11,0
1163,1.0,1.6004112e-15,0
1164,1.0,1.7989056e-09,0
1165,1.0,4.3314876e-09,0
1166,1.0,2.2474107e-14,0
1167,1.0,1.4361888e-13,0
1168,1.0,4.4263984e-09,0
1169,1.0,2.306963e-11,0
1170,1.0,1.0154336e-08,0
1171,1.0,1.9655166e-10,0
1172,1.0,5.4038844e-16,0
1173,1.0,2.171269e-20,0
1174,1.0,3.5216107e-08,0
1175,1.0,3.7654744e-16,0
1176,1.0,1.4314325e-10,0
1177,1.0,2.0522008e-10,0
1178,1.0,2.372192e-13,0
1179,1.0,8.600977e-20,0
1180,1.0,1.364177e-10,0
1181,1.0,2.3558527e-12,0
1182,1.0,1.3753596e-09,0
1183,1.0,1.3782036e-09,0
1184,1.0,2.4922658e-16,0
1185,1.0,1.4146759e-16,0
1186,1.0,3.256585e-08,0
1187,1.0,4.891217e-10,0
1188,1.0,3.9214445e-09,0
1189,1.0,6.5794627e-15,0
1190,1.0,4.7138193e-16,0
1191,1.0,5.735944e-10,0
1192,1.0,6.530488e-12,0
1193,1.0,8.769858e-10,0
1194,1.0,7.95216e-09,0
1195,1.0,4.0231615e-13,0
1196,1.0,7.877771e-15,0
1197,1.0,2.0405917e-11,0
1198,0.9999999,7.3006284e-08,0
1199,1.0,7.2711504e-13,0
1200,1.0,8.477948e-11,0
1201,1.0,9.2154284e-14,0
1202,1.0,6.861841e-15,0
1203,1.0,2.946275e-11,0
1204,1.0,4.025429e-15,0
1205,1.0,7.941469e-14,0
1206,1.0,6.5183364e-10,0
1207,1.0,6.8910035e-17,0
1208,0.9999999,7.409588e-08,0
1209,1.0,7.640135e-18,0
1210,1.0,1.1589562e-12,0
1211,1.0,1.2131056e-08,0
1212,1.0,6.5935554e-16,0
1213,1.0,2.8963325e-09,0
1214,1.0,3.5625046e-19,0
1215,1.0,4.5465762e-10,0
1216,1.0,1.14020175e-10,0
1217,1.0,1.0099503e-11,0
1218,1.0,3.019819e-17,0
1219,1.0,9.192122e-09,0
1220,1.0,3.2782353e-08,0
1221,1.0,2.2463668e-16,0
1222,1.0,2.4919438e-15,0
1223,1.0,4.096293e-14,0
1224,1.0,3.9829192e-08,0
1225,1.0,5.253193e-08,0
1226,1.0,6.0138526e-11,0
1227,1.0,1.3244874e-14,0
1228,1.0,2.1094996e-18,0
1229,1.0,1.136402e-18,0
1230,0.99999976,2.2179114e-07,0
1231,1.0,1.0507778e-10,0
1232,1.0,1.3203534e-10,0
1233,1.0,3.184336e-10,0
1234,1.0,1.1998394e-08,0
1235,1.0,2.6815898e-12,0
1236,1.0,6.821848e-10,0
1237,1.0,4.548365e-09,0
1238,1.0,1.9083417e-11,0
1239,1.0,3.450534e-08,0
1240,1.0,6.751714e-10,0
1241,1.0,1.2015573e-19,0
1242,1.0,2.3883786e-08,0
1243,1.0,2.7408331e-09,0
1244,1.0,2.348894e-19,0
1245,1.0,1.4343637e-08,0
1246,1.0,6.513257e-09,0
1247,1.0,3.008037e-08,0
1248,1.0,1.8314674e-08,0
1249,1.0,8.93521e-13,0
1250,1.0,3.6610018e-08,0
1251,1.0,3.715123e-16,0
1252,0.9999999,7.688106e-08,0
1253,1.0,1.5689262e-12,0
1254,1.0,1.7612151e-11,0
1255,1.0,4.432286e-13,0
1256,1.0,1.3859196e-20,0
1257,1.0,4.3128909e-16,0
1258,1.0,1.5223698e-09,0
1259,1.0,1.9652616e-14,0
1260,1.0,7.446445e-14,0
1261,1.0,1.947422e-10,0
1262,1.0,1.7678672e-09,0
1263,1.0,7.839329e-10,0
1264,1.0,4.37338e-08,0
1265,1.0,1.8664894e-12,0
1266,1.0,1.7919663e-14,0
1267,1.0,7.9466394e-17,0
1268,0.99999964,3.3514894e-07,0
1269,1.0,2.2989017e-08,0
1270,1.0,6.87154e-13,0
1271,1.0,2.860196e-11,0
1272,1.0,3.771856e-09,0
1273,1.0,1.0360802e-18,0
1274,1.0,1.0579691e-14,0
1275,1.0,1.5270325e-19,0
1276,1.0,1.7032698e-17,0
1277,1.0,6.3717575e-15,0
1278,1.0,1.9949072e-15,0
1279,1.0,8.071721e-09,0
1280,1.0,7.0486233e-13,0
1281,1.0,6.2752896e-09,0
1282,1.0,1.7344765e-10,0
1283,1.0,1.7533183e-11,0
1284,1.0,1.7442517e-08,0
1285,1.0,2.9826612e-14,0
1286,1.0,2.0378616e-18,0
1287,1.0,1.7930858e-16,0
1288,1.0,1.1245092e-17,0
1289,1.0,7.4199655e-09,0
1290,1.0,1.8708635e-15,0
1291,1.0,3.577391e-18,0
1292,1.0,1.5740413e-10,0
1293,1.0,4.2073937e-16,0
1294,1.0,1.8250362e-09,0
1295,1.0,2.2554332e-17,0
1296,1.0,9.1042623e-10,0
1297,1.0,2.365127e-16,0
1298,1.0,3.0383763e-17,0
1299,1.0,5.0861247e-19,0
1300,1.0,2.1058446e-15,0
1301,1.0,4.0639914e-09,0
1302,1.0,3.9069026e-12,0
1303,1.0,8.834562e-10,0
1304,1.0,2.5613057e-08,0
1305,1.0,1.9389281e-09,0
1306,1.0,1.143541e-13,0
1307,1.0,2.971942e-20,0
1308,1.0,1.978008e-16,0
1309,1.0,3.994865e-15,0
1310,1.0,3.0902136e-12,0
1311,1.0,9.213549e-10,0
1312,1.0,3.9572983e-21,0
1313,1.0,6.696104e-18,0
1314,1.0,4.19192e-15,0
1315,1.0,4.3894827e-12,0
1316,1.0,9.473581e-18,0
1317,1.0,1.8164654e-09,0
1318,1.0,4.9889626e-10,0
1319,1.0,3.9770545e-10,0
1320,1.0,2.0181659e-10,0
1321,1.0,3.6663476e-12,0
1322,1.0,1.1329229e-09,0
1323,1.0,3.4308546e-18,0
1324,1.0,2.678028e-15,0
1325,1.0,2.5985748e-16,0
1326,1.0,1.8417762e-09,0
1327,1.0,8.130571e-14,0
1328,1.0,1.4038584e-10,0
1329,1.0,9.6045974e-14,0
1330,1.0,2.1398439e-11,0
1331,1.0,5.0262523e-13,0
1332,1.0,1.8106137e-08,0
1333,1.0,1.9058245e-11,0
1334,1.0,3.5533015e-12,0
1335,1.0,3.3681071e-09,0
1336,1.0,2.91345e-11,0
1337,1.0,7.6804e-11,0
1338,1.0,1.21624525e-11,0
1339,1.0,1.8063525e-13,0
1340,1.0,8.897914e-09,0
1341,1.0,1.5574665e-10,0
1342,1.0,2.5578673e-09,0
1343,1.0,4.519663e-09,0
1344,1.0,1.781443e-10,0
1345,1.0,5.2923874e-11,0
1346,1.0,5.284038e-10,0
1347,1.0,8.987856e-13,0
1348,1.0,3.141928e-11,0
1349,1.0,3.5280748e-10,0
1350,1.0,3.152105e-09,0
1351,1.0,9.765302e-11,0
1352,1.0,3.2243277e-12,0
1353,1.0,1.8280158e-12,0
1354,1.0,7.062347e-10,0
1355,1.0,3.7059195e-10,0
1356,1.0,1.3527479e-10,0
1357,1.0,7.78714e-10,0
1358,1.0,5.9026467e-10,0
1359,1.0,4.7154745e-12,0
1360,1.0,6.14101e-11,0
1361,1.0,6.4669065e-10,0
1362,1.0,1.2275311e-09,0
1363,1.0,9.471911e-12,0
1364,1.0,3.9056438e-08,0
1365,1.0,5.404687e-09,0
1366,1.0,1.491625e-11,0
1367,1.0,1.8167436e-08,0
1368,1.0,6.567452e-11,0
1369,1.0,3.986147e-09,0
1370,1.0,4.1210257e-10,0
1371,1.0,3.897352e-09,0
1372,1.0,6.9258677e-10,0
1373,1.0,6.2923533e-10,0
1374,0.99999976,2.6257797e-07,0
1375,0.9999999,1.06023535e-07,0
1376,1.0,5.500762e-09,0
1377,1.0,1.2769473e-08,0
1378,1.0,4.9922324e-08,0
1379,1.0,9.7493995e-09,0
1380,1.0,4.0803116e-12,0
1381,1.0,2.6939664e-11,0
1382,0.99999905,9.791013e-07,0
1383,1.0,7.0430967e-10,0
1384,1.0,6.394861e-09,0
1385,0.9999999,5.981031e-08,0
1386,1.0,9.801451e-10,0
1387,1.0,1.0190697e-08,0
1388,1.0,8.989755e-10,0
1389,1.0,3.2270478e-08,0
1390,0.99999976,2.947534e-07,0
1391,1.0,1.1698671e-09,0
1392,0.9999999,1.01098536e-07,0
1393,1.0,6.881282e-10,0
1394,1.0,5.4020566e-10,0
1395,1.0,2.362935e-09,0
1396,1.0,8.5877145e-09,0
1397,1.0,2.5676044e-09,0
1398,1.0,2.1589244e-10,0
1399,1.0,1.000253e-09,0
1400,1.0,8.394186e-10,0
1401,0.99999964,3.2320375e-07,0
1402,1.0,1.04786575e-10,0
1403,1.0,1.731685e-08,0
1404,1.0,1.1092606e-10,0
1405,1.0,4.0073125e-11,0
1406,1.0,3.548598e-10,0
1407,1.0,8.264303e-09,0
1408,1.0,4.735721e-11,0
1409,1.0,2.9620622e-08,0
1410,1.0,3.9329575e-09,0
1411,0.9999999,1.7283298e-07,0
1412,1.0,3.749087e-11,0
1413,1.0,9.389073e-10,0
1414,0.9999982,1.7825855e-06,0
1415,1.0,7.536655e-09,0
1416,1.0,6.7666983e-09,0
1417,1.0,3.1379888e-10,0
1418,1.0,3.7990184e-09,0
1419,1.0,1.6506267e-09,0
1420,1.0,3.740919e-09,0
1421,1.0,2.4180387e-09,0
1422,1.0,2.2800568e-10,0
1423,1.0,5.440283e-10,0
1424,1.0,1.0260034e-11,0
1425,1.0,2.1367463e-09,0
1426,1.0,2.0667525e-08,0
1427,0.99999976,1.8854234e-07,0
1428,1.0,3.9510004e-10,0
1429,1.0,2.96945e-08,0
1430,1.0,2.2960522e-09,0
1431,1.0,2.311749e-09,0
1432,1.0,5.4216818e-09,0
1433,1.0,6.080241e-11,0
1434,1.0,1.9307465e-09,0
1435,1.0,7.367069e-09,0
1436,1.0,7.3776714e-09,0
1437,1.0,3.6297951e-09,0
1438,1.0,4.7619477e-09,0
1439,1.0,2.1191073e-09,0
1440,1.0,1.2928961e-09,0
1441,1.0,4.5877535e-10,0
1442,1.0,7.0129533e-09,0
1443,1.0,2.785684e-09,0
1444,1.0,1.3911613e-08,0
1445,1.0,1.3684966e-08,0
1446,1.0,4.4699345e-11,0
1447,1.0,1.1896589e-10,0
1448,1.0,1.1838557e-09,0
1449,1.0,1.5027343e-10,0
1450,1.0,3.8559403e-08,0
1451,1.0,4.8690333e-11,0
1452,1.0,3.032725e-10,0
1453,0.99999964,3.0895453e-07,0
1454,1.0,9.0347224e-10,0
1455,1.0,3.3312886e-12,0
1456,1.0,4.690515e-10,0
1457,1.0,6.335587e-10,0
1458,1.0,1.0243292e-08,0
1459,1.0,5.349633e-09,0
1460,0.9999999,6.247251e-08,0
1461,1.0,5.32521e-09,0
1462,1.0,7.35369e-09,0
1463,1.0,1.0978095e-08,0
1464,1.0,2.6976714e-09,0
1465,0.9999999,8.4437005e-08,0
1466,1.0,2.524747e-09,0
1467,0.9999999,1.3402503e-07,0
1468,0.9999999,8.0073214e-08,0
1469,0.99999976,2.900669e-07,0
1470,1.0,2.1174023e-09,0
1471,1.0,7.2704953e-10,0
1472,1.0,4.771715e-08,0
1473,1.0,8.887399e-09,0
1474,1.0,6.825541e-11,0
1475,1.0,1.2410069e-08,0
1476,1.0,7.251245e-10,0
1477,0.99999976,1.9574384e-07,0
1478,1.0,6.0636047e-09,0
1479,1.0,2.9139864e-09,0
1480,1.0,3.3232597e-09,0
1481,1.0,1.1409731e-08,0
1482,0.9999994,6.06163e-07,0
1483,1.0,4.348897e-09,0
1484,1.0,7.496799e-09,0
1485,1.0,3.836783e-09,0
1486,1.0,4.371659e-09,0
1487,1.0,2.1910934e-08,0
1488,1.0,2.9993974e-08,0
1489,1.0,3.8757357e-09,0
1490,1.0,1.7069647e-09,0
1491,1.0,7.1023356e-09,0
1492,1.0,7.6337745e-09,0
1493,1.0,4.2347015e-09,0
1494,1.0,1.074065e-09,0
1495,1.0,3.065762e-08,0
1496,1.0,8.389704e-10,0
1497,1.0,4.3570728e-10,0
1498,1.0,2.8539344e-11,0
1499,1.0,4.9728244e-09,0
1500,1.0,1.5378954e-10,0
1501,1.0,1.7189743e-10,0
1502,1.0,1.6615616e-10,0
1503,1.0,6.1634524e-09,0
1504,1.0,4.119741e-08,0
1505,1.0,5.0451675e-08,0
1506,1.0,5.957188e-09,0
1507,1.0,5.6721794e-10,0
1508,1.0,1.9014803e-09,0
1509,1.0,1.5438997e-10,0
1510,1.0,2.6095224e-08,0
1511,1.0,2.4120597e-09,0
1512,1.0,1.3118744e-09,0
1513,1.0,5.0182897e-10,0
1514,1.0,3.4041353e-11,0
1515,1.0,9.149729e-11,0
1516,1.0,9.98936e-09,0
1517,1.0,2.3458246e-10,0
1518,1.0,3.2880237e-11,0
1519,1.0,9.757436e-09,0
1520,1.0,3.010209e-10,0
1521,1.0,2.4400917e-09,0
1522,0.9999999,1.4338829e-07,0
1523,1.0,2.9243037e-09,0
1524,1.0,4.758477e-10,0
1525,1.0,3.708053e-11,0
1526,1.0,1.2824622e-10,0
1527,1.0,1.4012368e-10,0
1528,0.99999964,3.778148e-07,0
1529,1.0,1.2143834e-08,0
1530,1.0,9.583316e-10,0
1531,1.0,6.1790806e-10,0
1532,1.0,5.261777e-08,0
1533,1.0,1.4618917e-09,0
1534,1.0,6.1245e-09,0
1535,1.0,1.6569553e-08,0
1536,1.0,7.913683e-09,0
1537,1.0,3.9040057e-08,0
1538,1.0,9.0784436e-10,0
1539,1.0,2.8295966e-08,0
1540,1.0,1.3643624e-09,0
1541,1.0,5.1661253e-10,0
1542,1.0,6.676772e-10,0
1543,0.9999999,1.5311687e-07,0
1544,1.0,5.3688094e-09,0
1545,1.0,6.928084e-11,0
1546,1.0,5.7536322e-09,0
1547,1.0,1.6099563e-09,0
1548,1.0,1.8214395e-10,0
1549,1.0,1.2762039e-09,0
1550,1.0,6.8081767e-09,0
1551,1.0,6.6243104e-09,0
1552,1.0,5.897878e-09,0
1553,1.0,2.1629244e-08,0
1554,1.0,9.3108146e-11,0
1555,0.9999989,1.0833962e-06,0
1556,1.0,4.135086e-11,0
1557,1.0,1.6559544e-11,0
1558,1.0,6.5464073e-10,0
1559,1.0,3.6322743e-09,0
1560,1.0,4.2894962e-11,0
1561,1.0,3.7668815e-09,0
1562,1.0,4.4304144e-11,0
1563,1.0,2.8644118e-10,0
1564,1.0,6.8509816e-09,0
1565,0.9999999,9.6489316e-08,0
1566,1.0,1.0417245e-09,0
1567,1.0,7.575621e-10,0
1568,1.0,1.857762e-09,0
1569,1.0,1.379866e-09,0
1570,1.0,8.5305105e-09,0
1571,1.0,6.4489974e-10,0
1572,1.0,6.13974e-09,0
1573,1.0,2.7192623e-11,0
1574,1.0,5.065421e-10,0
1575,1.0,2.3501193e-10,0
1576,1.0,1.6753825e-10,0
1577,1.0,4.1232426e-10,0
1578,0.9999999,7.787653e-08,0
1579,1.0,3.3442013e-11,0
1580,1.0,8.8644917e-13,0
1581,1.0,3.377494e-12,0
1582,1.0,2.7907041e-09,0
1583,1.0,3.3224176e-12,0
1584,1.0,3.157385e-11,0
1585,1.0,3.0672666e-11,0
1586,0.9999999,1.5916595e-07,0
1587,1.0,1.3201866e-11,0
1588,1.0,2.1476709e-10,0
1589,1.0,8.98573e-13,0
1590,1.0,1.0023677e-08,0
1591,1.0,4.933577e-10,0
1592,1.0,2.0475871e-10,0
1593,1.0,2.0608673e-12,0
1594,1.0,6.416036e-12,0
1595,1.0,1.3781332e-12,0
1596,1.0,3.4364454e-12,0
1597,1.0,5.8203494e-11,0
1598,1.0,2.5429298e-08,0
1599,1.0,4.1967527e-11,0
1600,1.0,2.3390347e-09,0
1601,1.0,5.715124e-12,0
1602,1.0,4.1898266e-11,0
1603,1.0,3.991065e-11,0
1604,1.0,8.3057124e-11,0
1605,1.0,1.7216714e-10,0
1606,1.0,1.7485836e-10,0
1607,1.0,6.6803316e-12,0
1608,1.0,6.5994127e-10,0
1609,1.0,1.0743287e-10,0
1610,1.0,4.068491e-12,0
1611,1.0,6.9240447e-10,0
1612,1.0,1.0302844e-11,0
1613,1.0,6.6320414e-11,0
1614,1.0,1.6180587e-09,0
1615,1.0,5.778526e-11,0
1616,1.0,5.0498264e-12,0
1617,1.0,1.946167e-10,0
1618,1.0,2.487581e-10,0
1619,1.0,8.3134704e-13,0
1620,1.0,3.211445e-12,0
1621,1.0,7.382249e-12,0
1622,1.0,6.8176076e-10,0
1623,1.0,1.0396344e-09,0
1624,1.0,3.0080077e-12,0
1625,1.0,5.619358e-11,0
1626,1.0,2.7873195e-10,0
1627,1.0,8.4017304e-10,0
1628,1.0,2.3151023e-09,0
1629,1.0,4.0153095e-10,0
1630,1.0,3.2282555e-11,0
1631,1.0,5.574006e-13,0
1632,1.0,6.6197785e-12,0
1633,1.0,2.7642083e-11,0
1634,1.0,1.2110296e-08,0
1635,1.0,3.8087075e-11,0
1636,1.0,3.551112e-09,0
1637,1.0,4.0182264e-11,0
1638,1.0,3.337332e-11,0
1639,1.0,4.2785757e-09,0
1640,1.0,1.5647653e-13,0
1641,1.0,1.6836432e-11,0
1642,1.0,1.8571342e-10,0
1643,1.0,2.3183556e-12,0
1644,1.0,2.6493677e-12,0
1645,1.0,2.0965041e-10,0
1646,1.0,8.2459824e-11,0
1647,0.9999999,7.020089e-08,0
1648,1.0,1.7044491e-10,0
1649,1.0,4.56117e-13,0
1650,1.0,8.4883115e-13,0
1651,1.0,9.219997e-11,0
1652,1.0,1.01787405e-10,0
1653,1.0,2.1470811e-10,0
1654,1.0,1.1693305e-11,0
1655,1.0,3.5178995e-11,0
1656,0.9999995,5.0038153e-07,0
1657,1.0,5.2980487e-09,0
1658,1.0,4.5832684e-13,0
1659,1.0,7.617749e-12,0
1660,1.0,2.7592621e-11,0
1661,1.0,1.8831523e-09,0
1662,1.0,2.1392467e-12,0
1663,1.0,6.078455e-11,0
1664,1.0,2.4632856e-09,0
1665,1.0,3.5542708e-12,0
1666,1.0,9.435992e-12,0
1667,1.0,9.2745985e-12,0
1668,1.0,3.200547e-09,0
1669,1.0,1.0792672e-08,0
1670,1.0,2.713933e-13,0
1671,1.0,7.1474285e-12,0
1672,1.0,4.8200603e-11,0
1673,1.0,2.3436355e-08,0
1674,1.0,3.903674e-10,0
1675,1.0,4.603474e-12,0
1676,1.0,6.948543e-11,0
1677,1.0,2.8027036e-11,0
1678,1.0,6.589256e-12,0
1679,1.0,6.798782e-09,0
1680,0.99999976,2.020811e-07,0
1681,1.0,8.287715e-12,0
1682,1.0,7.109308e-11,0
1683,1.0,2.5136528e-09,0
1684,1.0,1.4909661e-10,0
1685,1.0,4.130067e-10,0
1686,1.0,7.561038e-11,0
1687,1.0,1.3012631e-09,0
1688,1.0,2.9558088e-12,0
1689,1.0,5.4466136e-11,0
1690,1.0,5.574309e-11,0
1691,1.0,1.0280574e-09,0
1692,1.0,2.0692001e-10,0
1693,0.9999987,1.315789e-06,0
1694,1.0,7.8759577e-10,0
1695,1.0,1.4463582e-08,0
1696,1.0,4.767084e-12,0
1697,0.9999994,5.4686956e-07,0
1698,0.9999995,4.9842504e-07,0
1699,0.9999999,1.1693059e-07,0
1700,0.99999976,2.570409e-07,0
1701,1.0,1.637901e-08,0
1702,0.9999999,1.539133e-07,0
1703,1.0,3.180382e-08,0
1704,0.9999999,8.525457e-08,0
1705,1.0,1.3581474e-08,0
1706,1.0,4.6168225e-08,0
1707,0.9999999,1.6137915e-07,0
1708,1.0,7.53361e-16,0
1709,1.0,7.7411144e-10,0
1710,1.0,1.9911954e-09,0
1711,1.0,4.9711954e-08,0
1712,0.9999999,6.569253e-08,0
1713,1.0,3.3972422e-10,0
1714,0.9999999,8.045901e-08,0
1715,1.0,2.1923022e-11,0
1716,1.0,6.1557692e-09,0
1717,0.99999976,2.3811062e-07,0
1718,1.0,1.9400084e-09,0
1719,0.99999976,2.7648514e-07,0
1720,1.0,3.1885886e-11,0
1721,0.99999976,2.9156791e-07,0
1722,1.0,4.827881e-11,0
1723,1.0,1.530327e-12,0
1724,1.0,3.2070733e-09,0
1725,1.0,1.6911871e-11,0
1726,1.0,3.454086e-10,0
1727,1.0,1.20051755e-11,0
1728,1.0,2.6611707e-10,0
1729,1.0,3.6472997e-08,0
1730,0.9999999,8.962917e-08,0
1731,1.0,3.6093668e-09,0
1732,0.99999976,2.2756912e-07,0
1733,1.0,6.2623995e-09,0
1734,1.0,2.933847e-12,0
1735,0.99999917,8.933815e-07,0
1736,1.0,1.8792635e-12,0
1737,1.0,5.005475e-12,0
1738,0.9999995,5.2881984e-07,0
1739,1.0,3.636836e-09,0
1740,1.0,2.2161305e-12,0
1741,1.0,7.569187e-12,0
1742,1.0,5.8917195e-08,0
1743,1.0,8.8772927e-11,0
1744,0.9999999,1.4057308e-07,0
1745,1.0,5.2891057e-08,0
1746,1.0,8.7537483e-10,0
1747,0.99999976,1.8254103e-07,0
1748,1.0,1.1979854e-11,0
1749,1.0,1.4471459e-10,0
1750,1.0,1.538243e-12,0
1751,0.9999999,7.420562e-08,0
1752,1.0,5.8694887e-08,0
1753,1.0,6.3986033e-10,0
1754,0.99999964,3.1586492e-07,0
1755,1.0,9.579224e-10,0
1756,0.9999989,1.03282e-06,0
1757,1.0,1.1270825e-08,0
1758,1.0,3.7979046e-08,0
1759,0.9999958,4.223917e-06,0
1760,1.0,1.9541549e-08,0
1761,1.0,4.5596682e-08,0
1762,1.0,4.037268e-09,0
1763,0.9999995,4.4752855e-07,0
1764,0.9999999,8.165205e-08,0
1765,0.99999964,3.4857322e-07,0
1766,1.0,4.250562e-09,0
1767,1.0,4.498986e-09,0
1768,1.0,1.9305524e-08,0
1769,0.9999999,6.2118545e-08,0
1770,1.0,2.1045311e-08,0
1771,0.9999999,6.8643e-08,0
1772,1.0,4.1085666e-08,0
1773,1.0,4.6393387e-09,0
1774,0.99999976,2.5046882e-07,0
1775,1.0,4.9485102e-08,0
1776,0.99999964,4.0717993e-07,0
1777,0.9999999,1.3539862e-07,0
1778,0.99999774,2.3122961e-06,0
1779,1.0,8.9495895e-09,0
1780,1.0,1.4113665e-08,0
1781,1.0,3.7806746e-08,0
1782,0.9999999,1.1386191e-07,0
1783,0.9999995,4.3694195e-07,0
1784,0.9999999,6.265437e-08,0
1785,0.9999999,6.566447e-08,0
1786,0.9999995,4.4830216e-07,0
1787,0.9999999,6.8591305e-08,0
1788,1.0,6.286376e-11,0
1789,1.0,3.2356438e-09,0
1790,1.0,2.026004e-09,0
1791,0.9999976,2.3437262e-06,0
1792,0.99999964,3.1860347e-07,0
1793,1.0,5.1956373e-08,0
1794,0.9999999,8.708426e-08,0
1795,1.0,9.942593e-10,0
1796,1.0,5.5715904e-10,0
1797,1.0,1.4790755e-10,0
1798,1.0,1.6540755e-08,0
1799,1.0,8.485353e-12,0
1800,0.9999957,4.2692463e-06,0
1801,1.0,3.59685e-10,0
1802,0.9999989,1.0743236e-06,0
1803,0.9999999,1.3187395e-07,0
1804,1.0,1.4629357e-08,0
1805,0.9999999,6.206822e-08,0
1806,0.9999987,1.3268652e-06,0
1807,1.0,7.560927e-10,0
1808,1.0,2.3631255e-08,0
1809,1.0,1.1084496e-08,0
1810,0.9999999,7.569793e-08,0
1811,1.0,3.342889e-10,0
1812,1.0,4.940689e-09,0
1813,1.0,4.1231292e-08,0
1814,0.9999999,1.2308966e-07,0
1815,1.0,1.7681414e-08,0
1816,1.0,3.7176047e-08,0
1817,0.99999976,1.8983543e-07,0
1818,1.0,3.075436e-09,0
1819,1.0,5.6052762e-09,0
1820,0.99999976,2.9197471e-07,0
1821,1.0,2.5753698e-08,0
1822,0.9999999,1.1361113e-07,0
1823,0.99999905,9.729606e-07,0
1824,1.0,2.594033e-09,0
1825,0.9999999,7.5802824e-08,0
1826,1.0,4.8586596e-08,0
1827,1.0,2.545662e-08,0
1828,1.0,2.642658e-10,0
1829,1.0,3.510137e-08,0
1830,1.0,7.453825e-09,0
1831,1.0,3.3067334e-08,0
1832,1.0,5.4731046e-08,0
1833,0.999997,2.938756e-06,0
1834,0.9999999,6.6026416e-08,0
1835,1.0,5.2197285e-10,0
1836,1.0,1.2843925e-08,0
1837,1.0,1.3196082e-10,0
1838,0.9999999,1.2673586e-07,0
1839,0.9999995,5.3603094e-07,0
1840,0.9999999,1.041952e-07,0
1841,0.9999999,1.1564019e-07,0
1842,0.9999999,6.8543045e-08,0
1843,1.0,5.9407803e-09,0
1844,0.9999999,9.665823e-08,0
1845,0.9999999,8.613555e-08,0
1846,0.9999999,6.428077e-08,0
1847,1.0,3.4147435e-10,0
1848,1.0,3.3607788e-09,0
1849,1.0,3.6217174e-09,0
1850,1.0,4.110832e-08,0
1851,0.9999999,1.6160338e-07,0
1852,0.9999999,9.166703e-08,0
1853,0.99999964,3.7900537e-07,0
1854,1.0,2.2910926e-08,0
1855,0.9999999,1.2147244e-07,0
1856,1.0,9.225556e-11,0
1857,1.0,3.5760788e-08,0
1858,0.99999547,4.4853064e-06,0
1859,1.0,2.6635245e-08,0
1860,0.9999999,9.9747034e-08,0
1861,1.0,1.107186e-08,0
1862,1.0,1.2953743e-09,0
1863,1.0,4.817145e-08,0
1864,1.0,1.4914162e-09,0
1865,1.0,2.7235525e-09,0
1866,1.0,2.20402e-08,0
1867,1.0,7.466574e-09,0
1868,1.0,2.7603296e-08,0
1869,0.999998,2.0705108e-06,0
1870,0.99999857,1.3720271e-06,0
1871,1.0,6.431018e-09,0
1872,0.9999999,1.2088329e-07,0
1873,1.0,2.1437891e-08,0
1874,0.9999999,7.2303976e-08,0
1875,1.0,3.8446306e-08,0
1876,1.0,1.3265595e-08,0
1877,1.0,1.8906933e-08,0
1878,1.0,1.2228807e-09,0
1879,1.0,6.9950117e-09,0
1880,1.0,2.8967373e-08,0
1881,1.0,3.4276148e-08,0
1882,0.99999976,2.7335156e-07,0
1883,0.9999999,1.4678851e-07,0
1884,0.99999976,1.9362392e-07,0
1885,0.9999999,1.6483568e-07,0
1886,1.0,9.618518e-09,0
1887,1.0,7.9471485e-11,0
1888,1.0,1.2397435e-08,0
1889,1.0,5.2927584e-12,0
1890,1.0,3.3995857e-08,0
1891,0.9999999,1.3635677e-07,0
1892,1.0,1.2374395e-09,0
1893,0.9999999,6.727001e-08,0
1894,0.9999999,7.250532e-08,0
1895,1.0,1.3480396e-10,0
1896,1.0,1.5629355e-11,0
1897,0.99999976,2.0908283e-07,0
1898,0.99999917,8.566432e-07,0
1899,1.0,7.612005e-10,0
1900,0.9999999,1.2152204e-07,0
1901,0.9999995,5.0735093e-07,0
1902,1.0,2.02202e-09,0
1903,1.0,9.388069e-10,0
1904,1.0,2.1545885e-10,0
1905,1.0,1.11932616e-10,0
1906,0.99999976,2.5124083e-07,0
1907,0.9999999,6.56229e-08,0
1908,0.9999999,8.9023835e-08,0
1909,1.0,1.1708978e-10,0
1910,1.0,2.620934e-09,0
1911,1.0,6.4586394e-09,0
1912,0.99999833,1.6418849e-06,0
1913,1.0,5.854299e-10,0
1914,0.9999999,1.7375633e-07,0
1915,1.0,1.2344474e-10,0
1916,0.99999976,2.3538682e-07,0
1917,1.0,1.0581415e-09,0
1918,0.9999999,1.289479e-07,0
1919,0.99999976,2.2491162e-07,0
1920,1.0,2.2931474e-08,0
1921,0.9999999,6.6685054e-08,0
1922,1.0,3.4231756e-10,0
1923,1.0,6.5250843e-12,0
1924,1.0,7.1094475e-10,0
1925,0.9999999,1.4832757e-07,0
1926,1.0,4.5966525e-10,0
1927,1.0,2.8825669e-08,0
1928,1.0,5.2014876e-08,0
1929,0.99999964,3.61201e-07,0
1930,1.0,1.0279398e-09,0
1931,1.0,9.094891e-10,0
1932,1.0,1.1978616e-08,0
1933,1.0,7.632755e-13,0
1934,1.0,4.1459117e-08,0
1935,1.0,1.1136919e-09,0
1936,1.0,2.1800764e-11,0
1937,1.0,3.0568866e-12,0
1938,1.0,1.0278222e-09,0
1939,1.0,5.4451e-10,0
1940,1.0,7.202762e-11,0
1941,1.0,1.1248013e-09,0
1942,1.0,1.4790908e-12,0
1943,0.9999999,7.689323e-08,0
1944,1.0,1.0853212e-09,0
1945,1.0,8.506029e-12,0
1946,0.9999999,8.335036e-08,0
1947,1.0,1.1167213e-12,0
1948,1.0,2.409905e-11,0
1949,1.0,2.0699944e-09,0
1950,1.0,9.818184e-09,0
1951,1.0,3.1893586e-09,0
1952,1.0,2.1850792e-12,0
1953,1.0,6.0025304e-11,0
1954,1.0,1.3784042e-08,0
1955,1.0,1.4437233e-08,0
1956,0.99999905,1.0059389e-06,0
1957,1.0,5.153059e-09,0
1958,0.9999989,1.0450244e-06,0
1959,1.0,5.3525415e-09,0
1960,1.0,5.8793262e-08,0
1961,0.9999999,1.3572158e-07,0
1962,0.9999999,1.5405722e-07,0
1963,0.9999999,1.5706186e-07,0
1964,1.0,1.8732338e-08,0
1965,1.0,5.074148e-08,0
1966,1.0,9.617931e-09,0
1967,1.0,7.9318424e-10,0
1968,0.99999964,3.3701463e-07,0
1969,1.0,3.727872e-08,0
1970,1.0,1.716241e-11,0
1971,1.0,4.773026e-08,0
1972,1.0,3.4821576e-11,0
1973,1.0,2.1722515e-08,0
1974,1.0,8.55244e-09,0
1975,1.0,9.139504e-12,0
1976,1.0,5.2512096e-08,0
1977,1.0,5.428301e-10,0
1978,1.0,1.3823039e-11,0
1979,1.0,3.351086e-10,0
1980,1.0,3.1637075e-08,0
1981,1.0,3.564006e-08,0
1982,1.0,3.9935383e-08,0
1983,1.0,9.943598e-10,0
1984,0.9999999,9.401732e-08,0
1985,1.0,2.4701408e-09,0
1986,1.0,7.298704e-09,0
1987,1.0,2.0722344e-09,0
1988,1.0,1.5708059e-09,0
1989,0.9999994,6.1978545e-07,0
1990,1.0,4.5051496e-10,0
1991,0.99999976,2.1796855e-07,0
1992,0.9999999,6.3175165e-08,0
1993,1.0,6.5454022e-12,0
1994,1.0,9.145707e-09,0
1995,1.0,6.035893e-11,0
1996,1.0,1.4505236e-09,0
1997,1.0,3.4939218e-10,0
1998,0.9999999,1.06355095e-07,0
1999,0.9999999,1.7433645e-07,0
2000,1.0,6.8616792e-09,0
2001,0.9999999,1.1131875e-07,0
2002,1.0,4.85887e-09,0
2003,1.0,4.3083547e-11,0
2004,1.0,1.9685126e-08,0
2005,0.99999976,1.9084362e-07,0
2006,1.0,3.708122e-08,0
2007,1.0,2.7954682e-08,0
2008,1.0,2.7901892e-08,0
2009,0.9999999,8.351841e-08,0
2010,1.0,5.261988e-08,0
2011,1.0,8.741872e-09,0
2012,1.0,2.1796765e-08,0
2013,0.9999995,4.50732e-07,0
2014,1.0,8.188123e-10,0
2015,1.0,1.5733937e-09,0
2016,1.0,2.6900066e-08,0
2017,1.0,2.1307077e-08,0
2018,0.9999999,1.0697377e-07,0
2019,1.0,1.7195455e-09,0
2020,1.0,4.1597906e-11,0
2021,1.0,1.2367441e-08,0
2022,1.0,9.484467e-10,0
2023,1.0,1.3515577e-08,0
2024,1.0,2.6697652e-08,0
2025,0.9999999,9.713987e-08,0
2026,1.0,4.5121515e-09,0
2027,0.99999964,3.0741066e-07,0
2028,1.0,7.0466977e-10,0
2029,1.0,1.3676505e-09,0
2030,1.0,2.0916932e-08,0
2031,0.9999999,1.3319844e-07,0
2032,1.0,8.2757184e-10,0
2033,1.0,7.249305e-11,0
2034,0.99999964,3.2397526e-07,0
2035,1.0,2.9780429e-08,0
2036,0.99999964,3.3248085e-07,0
2037,0.9999883,1.1655149e-05,0
2038,1.0,4.2413117e-10,0
2039,1.0,1.4858659e-08,0
2040,1.0,2.9361706e-08,0
2041,1.0,8.599987e-10,0
2042,1.0,6.2419505e-12,0
2043,1.0,1.868321e-11,0
2044,1.0,1.9391216e-08,0
2045,0.99999964,4.0562423e-07,0
2046,1.0,3.911632e-11,0
2047,1.0,4.907989e-11,0
2048,1.0,1.2822371e-10,0
2049,0.9999999,1.3596798e-07,0
2050,0.99999976,2.2673271e-07,0
2051,0.99999905,9.0262625e-07,0
2052,0.99999714,2.9027744e-06,0
2053,1.0,1.6964753e-08,0
2054,1.0,5.271533e-11,0
2055,1.0,1.0448756e-11,0
2056,1.0,2.2786047e-10,0
2057,1.0,3.5746957e-11,0
2058,1.0,5.7017438e-08,0
2059,1.0,2.9700938e-13,0
2060,1.0,4.918921e-13,0
2061,0.99999976,2.917526e-07,0
2062,1.0,8.536241e-09,0
2063,1.0,1.5205583e-10,0
2064,1.0,2.357933e-13,0
2065,1.0,3.6900234e-09,0
2066,1.0,1.520174e-12,0
2067,1.0,6.723525e-12,0
2068,1.0,5.2747917e-11,0
2069,1.0,2.1390195e-11,0
2070,1.0,8.693539e-12,0
2071,0.9999974,2.655024e-06,0
2072,1.0,1.178291e-10,0
2073,1.0,7.9533956e-11,0
2074,1.0,7.934607e-11,0
2075,0.9999999,7.895639e-08,0
2076,0.9999964,3.577523e-06,0
2077,1.0,3.021992e-09,0
2078,1.0,1.4274953e-10,0
2079,1.0,1.0414106e-09,0
2080,1.0,2.657151e-12,0
2081,1.0,1.0284319e-13,0
2082,1.0,2.7559365e-12,0
2083,1.0,3.696525e-13,0
2084,1.0,5.901737e-13,0
2085,1.0,3.3318512e-10,0
2086,1.0,2.4434706e-11,0
2087,1.0,3.6953214e-12,0
2088,1.0,4.4558487e-10,0
2089,1.0,8.3484886e-10,0
2090,1.0,1.02427164e-10,0
2091,1.0,6.2155434e-11,0
2092,1.0,1.0122491e-11,0
2093,1.0,2.5203843e-12,0
2094,1.0,1.867619e-11,0
2095,0.9999993,6.799471e-07,0
2096,1.0,5.6617115e-08,0
2097,1.0,6.8199027e-12,0
2098,1.0,2.9346716e-11,0
2099,1.0,1.0498377e-11,0
2100,1.0,1.12786856e-10,0
2101,1.0,6.8267055e-13,0
2102,1.0,2.8272077e-11,0
2103,1.0,3.0834122e-09,0
2104,1.0,2.1499108e-08,0
2105,1.0,4.8826737e-12,0
2106,1.0,1.5751782e-08,0
2107,1.0,8.472125e-12,0
2108,1.0,8.437281e-11,0
2109,1.0,6.6131095e-10,0
2110,0.99999964,3.0218644e-07,0
2111,1.0,1.9221584e-10,0
2112,1.0,1.9385425e-10,0
2113,1.0,5.149794e-10,0
2114,1.0,3.348832e-13,0
2115,1.0,6.59866e-13,0
2116,1.0,3.3391755e-13,0
2117,1.0,1.2004598e-08,0
2118,1.0,7.439401e-11,0
2119,1.0,5.2479375e-11,0
2120,1.0,2.535145e-10,0
2121,1.0,1.1028305e-10,0
2122,1.0,1.886259e-12,0
2123,1.0,9.730909e-10,0
2124,0.9999999,1.19016214e-07,0
2125,1.0,2.4244402e-12,0
2126,0.9999999,1.4520003e-07,0
2127,1.0,1.088764e-11,0
2128,1.0,1.1633968e-08,0
2129,1.0,9.42439e-12,0
2130,1.0,3.2257424e-12,0
2131,1.0,2.2867095e-08,0
2132,1.0,1.7105603e-12,0
2133,1.0,1.222279e-09,0
2134,1.0,1.8682944e-09,0
2135,1.0,3.0559012e-12,0
2136,1.0,1.184678e-09,0
2137,1.0,2.5489951e-08,0
2138,1.0,8.070193e-10,0
2139,1.0,2.8207981e-11,0
2140,1.0,6.868582e-12,0
2141,1.0,6.7029554e-10,0
2142,0.9999999,1.0014507e-07,0
2143,1.0,2.016641e-11,0
2144,1.0,1.3186358e-08,0
2145,1.0,8.422933e-12,0
2146,1.0,4.0586808e-11,0
2147,0.9999999,7.599739e-08,0
2148,1.0,5.839061e-08,0
2149,1.0,1.3552581e-10,0
2150,1.0,1.02808935e-08,0
2151,1.0,1.3490369e-11,0
2152,1.0,2.2787939e-08,0
2153,1.0,3.2673078e-10,0
2154,1.0,1.2862851e-08,0
2155,0.9999999,7.8318784e-08,0
2156,1.0,1.5322344e-08,0
2157,1.0,1.2065515e-09,0
2158,0.9999995,4.628086e-07,0
2159,0.9999999,7.754037e-08,0
2160,0.9999999,5.989182e-08,0
2161,0.99999976,2.3113472e-07,0
2162,0.99999845,1.5387998e-06,0
2163,1.0,6.1417364e-11,0
2164,1.0,1.2624826e-11,0
2165,1.0,4.052947e-08,0
2166,0.99999976,1.8085123e-07,0
2167,0.9999999,1.0367185e-07,0
2168,1.0,1.6689066e-08,0
2169,0.9999999,6.1509475e-08,0
2170,0.99999976,2.3057221e-07,0
2171,0.99999154,8.437971e-06,0
2172,1.0,5.0660125e-09,0
2173,0.9999999,1.017039e-07,0
2174,1.0,1.5784254e-09,0
2175,1.0,3.5740946e-08,0
2176,0.9999999,8.5437534e-08,0
2177,1.0,7.148461e-13,0
2178,1.0,2.624144e-10,0
2179,0.9999999,1.579005e-07,0
2180,1.0,6.660859e-10,0
2181,1.0,2.4764726e-12,0
2182,1.0,1.0996174e-09,0
2183,1.0,1.6821537e-11,0
2184,1.0,1.7554273e-10,0
2185,1.0,5.203861e-11,0
2186,1.0,6.251435e-12,0
2187,1.0,2.0332167e-12,0
2188,1.0,3.6365147e-10,0
2189,1.0,9.695232e-13,0
2190,1.0,2.437818e-12,0
2191,0.9999994,6.0273203e-07,0
2192,1.0,2.7638685e-09,0
2193,0.9999999,1.4549138e-07,0
2194,0.9999999,1.2500729e-07,0
2195,1.0,1.5374671e-10,0
2196,0.9999999,6.3901325e-08,0
2197,0.9999999,1.1110429e-07,0
2198,0.99999976,2.7320823e-07,0
2199,0.99997795,2.2071717e-05,0
2200,1.0,2.8337541e-09,0
2201,0.9999999,1.01450475e-07,0
2202,1.0,2.4310043e-10,0
2203,1.0,3.633012e-11,0
2204,1.0,1.5992665e-08,0
2205,1.0,7.8301796e-11,0
2206,1.0,1.1249976e-11,0
2207,1.0,5.125629e-10,0
2208,0.9999964,3.57337e-06,0
2209,1.0,2.9174902e-09,0
2210,1.0,7.002995e-09,0
2211,1.0,3.7966387e-11,0
2212,1.0,3.7280676e-10,0
2213,0.9999995,4.9416906e-07,0
2214,1.0,1.7584485e-08,0
2215,1.0,8.5586e-11,0
2216,1.0,3.147095e-09,0
2217,1.0,1.6920481e-08,0
2218,1.0,6.705458e-11,0
2219,1.0,1.1762348e-09,0
2220,1.0,1.6474986e-11,0
2221,1.0,3.7104766e-09,0
2222,1.0,4.6454332e-08,0
2223,1.0,2.0469164e-09,0
2224,1.0,2.9191236e-11,0
2225,1.0,9.5605225e-12,0
2226,1.0,8.326253e-11,0
2227,1.0,2.4996144e-10,0
2228,1.0,1.1172337e-14,0
2229,1.0,2.4095188e-11,0
2230,1.0,1.4940973e-10,0
2231,1.0,8.091439e-12,0
2232,1.0,2.7997263e-08,0
2233,1.0,2.660105e-10,0
2234,1.0,7.3193535e-12,0
2235,1.0,1.134253e-12,0
2236,1.0,3.2357003e-12,0
2237,1.0,2.6426998e-09,0
2238,1.0,2.4366384e-11,0
2239,1.0,7.80332e-13,0
2240,1.0,5.5588745e-10,0
2241,1.0,2.4089385e-12,0
2242,1.0,9.521614e-12,0
2243,1.0,3.5954182e-13,0
2244,1.0,1.4878242e-10,0
2245,1.0,2.0571602e-12,0
2246,1.0,9.617728e-13,0
2247,0.9999999,9.222771e-08,0
2248,1.0,1.4318849e-11,0
2249,1.0,2.7736353e-11,0
2250,0.9999981,1.8586758e-06,0
2251,1.0,1.17571985e-11,0
2252,0.99999976,2.0331362e-07,0
2253,1.0,4.3449067e-10,0
2254,1.0,2.3965192e-12,0
2255,1.0,7.707883e-12,0
2256,1.0,1.4979511e-08,0
2257,1.0,3.3790859e-12,0
2258,1.0,1.8877067e-11,0
2259,0.99999666,3.3450692e-06,0
2260,1.0,2.8744632e-08,0
2261,0.9999999,8.093955e-08,0
2262,1.0,2.0161046e-09,0
2263,1.0,4.050862e-11,0
2264,1.0,4.587276e-12,0
2265,1.0,9.629549e-13,0
2266,1.0,5.33562e-13,0
2267,1.0,1.8951195e-12,0
2268,1.0,3.2006794e-10,0
2269,1.0,7.524639e-11,0
2270,0.99999964,3.3677367e-07,0
2271,1.0,3.1231116e-12,0
2272,1.0,1.8714105e-10,0
2273,1.0,3.627618e-11,0
2274,1.0,4.3510497e-11,0
2275,1.0,3.568628e-10,0
2276,1.0,1.9737754e-09,0
2277,1.0,4.474724e-09,0
2278,1.0,4.1893208e-12,0
2279,1.0,2.362804e-13,0
2280,1.0,4.7522235e-08,0
2281,1.0,1.478973e-11,0
2282,1.0,1.3275287e-12,0
2283,0.99999976,1.972832e-07,0
2284,1.0,1.2780052e-11,0
2285,1.0,2.3206072e-12,0
2286,1.0,1.817669e-08,0
2287,0.9999999,1.18671785e-07,0
2288,1.0,6.308624e-10,0
2289,1.0,3.982522e-09,0
2290,1.0,3.2985233e-13,0
2291,1.0,3.1720047e-11,0
2292,1.0,5.4783944e-10,0
2293,1.0,1.0491321e-09,0
2294,1.0,3.8534163e-09,0
2295,1.0,2.0068947e-11,0
2296,1.0,7.673416e-11,0
2297,1.0,1.1898989e-11,0
2298,1.0,2.6008168e-08,0
2299,0.9999999,7.044971e-08,0
2300,1.0,1.3413141e-11,0
2301,1.0,2.6813495e-08,0
2302,0.9999999,9.61876e-08,0
2303,0.9999999,1.2442484e-07,0
2304,1.0,1.0723116e-11,0
2305,1.0,1.740078e-12,0
2306,1.0,5.8483926e-11,0
2307,1.0,3.0065195e-10,0
2308,1.0,8.687564e-10,0
2309,1.0,7.061508e-11,0
2310,1.0,2.5180387e-09,0
2311,1.0,8.757012e-12,0
2312,1.0,8.9173463e-10,0
2313,1.0,1.2482254e-09,0
2314,1.0,5.413525e-14,0
2315,1.0,4.1617033e-11,0
2316,1.0,2.608415e-10,0
2317,1.0,2.2179434e-13,0
2318,1.0,2.9378483e-10,0
2319,1.0,7.502286e-14,0
2320,1.0,4.410842e-12,0
2321,1.0,3.177068e-10,0
2322,1.0,1.9257979e-11,0
2323,1.0,9.038187e-10,0
2324,0.99999964,3.3834593e-07,0
2325,1.0,1.339442e-12,0
2326,1.0,3.3022892e-12,0
2327,1.0,2.595868e-10,0
2328,1.0,8.110236e-10,0
2329,1.0,1.9049699e-08,0
2330,0.9999993,7.403428e-07,0
2331,1.0,2.442592e-13,0
2332,1.0,5.381088e-10,0
2333,1.0,2.6053845e-08,0
2334,1.0,7.780385e-10,0
2335,1.0,3.755661e-09,0
2336,1.0,1.0963777e-09,0
2337,1.0,5.7837544e-14,0
2338,1.0,2.3945132e-12,0
2339,1.0,1.9900108e-09,0
2340,1.0,3.611524e-08,0
2341,1.0,6.8002054e-10,0
2342,0.9999999,9.0864205e-08,0
2343,1.0,6.423019e-11,0
2344,1.0,6.696597e-12,0
2345,1.0,4.3860873e-11,0
2346,1.0,4.3500767e-12,0
2347,1.0,1.1127671e-11,0
2348,1.0,6.146169e-10,0
2349,1.0,7.014909e-12,0
2350,1.0,1.5315696e-10,0
2351,1.0,1.2177507e-09,0
2352,1.0,5.518435e-10,0
2353,1.0,5.49128e-11,0
2354,1.0,3.5504296e-08,0
2355,1.0,9.191609e-10,0
2356,1.0,6.177489e-14,0
2357,1.0,1.7348455e-08,0
2358,0.9999995,4.84319e-07,0
2359,1.0,1.290777e-09,0
2360,0.9999999,1.01317056e-07,0
2361,1.0,7.7203195e-11,0
2362,1.0,2.843284e-08,0
2363,0.9999999,1.3714134e-07,0
2364,1.0,1.8145868e-11,0
2365,1.0,1.2435884e-10,0
2366,1.0,5.6297083e-08,0
2367,1.0,4.001031e-09,0
2368,0.9999999,1.4453923e-07,0
2369,1.0,2.4344494e-08,0
2370,1.0,4.5468795e-10,0
2371,1.0,7.544208e-12,0
2372,0.9999999,9.3230526e-08,0
2373,1.0,8.578235e-13,0
2374,1.0,6.438084e-10,0
2375,1.0,3.0711057e-08,0
2376,1.0,4.006147e-09,0
2377,1.0,9.917436e-11,0
2378,1.0,2.341328e-10,0
2379,1.0,2.1675913e-08,0
2380,1.0,5.1534493e-10,0
2381,1.0,3.1968985e-09,0
2382,1.0,1.505591e-11,0
2383,0.9999988,1.2291996e-06,0
2384,1.0,1.7262674e-11,0
2385,1.0,1.8591002e-11,0
2386,1.0,4.0632355e-11,0
2387,1.0,5.6160636e-09,0
2388,1.0,2.3762691e-08,0
2389,1.0,2.2072318e-10,0
2390,1.0,5.2638165e-11,0
2391,1.0,6.4787586e-10,0
2392,0.9999963,3.7124082e-06,0
2393,1.0,4.804352e-09,0
2394,1.0,4.642842e-10,0
2395,0.99999976,2.3381577e-07,0
2396,1.0,8.90705e-09,0
2397,1.0,2.9639665e-12,0
2398,1.0,1.6235863e-09,0
2399,1.0,2.7883707e-11,0
2400,1.0,5.1430952e-08,0
2401,1.0,1.6969961e-12,0
2402,1.0,1.8529713e-08,0
2403,1.0,2.844777e-11,0
2404,1.0,7.0458713e-12,0
2405,1.0,1.5249572e-08,0
2406,1.0,7.121872e-12,0
2407,1.0,1.1370392e-11,0
2408,1.0,7.7268823e-13,0
2409,1.0,1.9850589e-10,0
2410,1.0,9.672924e-12,0
2411,1.0,4.5062985e-11,0
2412,0.99999976,2.639825e-07,0
2413,1.0,3.1237804e-11,0
2414,1.0,7.852794e-11,0
2415,0.9999993,6.560688e-07,0
2416,0.9999995,4.3726376e-07,0
2417,1.0,1.5897254e-09,0
2418,1.0,6.072006e-13,0
2419,1.0,2.0291675e-09,0
2420,1.0,3.4580836e-12,0
2421,1.0,6.206241e-12,0
2422,1.0,2.8851463e-12,0
2423,1.0,7.707295e-12,0
2424,1.0,8.762138e-09,0
2425,1.0,3.155713e-10,0
2426,0.99999905,9.3370375e-07,0
2427,1.0,2.3460639e-12,0
2428,0.9999968,3.2622818e-06,0
2429,0.9999989,1.0216463e-06,0
2430,1.0,2.796832e-09,0
2431,1.0,3.4843902e-11,0
2432,1.0,3.022263e-09,0
2433,1.0,3.212727e-11,0
2434,1.0,2.8698384e-09,0
2435,1.0,4.297429e-12,0
2436,1.0,1.1585506e-10,0
2437,0.9999994,5.5716595e-07,0
2438,1.0,6.7626726e-09,0
2439,1.0,1.8439379e-09,0
2440,1.0,4.0779272e-10,0
2441,1.0,2.911335e-14,0
2442,0.9999995,5.220242e-07,0
2443,0.999995,4.9488017e-06,0
2444,1.0,2.368427e-12,0
2445,1.0,2.53592e-09,0
2446,1.0,4.2475407e-12,0
2447,1.0,3.323405e-13,0
2448,1.0,5.5491015e-12,0
2449,1.0,4.8236776e-10,0
2450,1.0,5.491759e-12,0
2451,0.9999994,6.317926e-07,0
2452,0.9999974,2.629358e-06,0
2453,1.0,2.9754184e-09,0
2454,0.9999999,1.0398594e-07,0
2455,1.0,1.0074118e-09,0
2456,0.9999995,4.7149533e-07,0
2457,1.0,7.6747514e-10,0
2458,1.0,4.1244362e-11,0
2459,1.0,3.6360848e-10,0
2460,0.9999981,1.93315e-06,0
2461,1.0,2.9707767e-11,0
2462,1.0,2.5048654e-09,0
2463,1.0,3.291607e-11,0
2464,1.0,4.438875e-10,0
2465,1.0,1.963175e-10,0
2466,1.0,7.48084e-10,0
2467,1.0,3.318045e-10,0
2468,1.0,4.8790735e-11,0
2469,0.9999999,8.203309e-08,0
2470,0.99999833,1.692862e-06,0
2471,1.0,3.557779e-11,0
2472,1.0,7.616761e-12,0
2473,1.0,1.786749e-09,0
2474,1.0,1.3006775e-09,0
2475,1.0,6.2748224e-09,0
2476,1.0,1.033913e-10,0
2477,1.0,4.901747e-12,0
2478,0.9999999,1.7446185e-07,0
2479,1.0,5.7563327e-09,0
2480,1.0,3.888362e-12,0
2481,1.0,1.5744103e-14,0
2482,1.0,5.754895e-09,0
2483,1.0,1.0689501e-08,0
2484,1.0,9.105874e-11,0
2485,1.0,1.8128588e-09,0
2486,0.9999995,4.2095138e-07,0
2487,1.0,5.128934e-10,0
2488,0.9999999,1.4492929e-07,0
2489,0.9999999,1.12640386e-07,0
2490,1.0,1.7418487e-11,0
2491,0.9999999,7.129225e-08,0
2492,1.0,7.073357e-11,0
2493,1.0,1.6573589e-09,0
2494,1.0,4.2300777e-12,0
2495,1.0,1.0559076e-09,0
2496,1.0,4.3764628e-10,0
2497,1.0,6.898981e-11,0
2498,1.0,4.452217e-08,0
2499,1.0,1.7207341e-08,0
2500,1.0,2.1554948e-08,0
2501,1.0,9.390617e-09,0
2502,1.0,1.9026583e-10,0
2503,1.0,1.7105302e-09,0
2504,1.0,7.3887545e-09,0
2505,1.0,1.8556425e-11,0
2506,0.99999976,1.9341097e-07,0
2507,1.0,6.493497e-09,0
2508,0.9999999,1.4362533e-07,0
2509,1.0,1.1201729e-12,0
2510,1.0,5.3528727e-11,0
2511,1.0,4.862555e-11,0
2512,1.0,1.9125843e-10,0
2513,1.0,3.9076055e-11,0
2514,1.0,7.2070394e-10,0
2515,0.9999999,1.3540289e-07,0
2516,1.0,2.160137e-12,0
2517,1.0,1.1942298e-08,0
2518,1.0,8.87043e-09,0
2519,1.0,3.6277896e-08,0
2520,1.0,8.6799574e-11,0
2521,1.0,3.730689e-08,0
2522,1.0,2.178873e-09,0
2523,1.0,7.9307714e-13,0
2524,1.0,1.3095374e-12,0
2525,1.0,6.136754e-09,0
2526,1.0,4.883407e-13,0
2527,1.0,1.4403622e-08,0
2528,1.0,2.1863851e-11,0
2529,1.0,4.3257722e-10,0
2530,1.0,2.4146754e-08,0
2531,1.0,1.11038255e-10,0
2532,1.0,2.3765206e-10,0
2533,0.9999999,8.986334e-08,0
2534,1.0,1.4502456e-11,0
2535,1.0,3.0188738e-10,0
2536,0.99999976,2.0115853e-07,0
2537,0.9999995,4.6879305e-07,0
2538,1.0,1.0929175e-10,0
2539,0.99999976,2.393423e-07,0
2540,1.0,2.0027736e-10,0
2541,1.0,3.9242973e-08,0
2542,1.0,2.596908e-10,0
2543,1.0,1.8940454e-09,0
2544,1.0,8.7867644e-11,0
2545,1.0,3.2458626e-12,0
2546,0.9999999,1.05172774e-07,0
2547,0.99999976,2.1277113e-07,0
2548,0.9999999,1.1935607e-07,0
2549,0.9999999,8.721441e-08,0
2550,0.9999999,1.0017545e-07,0
2551,1.0,2.0964704e-08,0
2552,0.9999999,1.7832576e-07,0
2553,0.99999976,2.3661434e-07,0
2554,1.0,5.561886e-10,0
2555,0.9999993,7.455689e-07,0
2556,0.9999999,6.142916e-08,0
2557,1.0,1.5405421e-08,0
2558,1.0,2.080061e-11,0
2559,1.0,4.261125e-08,0
2560,0.9999999,1.7004122e-07,0
2561,1.0,1.1150256e-11,0
2562,1.0,4.992918e-08,0
2563,1.0,3.9627306e-09,0
2564,1.0,5.43734e-09,0
2565,0.9999999,1.5827922e-07,0
2566,1.0,5.390333e-10,0
2567,0.99999976,1.9304682e-07,0
2568,1.0,1.3097843e-09,0
2569,1.0,3.7999627e-08,0
2570,0.9999999,6.1654774e-08,0
2571,0.9999999,7.060373e-08,0
2572,1.0,3.4175617e-08,0
2573,1.0,2.43677e-10,0
2574,1.0,1.8785263e-11,0
2575,1.0,7.555884e-09,0
2576,1.0,1.906551e-08,0
2577,1.0,2.4335811e-12,0
2578,1.0,6.343592e-10,0
2579,0.99999976,1.9801627e-07,0
2580,1.0,4.853854e-11,0
2581,1.0,2.806491e-11,0
2582,1.0,2.574185e-09,0
2583,1.0,2.9788254e-09,0
2584,0.9999999,1.0413003e-07,0
2585,0.9999999,8.416927e-08,0
2586,1.0,5.7256747e-12,0
2587,1.0,8.609227e-10,0
2588,1.0,1.2271308e-09,0
2589,1.0,8.255731e-13,0
2590,1.0,1.2749125e-12,0
2591,0.99999976,2.734903e-07,0
2592,1.0,3.323413e-08,0
2593,1.0,3.1376373e-09,0
2594,1.0,2.0806721e-11,0
2595,0.9999995,4.6617737e-07,0
2596,1.0,2.7614757e-13,0
2597,0.9999999,1.197885e-07,0
2598,1.0,1.8601765e-13,0
2599,1.0,2.7565582e-11,0
2600,1.0,3.1172604e-09,0
2601,1.0,1.5759923e-12,0
2602,1.0,7.924164e-13,0
2603,1.0,9.657102e-13,0
2604,0.9999995,4.5275164e-07,0
2605,1.0,1.2396598e-13,0
2606,1.0,2.7521086e-11,0
2607,0.9999999,1.4918074e-07,0
2608,1.0,1.8613193e-13,0
2609,1.0,2.569766e-12,0
2610,1.0,2.1422358e-12,0
2611,1.0,3.1685385e-08,0
2612,1.0,1.3848267e-11,0
2613,1.0,1.7553939e-10,0
2614,1.0,1.1852685e-08,0
2615,1.0,5.7197813e-08,0
2616,1.0,2.3463986e-09,0
2617,1.0,2.3463662e-10,0
2618,1.0,2.721775e-10,0
2619,1.0,2.1956534e-08,0
2620,1.0,2.4640446e-11,0
2621,1.0,6.3205355e-14,0
2622,1.0,7.082946e-10,0
2623,0.9999995,4.5823361e-07,0
2624,1.0,5.467912e-18,0
2625,1.0,7.486483e-16,0
2626,1.0,2.2646459e-20,0
2627,1.0,3.5457432e-21,0
2628,1.0,7.271849e-19,0
2629,1.0,3.7424464e-09,0
2630,0.9999999,9.756621e-08,0
2631,1.0,2.2894458e-08,0
2632,1.0,9.581294e-20,0
2633,1.0,4.800928e-23,0
2634,1.0,5.5175845e-13,0
2635,1.0,5.7199774e-23,0
2636,1.0,3.1476496e-15,0
2637,1.0,2.0234274e-21,0
2638,1.0,1.1156766e-11,0
2639,1.0,1.0338073e-16,0
2640,0.9999999,1.02334546e-07,0
2641,1.0,9.504098e-25,0
2642,1.0,3.8501054e-19,0
2643,1.0,1.38953e-20,0
2644,1.0,5.512294e-24,0
2645,0.9999999,1.1887329e-07,0
2646,1.0,7.3568937e-19,0
2647,1.0,9.661595e-21,0
2648,0.9999995,5.206192e-07,0
2649,1.0,7.806675e-19,0
2650,1.0,2.9211429e-09,0
2651,1.0,3.5635267e-10,0
2652,1.0,6.8080717e-17,0
2653,1.0,3.365256e-09,0
2654,1.0,1.7775369e-17,0
2655,1.0,7.626877e-20,0
2656,1.0,1.0042474e-22,0
2657,1.0,3.988329e-17,0
2658,1.0,4.677124e-21,0
2659,1.0,2.1445773e-24,0
2660,1.0,3.3340468e-20,0
2661,1.0,5.3180867e-12,0
2662,1.0,3.877555e-09,0
2663,1.0,3.5090417e-14,0
2664,1.0,1.134092e-21,0
2665,0.9999999,8.071739e-08,0
2666,1.0,4.8847584e-09,0
2667,0.99999964,3.3632818e-07,0
2668,1.0,3.038456e-18,0
2669,1.0,2.9432334e-17,0
2670,0.9999926,7.349525e-06,0
2671,0.9999999,8.1445485e-08,0
2672,1.0,3.2194902e-09,0
2673,1.0,4.8719677e-19,0
2674,1.0,1.7055618e-13,0
2675,1.0,1.2001619e-16,0
2676,1.0,2.744996e-25,0
2677,1.0,3.7421056e-23,0
2678,1.0,1.3841253e-17,0
2679,1.0,8.505184e-20,0
2680,1.0,1.9357626e-19,0
2681,1.0,1.6550156e-16,0
2682,1.0,2.219562e-15,0
2683,0.99999976,2.003036e-07,0
2684,0.9999994,5.628226e-07,0
2685,1.0,4.7163684e-18,0
2686,1.0,1.7087568e-16,0
2687,0.9999999,7.9761946e-08,0
2688,1.0,2.0683852e-23,0
2689,1.0,5.2671247e-21,0
2690,0.99999976,2.2311453e-07,0
2691,1.0,5.8367026e-11,0
2692,1.0,7.506306e-22,0
2693,1.0,6.6532924e-21,0
2694,1.0,2.820539e-19,0
2695,1.0,1.009503e-12,0
2696,1.0,4.943065e-20,0
2697,0.99999976,2.2128958e-07,0
2698,1.0,1.5916728e-17,0
2699,1.0,1.1184886e-08,0
2700,0.9999999,8.896612e-08,0
2701,1.0,3.3108134e-21,0
2702,1.0,1.408488e-17,0
2703,0.99999976,1.8072399e-07,0
2704,1.0,7.697498e-19,0
2705,0.9999999,1.5377553e-07,0
2706,1.0,1.8630966e-19,0
2707,1.0,1.4631562e-08,0
2708,1.0,2.010122e-17,0
2709,1.0,6.8636145e-17,0
2710,1.0,9.805325e-13,0
2711,1.0,6.763276e-21,0
2712,1.0,1.0836974e-09,0
2713,1.0,4.8015398e-20,0
2714,1.0,4.067284e-18,0
2715,1.0,2.061433e-20,0
2716,1.0,2.5167818e-23,0
2717,1.0,1.0192612e-21,0
2718,1.0,7.6962724e-17,0
2719,0.9999999,8.337071e-08,0
2720,0.99999976,2.0355068e-07,0
2721,1.0,4.6107065e-23,0
2722,0.9999999,1.01708935e-07,0
2723,1.0,1.7322998e-15,0
2724,1.0,3.7281252e-17,0
2725,1.0,1.4168736e-09,0
2726,1.0,2.1509816e-19,0
2727,1.0,2.6172326e-20,0
2728,1.0,4.89418e-23,0
2729,1.0,8.163342e-18,0
2730,1.0,1.2074668e-18,0
2731,1.0,1.9608308e-08,0
2732,1.0,7.865931e-17,0
2733,1.0,3.3855556e-20,0
2734,1.0,5.280045e-19,0
2735,1.0,5.63099e-18,0
2736,1.0,3.500118e-14,0
2737,1.0,1.5413547e-10,0
2738,1.0,1.3652302e-19,0
2739,0.99999976,2.678646e-07,0
2740,1.0,8.2829573e-16,0
2741,1.0,8.488107e-19,0
2742,1.0,5.771948e-08,0
2743,1.0,1.58479e-17,0
2744,1.0,1.2911442e-20,0
2745,1.0,1.8622952e-10,0
2746,1.0,1.7691833e-16,0
2747,1.0,5.378155e-17,0
2748,1.0,2.0458233e-17,0
2749,1.0,1.1072617e-16,0
2750,0.9999994,5.624963e-07,0
2751,1.0,1.06944566e-19,0
2752,0.9999999,6.2717135e-08,0
2753,1.0,7.6493694e-13,0
2754,1.0,1.5826226e-08,0
2755,1.0,3.695794e-19,0
2756,1.0,9.898013e-18,0
2757,1.0,1.2922206e-09,0
2758,0.9999999,1.6629747e-07,0
2759,1.0,1.2000786e-10,0
2760,0.9999999,1.0211481e-07,0
2761,1.0,6.646523e-20,0
2762,1.0,3.6876684e-19,0
2763,1.0,4.463135e-19,0
2764,1.0,4.1349112e-19,0
2765,1.0,4.9474065e-19,0
2766,1.0,1.3216902e-08,0
2767,1.0,1.3565665e-18,0
2768,1.0,2.771157e-21,0
2769,1.0,1.4849497e-17,0
2770,1.0,9.571905e-20,0
2771,1.0,5.061231e-13,0
2772,1.0,5.5105623e-08,0
2773,1.0,3.500785e-22,0
2774,1.0,3.2320812e-15,0
2775,1.0,1.9514317e-16,0
2776,1.0,3.9684606e-18,0
2777,1.0,1.9156919e-13,0
2778,1.0,1.6862356e-16,0
2779,1.0,1.8658459e-15,0
2780,0.9999999,1.0003969e-07,0
2781,1.0,2.136777e-18,0
2782,1.0,2.3784415e-19,0
2783,1.0,2.7616439e-17,0
2784,1.0,1.918669e-20,0
2785,1.0,7.886208e-18,0
2786,1.0,3.3038474e-22,0
2787,1.0,9.239576e-14,0
2788,1.0,9.534867e-15,0
2789,1.0,6.082958e-10,0
2790,1.0,2.0829821e-08,0
2791,1.0,4.6124728e-20,0
2792,1.0,5.23225e-17,0
2793,1.0,1.7462836e-14,0
2794,1.0,6.855323e-16,0
2795,1.0,3.94873e-15,0
2796,1.0,3.0288272e-11,0
2797,1.0,4.080887e-16,0
2798,1.0,3.6272223e-08,0
2799,1.0,4.779506e-18,0
2800,1.0,1.0174379e-16,0
2801,1.0,3.986925e-19,0
2802,1.0,7.0474327e-15,0
2803,1.0,1.2189158e-19,0
2804,1.0,2.1529727e-15,0
2805,1.0,1.1222472e-16,0
2806,1.0,4.5354326e-16,0
2807,1.0,6.1567423e-13,0
2808,1.0,1.0081515e-21,0
2809,1.0,1.872105e-23,0
2810,1.0,2.7589063e-17,0
2811,0.9999999,7.582509e-08,0
2812,1.0,2.9254005e-18,0
2813,1.0,4.3841954e-08,0
2814,1.0,4.0366753e-20,0
2815,1.0,1.0172118e-18,0
2816,1.0,1.5950073e-20,0
2817,1.0,4.1353267e-09,0
2818,1.0,2.6678817e-08,0
2819,1.0,3.1688562e-21,0
2820,1.0,4.8721474e-14,0
2821,0.99999976,2.3323629e-07,0
2822,0.9999994,5.8392385e-07,0
2823,0.9999999,1.084691e-07,0
2824,1.0,3.0307642e-14,0
2825,1.0,4.037496e-18,0
2826,1.0,2.4935154e-13,0
2827,1.0,9.335308e-13,0
2828,1.0,2.1046272e-12,0
2829,0.99999976,2.404432e-07,0
2830,1.0,3.874926e-15,0
2831,1.0,2.3357285e-15,0
2832,1.0,4.093184e-18,0
2833,1.0,1.3174883e-21,0
2834,1.0,2.5369676e-22,0
2835,1.0,5.2750544e-18,0
2836,1.0,1.7487908e-17,0
2837,1.0,4.877756e-17,0
2838,1.0,3.6195832e-13,0
2839,1.0,4.4369304e-09,0
2840,1.0,2.0260353e-16,0
2841,1.0,2.827231e-10,0
2842,0.9999987,1.352407e-06,0
2843,0.99999964,2.984896e-07,0
2844,0.9999999,1.0209299e-07,0
2845,1.0,6.4108266e-19,0
2846,1.0,3.747154e-20,0
2847,1.0,5.311461e-18,0
2848,0.9999999,1.3889084e-07,0
2849,1.0,5.6876185e-17,0
2850,0.9999999,6.933989e-08,0
2851,1.0,6.1705714e-12,0
2852,1.0,6.9468594e-15,0
2853,0.9999999,1.0521852e-07,0
2854,1.0,1.241512e-18,0
2855,1.0,1.129189e-12,0
2856,0.99999964,3.5571475e-07,0
2857,1.0,1.2200912e-14,0
2858,1.0,1.1746626e-21,0
2859,1.0,1.0797045e-14,0
2860,1.0,2.1000905e-17,0
2861,1.0,1.298232e-19,0
2862,0.9999999,1.6505496e-07,0
2863,1.0,9.710464e-24,0
2864,1.0,1.087743e-18,0
2865,1.0,2.4679898e-23,0
2866,1.0,1.2386086e-16,0
2867,1.0,3.0718205e-19,0
2868,1.0,6.479476e-10,0
2869,1.0,3.5478226e-16,0
2870,1.0,1.1802083e-16,0
2871,1.0,1.9417576e-22,0
2872,1.0,2.2214295e-19,0
2873,1.0,3.410058e-17,0
2874,1.0,6.3672136e-15,0
2875,1.0,1.4291067e-12,0
2876,1.0,1.0848594e-17,0
2877,1.0,1.8998153e-10,0
2878,1.0,9.595371e-21,0
2879,1.0,2.568289e-10,0
2880,1.0,1.0672751e-16,0
2881,1.0,1.6100066e-15,0
2882,1.0,6.8152357e-19,0
2883,1.0,3.1847814e-20,0
2884,1.0,3.6843117e-17,0
2885,1.0,3.1178796e-16,0
2886,1.0,1.1573371e-08,0
2887,1.0,5.819343e-17,0
2888,1.0,5.6955653e-17,0
2889,1.0,1.8653195e-22,0
2890,1.0,3.5902274e-11,0
2891,1.0,3.863334e-18,0
2892,1.0,2.406987e-08,0
2893,1.0,1.8952294e-14,0
2894,1.0,2.5655055e-08,0
2895,0.99999976,1.8343646e-07,0
2896,1.0,1.5025792e-18,0
2897,1.0,9.988557e-17,0
2898,1.0,9.6120035e-21,0
2899,1.0,8.9699946e-24,0
2900,1.0,2.4003393e-08,0
2901,1.0,1.8073707e-15,0
2902,1.0,4.5017295e-18,0
2903,1.0,6.094082e-18,0
2904,1.0,5.7291384e-08,0
2905,1.0,4.038147e-12,0
2906,1.0,9.3746516e-17,0
2907,1.0,2.2962592e-08,0
2908,1.0,5.7085088e-09,0
2909,1.0,5.662272e-16,0
2910,1.0,4.1025223e-15,0
2911,1.0,3.1502555e-08,0
2912,1.0,4.1986727e-08,0
2913,1.0,5.1880847e-18,0
2914,1.0,4.1466855e-16,0
2915,1.0,1.0086018e-13,0
2916,1.0,2.070454e-15,0
2917,1.0,6.4057906e-19,0
2918,1.0,2.5366477e-15,0
2919,1.0,1.8239931e-23,0
2920,1.0,3.9381486e-18,0
2921,1.0,1.2886033e-08,0
2922,1.0,3.980916e-22,0
2923,0.9999999,1.4324314e-07,0
2924,0.99999976,2.6195318e-07,0
2925,1.0,6.9242034e-10,0
2926,1.0,4.0456253e-08,0
2927,0.9999999,1.3827496e-07,0
2928,1.0,2.6661868e-20,0
2929,0.9999999,1.6088343e-07,0
2930,1.0,4.5177768e-12,0
2931,0.9999999,6.379197e-08,0
2932,0.99999964,3.0571238e-07,0
2933,1.0,1.431515e-09,0
2934,1.0,3.054064e-17,0
2935,1.0,7.61133e-12,0
2936,1.0,1.2774523e-18,0
2937,1.0,1.5245496e-16,0
2938,1.0,5.2927468e-20,0
2939,1.0,3.2866727e-13,0
2940,1.0,4.942223e-25,0
2941,1.0,7.251212e-19,0
2942,1.0,2.5355298e-19,0
2943,1.0,1.498065e-16,0
2944,1.0,5.169416e-18,0
2945,0.99999976,1.8480623e-07,0
2946,0.9999999,7.106891e-08,0
2947,1.0,1.08017e-14,0
2948,0.99999976,2.232746e-07,0
2949,0.99999404,5.941536e-06,0
2950,0.9999988,1.2010069e-06,0
2951,1.0,1.5461519e-13,0
2952,1.0,2.7069811e-08,0
2953,1.0,2.1466279e-20,0
2954,1.0,7.835171e-18,0
2955,1.0,5.3368947e-16,0
2956,1.0,3.9296828e-19,0
2957,1.0,1.1722356e-15,0
2958,1.0,1.2772859e-19,0
2959,0.9999999,7.195316e-08,0
2960,0.9999999,1.04789926e-07,0
2961,1.0,1.0750622e-18,0
2962,1.0,4.4325425e-08,0
2963,1.0,4.375338e-13,0
2964,1.0,1.530849e-09,0
2965,1.0,3.5053888e-18,0
2966,1.0,3.3624917e-12,0
2967,1.0,1.4363857e-21,0
2968,1.0,4.659156e-10,0
2969,1.0,1.6943583e-18,0
2970,1.0,1.0098923e-19,0
2971,0.9999999,1.3168581e-07,0
2972,0.99999976,2.3647672e-07,0
2973,1.0,3.5906137e-17,0
2974,1.0,2.9467383e-17,0
2975,1.0,9.250299e-21,0
2976,1.0,2.330145e-18,0
2977,1.0,1.3222461e-21,0
2978,1.0,6.192964e-15,0
2979,1.0,2.1707246e-18,0
2980,1.0,1.535647e-14,0
2981,1.0,7.367525e-15,0
2982,1.0,8.934833e-21,0
2983,0.99999964,3.1233745e-07,0
2984,1.0,2.0814267e-18,0
2985,1.0,9.229295e-13,0
2986,1.0,2.1498714e-14,0
2987,1.0,2.9106825e-12,0
2988,1.0,5.487243e-17,0
2989,1.0,9.320238e-17,0
2990,1.0,1.3924579e-14,0
2991,1.0,1.9958984e-21,0
2992,1.0,3.3250636e-22,0
2993,1.0,8.157713e-24,0
2994,0.99999964,3.6231987e-07,0
2995,1.0,1.2608954e-13,0
2996,1.0,3.2081508e-16,0
2997,1.0,7.587215e-11,0
2998,1.0,4.7534235e-14,0
2999,1.0,1.7573028e-18,0
3000,1.0,1.5003156e-12,0
3001,1.0,1.4144477e-18,0
3002,1.0,3.9625983e-22,0
3003,1.0,3.0136798e-13,0
3004,0.99999976,2.3137842e-07,0
3005,1.0,1.5841047e-20,0
3006,1.0,3.485459e-08,0
3007,1.0,3.6418626e-16,0
3008,1.0,3.1410723e-14,0
3009,1.0,5.9037e-19,0
3010,1.0,6.6782322e-15,0
3011,1.0,4.112832e-08,0
3012,1.0,1.4029165e-17,0
3013,1.0,1.397535e-21,0
3014,0.9999999,1.2697079e-07,0
3015,1.0,1.5942881e-14,0
3016,1.0,2.4766097e-23,0
3017,1.0,1.3248363e-21,0
3018,1.0,8.960434e-13,0
3019,1.0,3.7742387e-20,0
3020,1.0,1.0748613e-18,0
3021,1.0,3.2474858e-19,0
3022,1.0,3.2503331e-21,0
3023,1.0,2.1187117e-16,0
3024,1.0,8.578638e-18,0
3025,1.0,1.4383172e-19,0
3026,1.0,1.1384422e-09,0
3027,1.0,2.809635e-22,0
3028,1.0,8.1422477e-20,0
3029,1.0,6.681115e-14,0
3030,0.9999999,8.7702176e-08,0
3031,1.0,3.081244e-12,0
3032,0.99999976,1.8437986e-07,0
3033,0.9999999,1.500099e-07,0
3034,1.0,5.1793285e-09,0
3035,1.0,1.5740188e-08,0
3036,1.0,1.9794295e-21,0
3037,1.0,2.1565094e-13,0
3038,1.0,5.615328e-19,0
3039,1.0,2.4986443e-08,0
3040,1.0,1.7678186e-18,0
3041,1.0,9.05572e-21,0
3042,1.0,1.260114e-13,0
3043,1.0,2.166612e-19,0
3044,1.0,3.6223922e-18,0
3045,1.0,4.9432457e-23,0
3046,1.0,9.5344206e-17,0
3047,1.0,8.055424e-15,0
3048,1.0,3.2247344e-19,0
3049,1.0,7.0085447e-19,0
3050,0.99999964,3.2628463e-07,0
3051,1.0,7.32955e-20,0
3052,0.99999976,2.0738334e-07,0
3053,1.0,8.33648e-20,0
3054,1.0,5.627389e-23,0
3055,1.0,2.1917931e-14,0
3056,1.0,1.3036357e-20,0
3057,1.0,2.6553756e-21,0
3058,1.0,3.607617e-21,0
3059,1.0,1.6081198e-18,0
3060,1.0,3.848674e-15,0
3061,0.9999999,1.021945e-07,0
3062,1.0,4.1203621e-19,0
3063,1.0,6.066371e-16,0
3064,0.9999999,9.634808e-08,0
3065,0.9999999,6.926944e-08,0
3066,1.0,8.927205e-09,0
3067,1.0,7.9791155e-16,0
3068,1.0,2.73136e-21,0
3069,1.0,2.5859275e-16,0
3070,1.0,2.3035528e-17,0
3071,1.0,2.0007623e-13,0
3072,1.0,1.7057112e-21,0
3073,1.0,4.5188048e-11,0
3074,1.0,8.166704e-11,0
3075,1.0,5.1270302e-20,0
3076,1.0,1.3688771e-09,0
3077,1.0,1.0932742e-21,0
3078,1.0,7.973743e-20,0
3079,1.0,1.22552255e-11,0
3080,1.0,3.4394667e-09,0
3081,0.9999987,1.3647167e-06,0
3082,1.0,6.954586e-12,0
3083,1.0,2.8609082e-09,0
3084,1.0,9.998154e-19,0
3085,1.0,3.1365138e-23,0
3086,1.0,7.7014905e-12,0
3087,1.0,9.683545e-22,0
3088,1.0,5.691997e-08,0
3089,1.0,2.4039755e-17,0
3090,0.9999999,7.8361815e-08,0
3091,1.0,1.2848375e-17,0
3092,1.0,3.856385e-10,0
3093,1.0,1.2233081e-12,0
3094,0.9999999,6.6436854e-08,0
3095,1.0,9.026385e-14,0
3096,1.0,1.8203156e-16,0
3097,1.0,1.8419351e-08,0
3098,1.0,4.7749497e-18,0
3099,1.0,5.7881565e-22,0
3100,1.0,1.198198e-11,0
3101,1.0,4.463943e-08,0
3102,1.0,2.897803e-16,0
3103,1.0,3.4285715e-22,0
3104,1.0,1.2481814e-22,0
3105,1.0,9.222505e-20,0
3106,1.0,9.452972e-17,0
3107,1.0,4.6711436e-24,0
3108,1.0,1.1906587e-16,0
3109,1.0,2.877938e-14,0
3110,0.9999999,1.6111312e-07,0
3111,0.9999999,1.2254186e-07,0
3112,1.0,2.5430607e-08,0
3113,0.9999999,1.425378e-07,0
3114,1.0,2.0843686e-16,0
3115,1.0,2.3909619e-09,0
3116,1.0,5.5298408e-08,0
3117,0.99999976,1.861367e-07,0
3118,1.0,2.2534946e-20,0
3119,1.0,2.7898186e-18,0
3120,1.0,1.0861011e-18,0
3121,1.0,2.206186e-19,0
3122,1.0,8.368963e-09,0
3123,1.0,9.018475e-09,0
3124,1.0,1.7605162e-19,0
3125,1.0,7.90869e-16,0
3126,1.0,7.108036e-18,0
3127,1.0,1.503971e-20,0
3128,1.0,2.4402514e-08,0
3129,1.0,1.2104932e-24,0
3130,1.0,8.8067977e-11,0
3131,1.0,1.9736087e-21,0
3132,1.0,3.0175626e-09,0
3133,1.0,7.4285744e-13,0
3134,1.0,1.0047769e-13,0
3135,1.0,6.426945e-17,0
3136,1.0,9.899299e-10,0
3137,1.0,9.37165e-09,0
3138,1.0,5.784351e-14,0
3139,1.0,4.484065e-08,0
3140,1.0,2.1874181e-16,0
3141,1.0,4.4211615e-19,0
3142,1.0,1.093407e-22,0
3143,1.0,9.168594e-19,0
3144,1.0,2.7613791e-18,0
3145,1.0,4.4915247e-10,0
3146,1.0,8.2507787e-19,0
3147,1.0,3.8914286e-22,0
3148,1.0,1.6370999e-10,0
3149,1.0,4.614977e-14,0
3150,1.0,5.0393174e-09,0
3151,1.0,5.025202e-19,0
3152,1.0,3.5173816e-08,0
3153,1.0,1.3155982e-16,0
3154,1.0,5.8250712e-18,0
3155,1.0,2.6715142e-18,0
3156,1.0,2.0360735e-19,0
3157,1.0,1.7501056e-17,0
3158,1.0,4.8046806e-17,0
3159,1.0,1.0656443e-15,0
3160,1.0,7.617569e-21,0
3161,1.0,4.5337544e-16,0
3162,1.0,8.409574e-24,0
3163,1.0,7.304166e-16,0
3164,0.99999964,3.3629482e-07,0
3165,0.99999964,3.3500865e-07,0
3166,1.0,6.6991053e-22,0
3167,0.9999999,1.4632126e-07,0
3168,1.0,8.4606706e-17,0
3169,1.0,2.5938264e-12,0
3170,1.0,8.42588e-18,0
3171,0.9999999,6.0744185e-08,0
3172,1.0,8.3247224e-20,0
3173,1.0,6.578785e-15,0
3174,1.0,9.452429e-10,0
3175,1.0,8.1884936e-11,0
3176,1.0,2.8208992e-08,0
3177,0.9999999,9.22365e-08,0
3178,0.99999976,2.0320428e-07,0
3179,1.0,6.801478e-17,0
3180,1.0,1.0715445e-08,0
3181,1.0,1.7363321e-19,0
3182,0.9999999,7.61149e-08,0
3183,1.0,7.869259e-18,0
3184,0.9999999,1.7739455e-07,0
3185,1.0,4.9113913e-21,0
3186,1.0,2.2952789e-19,0
3187,0.9999999,6.0170514e-08,0
3188,1.0,6.820743e-21,0
3189,1.0,5.578462e-17,0
3190,1.0,1.196765e-16,0
3191,0.9999993,7.727468e-07,0
3192,1.0,4.3068714e-13,0
3193,1.0,5.588306e-08,0
3194,1.0,8.070809e-21,0
3195,1.0,3.8539744e-13,0
3196,1.0,4.915273e-09,0
3197,1.0,2.4360165e-18,0
3198,1.0,8.123848e-13,0
3199,1.0,3.5400838e-19,0
3200,1.0,3.3743193e-16,0
3201,1.0,1.8362184e-22,0
3202,0.99999964,3.760753e-07,0
3203,1.0,3.6207738e-19,0
3204,1.0,8.81066e-19,0
3205,1.0,5.946084e-17,0
3206,1.0,6.514996e-09,0
3207,1.0,5.160611e-17,0
3208,1.0,1.8683756e-10,0
3209,1.0,2.2635023e-08,0
3210,1.0,1.5644263e-19,0
3211,1.0,1.8949997e-20,0
3212,1.0,2.7264818e-18,0
3213,1.0,3.838759e-09,0
3214,1.0,1.6643167e-15,0
3215,1.0,4.920603e-12,0
3216,0.9999989,1.0437197e-06,0
3217,1.0,2.2484885e-20,0
3218,1.0,2.4745493e-17,0
3219,1.0,1.2609297e-12,0
3220,1.0,2.3067465e-23,0
3221,0.9999999,7.056509e-08,0
3222,1.0,1.1449975e-08,0
3223,1.0,5.0266624e-10,0
3224,1.0,4.7816677e-14,0
3225,1.0,3.7515794e-17,0
3226,0.9999999,1.6504805e-07,0
3227,1.0,2.7111803e-13,0
3228,1.0,7.506566e-14,0
3229,0.99999976,2.0148455e-07,0
3230,0.99988294,0.00011700544,0
3231,0.99999964,3.5405435e-07,0
3232,0.9999999,9.2056354e-08,0
3233,0.99999964,3.545605e-07,0
3234,1.0,3.0198661e-09,0
3235,1.0,1.0374004e-12,0
3236,1.0,1.4290824e-08,0
3237,1.0,7.780731e-09,0
3238,0.9999989,1.0238546e-06,0
3239,0.99999964,3.4919142e-07,0
3240,1.0,3.5340422e-10,0
3241,1.0,5.600438e-08,0
3242,1.0,1.004928e-10,0
3243,1.0,8.5216396e-11,0
3244,1.0,5.0970686e-12,0
3245,1.0,4.9605294e-12,0
3246,1.0,4.029722e-12,0
3247,1.0,6.9353887e-09,0
3248,0.9999999,8.264164e-08,0
3249,1.0,2.8631112e-18,0
3250,0.9999999,1.15885946e-07,0
3251,1.0,1.0107169e-08,0
3252,1.0,5.553355e-13,0
3253,1.0,1.9368562e-11,0
3254,1.0,8.416438e-10,0
3255,0.99999964,3.8626834e-07,0
3256,1.0,1.4957585e-08,0
3257,1.0,2.651799e-16,0
3258,1.0,5.317539e-12,0
3259,1.0,3.4422194e-11,0
3260,1.0,5.442642e-09,0
3261,1.0,6.04883e-13,0
3262,0.9999999,8.432965e-08,0
3263,0.9999999,7.180742e-08,0
3264,0.99999464,5.417691e-06,0
3265,0.9999993,7.6179083e-07,0
3266,1.0,5.006285e-09,0
3267,1.0,5.1311355e-10,0
3268,1.0,9.285997e-12,0
3269,1.0,2.8099736e-10,0
3270,0.9999999,6.873235e-08,0
3271,1.0,4.7866283e-08,0
3272,1.0,4.6891515e-08,0
3273,1.0,8.299054e-09,0
3274,0.9999994,5.435092e-07,0
3275,1.0,1.1500096e-08,0
3276,1.0,1.4325119e-13,0
3277,0.9999999,5.969065e-08,0
3278,1.0,2.7840692e-09,0
3279,1.0,5.7186472e-08,0
3280,1.0,5.5464884e-08,0
3281,1.0,9.3302276e-11,0
3282,1.0,5.0261764e-09,0
3283,1.0,2.826252e-12,0
3284,1.0,1.6362273e-08,0
3285,1.0,3.534821e-08,0
3286,1.0,2.9386634e-12,0
3287,1.0,2.1425126e-09,0
3288,1.0,5.5552707e-10,0
3289,1.0,6.1514815e-10,0
3290,1.0,5.5931043e-08,0
3291,1.0,5.194386e-09,0
3292,1.0,2.115162e-09,0
3293,1.0,3.043609e-09,0
3294,1.0,2.1427238e-14,0
3295,1.0,9.752226e-09,0
3296,1.0,1.0726999e-08,0
3297,1.0,3.435299e-08,0
3298,1.0,5.2922315e-09,0
3299,0.9999999,1.6539593e-07,0
3300,1.0,6.0459114e-13,0
3301,0.9999999,1.06833895e-07,0
3302,0.99999833,1.7213601e-06,0
3303,1.0,1.2257488e-08,0
3304,0.99999976,1.9887091e-07,0
3305,1.0,1.6725997e-12,0
3306,1.0,1.9014632e-08,0
3307,1.0,1.8371493e-08,0
3308,0.9999999,6.944658e-08,0
3309,1.0,6.4605983e-09,0
3310,1.0,2.3367615e-08,0
3311,1.0,1.0935591e-11,0
3312,1.0,1.2306402e-08,0
3313,1.0,4.8776293e-08,0
3314,0.99999964,3.5934326e-07,0
3315,1.0,1.02588844e-14,0
3316,1.0,2.8418906e-08,0
3317,1.0,3.8203798e-10,0
3318,1.0,5.8990915e-17,0
3319,1.0,1.0965224e-08,0
3320,1.0,5.5516008e-08,0
3321,0.9999999,9.336096e-08,0
3322,1.0,2.6967363e-08,0
3323,0.9999999,8.092226e-08,0
3324,0.9999999,1.0542724e-07,0
3325,1.0,1.523103e-15,0
3326,1.0,2.1581194e-08,0
3327,0.9999999,7.185756e-08,0
3328,1.0,3.235071e-12,0
3329,1.0,2.1817396e-08,0
3330,1.0,9.124921e-09,0
3331,1.0,4.7968156e-13,0
3332,1.0,2.6281085e-12,0
3333,1.0,1.174332e-12,0
3334,1.0,2.931464e-12,0
3335,0.9999999,7.134299e-08,0
3336,1.0,1.4437949e-08,0
3337,1.0,2.591574e-10,0
3338,0.9999999,8.650567e-08,0
3339,1.0,3.652714e-09,0
3340,0.9999999,1.3279119e-07,0
3341,1.0,1.8014301e-08,0
3342,0.9999999,8.717533e-08,0
3343,0.99999976,2.8018562e-07,0
3344,1.0,2.6528468e-08,0
3345,1.0,3.3766492e-09,0
3346,1.0,2.8727916e-08,0
3347,0.9999999,1.5980507e-07,0
3348,1.0,2.0866095e-11,0
3349,1.0,9.556663e-11,0
3350,1.0,1.2212914e-12,0
3351,1.0,1.6427377e-12,0
3352,1.0,5.8645955e-09,0
3353,1.0,7.795095e-09,0
3354,1.0,1.666489e-08,0
3355,0.9999999,9.6775366e-08,0
3356,0.9999881,1.1960957e-05,0
3357,1.0,5.0525697e-13,0
3358,1.0,9.928588e-14,0
3359,1.0,5.640819e-09,0
3360,1.0,5.191194e-10,0
3361,1.0,5.3393205e-15,0
3362,0.9999999,9.711838e-08,0
3363,1.0,3.2771832e-09,0
3364,0.9999989,1.1220012e-06,0
3365,0.99999976,2.332216e-07,0
3366,1.0,2.8276053e-12,0
3367,1.0,1.0510816e-08,0
3368,1.0,6.159175e-09,0
3369,0.9999999,7.0875615e-08,0
3370,1.0,1.0511301e-11,0
3371,1.0,4.3728017e-09,0
3372,1.0,1.10931255e-08,0
3373,0.99999964,3.0083697e-07,0
3374,1.0,4.414653e-09,0
3375,1.0,2.787593e-12,0
3376,1.0,9.89299e-11,0
3377,0.9999995,4.6484735e-07,0
3378,0.9999999,1.0904578e-07,0
3379,1.0,2.8071683e-09,0
3380,1.0,2.213978e-10,0
3381,1.0,4.0844622e-08,0
3382,0.99999857,1.4154962e-06,0
3383,1.0,4.133182e-09,0
3384,0.9999999,1.05006805e-07,0
3385,0.9999999,6.12393e-08,0
3386,1.0,7.9021695e-10,0
3387,1.0,2.5567637e-10,0
3388,1.0,5.371721e-08,0
3389,1.0,4.3076875e-12,0
3390,1.0,8.210658e-10,0
3391,0.9999999,1.106705e-07,0
3392,1.0,6.067752e-11,0
3393,1.0,1.1921361e-08,0
3394,0.9999999,1.0772809e-07,0
3395,1.0,5.1164515e-12,0
3396,0.9999999,8.003122e-08,0
3397,1.0,2.183895e-09,0
3398,1.0,4.956577e-08,0
3399,1.0,1.0796598e-09,0
3400,1.0,7.4002585e-14,0
3401,1.0,8.889534e-09,0
3402,0.9999999,8.7705025e-08,0
3403,1.0,3.9151554e-11,0
3404,1.0,7.268609e-10,0
3405,0.9999999,1.3379554e-07,0
3406,1.0,7.686109e-09,0
3407,1.0,4.8320587e-13,0
3408,1.0,2.8922455e-14,0
3409,0.9999999,7.388349e-08,0
3410,1.0,1.8533283e-08,0
3411,0.9999999,1.138239e-07,0
3412,1.0,3.6209077e-10,0
3413,1.0,1.7516537e-11,0
3414,1.0,1.0030455e-14,0
3415,1.0,7.24337e-09,0
3416,1.0,4.6713042e-09,0
3417,0.9999999,1.0395382e-07,0
3418,1.0,3.5265444e-08,0
3419,1.0,2.1825738e-10,0
3420,1.0,3.4384054e-12,0
3421,1.0,1.15412575e-11,0
3422,0.9999999,1.1060909e-07,0
3423,1.0,6.596849e-09,0
3424,1.0,2.9349823e-09,0
3425,0.9999999,6.566359e-08,0
3426,1.0,1.4094189e-08,0
3427,1.0,1.2652361e-10,0
3428,1.0,1.3790935e-15,0
3429,1.0,3.0950687e-08,0
3430,1.0,2.713971e-08,0
3431,1.0,2.0097228e-10,0
3432,0.9999999,6.3171434e-08,0
3433,0.9999999,8.105371e-08,0
3434,1.0,4.2103588e-11,0
3435,0.9999993,7.082128e-07,0
3436,1.0,7.572303e-09,0
3437,1.0,1.9204235e-08,0
3438,1.0,3.4867456e-10,0
3439,1.0,6.8231785e-09,0
3440,0.99999976,2.0372896e-07,0
3441,1.0,1.3250129e-14,0
3442,1.0,3.228613e-11,0
3443,1.0,1.3294673e-08,0
3444,0.99999976,2.7565684e-07,0
3445,1.0,8.854488e-13,0
3446,0.9999999,6.101463e-08,0
3447,1.0,1.3157264e-12,0
3448,0.9999999,1.2718044e-07,0
3449,1.0,7.8088895e-09,0
3450,1.0,3.1620786e-08,0
3451,0.9999999,1.4582784e-07,0
3452,1.0,1.0044283e-09,0
3453,1.0,1.6732509e-08,0
3454,1.0,3.995253e-08,0
3455,1.0,7.378244e-14,0
3456,0.9999963,3.686709e-06,0
3457,1.0,7.440072e-10,0
3458,1.0,1.1727359e-16,0
3459,1.0,5.592293e-12,0
3460,0.99999976,2.3688685e-07,0
3461,1.0,5.069891e-08,0
3462,1.0,1.3930917e-08,0
3463,0.9999999,1.3054269e-07,0
3464,0.9999999,1.5855781e-07,0
3465,0.9999999,6.038988e-08,0
3466,1.0,1.0798308e-09,0
3467,1.0,3.1280227e-09,0
3468,0.99999964,3.0210373e-07,0
3469,1.0,2.0759092e-09,0
3470,1.0,4.0519886e-08,0
3471,1.0,3.6486754e-09,0
3472,1.0,5.2028187e-11,0
3473,1.0,5.4549705e-08,0
3474,0.9999989,1.0798128e-06,0
3475,0.9999999,6.142753e-08,0
3476,1.0,3.9083268e-08,0
3477,1.0,4.9560477e-08,0
3478,0.9999999,1.1378299e-07,0
3479,1.0,3.9136356e-09,0
3480,0.9999999,6.036604e-08,0
3481,1.0,9.520344e-12,0
3482,1.0,8.738137e-09,0
3483,1.0,3.9307654e-10,0
3484,1.0,1.3180725e-08,0
3485,0.9999995,4.4694553e-07,0
3486,1.0,3.3242957e-11,0
3487,1.0,9.405583e-13,0
3488,1.0,3.9475676e-09,0
3489,1.0,5.5573107e-08,0
3490,1.0,2.0834234e-08,0
3491,0.9999987,1.319774e-06,0
3492,0.9999989,1.1053735e-06,0
3493,1.0,2.0324997e-08,0
3494,1.0,5.7797185e-14,0
3495,0.99999976,1.9315326e-07,0
3496,1.0,1.0017502e-12,0
3497,1.0,1.2950717e-11,0
3498,1.0,2.0776454e-08,0
3499,0.9999994,6.2030335e-07,0
3500,1.0,5.501853e-09,0
3501,0.9999987,1.3021746e-06,0
3502,1.0,2.8184883e-09,0
3503,1.0,2.2930752e-10,0
3504,1.0,5.8632615e-10,0
3505,0.99999857,1.4157014e-06,0
3506,1.0,1.6600545e-09,0
3507,1.0,3.559407e-08,0
3508,1.0,2.4877212e-12,0
3509,1.0,5.8105865e-08,0
3510,1.0,1.0584441e-09,0
3511,1.0,7.341728e-11,0
3512,1.0,7.627182e-09,0
3513,0.9999999,5.980187e-08,0
3514,0.9999995,5.2680036e-07,0
3515,1.0,5.7469642e-09,0
3516,0.99999976,2.4220424e-07,0
3517,0.9999933,6.6340567e-06,0
3518,1.0,5.789845e-11,0
3519,1.0,1.7493326e-08,0
3520,1.0,1.401156e-11,0
3521,1.0,6.950505e-11,0
3522,1.0,1.8134965e-15,0
3523,0.99999976,2.6198563e-07,0
3524,1.0,8.1975454e-10,0
3525,0.9999999,1.1047437e-07,0
3526,1.0,3.3197892e-08,0
3527,1.0,1.4616597e-10,0
3528,1.0,4.6106843e-10,0
3529,1.0,3.9249927e-12,0
3530,1.0,8.5506455e-09,0
3531,1.0,3.038504e-17,0
3532,1.0,1.5347995e-08,0
3533,1.0,4.499443e-12,0
3534,0.9999945,5.44001e-06,0
3535,1.0,5.2195523e-09,0
3536,0.9999999,7.113604e-08,0
3537,0.9999999,1.0657034e-07,0
3538,1.0,1.655439e-08,0
3539,1.0,1.4089391e-10,0
3540,1.0,5.1786596e-08,0
3541,1.0,5.662014e-08,0
3542,1.0,8.129684e-11,0
3543,1.0,1.6195584e-10,0
3544,1.0,9.190337e-12,0
3545,1.0,3.5763723e-08,0
3546,1.0,1.3758207e-14,0
3547,1.0,8.392057e-10,0
3548,1.0,8.067838e-10,0
3549,0.99999976,2.9116276e-07,0
3550,1.0,7.745989e-10,0
3551,0.99999917,8.169985e-07,0
3552,1.0,7.200261e-15,0
3553,0.9999989,1.128402e-06,0
3554,1.0,3.1083212e-15,0
3555,0.9999999,9.246249e-08,0
3556,1.0,1.6303061e-11,0
3557,0.99999964,3.9771163e-07,0
3558,1.0,1.1075645e-11,0
3559,1.0,4.758897e-09,0
3560,1.0,3.396557e-09,0
3561,1.0,3.3845378e-11,0
3562,0.9999999,8.3145366e-08,0
3563,1.0,3.273549e-08,0
3564,1.0,3.7660963e-10,0
3565,1.0,2.300314e-08,0
3566,0.99999976,1.9403319e-07,0
3567,1.0,3.223191e-08,0
3568,1.0,7.84373e-09,0
3569,1.0,1.551355e-08,0
3570,1.0,7.005209e-10,0
3571,0.9999995,4.5206303e-07,0
3572,1.0,2.9754465e-13,0
3573,1.0,2.6732443e-09,0
3574,1.0,2.366498e-09,0
3575,1.0,1.3191339e-08,0
3576,1.0,5.5750405e-08,0
3577,1.0,9.187267e-09,0
3578,1.0,1.01443085e-08,0
3579,1.0,1.1355909e-08,0
3580,1.0,1.1850876e-08,0
3581,1.0,5.2626003e-08,0
3582,1.0,3.773702e-11,0
3583,1.0,1.9417063e-14,0
3584,1.0,3.5216175e-08,0
3585,1.0,1.9959066e-09,0
3586,0.9999999,6.130089e-08,0
3587,0.9999999,6.711481e-08,0
3588,1.0,1.6629485e-12,0
3589,0.9999999,1.3882608e-07,0
3590,1.0,7.425076e-09,0
3591,1.0,9.55064e-09,0
3592,1.0,3.6794633e-11,0
3593,1.0,2.2635528e-13,0
3594,0.9999999,1.4678093e-07,0
3595,1.0,7.589186e-14,0
3596,1.0,1.5183035e-10,0
3597,1.0,5.535603e-08,0
3598,1.0,8.8109645e-11,0
3599,1.0,5.3888016e-10,0
3600,0.9999993,6.976959e-07,0
3601,0.9999999,6.767049e-08,0
3602,1.0,4.8869953e-09,0
3603,1.0,5.374998e-09,0
3604,1.0,9.428697e-10,0
3605,1.0,3.0083853e-09,0
3606,1.0,1.174545e-08,0
3607,0.9999988,1.1898642e-06,0
3608,1.0,3.4149163e-08,0
3609,1.0,3.2171543e-11,0
3610,1.0,3.3534022e-09,0
3611,1.0,3.0318496e-15,0
3612,1.0,1.160483e-11,0
3613,1.0,2.193367e-09,0
3614,1.0,1.0503641e-08,0
3615,0.9999989,1.0492026e-06,0
3616,1.0,5.9192256e-08,0
3617,1.0,9.0436186e-10,0
3618,1.0,4.2727726e-15,0
3619,1.0,1.7197161e-09,0
3620,1.0,1.5187547e-11,0
3621,1.0,1.7993171e-13,0
3622,1.0,4.0941314e-13,0
3623,0.99999857,1.3887827e-06,0
3624,1.0,4.0801013e-12,0
3625,0.99999976,2.5753607e-07,0
3626,0.9999999,8.2037786e-08,0
3627,1.0,3.1681882e-08,0
3628,1.0,4.571432e-12,0
3629,1.0,6.848839e-09,0
3630,0.99999964,3.578918e-07,0
3631,1.0,9.61798e-14,0
3632,1.0,2.361767e-10,0
3633,0.99999475,5.2075407e-06,0
3634,1.0,1.8925177e-09,0
3635,1.0,1.6029518e-09,0
3636,0.9999957,4.2790984e-06,0
3637,1.0,5.2819427e-10,0
3638,1.0,3.1546625e-12,0
3639,1.0,1.173568e-09,0
3640,1.0,1.5880595e-08,0
3641,0.9999999,1.144332e-07,0
3642,1.0,3.680599e-12,0
3643,1.0,1.2494378e-09,0
3644,0.99999917,8.2379745e-07,0
3645,0.9999999,1.7192096e-07,0
3646,1.0,9.114222e-13,0
3647,1.0,3.1424046e-09,0
3648,1.0,4.907938e-09,0
3649,1.0,1.16557795e-08,0
3650,1.0,6.82148e-11,0
3651,1.0,1.2943149e-09,0
3652,0.9999999,1.7428225e-07,0
3653,1.0,7.469151e-13,0
3654,1.0,3.4976008e-11,0
3655,1.0,6.586388e-13,0
3656,1.0,5.104794e-08,0
3657,1.0,2.4366186e-12,0
3658,1.0,5.357843e-09,0
3659,1.0,5.04819e-08,0
3660,1.0,5.7096226e-08,0
3661,1.0,5.8947997e-08,0
3662,1.0,1.590595e-10,0
3663,1.0,5.7900195e-08,0
3664,1.0,1.0170541e-08,0
3665,1.0,2.6656895e-08,0
3666,1.0,1.1282977e-08,0
3667,1.0,3.031351e-08,0
3668,1.0,9.9650435e-12,0
3669,1.0,1.4079323e-09,0
3670,1.0,3.9191583e-08,0
3671,0.99999905,9.3992907e-07,0
3672,1.0,2.7297636e-08,0
3673,1.0,5.0671668e-11,0
3674,1.0,1.24311585e-11,0
3675,1.0,2.0660872e-11,0
3676,1.0,1.0626476e-09,0
3677,1.0,1.4551345e-09,0
3678,0.9999999,6.305996e-08,0
3679,1.0,3.578079e-11,0
3680,1.0,1.09594325e-08,0
3681,1.0,2.3295524e-08,0
3682,1.0,3.398642e-10,0
3683,0.99999976,2.5821487e-07,0
3684,1.0,9.588075e-09,0
3685,1.0,1.5993061e-08,0
3686,0.9999999,9.6221726e-08,0
3687,0.9999999,9.0923315e-08,0
3688,1.0,3.092131e-15,0
3689,1.0,1.0441479e-08,0
3690,0.9999999,7.3988275e-08,0
3691,1.0,3.5822283e-09,0
3692,0.99999976,2.5992082e-07,0
3693,0.9999999,1.1222329e-07,0
3694,1.0,3.5237389e-09,0
3695,0.99999964,3.7368568e-07,0
3696,1.0,4.8380064e-17,0
3697,1.0,1.2033132e-13,0
3698,1.0,9.152552e-12,0
3699,1.0,4.6474265e-12,0
3700,1.0,2.8209746e-08,0
3701,1.0,3.35966e-11,0
3702,1.0,2.098923e-08,0
3703,1.0,6.9069923e-13,0
3704,1.0,2.8000894e-08,0
3705,0.99999905,9.112747e-07,0
3706,0.9999999,1.2149631e-07,0
3707,0.9999993,7.7078016e-07,0
3708,0.9999988,1.2202854e-06,0
3709,1.0,5.4756497e-09,0
3710,1.0,7.987077e-09,0
3711,1.0,1.63153e-13,0
3712,1.0,1.9258356e-10,0
3713,1.0,2.3141553e-11,0
3714,1.0,1.3394989e-11,0
3715,0.9999999,6.7393685e-08,0
3716,0.9999999,1.552171e-07,0
3717,1.0,2.240659e-08,0
3718,1.0,3.570027e-08,0
3719,1.0,5.099745e-11,0
3720,1.0,1.9162814e-08,0
3721,1.0,9.479589e-09,0
3722,0.99999976,2.407782e-07,0
3723,1.0,2.670496e-10,0
3724,1.0,2.5181211e-12,0
3725,1.0,2.0100892e-08,0
3726,1.0,3.4744673e-08,0
3727,1.0,3.434732e-10,0
3728,1.0,3.62681e-14,0
3729,1.0,3.5519264e-08,0
3730,0.9999999,1.1875556e-07,0
3731,1.0,1.1626332e-09,0
3732,1.0,3.1397412e-11,0
3733,0.9999999,7.336573e-08,0
3734,1.0,7.722445e-10,0
3735,1.0,4.2037048e-08,0
3736,0.9999999,1.3184025e-07,0
3737,1.0,4.7128474e-09,0
3738,1.0,1.3097298e-08,0
3739,1.0,1.7173488e-10,0
3740,0.9999995,5.28957e-07,0
3741,0.9999999,7.618432e-08,0
3742,1.0,2.4627608e-08,0
3743,1.0,1.0568271e-15,0
3744,1.0,2.7998701e-12,0
3745,1.0,5.1137988e-08,0
3746,1.0,1.2562817e-09,0
3747,0.9999999,7.744356e-08,0
3748,1.0,3.6131844e-08,0
3749,0.99999976,1.9493812e-07,0
3750,1.0,9.1788595e-09,0
3751,1.0,9.905934e-09,0
3752,1.0,6.233168e-09,0
3753,0.9999999,9.588975e-08,0
3754,0.9999962,3.7698446e-06,0
3755,0.9999999,8.678017e-08,0
3756,1.0,4.3728434e-09,0
3757,1.0,3.3292817e-08,0
3758,0.9999999,8.4356834e-08,0
3759,1.0,2.4127575e-10,0
3760,0.9999995,4.6711014e-07,0
3761,1.0,2.8053604e-08,0
3762,1.0,1.3531028e-08,0
3763,1.0,1.3753945e-08,0
3764,1.0,6.4347345e-13,0
3765,0.9999994,5.6941246e-07,0
3766,1.0,1.3642095e-12,0
3767,1.0,5.110361e-10,0
3768,1.0,1.5881569e-11,0
3769,1.0,1.37034915e-11,0
3770,1.0,3.2488884e-10,0
3771,1.0,4.2100694e-11,0
3772,1.0,3.1434597e-09,0
3773,1.0,6.484495e-10,0
3774,1.0,5.0877837e-08,0
3775,1.0,3.9657663e-11,0
3776,0.9999999,1.4036785e-07,0
3777,1.0,5.2423705e-09,0
3778,0.99999905,1.0128167e-06,0
3779,1.0,4.3688832e-13,0
3780,1.0,2.2842452e-09,0
3781,0.9999999,7.275108e-08,0
3782,1.0,1.2259587e-09,0
3783,1.0,1.299965e-10,0
3784,1.0,6.05481e-09,0
3785,0.99999976,2.0842347e-07,0
3786,1.0,4.703878e-08,0
3787,1.0,1.4850534e-11,0
3788,1.0,9.325149e-09,0
3789,1.0,1.1516009e-08,0
3790,1.0,5.8881183e-10,0
3791,1.0,1.3373328e-13,0
3792,1.0,1.0618803e-08,0
3793,1.0,5.4931656e-11,0
3794,0.99999976,2.745073e-07,0
3795,1.0,3.5227555e-14,0
3796,0.9999999,6.408906e-08,0
3797,1.0,1.7019623e-08,0
3798,0.9999999,7.370769e-08,0
3799,1.0,6.495636e-10,0
3800,1.0,4.721451e-08,0
3801,1.0,2.5428257e-10,0
3802,1.0,2.1611232e-11,0
3803,1.0,3.6399395e-12,0
3804,1.0,2.7844102e-08,0
3805,1.0,5.3006186e-08,0
3806,0.9999999,9.653848e-08,0
3807,1.0,3.0680084e-08,0
3808,1.0,1.1446311e-11,0
3809,1.0,2.8859831e-12,0
3810,1.0,5.829763e-10,0
3811,0.9999993,7.6600526e-07,0
3812,1.0,4.624887e-08,0
3813,1.0,6.186652e-10,0
3814,1.0,4.3592507e-10,0
3815,1.0,1.5713912e-08,0
3816,1.0,4.8529007e-11,0
3817,1.0,1.5799925e-08,0
3818,1.0,4.1054937e-09,0
3819,1.0,6.245342e-09,0
3820,1.0,8.774735e-12,0
3821,1.0,5.2826834e-08,0
3822,1.0,1.4842427e-12,0
3823,1.0,6.8407634e-11,0
3824,1.0,1.9410595e-09,0
3825,1.0,1.4880698e-08,0
3826,1.0,1.7610749e-10,0
3827,1.0,4.925491e-10,0
3828,1.0,3.7836607e-08,0
3829,1.0,2.1443485e-09,0
3830,1.0,3.6736484e-08,0
3831,0.9999999,7.4507426e-08,0
3832,0.9999999,1.2307534e-07,0
3833,1.0,5.707271e-08,0
3834,1.0,4.7647486e-08,0
3835,1.0,4.5855536e-08,0
3836,0.9999999,1.0481631e-07,0
3837,1.0,4.616356e-08,0
3838,1.0,3.8689723e-08,0
3839,1.0,4.895207e-08,0
3840,1.0,9.853059e-09,0
3841,0.9999999,1.6153405e-07,0
3842,0.9999999,1.5544596e-07,0
3843,0.9999999,1.0157033e-07,0
3844,1.0,4.078958e-08,0
3845,0.9999999,1.7748965e-07,0
3846,0.9999999,6.884637e-08,0
3847,1.0,1.5525595e-08,0
3848,0.9999999,1.7737256e-07,0
3849,1.0,1.694451e-08,0
3850,1.0,2.71964e-08,0
3851,1.0,5.7669514e-08,0
3852,0.9999999,8.6918156e-08,0
3853,1.0,1.6061968e-08,0
3854,0.99999976,2.9046996e-07,0
3855,0.9999999,1.2979699e-07,0
3856,1.0,1.15179304e-10,0
3857,0.9999999,1.2868182e-07,0
3858,1.0,1.4497538e-10,0
3859,0.9999999,6.1630786e-08,0
3860,0.9999995,4.5082484e-07,0
3861,0.9999999,1.4585844e-07,0
3862,0.99999976,2.1081112e-07,0
3863,1.0,1.0234437e-10,0
3864,1.0,1.9290065e-08,0
3865,1.0,2.7577023e-09,0
3866,0.9999999,1.25202e-07,0
3867,1.0,1.5101e-08,0
3868,1.0,1.4548495e-08,0
3869,1.0,8.798009e-09,0
3870,0.9999995,4.608359e-07,0
3871,0.9999999,6.2996364e-08,0
3872,1.0,2.6420608e-08,0
3873,1.0,2.4784796e-09,0
3874,1.0,5.988288e-09,0
3875,1.0,2.8628186e-09,0
3876,1.0,1.3288658e-09,0
3877,1.0,5.66429e-09,0
3878,1.0,1.7939867e-11,0
3879,1.0,4.5402784e-09,0
3880,1.0,1.6949553e-08,0
3881,0.9999999,1.0547088e-07,0
3882,0.99999976,2.2958525e-07,0
3883,1.0,4.801102e-12,0
3884,0.9999999,9.989135e-08,0
3885,0.9999982,1.7601753e-06,0
3886,0.99998677,1.3191034e-05,0
3887,1.0,1.9791631e-08,0
3888,0.99999976,2.5258691e-07,0
3889,1.0,2.1013091e-09,0
3890,0.9999999,8.17563e-08,0
3891,1.0,5.827453e-09,0
3892,0.99999964,3.3953935e-07,0
3893,0.9999999,1.1074019e-07,0
3894,1.0,8.332902e-09,0
3895,1.0,1.4273171e-08,0
3896,1.0,6.999172e-10,0
3897,1.0,1.333775e-08,0
3898,1.0,2.0169441e-08,0
3899,0.99999964,4.0047442e-07,0
3900,1.0,7.095836e-09,0
3901,0.9999994,5.4314756e-07,0
3902,0.9999995,4.9039824e-07,0
3903,1.0,2.0072807e-08,0
3904,1.0,4.4483464e-08,0
3905,0.9999999,1.5625422e-07,0
3906,0.99999976,2.0197396e-07,0
3907,0.99999964,3.5339855e-07,0
3908,1.0,6.5557573e-09,0
3909,1.0,3.893706e-08,0
3910,1.0,4.2025988e-08,0
3911,0.99999905,9.984827e-07,0
3912,0.9999999,7.100523e-08,0
3913,1.0,5.295338e-10,0
3914,1.0,1.7332114e-08,0
3915,1.0,2.639939e-09,0
3916,1.0,4.12652e-08,0
3917,0.9999999,8.5070525e-08,0
3918,0.9999999,1.076293e-07,0
3919,1.0,1.0449025e-09,0
3920,0.99999964,3.5347472e-07,0
3921,1.0,2.1929539e-08,0
3922,1.0,2.6624122e-08,0
3923,0.99999964,3.1498897e-07,0
3924,1.0,5.3556708e-11,0
3925,0.9999999,1.7220745e-07,0
3926,0.9999999,7.5602124e-08,0
3927,1.0,1.4741426e-08,0
3928,0.9999999,8.788487e-08,0
3929,1.0,9.960431e-11,0
3930,0.9999999,6.7793096e-08,0
3931,0.99999976,1.9480561e-07,0
3932,1.0,3.6054223e-10,0
3933,1.0,1.3795975e-09,0
3934,0.99999654,3.4889756e-06,0
3935,1.0,3.591301e-08,0
3936,1.0,4.532785e-09,0
3937,1.0,5.309118e-08,0
3938,1.0,5.4107105e-09,0
3939,1.0,9.904507e-11,0
3940,0.9999988,1.1729956e-06,0
3941,1.0,4.019252e-12,0
3942,1.0,1.2309559e-10,0
3943,1.0,2.473683e-08,0
3944,1.0,1.1285426e-09,0
3945,1.0,3.5034477e-12,0
3946,1.0,2.1908154e-10,0
3947,1.0,1.3635508e-09,0
3948,1.0,1.2710327e-08,0
3949,0.99999905,9.039589e-07,0
3950,0.99999964,4.1250334e-07,0
3951,1.0,7.80097e-09,0
3952,0.9999914,8.580925e-06,0
3953,0.9999999,9.654455e-08,0
3954,1.0,1.0088175e-09,0
3955,1.0,8.869889e-09,0
3956,0.9999887,1.1362472e-05,0
3957,1.0,5.6775e-08,0
3958,0.99999976,2.1859678e-07,0
3959,1.0,3.53901e-08,0
3960,0.9999999,1.6736568e-07,0
3961,1.0,5.3003156e-08,0
3962,0.9999999,1.11977194e-07,0
3963,0.9999994,5.6595303e-07,0
3964,1.0,2.509649e-08,0
3965,0.99999976,2.2250936e-07,0
3966,1.0,3.408045e-08,0
3967,0.99999976,2.1352648e-07,0
3968,0.9999995,4.2961267e-07,0
3969,1.0,5.0977498e-08,0
3970,0.9999999,6.523429e-08,0
3971,1.0,2.5075245e-08,0
3972,0.9999999,1.605003e-07,0
3973,0.9999999,9.3850694e-08,0
3974,0.99999833,1.7156436e-06,0
3975,0.9999999,9.1629445e-08,0
3976,0.9999999,8.198522e-08,0
3977,1.0,1.8843751e-08,0
3978,0.9999999,9.732663e-08,0
3979,1.0,1.9522877e-09,0
3980,1.0,1.2999291e-08,0
3981,1.0,4.3117216e-09,0
3982,1.0,3.3581212e-08,0
3983,0.99999976,1.9595264e-07,0
3984,1.0,5.8678765e-08,0
3985,0.9999999,7.614336e-08,0
3986,0.9999999,1.1272754e-07,0
3987,1.0,2.9425965e-11,0
3988,1.0,2.3623143e-08,0
3989,1.0,2.4009804e-08,0
3990,0.9999999,8.1109235e-08,0
3991,1.0,4.3590394e-08,0
3992,0.9999995,4.3776862e-07,0
3993,1.0,8.931718e-09,0
3994,0.9999999,1.00715916e-07,0
3995,1.0,5.842726e-08,0
3996,1.0,9.549639e-09,0
3997,1.0,2.7791866e-10,0
3998,0.9999982,1.7392208e-06,0
3999,1.0,5.361669e-08,0
4000,1.0,6.5853585e-09,0
4001,0.9999988,1.1529017e-06,0
4002,1.0,7.158777e-09,0
4003,0.99999964,3.547286e-07,0
4004,1.0,2.4091769e-09,0
4005,0.99999964,3.0104536e-07,0
4006,1.0,9.652292e-10,0
4007,0.99999857,1.4774691e-06,0
4008,1.0,1.5544884e-08,0
4009,1.0,8.307007e-12,0
4010,1.0,6.0595434e-10,0
4011,0.9999999,9.547147e-08,0
4012,1.0,2.2549476e-09,0
4013,1.0,6.9507206e-10,0
4014,0.9999999,1.3743514e-07,0
4015,0.9999999,6.5383645e-08,0
4016,1.0,4.6941873e-09,0
4017,1.0,5.624819e-10,0
4018,1.0,2.8292055e-10,0
4019,1.0,9.858175e-12,0
4020,1.0,1.1933861e-10,0
4021,1.0,7.7386856e-12,0
4022,1.0,7.568533e-09,0
4023,1.0,9.902382e-09,0
4024,0.9999993,6.793417e-07,0
4025,1.0,9.460113e-10,0
4026,0.9999994,6.44207e-07,0
4027,0.9999914,8.615331e-06,0
4028,0.9999994,6.457077e-07,0
4029,1.0,3.1412913e-08,0
4030,1.0,1.5404965e-10,0
4031,1.0,1.8848807e-09,0
4032,1.0,5.6985114e-09,0
4033,1.0,2.2389395e-10,0
4034,0.9999938,6.190262e-06,0
4035,1.0,3.825792e-09,0
4036,1.0,2.7589597e-09,0
4037,1.0,1.5650311e-09,0
4038,1.0,4.396008e-09,0
4039,1.0,1.270233e-08,0
4040,1.0,2.2751707e-09,0
4041,0.9999988,1.2178208e-06,0
4042,1.0,5.711403e-10,0
4043,1.0,1.2938589e-08,0
4044,0.9999999,6.315131e-08,0
4045,0.99999976,2.030927e-07,0
4046,1.0,2.2145016e-10,0
4047,1.0,2.124515e-12,0
4048,1.0,1.0074295e-12,0
4049,1.0,1.3695326e-09,0
4050,0.9999999,1.0459503e-07,0
4051,0.9999999,9.2827214e-08,0
4052,1.0,1.3681788e-11,0
4053,1.0,2.2895232e-09,0
4054,0.9999999,8.689494e-08,0
4055,1.0,3.2487415e-09,0
4056,1.0,5.452583e-10,0
4057,1.0,6.97114e-10,0
4058,1.0,1.568811e-10,0
4059,1.0,4.8574922e-08,0
4060,1.0,1.8951973e-10,0
4061,0.9999999,6.260479e-08,0
4062,1.0,6.190733e-11,0
4063,1.0,3.7326537e-08,0
4064,1.0,2.4222588e-08,0
4065,0.9999999,6.0245384e-08,0
4066,1.0,7.9453523e-13,0
4067,1.0,3.0151707e-08,0
4068,1.0,1.05456255e-10,0
4069,1.0,5.3044683e-13,0
4070,1.0,5.8011956e-08,0
4071,0.99999976,2.563513e-07,0
4072,1.0,2.2530041e-13,0
4073,1.0,2.1191304e-10,0
4074,1.0,8.3263524e-10,0
4075,0.9999999,6.8259936e-08,0
4076,1.0,7.212757e-11,0
4077,1.0,1.3537655e-09,0
4078,0.99999106,8.891827e-06,0
4079,0.9999988,1.1555138e-06,0
4080,1.0,9.887095e-09,0
4081,1.0,5.26797e-13,0
4082,0.99999964,3.6447997e-07,0
4083,1.0,6.7257697e-12,0
4084,0.99999964,3.013774e-07,0
4085,0.99999607,3.9488496e-06,0
4086,0.99999964,3.8589056e-07,0
4087,1.0,4.06132e-08,0
4088,1.0,1.3912004e-09,0
4089,1.0,1.0679218e-10,0
4090,0.9999999,9.3356334e-08,0
4091,1.0,1.8554328e-08,0
4092,1.0,3.6147457e-10,0
4093,0.9999999,8.027507e-08,0
4094,1.0,3.311577e-10,0
4095,1.0,3.934165e-09,0
4096,0.9999999,6.6499105e-08,0
4097,1.0,1.3147569e-10,0
4098,1.0,1.0132489e-09,0
4099,0.99999964,3.5477632e-07,0
4100,1.0,8.060675e-09,0
4101,0.9999999,1.3199926e-07,0
4102,1.0,1.895973e-08,0
4103,1.0,2.0706311e-08,0
4104,1.0,5.364441e-08,0
4105,1.0,7.420623e-11,0
4106,1.0,1.1175642e-10,0
4107,1.0,2.9214606e-09,0
4108,0.99999964,3.5520625e-07,0
4109,1.0,5.890882e-10,0
4110,1.0,1.6186677e-08,0
4111,1.0,5.773137e-08,0
4112,1.0,1.1373656e-09,0
4113,1.0,2.751622e-10,0
4114,0.9999999,1.5460886e-07,0
4115,1.0,4.607366e-08,0
4116,1.0,3.1034968e-09,0
4117,0.99999976,2.3065975e-07,0
4118,0.9999988,1.1393222e-06,0
4119,0.99999976,1.793145e-07,0
4120,1.0,1.9524344e-11,0
4121,1.0,1.3842366e-09,0
4122,0.9999994,5.7579655e-07,0
4123,1.0,2.7806781e-09,0
4124,0.9999995,4.9017007e-07,0
4125,1.0,1.437009e-08,0
4126,1.0,4.799884e-12,0
4127,1.0,2.1302526e-08,0
4128,0.9999987,1.3415794e-06,0
4129,0.99999964,3.7682776e-07,0
4130,1.0,9.141104e-09,0
4131,1.0,8.0991325e-11,0
4132,1.0,6.882159e-11,0
4133,1.0,5.228443e-08,0
4134,1.0,2.7071156e-08,0
4135,0.9999999,1.2074284e-07,0
4136,1.0,3.306864e-09,0
4137,1.0,7.000313e-12,0
4138,1.0,1.6065834e-11,0
4139,1.0,4.6252488e-08,0
4140,0.99999976,2.5318914e-07,0
4141,1.0,4.536792e-08,0
4142,1.0,3.1005383e-09,0
4143,1.0,4.6013016e-10,0
4144,0.9999999,8.533949e-08,0
4145,1.0,6.2675587e-10,0
4146,0.99999976,2.1833387e-07,0
4147,1.0,3.9787732e-08,0
4148,0.99999976,2.4445706e-07,0
4149,1.0,6.775455e-09,0
4150,1.0,2.6423582e-08,0
4151,1.0,1.4128674e-11,0
4152,1.0,4.285695e-10,0
4153,1.0,7.898674e-10,0
4154,1.0,5.218014e-11,0
4155,1.0,1.1016489e-10,0
4156,1.0,1.6139664e-08,0
4157,0.99999976,2.4882488e-07,0
4158,0.99999976,2.0919252e-07,0
4159,1.0,3.8044444e-08,0
4160,1.0,3.125437e-11,0
4161,0.9999999,8.983559e-08,0
4162,0.99999976,2.3385167e-07,0
4163,1.0,5.782903e-11,0
4164,1.0,2.538049e-09,0
4165,1.0,3.3127445e-11,0
4166,1.0,5.5260667e-08,0
4167,0.9999999,9.671909e-08,0
4168,1.0,2.8666884e-08,0
4169,1.0,1.6052387e-11,0
4170,0.99999976,2.9313787e-07,0
4171,1.0,1.0335409e-09,0
4172,1.0,2.0039725e-11,0
4173,1.0,9.492181e-09,0
4174,0.9999999,1.1224876e-07,0
4175,1.0,2.4702265e-12,0
4176,1.0,2.6745358e-08,0
4177,1.0,3.59474e-09,0
4178,1.0,5.3604623e-08,0
4179,1.0,3.3068467e-08,0
4180,1.0,1.2163028e-08,0
4181,1.0,1.48446375e-08,0
4182,1.0,3.624169e-10,0
4183,1.0,1.1567545e-08,0
4184,1.0,2.313875e-09,0
4185,1.0,3.32483e-10,0
4186,1.0,3.6054534e-08,0
4187,0.9999999,9.433706e-08,0
4188,1.0,1.290256e-08,0
4189,1.0,3.2695877e-11,0
4190,1.0,4.0071047e-08,0
4191,1.0,3.2102556e-09,0
4192,1.0,4.667815e-08,0
4193,1.0,1.1014841e-08,0
4194,0.99999964,3.995642e-07,0
4195,0.9999993,6.7904506e-07,0
4196,0.9999999,1.06904416e-07,0
4197,1.0,3.4901273e-09,0
4198,0.9999995,4.4442424e-07,0
4199,1.0,8.489757e-12,0
4200,1.0,9.146179e-09,0
4201,1.0,9.66392e-09,0
4202,1.0,1.2009058e-09,0
4203,0.9999995,4.476549e-07,0
4204,1.0,2.8489974e-10,0
4205,0.99999917,8.14471e-07,0
4206,0.99999976,1.7937231e-07,0
4207,0.99984825,0.00015171776,0
4208,1.0,3.415289e-11,0
4209,0.9999999,1.084962e-07,0
4210,1.0,8.056962e-11,0
4211,1.0,7.936367e-10,0
4212,1.0,2.7310978e-11,0
4213,1.0,1.5612336e-08,0
4214,1.0,3.8818413e-08,0
4215,1.0,2.7780616e-11,0
4216,0.9999999,1.003556e-07,0
4217,0.9999999,1.0184327e-07,0
4218,1.0,1.4658873e-09,0
4219,1.0,1.6636649e-09,0
4220,1.0,4.235978e-09,0
4221,0.9999999,7.7543625e-08,0
4222,1.0,1.5577815e-10,0
4223,1.0,4.0378198e-10,0
4224,1.0,5.500471e-08,0
4225,1.0,7.870526e-09,0
4226,1.0,3.554895e-08,0
4227,1.0,1.9229892e-08,0
4228,1.0,4.1812105e-12,0
4229,1.0,3.9742982e-08,0
4230,1.0,1.7890526e-11,0
4231,1.0,1.8455212e-09,0
4232,0.9999999,8.069769e-08,0
4233,0.99999905,9.587784e-07,0
4234,0.9999933,6.702547e-06,0
4235,0.99999845,1.5584718e-06,0
4236,1.0,6.24715e-10,0
4237,1.0,1.5406736e-09,0
4238,0.9999993,6.5894193e-07,0
4239,1.0,2.575321e-08,0
4240,1.0,5.6877697e-10,0
4241,1.0,1.7776467e-08,0
4242,1.0,5.0806754e-08,0
4243,1.0,4.1542525e-09,0
4244,1.0,4.0538266e-09,0
4245,1.0,3.4598227e-10,0
4246,1.0,1.07681e-08,0
4247,1.0,2.6499794e-08,0
4248,0.9999999,1.3709504e-07,0
4249,0.9999999,6.76363e-08,0
4250,0.9999999,1.0647302e-07,0
4251,0.9999858,1.4151008e-05,0
4252,1.0,1.2213196e-08,0
4253,1.0,4.878576e-09,0
4254,1.0,4.137368e-10,0
4255,0.9999999,8.755476e-08,0
4256,0.9999994,6.1681305e-07,0
4257,1.0,5.0472178e-08,0
4258,1.0,1.1740874e-09,0
4259,1.0,2.238899e-08,0
4260,0.9999995,4.7070552e-07,0
4261,1.0,1.1269879e-08,0
4262,1.0,2.2684866e-11,0
4263,1.0,3.3999292e-08,0
4264,1.0,1.4733785e-11,0
4265,0.9999987,1.2567673e-06,0
4266,1.0,9.837191e-09,0
4267,1.0,2.3838185e-08,0
4268,0.99999976,2.6694224e-07,0
4269,0.99999917,7.9908637e-07,0
4270,0.9999999,6.641519e-08,0
4271,1.0,5.1684367e-08,0
4272,0.9999999,9.0610484e-08,0
4273,1.0,4.775279e-10,0
4274,1.0,2.9651188e-09,0
4275,0.99999964,3.31076e-07,0
4276,1.0,2.1048943e-10,0
4277,1.0,3.897813e-09,0
4278,0.9999989,1.0728277e-06,0
4279,0.9999999,1.3086466e-07,0
4280,1.0,1.2269325e-08,0
4281,1.0,2.8653915e-09,0
4282,1.0,1.4884373e-10,0
4283,0.9999995,5.145224e-07,0
4284,0.9999995,4.2563124e-07,0
4285,1.0,9.055464e-09,0
4286,1.0,1.8030663e-08,0
4287,0.9999999,9.4029694e-08,0
4288,1.0,5.0691777e-11,0
4289,0.99999976,2.1585441e-07,0
4290,0.99999976,2.3438373e-07,0
4291,1.0,1.3754987e-09,0
4292,0.9999999,8.476732e-08,0
4293,1.0,3.76816e-09,0
4294,1.0,3.6105977e-10,0
4295,0.9999999,9.944935e-08,0
4296,1.0,1.1187248e-09,0
4297,1.0,1.9305679e-11,0
4298,1.0,8.283394e-10,0
4299,0.99999976,1.9682616e-07,0
4300,0.9999999,1.7568318e-07,0
4301,1.0,2.3215204e-11,0
4302,1.0,1.5617927e-09,0
4303,1.0,2.4012469e-11,0
4304,0.9999999,7.210401e-08,0
4305,1.0,6.546611e-09,0
4306,1.0,7.3781994e-11,0
4307,1.0,1.5395337e-09,0
4308,1.0,7.162861e-09,0
4309,1.0,2.3294636e-08,0
4310,0.99999976,1.8727896e-07,0
4311,0.9999999,1.09775954e-07,0
4312,1.0,2.9137073e-10,0
4313,0.99999964,3.0768373e-07,0
4314,0.9999999,1.170147e-07,0
4315,1.0,1.8230471e-08,0
4316,1.0,3.556828e-08,0
4317,1.0,5.227905e-08,0
4318,0.9999999,1.3838657e-07,0
4319,1.0,3.8479062e-10,0
4320,0.9999999,9.950267e-08,0
4321,0.99999964,3.951721e-07,0
4322,1.0,2.7205188e-10,0
4323,0.99999976,2.3543353e-07,0
4324,1.0,1.4760895e-08,0
4325,1.0,2.9849794e-09,0
4326,0.9999999,1.036675e-07,0
4327,0.9999999,8.4827484e-08,0
4328,1.0,2.0992072e-08,0
4329,0.9999999,9.942641e-08,0
4330,1.0,7.3613946e-09,0
4331,1.0,5.475851e-08,0
4332,1.0,4.4974186e-08,0
4333,1.0,3.231077e-11,0
4334,0.9999999,1.4816413e-07,0
4335,1.0,1.9909752e-09,0
4336,1.0,1.1251783e-10,0
4337,0.99999976,2.1476777e-07,0
4338,1.0,3.9457177e-08,0
4339,0.99999976,2.4974705e-07,0
4340,1.0,4.979373e-09,0
4341,0.9999999,9.798189e-08,0
4342,1.0,5.8439353e-10,0
4343,1.0,2.6184171e-08,0
4344,0.99991703,8.294299e-05,0
4345,1.0,3.2954375e-08,0
4346,1.0,2.3686736e-10,0
4347,0.99999964,3.9337326e-07,0
4348,1.0,8.949521e-09,0
4349,1.0,9.795775e-09,0
4350,0.9999999,9.585428e-08,0
4351,1.0,1.0855826e-08,0
4352,1.0,3.2326088e-09,0
4353,1.0,3.4344894e-10,0
4354,1.0,2.056474e-08,0
4355,1.0,8.453768e-09,0
4356,0.9999993,7.176874e-07,0
4357,0.9999999,1.364153e-07,0
4358,1.0,5.7809904e-09,0
4359,1.0,1.6603134e-10,0
4360,0.99999976,1.8056359e-07,0
4361,1.0,1.16297805e-11,0
4362,1.0,4.838762e-10,0
4363,1.0,1.247964e-08,0
4364,0.99999964,3.3553752e-07,0
4365,1.0,3.998227e-11,0
4366,1.0,1.0249244e-10,0
4367,0.9999981,1.8985332e-06,0
4368,0.99999917,7.880276e-07,0
4369,0.9999999,7.63158e-08,0
4370,1.0,1.4013659e-09,0
4371,1.0,9.6337205e-09,0
4372,1.0,5.0202868e-08,0
4373,0.99999976,2.1075765e-07,0
4374,1.0,2.9592073e-10,0
4375,0.9999999,1.37917e-07,0
4376,0.99999905,9.785421e-07,0
4377,1.0,1.0866102e-08,0
4378,1.0,5.0172233e-08,0
4379,0.99999976,2.2262057e-07,0
4380,1.0,1.8657276e-12,0
4381,0.9999999,1.337283e-07,0
4382,1.0,1.0621153e-08,0
4383,1.0,7.962055e-09,0
4384,0.9999999,1.564006e-07,0
4385,1.0,3.399206e-10,0
4386,0.99999964,3.98469e-07,0
4387,1.0,2.0788425e-08,0
4388,0.9999999,1.6743257e-07,0
4389,1.0,1.4236079e-09,0
4390,1.0,2.198896e-09,0
4391,1.0,1.5116475e-08,0
4392,0.9999999,7.4576676e-08,0
4393,0.9999995,4.2202703e-07,0
4394,1.0,3.4831293e-10,0
4395,0.99999964,3.970586e-07,0
4396,1.0,3.1134335e-09,0
4397,1.0,2.1134571e-08,0
4398,0.9999999,1.0116257e-07,0
4399,0.9999989,1.0705527e-06,0
4400,1.0,4.666858e-10,0
4401,0.9999999,1.0194803e-07,0
4402,1.0,1.8448876e-09,0
4403,0.99999964,3.164782e-07,0
4404,1.0,5.4490435e-08,0
4405,1.0,2.542537e-08,0
4406,1.0,1.052399e-09,0
4407,0.99999976,1.8067333e-07,0
4408,1.0,3.2096983e-09,0
4409,0.9999999,1.2102633e-07,0
4410,1.0,7.5515905e-09,0
4411,0.9999999,8.157063e-08,0
4412,0.9999987,1.3457412e-06,0
4413,0.9999999,8.8830134e-08,0
4414,1.0,7.845286e-09,0
4415,0.9999999,9.279677e-08,0
4416,0.99999976,2.457197e-07,0
4417,0.9999989,1.0228962e-06,0
4418,1.0,1.16807e-09,0
4419,0.9999999,1.2614812e-07,0
4420,1.0,5.095358e-08,0
4421,1.0,1.527519e-08,0
4422,0.9999999,1.11233e-07,0
4423,1.0,4.82268e-08,0
4424,1.0,1.2855221e-12,0
4425,0.99999917,8.818591e-07,0
4426,1.0,1.9817998e-08,0
4427,0.99999845,1.5390406e-06,0
4428,1.0,6.814757e-11,0
4429,1.0,8.122373e-10,0
4430,1.0,3.120617e-08,0
4431,0.9999999,1.0222159e-07,0
4432,1.0,3.162039e-10,0
4433,0.9999999,7.075742e-08,0
4434,1.0,2.1759452e-09,0
4435,0.9999999,1.7688824e-07,0
4436,1.0,4.145225e-11,0
4437,1.0,2.4506388e-08,0
4438,0.9999994,6.101859e-07,0
4439,1.0,2.9660068e-09,0
4440,0.9999993,6.736207e-07,0
4441,1.0,2.9668566e-12,0
4442,0.9999999,1.3780209e-07,0
4443,1.0,2.0567446e-08,0
4444,1.0,5.6428238e-08,0
4445,1.0,2.9064748e-10,0
4446,0.99999917,8.462094e-07,0
4447,1.0,2.6119733e-11,0
4448,1.0,6.4682677e-09,0
4449,1.0,3.166297e-08,0
4450,0.99999905,9.14912e-07,0
4451,0.9999999,7.847265e-08,0
4452,1.0,4.2153365e-09,0
4453,1.0,5.664852e-09,0
4454,1.0,1.7945317e-10,0
4455,0.9999995,4.8099844e-07,0
4456,0.9999999,1.1944546e-07,0
4457,1.0,8.041808e-11,0
4458,1.0,3.2651645e-10,0
4459,0.99999905,9.890756e-07,0
4460,0.9999999,1.1288536e-07,0
4461,1.0,5.7370666e-08,0
4462,1.0,1.7906325e-08,0
4463,1.0,4.601517e-08,0
4464,1.0,7.499029e-09,0
4465,0.9999999,6.501022e-08,0
4466,1.0,3.0620656e-10,0
4467,1.0,3.1514064e-10,0
4468,0.9999995,5.037312e-07,0
4469,1.0,3.0750385e-08,0
4470,1.0,2.335661e-08,0
4471,1.0,8.539725e-09,0
4472,0.9999999,1.4560328e-07,0
4473,1.0,7.434677e-11,0
4474,0.9999999,1.1534644e-07,0
4475,1.0,5.6691135e-08,0
4476,1.0,2.5776895e-08,0
4477,0.9999999,1.0833223e-07,0
4478,1.0,5.706478e-11,0
4479,1.0,7.386155e-11,0
4480,1.0,2.3878446e-09,0
4481,1.0,5.8528173e-09,0
4482,0.9999999,1.5758549e-07,0
4483,0.9999999,1.4314755e-07,0
4484,1.0,3.1819717e-08,0
4485,1.0,4.1117845e-10,0
4486,0.99999976,2.7007624e-07,0
4487,1.0,8.3075063e-10,0
4488,1.0,2.5234534e-08,0
4489,1.0,1.6842236e-12,0
4490,0.99999964,4.1013016e-07,0
4491,1.0,1.5977879e-08,0
4492,0.99999976,2.947669e-07,0
4493,1.0,2.8919178e-08,0
4494,0.99999845,1.5161223e-06,0
4495,1.0,1.6130183e-08,0
4496,0.9999999,9.038419e-08,0
4497,1.0,1.8478882e-09,0
4498,1.0,4.4299517e-10,0
4499,1.0,5.2334688e-09,0
4500,1.0,8.0779694e-10,0
4501,0.9999999,8.0284565e-08,0
4502,0.99999905,9.352223e-07,0
4503,0.9999995,4.3737637e-07,0
4504,0.9999999,8.179841e-08,0
4505,1.0,9.654728e-09,0
4506,1.0,5.89232e-10,0
4507,1.0,8.228222e-09,0
4508,1.0,4.3185615e-09,0
4509,1.0,4.951861e-12,0
4510,1.0,8.224584e-12,0
4511,0.9999994,5.7957317e-07,0
4512,1.0,1.2590769e-08,0
4513,1.0,3.9560225e-10,0
4514,1.0,6.098249e-09,0
4515,1.0,8.580462e-09,0
4516,1.0,1.5893553e-09,0
4517,0.9999975,2.4469684e-06,0
4518,0.9999999,1.6518409e-07,0
4519,1.0,2.7777785e-09,0
4520,1.0,5.42485e-08,0
4521,0.9999999,1.0616215e-07,0
4522,1.0,4.9319346e-12,0
4523,1.0,2.9137546e-08,0
4524,1.0,4.3742975e-08,0
4525,1.0,1.1798484e-08,0
4526,1.0,4.5532174e-09,0
4527,1.0,8.349858e-10,0
4528,0.99999976,2.0594813e-07,0
4529,1.0,1.6056327e-12,0
4530,1.0,1.1355232e-09,0
4531,1.0,5.2709126e-10,0
4532,0.9999999,1.08188516e-07,0
4533,0.9999999,1.1864134e-07,0
4534,1.0,3.239213e-09,0
4535,1.0,5.3044822e-08,0
4536,0.9999999,6.894479e-08,0
4537,0.9999995,5.3288e-07,0
4538,1.0,2.0490072e-12,0
4539,1.0,5.8058337e-08,0
4540,0.99999964,4.136639e-07,0
4541,1.0,1.4480901e-10,0
4542,1.0,1.2646957e-10,0
4543,1.0,6.291132e-09,0
4544,1.0,5.954549e-10,0
4545,0.99999964,3.1769324e-07,0
4546,0.9999994,5.370296e-07,0
4547,1.0,4.757379e-10,0
4548,1.0,8.5424257e-10,0
4549,1.0,9.798915e-09,0
4550,1.0,2.0475813e-08,0
4551,1.0,1.19394555e-11,0
4552,1.0,6.094246e-10,0
4553,0.9999999,7.163984e-08,0
4554,0.999997,2.9754424e-06,0
4555,1.0,3.671617e-08,0
4556,1.0,2.9030858e-09,0
4557,1.0,2.1284645e-09,0
4558,1.0,1.4683169e-08,0
4559,1.0,3.8057055e-09,0
4560,0.9999999,9.517184e-08,0
4561,0.99999976,2.3426797e-07,0
4562,1.0,6.2730154e-09,0
4563,1.0,1.3362869e-10,0
4564,0.9999999,1.0857798e-07,0
4565,0.9999999,6.047748e-08,0
4566,0.99999964,3.3784778e-07,0
4567,0.9999994,6.2035247e-07,0
4568,1.0,1.3329281e-08,0
4569,1.0,3.6463774e-10,0
4570,1.0,1.0266902e-08,0
4571,0.9999999,8.901806e-08,0
4572,0.99999976,2.247041e-07,0
4573,1.0,6.2031384e-09,0
4574,1.0,2.2559574e-10,0
4575,1.0,8.809793e-10,0
4576,1.0,8.0878935e-11,0
4577,1.0,5.0033304e-11,0
4578,1.0,2.3562447e-11,0
4579,1.0,3.1309143e-11,0
4580,1.0,2.975532e-09,0
4581,1.0,8.179745e-09,0
4582,1.0,9.1878577e-10,0
4583,1.0,4.5473847e-09,0
4584,1.0,3.3648324e-09,0
4585,1.0,2.1019357e-08,0
4586,1.0,1.9446467e-09,0
4587,0.99999964,3.83926e-07,0
4588,1.0,8.960815e-12,0
4589,0.99999976,1.788312e-07,0
4590,1.0,5.5947447e-09,0
4591,1.0,4.2156806e-10,0
4592,1.0,1.0995424e-08,0
4593,1.0,1.9452633e-08,0
4594,0.9999999,1.7004444e-07,0
4595,0.9999999,8.4206846e-08,0
4596,0.99999917,7.86745e-07,0
4597,0.9999999,1.4309758e-07,0
4598,1.0,5.2269447e-09,0
4599,0.99999976,1.9698315e-07,0
4600,0.99999833,1.6327658e-06,0
4601,1.0,7.904978e-09,0
4602,0.99999976,2.86174e-07,0
4603,1.0,1.4303251e-09,0
4604,1.0,3.636933e-09,0
4605,1.0,1.312818e-09,0
4606,1.0,3.000107e-08,0
4607,1.0,1.3518303e-09,0
4608,1.0,1.6136523e-08,0
4609,0.99999976,2.343274e-07,0
4610,0.99999964,3.022853e-07,0
4611,1.0,1.6179291e-09,0
4612,1.0,6.429534e-09,0
4613,1.0,1.5816811e-08,0
4614,1.0,4.623564e-08,0
4615,1.0,1.4796017e-08,0
4616,1.0,1.0178885e-08,0
4617,1.0,1.841468e-08,0
4618,0.9999994,5.4714235e-07,0
4619,0.99999976,2.1765155e-07,0
4620,1.0,2.8772538e-09,0
4621,1.0,1.6127878e-08,0
4622,1.0,3.822098e-11,0
4623,1.0,1.7767382e-08,0
4624,0.99999964,3.9919243e-07,0
4625,1.0,7.1578756e-09,0
4626,0.9999999,8.9912376e-08,0
4627,0.9999987,1.3503849e-06,0
4628,1.0,1.2849659e-08,0
4629,1.0,4.393806e-08,0
4630,0.99999976,2.929107e-07,0
4631,1.0,1.6576445e-08,0
4632,0.9999995,4.5621735e-07,0
4633,0.9999988,1.2349359e-06,0
4634,1.0,4.899203e-09,0
4635,1.0,1.2700294e-08,0
4636,0.9999999,9.611534e-08,0
4637,1.0,6.2049725e-09,0
4638,1.0,9.628857e-12,0
4639,1.0,1.0329112e-11,0
4640,1.0,7.128651e-09,0
4641,1.0,1.9131626e-08,0
4642,1.0,4.102889e-08,0
4643,0.99999905,9.730851e-07,0
4644,1.0,2.6357844e-08,0
4645,1.0,2.5080016e-09,0
4646,1.0,1.0470073e-09,0
4647,1.0,2.538877e-09,0
4648,0.99999726,2.7313108e-06,0
4649,1.0,2.5858146e-08,0
4650,1.0,4.9077133e-09,0
4651,1.0,2.4560315e-10,0
4652,1.0,7.010449e-10,0
4653,0.99999976,2.5105066e-07,0
4654,1.0,2.3305513e-09,0
4655,1.0,1.9510264e-12,0
4656,1.0,4.5916052e-10,0
4657,1.0,1.2949403e-08,0
4658,1.0,1.2120537e-11,0
4659,0.99999917,8.088783e-07,0
4660,1.0,1.4169385e-09,0
4661,1.0,1.1322192e-08,0
4662,1.0,2.4168767e-09,0
4663,0.99999976,2.5759846e-07,0
4664,0.9999999,1.6721317e-07,0
4665,1.0,3.4860573e-08,0
4666,1.0,1.2814318e-08,0
4667,1.0,8.3142236e-11,0
4668,0.9999999,7.636268e-08,0
4669,1.0,1.201486e-08,0
4670,1.0,1.466288e-08,0
4671,1.0,9.002178e-10,0
4672,1.0,1.0349078e-09,0
4673,1.0,6.9264785e-09,0
4674,1.0,4.5994987e-08,0
4675,1.0,2.3384805e-10,0
4676,1.0,2.1410032e-11,0
4677,0.9999999,9.0101906e-08,0
4678,0.99999917,8.558781e-07,0
4679,1.0,5.534475e-11,0
4680,0.9999999,6.032679e-08,0
4681,0.9999999,1.7066735e-07,0
4682,1.0,3.9021966e-08,0
4683,1.0,3.848873e-11,0
4684,0.99999857,1.4642752e-06,0
4685,1.0,9.997261e-11,0
4686,0.9999989,1.0543785e-06,0
4687,0.99999905,9.416876e-07,0
4688,0.9999995,5.1353413e-07,0
4689,1.0,1.551701e-08,0
4690,1.0,2.4410203e-11,0
4691,1.0,1.6807628e-10,0
4692,0.99999976,2.8818533e-07,0
4693,0.99998736,1.2596971e-05,0
4694,0.9999995,5.066209e-07,0
4695,1.0,4.1328846e-08,0
4696,1.0,1.1643825e-08,0
4697,0.9999994,5.5676014e-07,0
4698,1.0,1.8818499e-08,0
4699,1.0,1.1181569e-10,0
4700,1.0,6.6475964e-10,0
4701,1.0,4.2403854e-12,0
4702,0.99999964,4.1498365e-07,0
4703,1.0,1.1519068e-11,0
4704,1.0,3.5303334e-08,0
4705,1.0,4.1568582e-10,0
4706,0.9999999,1.0583604e-07,0
4707,0.99999964,3.4424622e-07,0
4708,1.0,1.8587403e-09,0
4709,1.0,5.043909e-11,0
4710,1.0,3.4508085e-09,0
4711,1.0,5.662705e-08,0
4712,0.99999976,2.0241633e-07,0
4713,1.0,5.7845003e-08,0
4714,1.0,1.6344463e-12,0
4715,1.0,1.7873215e-13,0
4716,1.0,5.3162436e-11,0
4717,1.0,2.1601334e-08,0
4718,1.0,1.2079594e-11,0
4719,1.0,9.7171e-12,0
4720,1.0,8.76977e-11,0
4721,1.0,2.798247e-12,0
4722,1.0,1.5527452e-13,0
4723,1.0,7.7188955e-10,0
4724,1.0,9.216177e-12,0
4725,1.0,1.4498881e-08,0
4726,1.0,3.817075e-09,0
4727,1.0,8.7390796e-11,0
4728,1.0,9.600831e-09,0
4729,1.0,4.8008292e-11,0
4730,1.0,8.619015e-11,0
4731,1.0,1.117158e-12,0
4732,1.0,2.3864434e-08,0
4733,1.0,2.44531e-09,0
4734,1.0,3.436885e-08,0
4735,1.0,4.1756936e-09,0
4736,0.9999999,8.586736e-08,0
4737,1.0,6.905474e-14,0
4738,1.0,2.9100206e-13,0
4739,1.0,2.2706695e-10,0
4740,1.0,1.0967592e-11,0
4741,1.0,2.78547e-10,0
4742,1.0,3.975767e-13,0
4743,1.0,1.2538033e-14,0
4744,1.0,9.778301e-13,0
4745,1.0,4.935661e-12,0
4746,1.0,2.9406066e-10,0
4747,1.0,1.1750496e-11,0
4748,1.0,5.89191e-12,0
4749,1.0,5.5642334e-13,0
4750,1.0,4.270457e-12,0
4751,1.0,8.236118e-13,0
4752,1.0,1.5459043e-09,0
4753,1.0,1.5746214e-13,0
4754,0.9999989,1.1218641e-06,0
4755,1.0,1.9704678e-10,0
4756,0.99999976,2.0918554e-07,0
4757,1.0,4.5390395e-13,0
4758,1.0,2.2116356e-10,0
4759,0.99999976,2.3557368e-07,0
4760,0.9999889,1.1138666e-05,0
4761,1.0,1.1537418e-09,0
4762,1.0,3.8162233e-09,0
4763,1.0,2.5796037e-11,0
4764,1.0,4.9681066e-15,0
4765,0.9999999,1.4887274e-07,0
4766,1.0,2.1521418e-09,0
4767,1.0,1.2414347e-09,0
4768,1.0,1.323697e-10,0
4769,0.9999989,1.0877485e-06,0
4770,0.99998915,1.0863823e-05,0
4771,1.0,1.4866164e-09,0
4772,1.0,8.8502174e-09,0
4773,1.0,1.1797359e-08,0
4774,1.0,3.7947343e-11,0
4775,1.0,1.2622718e-09,0
4776,1.0,1.2785306e-09,0
4777,1.0,4.4338658e-10,0
4778,1.0,1.3019724e-10,0
4779,0.9999999,6.052064e-08,0
4780,1.0,1.6601883e-08,0
4781,1.0,5.9019772e-08,0
4782,1.0,1.2889527e-11,0
4783,0.9999999,1.705362e-07,0
4784,1.0,8.3658594e-11,0
4785,0.99999976,1.8020148e-07,0
4786,1.0,3.059548e-11,0
4787,1.0,2.048671e-12,0
4788,1.0,3.1933527e-12,0
4789,1.0,2.091723e-10,0
4790,1.0,5.678074e-08,0
4791,1.0,4.3060113e-12,0
4792,1.0,6.920526e-12,0
4793,1.0,9.545071e-12,0
4794,0.9999999,9.321133e-08,0
4795,1.0,8.110294e-11,0
4796,1.0,2.6564313e-12,0
4797,1.0,2.2854066e-11,0
4798,0.9999999,1.3741182e-07,0
4799,1.0,7.331688e-09,0
4800,1.0,1.0960607e-11,0
4801,1.0,5.9204074e-13,0
4802,1.0,6.758208e-10,0
4803,1.0,5.239554e-12,0
4804,1.0,4.66836e-11,0
4805,1.0,3.3659443e-08,0
4806,1.0,7.706505e-11,0
4807,1.0,1.7911028e-09,0
4808,1.0,3.2193765e-11,0
4809,1.0,1.0722896e-10,0
4810,1.0,4.595699e-13,0
4811,1.0,3.2530572e-09,0
4812,0.99999976,2.0019914e-07,0
4813,1.0,2.799254e-10,0
4814,1.0,4.9068735e-08,0
4815,1.0,1.1851005e-13,0
4816,1.0,9.547852e-13,0
4817,1.0,3.6453154e-13,0
4818,1.0,4.0045505e-09,0
4819,1.0,1.0086294e-08,0
4820,1.0,9.311241e-11,0
4821,1.0,2.5900198e-12,0
4822,1.0,1.2829508e-11,0
4823,1.0,3.5512707e-11,0
4824,1.0,2.7275445e-13,0
4825,1.0,1.693814e-12,0
4826,1.0,2.5354677e-11,0
4827,0.9999981,1.8980353e-06,0
4828,1.0,2.6803842e-11,0
4829,1.0,1.983822e-13,0
4830,1.0,1.9994596e-11,0
4831,1.0,1.8538788e-13,0
4832,1.0,1.734096e-10,0
4833,1.0,1.1466386e-12,0
4834,0.99998975,1.0192386e-05,0
4835,1.0,3.775624e-11,0
4836,1.0,1.0542714e-09,0
4837,1.0,7.501349e-12,0
4838,1.0,7.504522e-13,0
4839,1.0,3.3596648e-12,0
4840,0.99999785,2.1829692e-06,0
4841,0.9999975,2.4470432e-06,0
4842,0.9999571,4.295908e-05,0
4843,1.0,2.189207e-14,0
4844,0.9999995,4.6580496e-07,0
4845,1.0,2.0166624e-09,0
4846,1.0,5.3758384e-09,0
4847,1.0,4.575918e-11,0
4848,1.0,1.9870362e-10,0
4849,1.0,2.3941653e-09,0
4850,1.0,1.564472e-14,0
4851,1.0,2.155285e-12,0
4852,1.0,5.555704e-14,0
4853,1.0,4.575918e-11,0
4854,1.0,4.0182972e-14,0
4855,1.0,1.4203315e-09,0
4856,1.0,2.005498e-11,0
4857,1.0,1.4756664e-13,0
4858,1.0,2.3415053e-11,0
4859,1.0,3.6109438e-09,0
4860,1.0,9.725601e-14,0
4861,1.0,1.0674278e-12,0
4862,1.0,2.5584126e-10,0
4863,1.0,6.718417e-10,0
4864,1.0,1.1178395e-13,0
4865,1.0,6.604935e-12,0
4866,1.0,5.1507538e-11,0
4867,1.0,3.3756524e-12,0
4868,1.0,3.4839499e-12,0
4869,1.0,2.2539026e-09,0
4870,1.0,1.1138076e-11,0
4871,1.0,1.3406842e-12,0
4872,1.0,1.1581568e-11,0
4873,1.0,8.100311e-10,0
4874,1.0,1.1712356e-13,0
4875,1.0,2.458186e-11,0
4876,1.0,1.5230807e-10,0
4877,1.0,1.2391215e-12,0
4878,1.0,8.7308615e-12,0
4879,1.0,1.04852155e-10,0
4880,1.0,8.100427e-12,0
4881,1.0,1.1217128e-11,0
4882,1.0,7.6359584e-13,0
4883,1.0,2.636401e-13,0
4884,1.0,6.6323225e-10,0
4885,1.0,1.948267e-12,0
4886,1.0,1.2869826e-11,0
4887,1.0,1.6670061e-13,0
4888,1.0,1.3951676e-09,0
4889,1.0,5.610723e-12,0
4890,1.0,1.3891547e-11,0
4891,1.0,4.9112103e-11,0
4892,1.0,2.653922e-14,0
4893,1.0,8.8633257e-13,0
4894,1.0,2.5417971e-14,0
4895,1.0,8.2249996e-14,0
4896,1.0,1.5528268e-11,0
4897,1.0,1.05742665e-10,0
4898,1.0,8.298021e-10,0
4899,1.0,1.0737832e-11,0
4900,1.0,1.3390916e-09,0
4901,1.0,7.0023196e-11,0
4902,1.0,1.848957e-12,0
4903,1.0,9.042023e-12,0
4904,1.0,1.3355746e-12,0
4905,1.0,2.7724055e-13,0
4906,1.0,1.1253092e-14,0
4907,1.0,1.1808907e-12,0
4908,1.0,1.2828905e-10,0
4909,1.0,7.190339e-11,0
4910,1.0,4.2372342e-11,0
4911,1.0,1.8404204e-13,0
4912,1.0,1.8418982e-10,0
4913,1.0,5.3073457e-12,0
4914,1.0,2.0866165e-12,0
4915,1.0,1.6403113e-12,0
4916,1.0,9.555746e-12,0
4917,1.0,1.7459633e-11,0
4918,1.0,1.2469588e-10,0
4919,1.0,1.0582387e-12,0
4920,1.0,1.786059e-11,0
4921,1.0,2.5996325e-11,0
4922,1.0,1.5496186e-12,0
4923,1.0,7.096427e-14,0
4924,1.0,2.5827261e-14,0
4925,1.0,3.867487e-13,0
4926,1.0,2.432857e-12,0
4927,1.0,4.8973875e-10,0
4928,1.0,2.4738855e-12,0
4929,1.0,8.291162e-12,0
4930,1.0,1.4610625e-11,0
4931,1.0,4.58465e-13,0
4932,1.0,8.336932e-11,0
4933,1.0,1.13182765e-13,0
4934,1.0,1.3272104e-11,0
4935,1.0,4.1779397e-13,0
4936,1.0,2.5629815e-12,0
4937,1.0,5.408069e-09,0
4938,1.0,4.748972e-11,0
4939,1.0,1.9066025e-11,0
4940,1.0,1.819704e-13,0
4941,1.0,4.3006926e-12,0
4942,1.0,1.0579879e-09,0
4943,1.0,1.0856721e-11,0
4944,1.0,2.2383863e-12,0
4945,1.0,3.429037e-10,0
4946,1.0,1.2687631e-12,0
4947,1.0,1.0012345e-12,0
4948,1.0,4.6572056e-12,0
4949,1.0,1.1283579e-12,0
4950,1.0,2.4980688e-11,0
4951,1.0,1.5941926e-12,0
4952,1.0,1.4320215e-11,0
4953,1.0,1.2158696e-11,0
4954,1.0,5.534008e-12,0
4955,1.0,9.156608e-11,0
4956,1.0,2.7425544e-12,0
4957,1.0,6.9020965e-12,0
4958,1.0,7.233836e-11,0
4959,1.0,1.5442561e-10,0
4960,1.0,1.12314394e-13,0
4961,1.0,3.741638e-10,0
4962,1.0,2.8996808e-10,0
4963,1.0,1.0278559e-12,0
4964,1.0,1.3842254e-10,0
4965,1.0,2.0974922e-10,0
4966,1.0,8.09113e-12,0
4967,1.0,2.9101652e-09,0
4968,1.0,3.2600834e-12,0
4969,1.0,2.0869997e-11,0
4970,1.0,9.475195e-13,0
4971,1.0,1.8370143e-10,0
4972,1.0,2.0303857e-14,0
4973,1.0,3.9127173e-13,0
4974,1.0,7.055032e-11,0
4975,1.0,1.3042068e-14,0
4976,1.0,3.216648e-13,0
4977,1.0,1.4588451e-12,0
4978,1.0,2.4874472e-11,0
4979,1.0,3.7740543e-11,0
4980,1.0,1.4490787e-11,0
4981,1.0,1.551661e-10,0
4982,1.0,1.4491084e-08,0
4983,1.0,3.999358e-10,0
4984,1.0,2.7821233e-11,0
4985,1.0,3.509179e-12,0
4986,1.0,5.5174665e-10,0
4987,1.0,3.420773e-14,0
4988,1.0,5.7827316e-13,0
4989,1.0,3.9833744e-12,0
4990,1.0,6.54819e-11,0
4991,1.0,3.269518e-08,0
4992,1.0,8.43918e-11,0
4993,1.0,8.979836e-13,0
4994,1.0,2.1106803e-13,0
4995,1.0,1.7842057e-12,0
4996,1.0,1.444307e-12,0
4997,1.0,7.294174e-11,0
4998,1.0,5.437308e-13,0
4999,1.0,3.5457594e-12,0
5000,1.0,1.5405633e-11,0
5001,1.0,5.3788836e-13,0
5002,1.0,1.0012354e-10,0
5003,1.0,3.441985e-10,0
5004,1.0,3.3221342e-11,0
5005,1.0,2.9787867e-12,0
5006,1.0,1.6495219e-13,0
5007,1.0,1.3295344e-10,0
5008,1.0,9.061843e-12,0
5009,1.0,1.4728517e-13,0
5010,0.9999999,6.75909e-08,0
5011,1.0,4.2895063e-10,0
5012,1.0,2.5510146e-11,0
5013,0.99999976,2.1120474e-07,0
5014,1.0,3.9218986e-10,0
5015,1.0,7.614989e-12,0
5016,1.0,8.471975e-13,0
5017,1.0,4.7289375e-13,0
5018,1.0,3.8788655e-12,0
5019,1.0,1.5889454e-10,0
5020,1.0,1.0517232e-12,0
5021,1.0,2.5154688e-14,0
5022,1.0,1.9249999e-12,0
5023,1.0,8.891072e-14,0
5024,1.0,1.5460525e-12,0
5025,1.0,6.931775e-10,0
5026,1.0,3.375358e-11,0
5027,1.0,2.8219742e-09,0
5028,1.0,4.2259325e-12,0
5029,1.0,2.1915881e-14,0
5030,1.0,1.0561965e-11,0
5031,1.0,7.8168395e-11,0
5032,0.99999964,3.2028697e-07,0
5033,1.0,4.70333e-12,0
5034,1.0,1.8665447e-10,0
5035,1.0,1.640869e-11,0
5036,1.0,1.247651e-10,0
5037,1.0,1.0394733e-10,0
5038,1.0,1.0410328e-10,0
5039,1.0,3.3522605e-11,0
5040,1.0,1.5644692e-10,0
5041,1.0,6.303889e-09,0
5042,0.99999976,1.8602881e-07,0
5043,1.0,2.7045501e-12,0
5044,1.0,4.414724e-11,0
5045,1.0,4.0330512e-12,0
5046,1.0,2.1014433e-11,0
5047,1.0,8.368663e-12,0
5048,1.0,1.718212e-12,0
5049,1.0,7.476296e-12,0
5050,1.0,1.0089969e-08,0
5051,1.0,5.5502447e-12,0
5052,1.0,2.514427e-11,0
5053,1.0,5.5457475e-12,0
5054,1.0,6.24976e-10,0
5055,1.0,9.113596e-13,0
5056,1.0,1.1013164e-11,0
5057,1.0,5.6527716e-10,0
5058,1.0,3.6111347e-10,0
5059,1.0,2.111781e-08,0
5060,1.0,2.7648646e-13,0
5061,1.0,5.903161e-11,0
5062,1.0,3.939921e-11,0
5063,1.0,4.4625426e-10,0
5064,1.0,1.2312394e-11,0
5065,1.0,5.320803e-13,0
5066,1.0,3.7740543e-11,0
5067,1.0,6.0764057e-14,0
5068,1.0,1.3821172e-14,0
5069,1.0,1.015115e-10,0
5070,1.0,3.60175e-11,0
5071,1.0,9.632635e-13,0
5072,1.0,6.2449395e-12,0
5073,1.0,1.0121758e-11,0
5074,1.0,3.9305406e-10,0
5075,1.0,6.2112147e-12,0
5076,1.0,3.4305774e-12,0
5077,1.0,6.378005e-12,0
5078,1.0,9.00262e-11,0
5079,1.0,2.651553e-11,0
5080,1.0,1.9385056e-10,0
5081,1.0,6.8990397e-13,0
5082,1.0,1.7822467e-12,0
5083,1.0,3.360019e-11,0
5084,1.0,1.0319654e-12,0
5085,1.0,4.23858e-09,0
5086,1.0,6.4111285e-09,0
5087,1.0,1.01478115e-08,0
5088,1.0,1.1964173e-10,0
5089,1.0,4.0001797e-11,0
5090,1.0,2.1594834e-11,0
5091,1.0,2.5094201e-11,0
5092,1.0,1.0339766e-09,0
5093,1.0,2.421501e-12,0
5094,1.0,2.0876196e-12,0
5095,1.0,1.1882704e-11,0
5096,1.0,3.9849495e-11,0
5097,1.0,3.020224e-12,0
5098,1.0,1.2768607e-10,0
5099,1.0,2.9188021e-10,0
5100,1.0,1.2648263e-13,0
5101,1.0,8.5754044e-13,0
5102,1.0,4.2676434e-14,0
5103,1.0,4.651098e-12,0
5104,1.0,1.7966019e-12,0
5105,1.0,3.360867e-10,0
5106,1.0,1.010079e-12,0
5107,1.0,1.3672527e-11,0
5108,1.0,8.315805e-12,0
5109,1.0,2.6405794e-12,0
5110,1.0,6.609383e-12,0
5111,1.0,3.0223404e-11,0
5112,1.0,5.0361493e-08,0
5113,1.0,2.6835393e-08,0
5114,1.0,7.996743e-12,0
5115,1.0,4.105374e-10,0
5116,1.0,8.762735e-10,0
5117,1.0,5.1271174e-09,0
5118,1.0,1.4225968e-11,0
5119,1.0,4.8708406e-09,0
5120,1.0,4.567639e-09,0
5121,1.0,1.7081372e-09,0
5122,0.9999995,4.666961e-07,0
5123,1.0,1.8840038e-09,0
5124,1.0,4.0398307e-10,0
5125,1.0,3.3381056e-13,0
5126,1.0,3.5662737e-10,0
5127,1.0,5.711951e-09,0
5128,1.0,5.4319334e-11,0
5129,1.0,5.648323e-09,0
5130,1.0,3.9475936e-11,0
5131,1.0,5.271211e-11,0
5132,1.0,5.7988997e-10,0
5133,1.0,1.625288e-12,0
5134,1.0,3.9014316e-11,0
5135,1.0,1.7559882e-12,0
5136,1.0,4.1548925e-10,0
5137,1.0,2.1506364e-12,0
5138,1.0,1.32998265e-11,0
5139,1.0,3.6983023e-09,0
5140,1.0,1.480281e-13,0
5141,1.0,2.1481526e-08,0
5142,1.0,1.2783112e-09,0
5143,1.0,7.105214e-11,0
5144,1.0,2.8676183e-08,0
5145,1.0,9.6362385e-09,0
5146,1.0,2.760361e-08,0
5147,1.0,1.0114733e-11,0
5148,1.0,2.3140063e-10,0
5149,1.0,8.1332205e-11,0
5150,1.0,7.2699997e-09,0
5151,1.0,1.0984733e-12,0
5152,0.99999976,2.8577855e-07,0
5153,0.99999225,7.799612e-06,0
5154,1.0,2.9890115e-10,0
5155,1.0,5.3548366e-10,0
5156,1.0,1.8092594e-09,0
5157,1.0,8.587518e-09,0
5158,1.0,1.12382714e-10,0
5159,1.0,1.0107511e-09,0
5160,0.99999976,2.371104e-07,0
5161,1.0,5.925568e-10,0
5162,0.9999981,1.8525703e-06,0
5163,1.0,2.2347719e-13,0
5164,1.0,1.0203066e-08,0
5165,1.0,5.9771354e-14,0
5166,0.9999999,6.04014e-08,0
5167,1.0,1.0800645e-11,0
5168,1.0,1.7476291e-11,0
5169,1.0,4.4585175e-14,0
5170,1.0,1.0521631e-11,0
5171,1.0,1.5283616e-11,0
5172,1.0,2.4977256e-11,0
5173,1.0,5.924316e-09,0
5174,1.0,3.1403133e-09,0
5175,1.0,1.2080309e-11,0
5176,1.0,1.2424438e-09,0
5177,0.9999999,1.5579502e-07,0
5178,1.0,1.8659502e-10,0
5179,1.0,7.5433526e-10,0
5180,1.0,1.1117022e-11,0
5181,0.99999905,9.622537e-07,0
5182,1.0,3.320942e-08,0
5183,1.0,1.8790164e-08,0
5184,1.0,2.5232476e-11,0
5185,0.99999976,2.5475862e-07,0
5186,1.0,1.5399692e-08,0
5187,1.0,1.495468e-11,0
5188,1.0,2.9930123e-09,0
5189,0.99999976,2.8961747e-07,0
5190,0.9999999,1.0446823e-07,0
5191,1.0,3.9778325e-08,0
5192,0.99999964,3.2862363e-07,0
5193,1.0,3.819185e-10,0
5194,1.0,1.3227228e-10,0
5195,1.0,6.1738414e-09,0
5196,0.9999994,6.2894975e-07,0
5197,1.0,1.5374972e-09,0
5198,1.0,5.3280683e-08,0
5199,1.0,1.6421428e-08,0
5200,0.99999964,3.193247e-07,0
5201,1.0,5.219874e-08,0
5202,1.0,1.7261728e-10,0
5203,1.0,2.0144837e-08,0
5204,1.0,5.812526e-08,0
5205,1.0,1.3782149e-08,0
5206,1.0,4.8511795e-11,0
5207,0.99999964,4.0068642e-07,0
5208,1.0,2.729554e-09,0
5209,1.0,3.3801353e-09,0
5210,1.0,2.7224382e-11,0
5211,1.0,9.15119e-12,0
5212,1.0,1.294374e-09,0
5213,1.0,1.7296696e-10,0
5214,1.0,2.383726e-13,0
5215,0.99999917,8.1886594e-07,0
5216,0.9999999,6.3274776e-08,0
5217,0.99998975,1.026789e-05,0
5218,1.0,1.0553859e-13,0
5219,1.0,5.062349e-10,0
5220,1.0,1.6293448e-08,0
5221,0.9999994,6.1625207e-07,0
5222,0.99999857,1.3755645e-06,0
5223,1.0,5.6950453e-09,0
5224,1.0,2.8519825e-10,0
5225,0.9999995,4.788125e-07,0
5226,1.0,8.8205485e-11,0
5227,1.0,2.2792937e-08,0
5228,1.0,1.5232885e-08,0
5229,0.9999937,6.3205093e-06,0
5230,0.99999976,1.9592535e-07,0
5231,1.0,2.6081637e-12,0
5232,1.0,1.1989582e-09,0
5233,1.0,1.5689713e-08,0
5234,1.0,8.9155094e-10,0
5235,0.9999964,3.519809e-06,0
5236,1.0,2.047462e-10,0
5237,1.0,4.9920724e-11,0
5238,1.0,1.8428308e-12,0
5239,0.99999297,7.074081e-06,0
5240,1.0,1.2904325e-09,0
5241,1.0,5.701101e-12,0
5242,1.0,3.3005798e-10,0
5243,0.9999987,1.279536e-06,0
5244,0.9999995,4.791579e-07,0
5245,1.0,1.7092388e-09,0
5246,0.99999654,3.4250156e-06,0
5247,1.0,1.1713681e-08,0
5248,1.0,1.5966963e-09,0
5249,0.99973506,0.0002649043,0
5250,1.0,2.130359e-11,0
5251,1.0,1.8288057e-10,0
5252,1.0,1.2190049e-10,0
5253,1.0,1.9302579e-08,0
5254,1.0,2.3142647e-08,0
5255,1.0,1.0380442e-11,0
5256,1.0,4.8064624e-08,0
5257,1.0,1.8849969e-08,0
5258,1.0,2.3737106e-11,0
5259,0.9999999,1.1675676e-07,0
5260,0.99999845,1.6017078e-06,0
5261,0.9999974,2.6420216e-06,0
5262,1.0,1.7237959e-08,0
5263,1.0,2.8788019e-09,0
5264,1.0,2.2531e-08,0
5265,1.0,1.06003106e-11,0
5266,1.0,2.9934878e-08,0
5267,0.99916756,0.00083244307,0
5268,0.99995697,4.3049055e-05,0
5269,1.0,2.8944728e-08,0
5270,1.0,4.1076106e-08,0
5271,1.0,4.0587142e-10,0
5272,1.0,5.819317e-11,0
5273,1.0,1.9127583e-11,0
5274,1.0,3.6038648e-12,0
5275,1.0,9.954016e-10,0
5276,0.9997186,0.0002813661,0
5277,1.0,3.359748e-12,0
5278,1.0,7.8782114e-10,0
5279,0.99999607,3.9886168e-06,0
5280,1.0,2.3650284e-08,0
5281,0.9999999,6.947678e-08,0
5282,0.99999976,2.683627e-07,0
5283,1.0,1.620784e-08,0
5284,0.999985,1.5005845e-05,0
5285,1.0,1.0193069e-08,0
5286,1.0,7.541191e-11,0
5287,0.99999666,3.3634917e-06,0
5288,1.0,4.7765685e-08,0
5289,1.0,5.250846e-13,0
5290,1.0,7.735893e-09,0
5291,1.0,1.8001112e-08,0
5292,1.0,3.0302807e-09,0
5293,1.0,3.3588837e-08,0
5294,0.9999999,1.1024682e-07,0
5295,1.0,3.9213344e-08,0
5296,1.0,7.4844255e-09,0
5297,0.99999976,2.3978873e-07,0
5298,1.0,3.4462306e-09,0
5299,0.9999999,1.1045014e-07,0
5300,1.0,8.665409e-09,0
5301,1.0,3.6819962e-08,0
5302,1.0,4.4318917e-08,0
5303,1.0,2.6552868e-08,0
5304,1.0,9.4060905e-12,0
5305,1.0,9.562871e-09,0
5306,1.0,9.930621e-09,0
5307,0.9999999,9.286564e-08,0
5308,1.0,7.143596e-09,0
5309,1.0,3.0989598e-09,0
5310,1.0,5.4423825e-09,0
5311,1.0,6.626004e-09,0
5312,1.0,1.4537698e-09,0
5313,0.9999999,1.437004e-07,0
5314,0.99999976,2.0945522e-07,0
5315,0.9999999,1.4098632e-07,0
5316,1.0,1.8080806e-08,0
5317,0.99999976,2.593051e-07,0
5318,1.0,4.727678e-08,0
5319,0.9999999,9.583691e-08,0
5320,1.0,5.238507e-11,0
5321,0.9999999,8.03676e-08,0
5322,1.0,4.4492795e-12,0
5323,1.0,1.7085656e-11,0
5324,1.0,3.95696e-09,0
5325,0.9999999,1.3819125e-07,0
5326,1.0,1.3715892e-10,0
5327,1.0,2.0574128e-18,0
5328,0.9999999,7.256454e-08,0
5329,1.0,1.03580805e-17,0
5330,1.0,5.581659e-08,0
5331,0.99999976,1.9241234e-07,0
5332,1.0,1.2275919e-09,0
5333,1.0,9.37217e-20,0
5334,1.0,3.5696074e-18,0
5335,1.0,1.3315675e-17,0
5336,1.0,2.2599855e-09,0
5337,1.0,1.1599725e-21,0
5338,1.0,1.0983122e-19,0
5339,1.0,1.1541592e-14,0
5340,1.0,2.2920852e-19,0
5341,1.0,1.53668e-12,0
5342,1.0,2.0081082e-15,0
5343,1.0,4.5475756e-09,0
5344,1.0,7.265246e-20,0
5345,1.0,1.3914977e-09,0
5346,1.0,4.7548416e-20,0
5347,1.0,1.0299486e-18,0
5348,1.0,1.0280509e-14,0
5349,1.0,1.597076e-14,0
5350,1.0,7.355805e-10,0
5351,1.0,1.534525e-11,0
5352,1.0,4.5350446e-19,0
5353,1.0,2.4643212e-15,0
5354,1.0,2.3572098e-16,0
5355,0.9999999,1.1286889e-07,0
5356,1.0,1.1208516e-10,0
5357,1.0,1.1579453e-10,0
5358,1.0,4.9449214e-13,0
5359,1.0,1.495423e-14,0
5360,1.0,4.9030555e-16,0
5361,1.0,1.295013e-10,0
5362,1.0,2.6352387e-10,0
5363,0.9999999,7.0085164e-08,0
5364,0.9999989,1.0352184e-06,0
5365,1.0,6.148924e-14,0
5366,1.0,1.229333e-20,0
5367,1.0,4.805432e-17,0
5368,1.0,1.4396426e-08,0
5369,1.0,4.6760607e-18,0
5370,1.0,8.926756e-14,0
5371,1.0,1.2442346e-16,0
5372,1.0,5.2773012e-21,0
5373,1.0,2.8132808e-15,0
5374,1.0,8.0126796e-13,0
5375,1.0,1.1039447e-12,0
5376,1.0,9.331968e-19,0
5377,1.0,1.8551733e-13,0
5378,1.0,1.6350133e-20,0
5379,1.0,2.3013767e-15,0
5380,1.0,1.5812872e-10,0
5381,1.0,9.838214e-22,0
5382,1.0,2.800417e-18,0
5383,1.0,1.7190118e-12,0
5384,1.0,7.3887275e-20,0
5385,1.0,3.4960572e-09,0
5386,1.0,1.8973367e-08,0
5387,1.0,2.1201094e-17,0
5388,1.0,1.308424e-08,0
5389,1.0,4.37546e-18,0
5390,0.9999999,8.610385e-08,0
5391,1.0,2.9435348e-18,0
5392,1.0,2.118311e-13,0
5393,1.0,6.570751e-10,0
5394,1.0,1.8198885e-20,0
5395,1.0,4.5872633e-10,0
5396,1.0,9.762557e-20,0
5397,1.0,8.268198e-20,0
5398,1.0,1.9226176e-13,0
5399,0.9999999,1.0242027e-07,0
5400,1.0,1.2418785e-15,0
5401,1.0,3.3574682e-19,0
5402,1.0,7.1599834e-19,0
5403,1.0,5.9850367e-12,0
5404,1.0,1.4750584e-17,0
5405,1.0,1.8505863e-13,0
5406,1.0,3.3393866e-16,0
5407,1.0,9.480062e-16,0
5408,1.0,1.4598978e-19,0
5409,1.0,2.3153731e-19,0
5410,1.0,1.2762006e-18,0
5411,1.0,5.617696e-15,0
5412,1.0,1.3879805e-16,0
5413,1.0,1.8972365e-18,0
5414,1.0,1.5487666e-21,0
5415,1.0,8.203804e-17,0
5416,1.0,4.155042e-18,0
5417,1.0,1.1021921e-12,0
5418,1.0,1.902028e-09,0
5419,1.0,2.808192e-12,0
5420,1.0,1.46338e-15,0
5421,1.0,3.7576509e-10,0
5422,1.0,1.7729936e-16,0
5423,1.0,4.072771e-15,0
5424,1.0,2.7371677e-15,0
5425,1.0,3.704659e-19,0
5426,1.0,2.6496843e-17,0
5427,0.9999994,6.0248146e-07,0
5428,1.0,2.8393288e-15,0
5429,1.0,2.1999838e-08,0
5430,0.99999976,2.1692483e-07,0
5431,1.0,1.8901773e-12,0
5432,1.0,1.9011145e-16,0
5433,1.0,4.65579e-17,0
5434,1.0,2.9067153e-16,0
5435,1.0,5.4997118e-17,0
5436,1.0,4.764999e-17,0
5437,1.0,1.0204767e-18,0
5438,1.0,2.1676018e-21,0
5439,1.0,1.9346207e-09,0
5440,1.0,5.1846474e-16,0
5441,1.0,5.246895e-19,0
5442,1.0,1.253716e-16,0
5443,1.0,9.255297e-09,0
5444,1.0,4.831115e-22,0
5445,1.0,1.0328625e-10,0
5446,1.0,3.6274345e-13,0
5447,1.0,6.3586253e-10,0
5448,1.0,6.687251e-09,0
5449,1.0,4.3451786e-22,0
5450,1.0,3.0318315e-19,0
5451,1.0,4.368794e-12,0
5452,1.0,1.5736646e-08,0
5453,1.0,2.7832586e-19,0
5454,1.0,6.0258966e-15,0
5455,1.0,9.494608e-09,0
5456,1.0,3.0202352e-16,0
5457,1.0,1.6628432e-09,0
5458,1.0,5.7876676e-08,0
5459,1.0,1.0481099e-17,0
5460,1.0,5.752042e-20,0
5461,1.0,4.9308096e-18,0
5462,1.0,4.1582343e-08,0
5463,1.0,2.150915e-20,0
5464,1.0,2.437408e-20,0
5465,1.0,1.2119224e-14,0
5466,1.0,2.775571e-12,0
5467,1.0,6.9358967e-15,0
5468,1.0,8.352923e-16,0
5469,1.0,4.9815604e-08,0
5470,0.9999999,9.988316e-08,0
5471,1.0,2.0248889e-19,0
5472,1.0,8.19436e-09,0
5473,1.0,3.689494e-21,0
5474,1.0,1.642191e-14,0
5475,1.0,4.872138e-10,0
5476,1.0,1.0649008e-11,0
5477,1.0,2.5999445e-15,0
5478,1.0,5.1757336e-09,0
5479,1.0,1.9366798e-10,0
5480,1.0,2.970549e-19,0
5481,1.0,1.8840037e-13,0
5482,1.0,2.7504594e-12,0
5483,1.0,2.5132505e-16,0
5484,1.0,7.717554e-18,0
5485,1.0,6.2957255e-14,0
5486,1.0,6.6588447e-16,0
5487,1.0,5.757404e-18,0
5488,1.0,9.122769e-15,0
5489,1.0,2.68054e-13,0
5490,1.0,2.6849563e-09,0
5491,1.0,7.768644e-09,0
5492,1.0,1.1052663e-11,0
5493,1.0,2.349398e-10,0
5494,1.0,5.419059e-08,0
5495,1.0,5.85779e-23,0
5496,1.0,2.1945659e-22,0
5497,1.0,1.3817866e-08,0
5498,1.0,7.327306e-22,0
5499,1.0,2.5929849e-20,0
5500,1.0,5.961824e-17,0
5501,1.0,2.564729e-22,0
5502,1.0,8.0016893e-19,0
5503,1.0,2.6250985e-15,0
5504,1.0,1.8071465e-19,0
5505,1.0,6.9374e-09,0
5506,1.0,1.042607e-09,0
5507,1.0,2.914277e-08,0
5508,1.0,4.11684e-13,0
5509,1.0,4.2553558e-13,0
5510,1.0,1.0948948e-11,0
5511,1.0,3.504681e-10,0
5512,1.0,1.0117247e-10,0
5513,1.0,1.7015163e-17,0
5514,1.0,9.3055945e-11,0
5515,1.0,4.2881986e-17,0
5516,1.0,7.645414e-10,0
5517,1.0,9.319568e-16,0
5518,1.0,2.7189355e-11,0
5519,0.9999999,8.823019e-08,0
5520,1.0,2.4038262e-19,0
5521,1.0,2.375386e-19,0
5522,1.0,1.3309981e-18,0
5523,1.0,4.1269757e-12,0
5524,1.0,1.600071e-13,0
5525,1.0,1.6649127e-16,0
5526,1.0,6.3865477e-09,0
5527,1.0,2.7248983e-09,0
5528,1.0,4.448975e-19,0
5529,1.0,2.3259811e-17,0
5530,1.0,1.4149921e-19,0
5531,1.0,1.9226472e-09,0
5532,1.0,4.282523e-11,0
5533,1.0,3.6965502e-22,0
5534,1.0,1.7848693e-16,0
5535,1.0,4.026826e-08,0
5536,1.0,4.7169744e-13,0
5537,1.0,4.3761432e-11,0
5538,1.0,2.6990875e-12,0
5539,1.0,3.892482e-15,0
5540,1.0,7.0289965e-09,0
5541,1.0,4.7787095e-23,0
5542,1.0,1.2270939e-08,0
5543,1.0,2.8226024e-10,0
5544,1.0,3.1227565e-18,0
5545,1.0,6.680943e-12,0
5546,1.0,3.9712647e-17,0
5547,1.0,1.3079035e-14,0
5548,1.0,7.553257e-18,0
5549,1.0,7.281854e-12,0
5550,1.0,3.5068296e-20,0
5551,1.0,1.0929137e-13,0
5552,1.0,7.423959e-20,0
5553,1.0,1.25237684e-17,0
5554,0.99999976,1.9368063e-07,0
5555,1.0,9.959595e-11,0
5556,1.0,9.731343e-16,0
5557,1.0,5.9685357e-10,0
5558,1.0,1.8987187e-09,0
5559,1.0,4.105793e-12,0
5560,1.0,3.112907e-08,0
5561,1.0,8.715678e-14,0
5562,0.99999964,3.3373567e-07,0
5563,1.0,6.3183425e-10,0
5564,1.0,1.534333e-17,0
5565,1.0,2.1435477e-12,0
5566,1.0,4.371459e-09,0
5567,1.0,1.6777094e-15,0
5568,0.99999905,9.682972e-07,0
5569,1.0,2.4305022e-11,0
5570,1.0,5.463165e-23,0
5571,1.0,6.0419838e-12,0
5572,1.0,4.1879298e-20,0
5573,1.0,2.6919577e-15,0
5574,1.0,4.424567e-20,0
5575,1.0,5.841465e-20,0
5576,1.0,1.9855679e-16,0
5577,1.0,3.440567e-14,0
5578,0.99999976,2.645839e-07,0
5579,1.0,1.0314049e-15,0
5580,1.0,1.2535029e-20,0
5581,1.0,1.7188876e-19,0
5582,0.9999999,1.14180736e-07,0
5583,1.0,1.3464618e-10,0
5584,0.99999976,2.6791267e-07,0
5585,1.0,4.9417913e-13,0
5586,1.0,2.325192e-09,0
5587,1.0,7.7034496e-22,0
5588,1.0,2.813376e-16,0
5589,1.0,1.230562e-13,0
5590,1.0,1.9612773e-14,0
5591,1.0,2.807842e-17,0
5592,1.0,1.7124947e-10,0
5593,1.0,2.4610546e-13,0
5594,0.99999976,2.2069399e-07,0
5595,1.0,8.229537e-17,0
5596,1.0,1.4494638e-21,0
5597,1.0,5.2638357e-19,0
5598,1.0,8.596193e-19,0
5599,0.9999999,9.946947e-08,0
5600,1.0,3.779748e-10,0
5601,1.0,4.9805444e-19,0
5602,1.0,1.04561575e-10,0
5603,1.0,9.579703e-09,0
5604,1.0,3.0715512e-19,0
5605,1.0,3.4220606e-09,0
5606,1.0,3.6103954e-15,0
5607,1.0,2.8356182e-21,0
5608,1.0,4.2237534e-21,0
5609,1.0,1.20414365e-14,0
5610,1.0,5.106995e-08,0
5611,1.0,1.2172568e-19,0
5612,0.99999976,1.88615e-07,0
5613,1.0,8.180959e-17,0
5614,1.0,1.2973182e-16,0
5615,1.0,5.6120885e-21,0
5616,1.0,8.058225e-14,0
5617,1.0,3.3348183e-15,0
5618,1.0,8.049115e-18,0
5619,1.0,5.8954512e-08,0
5620,1.0,1.7683236e-19,0
5621,1.0,1.1413545e-11,0
5622,0.9999995,4.7457152e-07,0
5623,1.0,1.6695612e-17,0
5624,1.0,5.948071e-09,0
5625,1.0,7.862823e-14,0
5626,1.0,4.8501973e-19,0
5627,1.0,2.790681e-14,0
5628,1.0,2.7229826e-08,0
5629,1.0,3.8122554e-18,0
5630,1.0,3.2864516e-14,0
5631,1.0,8.9727945e-18,0
5632,0.9999999,1.4232835e-07,0
5633,1.0,7.384078e-20,0
5634,1.0,1.7900954e-09,0
5635,1.0,1.910179e-09,0
5636,1.0,2.239263e-11,0
5637,1.0,5.219884e-19,0
5638,1.0,5.8059217e-12,0
5639,1.0,3.0677494e-09,0
5640,1.0,1.5380984e-13,0
5641,1.0,5.3149274e-14,0
5642,1.0,4.736908e-17,0
5643,1.0,1.0436454e-17,0
5644,1.0,4.855092e-16,0
5645,1.0,3.0082033e-19,0
5646,1.0,3.1549457e-23,0
5647,1.0,4.4835587e-20,0
5648,1.0,2.0730643e-13,0
5649,1.0,4.0789506e-19,0
5650,1.0,8.740656e-20,0
5651,1.0,8.360399e-12,0
5652,1.0,1.4711596e-08,0
5653,1.0,1.6262088e-12,0
5654,1.0,2.198197e-19,0
5655,1.0,8.918626e-13,0
5656,1.0,4.2667905e-17,0
5657,1.0,2.7325185e-20,0
5658,1.0,3.0338603e-09,0
5659,1.0,1.146531e-09,0
5660,1.0,6.0384895e-13,0
5661,1.0,2.6392493e-20,0
5662,1.0,2.2643757e-11,0
5663,1.0,1.0244842e-22,0
5664,0.9999995,5.150723e-07,0
5665,1.0,1.1925973e-20,0
5666,1.0,9.987645e-09,0
5667,0.9999999,6.0495246e-08,0
5668,1.0,1.1969474e-09,0
5669,1.0,7.6112565e-16,0
5670,0.9999963,3.6625986e-06,0
5671,1.0,1.3296852e-12,0
5672,1.0,2.1864321e-10,0
5673,1.0,8.1851635e-12,0
5674,1.0,2.3611955e-13,0
5675,1.0,5.600504e-11,0
5676,1.0,1.27777e-09,0
5677,1.0,1.5448763e-23,0
5678,1.0,8.868972e-17,0
5679,1.0,9.913879e-19,0
5680,1.0,6.8747635e-21,0
5681,1.0,7.468294e-21,0
5682,1.0,6.3762574e-22,0
5683,1.0,2.3131535e-11,0
5684,0.9999999,8.25073e-08,0
5685,1.0,1.9606454e-10,0
5686,1.0,6.4259186e-16,0
5687,1.0,2.3077639e-11,0
5688,1.0,2.3293118e-16,0
5689,1.0,7.136126e-11,0
5690,1.0,1.621425e-18,0
5691,1.0,1.3694977e-18,0
5692,1.0,1.956516e-15,0
5693,1.0,3.996433e-12,0
5694,0.9999999,1.16054714e-07,0
5695,1.0,3.3041618e-15,0
5696,1.0,6.063868e-10,0
5697,1.0,5.93551e-14,0
5698,1.0,2.8160576e-18,0
5699,1.0,1.8384132e-21,0
5700,1.0,2.0164985e-15,0
5701,0.9999999,1.0236207e-07,0
5702,1.0,6.557401e-11,0
5703,1.0,2.828939e-15,0
5704,1.0,1.2760318e-08,0
5705,1.0,8.716487e-19,0
5706,1.0,1.2105437e-17,0
5707,1.0,2.6381663e-17,0
5708,1.0,8.5193354e-14,0
5709,1.0,2.1478373e-15,0
5710,1.0,1.06894224e-11,0
5711,0.9999989,1.1190144e-06,0
5712,1.0,1.7867817e-18,0
5713,1.0,1.5790903e-21,0
5714,1.0,2.0984768e-21,0
5715,1.0,1.4397787e-17,0
5716,1.0,2.338496e-12,0
5717,1.0,7.275939e-16,0
5718,1.0,3.824656e-08,0
5719,0.99999976,2.0358448e-07,0
5720,1.0,3.6672714e-19,0
5721,1.0,1.24472765e-17,0
5722,1.0,2.1175425e-10,0
5723,1.0,4.2111882e-21,0
5724,1.0,6.836066e-19,0
5725,1.0,2.8185478e-20,0
5726,1.0,4.2429055e-10,0
5727,1.0,5.2095227e-18,0
5728,1.0,6.272921e-16,0
5729,1.0,2.245015e-11,0
5730,1.0,2.8599727e-22,0
5731,1.0,1.1875789e-08,0
5732,1.0,1.0168544e-19,0
5733,1.0,5.062723e-11,0
5734,1.0,3.825687e-18,0
5735,1.0,8.700323e-16,0
5736,1.0,6.819172e-09,0
5737,1.0,6.702602e-16,0
5738,1.0,8.704129e-11,0
5739,1.0,1.674122e-16,0
5740,1.0,4.2413806e-08,0
5741,1.0,1.5556303e-12,0
5742,1.0,1.4163965e-11,0
5743,1.0,4.409388e-19,0
5744,1.0,2.5230575e-09,0
5745,1.0,3.6916727e-08,0
5746,1.0,1.2791921e-12,0
5747,1.0,9.99028e-23,0
5748,1.0,2.179546e-17,0
5749,1.0,8.129104e-09,0
5750,1.0,6.730586e-22,0
5751,1.0,3.0301708e-09,0
5752,0.9999999,6.8319586e-08,0
5753,1.0,7.928462e-12,0
5754,1.0,1.7071283e-08,0
5755,0.9999999,7.0962045e-08,0
5756,1.0,1.548637e-09,0
5757,0.9999999,1.4612102e-07,0
5758,1.0,8.741372e-09,0
5759,1.0,4.9936546e-18,0
5760,1.0,3.6724184e-14,0
5761,1.0,1.9490358e-09,0
5762,0.99999976,2.3288955e-07,0
5763,1.0,4.19511e-12,0
5764,1.0,2.4831355e-17,0
5765,1.0,7.0829315e-14,0
5766,1.0,4.5681478e-15,0
5767,1.0,8.394284e-17,0
5768,1.0,7.002184e-19,0
5769,1.0,5.1257397e-20,0
5770,1.0,1.1996296e-18,0
5771,1.0,2.2377804e-08,0
5772,1.0,1.1007186e-21,0
5773,1.0,2.5483892e-18,0
5774,1.0,5.3785017e-14,0
5775,1.0,2.2127667e-21,0
5776,1.0,4.2685603e-19,0
5777,1.0,1.5976046e-16,0
5778,1.0,3.416865e-19,0
5779,1.0,2.7878427e-16,0
5780,1.0,9.5513814e-14,0
5781,1.0,1.1157205e-16,0
5782,1.0,2.1558886e-09,0
5783,1.0,1.7246385e-22,0
5784,1.0,5.6277116e-23,0
5785,1.0,9.994971e-15,0
5786,1.0,7.8068364e-16,0
5787,1.0,5.87332e-15,0
5788,1.0,2.5511924e-09,0
5789,1.0,1.1791272e-10,0
5790,1.0,1.0993055e-08,0
5791,1.0,2.1693438e-09,0
5792,1.0,2.0480808e-16,0
5793,1.0,1.5446321e-19,0
5794,1.0,4.37538e-09,0
5795,1.0,6.3857144e-18,0
5796,1.0,3.4745344e-15,0
5797,1.0,2.9978125e-12,0
5798,1.0,1.7445475e-16,0
5799,1.0,1.5046536e-13,0
5800,1.0,6.1124837e-15,0
5801,1.0,1.7770474e-11,0
5802,1.0,1.8787103e-21,0
5803,1.0,5.796082e-17,0
5804,1.0,1.29845535e-11,0
5805,1.0,2.0381881e-18,0
5806,1.0,1.7609102e-14,0
5807,1.0,2.3335453e-16,0
5808,1.0,8.0189556e-11,0
5809,1.0,3.6135617e-09,0
5810,1.0,1.0277961e-14,0
5811,1.0,1.3089354e-16,0
5812,1.0,1.6640433e-08,0
5813,1.0,2.7716134e-20,0
5814,1.0,1.0101145e-14,0
5815,1.0,1.5772397e-09,0
5816,1.0,1.2114101e-09,0
5817,1.0,4.409729e-17,0
5818,0.99999976,2.3598335e-07,0
5819,1.0,2.2709031e-14,0
5820,1.0,5.787724e-19,0
5821,1.0,4.0287944e-22,0
5822,1.0,2.3888742e-09,0
5823,1.0,2.8949584e-12,0
5824,1.0,7.794964e-12,0
5825,1.0,1.4930396e-15,0
5826,1.0,1.7533673e-16,0
5827,1.0,2.7182177e-09,0
5828,1.0,2.7489806e-08,0
5829,1.0,5.7340925e-15,0
5830,1.0,1.2397665e-09,0
5831,1.0,2.989936e-17,0
5832,1.0,4.8368265e-09,0
5833,1.0,1.4573347e-16,0
5834,1.0,3.0321926e-10,0
5835,1.0,4.1535694e-10,0
5836,1.0,3.508988e-18,0
5837,1.0,1.4670058e-17,0
5838,1.0,2.9754412e-09,0
5839,1.0,1.7723024e-14,0
5840,1.0,3.1164407e-16,0
5841,1.0,7.9674354e-16,0
5842,1.0,5.5145852e-17,0
5843,1.0,1.6748433e-09,0
5844,1.0,1.7036492e-14,0
5845,1.0,3.354523e-12,0
5846,1.0,1.07012794e-10,0
5847,1.0,4.683829e-17,0
5848,1.0,1.9032932e-14,0
5849,1.0,7.166707e-11,0
5850,1.0,5.438059e-19,0
5851,0.9999999,6.846687e-08,0
5852,1.0,5.1975746e-10,0
5853,1.0,1.9826473e-15,0
5854,1.0,1.9481883e-09,0
5855,1.0,1.0384837e-15,0
5856,1.0,7.2460764e-17,0
5857,0.9999999,7.700815e-08,0
5858,1.0,6.246629e-09,0
5859,1.0,3.1101283e-20,0
5860,1.0,1.8462319e-17,0
5861,1.0,2.682022e-10,0
5862,1.0,2.5148208e-18,0
5863,1.0,8.734822e-09,0
5864,1.0,1.3973781e-09,0
5865,1.0,1.2313731e-15,0
5866,1.0,9.736438e-22,0
5867,1.0,3.6616716e-16,0
5868,1.0,1.817977e-16,0
5869,1.0,1.04679525e-17,0
5870,0.9999999,1.16470616e-07,0
5871,1.0,1.1190524e-11,0
5872,1.0,4.181055e-10,0
5873,1.0,4.0924186e-18,0
5874,1.0,3.546171e-09,0
5875,1.0,1.4202504e-09,0
5876,1.0,5.7216315e-17,0
5877,1.0,3.0447445e-18,0
5878,1.0,5.745915e-08,0
5879,1.0,5.3011654e-15,0
5880,1.0,6.549017e-14,0
5881,1.0,2.5239484e-20,0
5882,1.0,1.507554e-22,0
5883,1.0,1.529897e-17,0
5884,1.0,7.736035e-18,0
5885,1.0,2.9294288e-20,0
5886,1.0,3.5211147e-15,0
5887,1.0,8.720576e-12,0
5888,1.0,5.5085356e-15,0
5889,1.0,9.934766e-21,0
5890,1.0,3.1177938e-10,0
5891,1.0,7.535735e-24,0
5892,1.0,1.1985515e-16,0
5893,1.0,4.6196713e-14,0
5894,1.0,1.8192462e-09,0
5895,1.0,2.5577552e-13,0
5896,1.0,1.9602875e-09,0
5897,1.0,1.2589961e-18,0
5898,1.0,2.4463407e-13,0
5899,1.0,2.3693628e-08,0
5900,1.0,3.4066377e-10,0
5901,1.0,2.6034373e-23,0
5902,1.0,3.1683701e-15,0
5903,1.0,9.108072e-09,0
5904,1.0,3.2206507e-13,0
5905,1.0,7.60539e-17,0
5906,1.0,4.568046e-10,0
5907,1.0,6.035712e-10,0
5908,1.0,4.5374874e-14,0
5909,1.0,2.1505446e-21,0
5910,1.0,1.8859041e-22,0
5911,1.0,3.337504e-11,0
5912,1.0,4.64918e-13,0
5913,0.99999976,1.8389693e-07,0
5914,1.0,4.5812397e-21,0
5915,1.0,4.1802736e-10,0
5916,1.0,1.4421875e-08,0
5917,0.999992,7.966325e-06,0
5918,1.0,4.348421e-18,0
5919,1.0,7.139428e-09,0
5920,1.0,6.5644313e-12,0
5921,1.0,2.7321103e-21,0
5922,1.0,2.0655935e-16,0
5923,1.0,1.2040456e-09,0
5924,1.0,7.370416e-16,0
5925,1.0,1.9851784e-08,0
5926,1.0,4.2445695e-08,0
5927,1.0,2.0673756e-08,0
5928,1.0,5.5649876e-09,0
5929,0.9999999,1.3521642e-07,0
5930,1.0,4.7367466e-09,0
5931,1.0,4.866738e-08,0
5932,0.99999905,9.4609305e-07,0
5933,0.99999964,3.420853e-07,0
5934,0.9999995,4.9859284e-07,0
5935,0.9999999,7.941114e-08,0
5936,1.0,1.499266e-08,0
5937,1.0,3.2121115e-09,0
5938,0.9999999,6.314637e-08,0
5939,0.99999976,2.2969718e-07,0
5940,0.9999999,7.748242e-08,0
5941,1.0,4.3251642e-09,0
5942,1.0,4.992747e-08,0
5943,1.0,4.9942656e-10,0
5944,1.0,2.122988e-08,0
5945,1.0,6.560191e-11,0
5946,1.0,6.821848e-10,0
5947,0.99999964,2.9865132e-07,0
5948,1.0,1.4780023e-12,0
5949,0.99999976,2.1419015e-07,0
5950,0.9999999,1.5085331e-07,0
5951,1.0,1.2367441e-08,0
5952,0.9999993,7.3451974e-07,0
5953,0.99999917,8.6145224e-07,0
5954,1.0,2.3555437e-11,0
5955,0.9999999,1.5201574e-07,0
5956,1.0,1.0457783e-08,0
5957,1.0,1.3590751e-08,0
5958,0.9999999,6.487569e-08,0
5959,0.99999976,2.9124888e-07,0
5960,0.9999988,1.2195338e-06,0
5961,0.9999999,8.697753e-08,0
5962,0.9999993,7.411432e-07,0
5963,0.9999999,8.52814e-08,0
5964,1.0,6.4213226e-09,0
5965,0.9999999,9.664533e-08,0
5966,1.0,5.0806754e-08,0
5967,0.99999964,3.0898016e-07,0
5968,0.99999857,1.3942196e-06,0
5969,0.9999988,1.2269381e-06,0
5970,0.999998,1.9925433e-06,0
5971,0.9999981,1.8781154e-06,0
5972,1.0,1.25236115e-08,0
5973,1.0,3.8079415e-09,0
5974,1.0,1.4836449e-09,0
5975,0.9999999,6.809362e-08,0
5976,1.0,7.796716e-09,0
5977,0.9999999,7.3111075e-08,0
5978,1.0,4.7899064e-08,0
5979,0.9999999,1.2301784e-07,0
5980,0.99999976,2.730436e-07,0
5981,0.9999981,1.9427255e-06,0
5982,0.9999995,4.385157e-07,0
5983,1.0,3.4087846e-09,0
5984,0.99999976,2.208717e-07,0
5985,0.9999999,1.3144052e-07,0
5986,0.9999999,6.740731e-08,0
5987,0.99999964,3.5113496e-07,0
5988,0.99999976,2.9798395e-07,0
5989,1.0,5.166581e-09,0
5990,1.0,7.3614753e-10,0
5991,0.9999994,5.391068e-07,0
5992,0.9999999,1.3692387e-07,0
5993,1.0,4.7011426e-08,0
5994,0.99999833,1.7048561e-06,0
5995,1.0,5.3862865e-09,0
5996,1.0,2.8370705e-08,0
5997,1.0,1.1499388e-09,0
5998,0.9999999,1.05111404e-07,0
5999,1.0,3.400795e-10,0
6000,1.0,4.5710756e-08,0
6001,1.0,8.355853e-09,0
6002,0.9999999,9.7670664e-08,0
6003,1.0,4.4274643e-08,0
6004,0.99999976,2.6151784e-07,0
6005,1.0,1.5072309e-12,0
6006,1.0,4.630074e-09,0
6007,1.0,5.5586197e-10,0
6008,0.99999964,3.61961e-07,0
6009,0.99999964,4.165753e-07,0
6010,0.99999976,2.1484315e-07,0
6011,0.9999999,7.154385e-08,0
6012,1.0,1.3291935e-08,0
6013,0.99999964,3.225331e-07,0
6014,1.0,1.656557e-08,0
6015,0.99999976,2.1527099e-07,0
6016,0.9999999,1.4786517e-07,0
6017,1.0,4.205683e-13,0
6018,0.99999976,1.8693724e-07,0
6019,1.0,3.5291704e-11,0
6020,0.9999999,1.5989211e-07,0
6021,1.0,1.7526128e-11,0
6022,1.0,5.2026877e-12,0
6023,1.0,1.2345776e-09,0
6024,1.0,1.0133469e-10,0
6025,1.0,3.5875e-09,0
6026,1.0,1.5537139e-13,0
6027,1.0,1.8209428e-10,0
6028,1.0,2.1812847e-09,0
6029,1.0,4.4995778e-13,0
6030,1.0,4.6045898e-08,0
6031,1.0,8.377871e-10,0
6032,1.0,3.285134e-11,0
6033,1.0,9.233349e-12,0
6034,1.0,2.8485615e-11,0
6035,1.0,2.0462263e-12,0
6036,1.0,1.4409584e-12,0
6037,1.0,1.2659886e-11,0
6038,1.0,2.2690329e-10,0
6039,1.0,2.6637606e-10,0
6040,1.0,6.025527e-12,0
6041,1.0,4.4051776e-11,0
6042,1.0,7.439667e-12,0
6043,1.0,1.6902747e-11,0
6044,1.0,7.2052455e-12,0
6045,0.99999833,1.7124071e-06,0
6046,0.9999995,5.087017e-07,0
6047,1.0,3.3780212e-09,0
6048,1.0,1.7631738e-08,0
6049,0.99999976,2.442147e-07,0
6050,1.0,6.232772e-10,0
6051,1.0,5.5340298e-08,0
6052,0.99999523,4.7385515e-06,0
6053,1.0,1.44132954e-08,0
6054,1.0,4.1267992e-10,0
6055,1.0,8.365612e-09,0
6056,1.0,1.1443512e-08,0
6057,0.99999976,2.1498991e-07,0
6058,0.9999975,2.5591778e-06,0
6059,0.9999999,1.6535398e-07,0
6060,1.0,1.5305023e-08,0
6061,0.9999999,1.1114287e-07,0
6062,0.9999794,2.0680618e-05,0
6063,1.0,1.1491445e-10,0
6064,1.0,9.796779e-10,0
6065,1.0,3.5780506e-08,0
6066,0.9999987,1.3486627e-06,0
6067,1.0,2.9465719e-08,0
6068,1.0,1.1527942e-08,0
6069,1.0,3.6469935e-08,0
6070,1.0,8.113427e-09,0
6071,1.0,5.2418436e-08,0
6072,0.99999964,3.307421e-07,0
6073,0.99999976,2.1180703e-07,0
6074,1.0,1.7525586e-08,0
6075,0.99999964,3.9580382e-07,0
6076,1.0,7.067801e-11,0
6077,0.9999987,1.2884407e-06,0
6078,0.9999976,2.3857574e-06,0
6079,1.0,2.4017304e-09,0
6080,0.99999976,2.2320413e-07,0
6081,1.0,8.556895e-09,0
6082,0.9999999,6.636403e-08,0
6083,1.0,2.8583896e-08,0
6084,1.0,7.1968054e-10,0
6085,1.0,1.6101351e-08,0
6086,0.9999999,8.385776e-08,0
6087,1.0,1.760545e-09,0
6088,0.9999999,1.7508856e-07,0
6089,1.0,1.6625522e-08,0
6090,1.0,1.9261008e-09,0
6091,0.99999845,1.4980291e-06,0
6092,1.0,1.7676996e-08,0
6093,0.99999976,2.0736614e-07,0
6094,1.0,1.633745e-08,0
6095,0.99999976,2.3280363e-07,0
6096,1.0,2.856896e-08,0
6097,0.9999995,4.9700867e-07,0
6098,0.9999999,7.766707e-08,0
6099,1.0,1.0296927e-08,0
6100,1.0,7.46854e-09,0
6101,1.0,4.9296733e-10,0
6102,1.0,4.962089e-09,0
6103,1.0,2.0258968e-08,0
6104,1.0,5.0623514e-09,0
6105,1.0,7.269057e-09,0
6106,1.0,6.924494e-10,0
6107,1.0,1.7845889e-10,0
6108,1.0,4.572265e-10,0
6109,1.0,3.3858327e-09,0
6110,1.0,1.8326904e-08,0
6111,0.9999999,9.438943e-08,0
6112,1.0,5.493436e-08,0
6113,0.99999094,9.047455e-06,0
6114,1.0,7.503064e-09,0
6115,1.0,1.9724683e-10,0
6116,1.0,2.2086473e-17,0
6117,1.0,1.4154487e-11,0
6118,1.0,2.7784843e-12,0
6119,1.0,2.6314917e-10,0
6120,1.0,2.1273456e-08,0
6121,1.0,4.8460652e-11,0
6122,1.0,1.6359418e-10,0
6123,1.0,1.8545429e-10,0
6124,1.0,3.2360108e-11,0
6125,1.0,2.722089e-12,0
6126,1.0,1.4218798e-12,0
6127,1.0,1.47102215e-08,0
6128,0.99999976,2.5393732e-07,0
6129,1.0,7.113174e-11,0
6130,1.0,2.886455e-13,0
6131,0.9999982,1.7660166e-06,0
6132,1.0,3.5334928e-08,0
6133,1.0,7.874129e-09,0
6134,1.0,1.6990692e-08,0
6135,1.0,1.3828485e-09,0
6136,0.9999995,4.441234e-07,0
6137,0.99999976,2.910717e-07,0
6138,1.0,3.8319414e-09,0
6139,1.0,3.823081e-08,0
6140,0.9999999,1.3938218e-07,0
6141,0.9999999,1.524824e-07,0
6142,1.0,2.965943e-10,0
6143,0.9999994,6.460835e-07,0
6144,0.99999094,9.04459e-06,0
6145,0.99999595,4.0149107e-06,0
6146,1.0,6.5635863e-10,0
6147,1.0,6.3472466e-10,0
6148,1.0,2.736852e-13,0
6149,0.9999999,1.0297854e-07,0
6150,1.0,2.6237937e-10,0
6151,0.9999988,1.2048719e-06,0
6152,0.9999993,6.797889e-07,0
6153,1.0,4.9498667e-09,0
6154,1.0,9.002148e-09,0
6155,0.9999999,1.11076744e-07,0
6156,1.0,1.8826613e-08,0
6157,0.9999999,9.211062e-08,0
6158,1.0,2.7919512e-08,0
6159,1.0,3.9702504e-09,0
6160,1.0,4.4401833e-08,0
6161,1.0,1.3236075e-08,0
6162,0.9999999,1.0967049e-07,0
6163,1.0,1.6821916e-08,0
6164,1.0,1.804821e-08,0
6165,1.0,1.4565293e-08,0
6166,1.0,3.224837e-09,0
6167,0.99999964,3.5123009e-07,0
6168,0.9999999,7.264569e-08,0
6169,0.99999523,4.818174e-06,0
6170,1.0,3.6298385e-08,0
6171,1.0,3.677671e-09,0
6172,0.9999993,6.745708e-07,0
6173,0.99999976,2.3041088e-07,0
6174,1.0,3.1398656e-08,0
6175,1.0,9.2479475e-11,0
6176,0.99999976,2.215434e-07,0
6177,1.0,3.375242e-11,0
6178,1.0,4.0141095e-09,0
6179,0.9999999,8.4089045e-08,0
6180,0.9999999,8.217371e-08,0
6181,0.9999995,5.071231e-07,0
6182,0.9999994,6.0766325e-07,0
6183,0.99999964,3.3107347e-07,0
6184,1.0,5.8820717e-09,0
6185,1.0,5.2598277e-09,0
6186,1.0,1.187858e-11,0
6187,0.99999976,2.7974264e-07,0
6188,1.0,7.1201716e-09,0
6189,0.9999999,1.1860096e-07,0
6190,1.0,2.6894321e-08,0
6191,1.0,6.239063e-14,0
6192,1.0,1.0216268e-12,0
6193,1.0,4.7355983e-13,0
6194,1.0,6.749477e-09,0
6195,1.0,1.995781e-09,0
6196,1.0,2.2780657e-10,0
6197,0.9999999,9.619439e-08,0
6198,0.99999976,1.977911e-07,0
6199,1.0,1.3515268e-08,0
6200,1.0,7.1963043e-12,0
6201,1.0,1.2850515e-12,0
6202,1.0,2.7958615e-09,0
6203,1.0,7.516409e-10,0
6204,0.99999857,1.4199336e-06,0
6205,1.0,3.133787e-08,0
6206,1.0,2.4581523e-08,0
6207,1.0,1.6953825e-11,0
6208,0.99999964,3.1459868e-07,0
6209,0.9999956,4.3575283e-06,0
6210,0.99999964,2.985807e-07,0
6211,1.0,3.8813215e-09,0
6212,1.0,4.4494732e-09,0
6213,0.99999666,3.3151498e-06,0
6214,1.0,1.6170137e-08,0
6215,1.0,1.5105753e-08,0
6216,0.9999999,7.6284216e-08,0
6217,1.0,5.205591e-10,0
6218,1.0,2.1508459e-08,0
6219,1.0,8.105442e-10,0
6220,1.0,8.831694e-11,0
6221,1.0,1.3495324e-09,0
6222,1.0,3.3724254e-10,0
6223,1.0,2.8076837e-08,0
6224,0.99999523,4.7866465e-06,0
6225,1.0,3.7393336e-10,0
6226,1.0,5.3613622e-08,0
6227,1.0,5.7493462e-08,0
6228,1.0,4.5428187e-08,0
6229,1.0,3.6100827e-09,0
6230,1.0,2.6500503e-08,0
6231,0.9999999,1.7528002e-07,0
6232,0.99999964,3.883849e-07,0
6233,0.9999995,4.5286046e-07,0
6234,1.0,1.673484e-08,0
6235,1.0,3.610229e-08,0
6236,0.9999981,1.8964631e-06,0
6237,1.0,3.4802892e-09,0
6238,1.0,1.86067e-09,0
6239,1.0,1.363902e-09,0
6240,0.9999995,4.890429e-07,0
6241,0.9999999,1.0979502e-07,0
6242,1.0,1.5047592e-10,0
6243,0.99999964,3.3547673e-07,0
6244,1.0,4.594801e-11,0
6245,0.99999976,2.9285425e-07,0
6246,1.0,6.899705e-11,0
6247,1.0,3.9145263e-08,0
6248,1.0,4.3150642e-08,0
6249,1.0,5.732677e-09,0
6250,0.9999995,5.0876673e-07,0
6251,1.0,4.4282897e-09,0
6252,1.0,6.95331e-09,0
6253,1.0,3.0887303e-11,0
6254,1.0,1.0042273e-09,0
6255,0.9999999,1.2954521e-07,0
6256,1.0,2.2319215e-10,0
6257,1.0,8.5344454e-10,0
6258,1.0,2.0862611e-13,0
6259,1.0,1.3382394e-08,0
6260,1.0,2.1296433e-08,0
6261,1.0,3.0926493e-08,0
6262,0.9999999,1.6684554e-07,0
6263,1.0,1.1089888e-08,0
6264,1.0,1.223618e-09,0
6265,1.0,1.3882457e-08,0
6266,1.0,6.4522204e-10,0
6267,0.99999654,3.4667667e-06,0
6268,1.0,1.1089777e-09,0
6269,1.0,2.0018897e-08,0
6270,0.9999999,1.0220191e-07,0
6271,1.0,1.9251598e-10,0
6272,0.9999999,1.5209419e-07,0
6273,0.99999964,3.531772e-07,0
6274,0.99999964,3.189525e-07,0
6275,0.99999976,2.1194566e-07,0
6276,1.0,3.5240663e-10,0
6277,1.0,2.812293e-08,0
6278,1.0,5.0933565e-08,0
6279,0.9999939,6.1118626e-06,0
6280,1.0,6.61597e-11,0
6281,0.99999964,3.1587095e-07,0
6282,0.9999995,4.7758033e-07,0
6283,0.99999917,8.296966e-07,0
6284,1.0,3.1310888e-14,0
6285,1.0,2.9828006e-12,0
6286,0.99999964,3.2061274e-07,0
6287,0.9999999,6.484625e-08,0
6288,1.0,5.322057e-11,0
6289,1.0,1.3362887e-11,0
6290,1.0,4.1334636e-10,0
6291,0.999997,3.0082947e-06,0
6292,1.0,5.8227427e-09,0
6293,1.0,1.3845349e-09,0
6294,1.0,6.0246565e-11,0
6295,1.0,2.0032687e-08,0
6296,1.0,5.468542e-09,0
6297,1.0,1.0526368e-11,0
6298,1.0,3.29468e-10,0
6299,1.0,2.2835799e-08,0
6300,1.0,8.0109235e-09,0
6301,1.0,1.2534287e-09,0
6302,1.0,3.6253254e-09,0
6303,1.0,5.8102954e-09,0
6304,1.0,1.2361805e-08,0
6305,1.0,1.1311783e-09,0
6306,0.99999833,1.7138088e-06,0
6307,0.9999999,1.1555839e-07,0
6308,1.0,2.3202678e-11,0
6309,0.99999964,3.5803654e-07,0
6310,0.9999999,6.491951e-08,0
6311,1.0,5.3896576e-09,0
6312,1.0,1.1538357e-10,0
6313,1.0,3.2369525e-09,0
6314,1.0,2.2562156e-10,0
6315,1.0,1.07078894e-11,0
6316,0.99999297,7.0232413e-06,0
6317,1.0,3.2919475e-10,0
6318,1.0,1.3228268e-09,0
6319,1.0,4.1411338e-10,0
6320,0.9998671,0.0001328823,0
6321,0.9999988,1.2029958e-06,0
6322,1.0,6.287099e-10,0
6323,0.9999999,9.251683e-08,0
6324,1.0,7.534988e-09,0
6325,1.0,2.5575295e-10,0
6326,0.9999999,6.856292e-08,0
6327,1.0,9.3269885e-11,0
6328,1.0,5.2314797e-10,0
6329,1.0,1.4206187e-09,0
6330,1.0,9.911206e-09,0
6331,1.0,1.0411013e-08,0
6332,1.0,7.398923e-09,0
6333,1.0,2.13801e-09,0
6334,1.0,3.165526e-11,0
6335,1.0,2.0499777e-11,0
6336,1.0,5.557472e-11,0
6337,1.0,5.504886e-13,0
6338,1.0,4.4488951e-13,0
6339,1.0,7.308163e-09,0
6340,1.0,1.3822894e-09,0
6341,1.0,3.7528682e-09,0
6342,1.0,3.0404163e-10,0
6343,0.9999995,5.189348e-07,0
6344,1.0,2.4070843e-11,0
6345,1.0,1.1481685e-08,0
6346,1.0,2.419793e-08,0
6347,1.0,4.7778165e-08,0
6348,1.0,2.0318591e-09,0
6349,0.9999999,1.6792895e-07,0
6350,1.0,9.606912e-09,0
6351,1.0,4.0651624e-09,0
6352,1.0,2.5159455e-09,0
6353,1.0,2.2117421e-09,0
6354,1.0,6.086042e-11,0
6355,1.0,8.94296e-11,0
6356,1.0,1.0373253e-08,0
6357,1.0,4.6154756e-08,0
6358,1.0,4.2167256e-10,0
6359,0.99999964,3.53615e-07,0
6360,1.0,3.641311e-10,0
6361,1.0,3.2659975e-11,0
6362,0.9999999,7.681275e-08,0
6363,1.0,1.8390477e-10,0
6364,1.0,6.7146027e-09,0
6365,1.0,1.0672748e-09,0
6366,1.0,5.606279e-10,0
6367,1.0,4.2471623e-11,0
6368,1.0,3.7784325e-08,0
6369,1.0,3.390971e-09,0
6370,1.0,4.279273e-11,0
6371,0.9999999,1.4143491e-07,0
6372,1.0,6.325236e-11,0
6373,1.0,1.6398547e-08,0
6374,0.9999988,1.1470563e-06,0
6375,1.0,1.4547058e-11,0
6376,1.0,1.2140684e-08,0
6377,1.0,1.613393e-09,0
6378,1.0,1.0977733e-09,0
6379,1.0,3.3960664e-08,0
6380,1.0,1.3291844e-10,0
6381,1.0,3.3055414e-08,0
6382,0.9999993,7.330656e-07,0
6383,1.0,1.3121783e-11,0
6384,1.0,6.4567696e-12,0
6385,1.0,1.8210887e-10,0
6386,1.0,2.5296364e-08,0
6387,1.0,8.729143e-09,0
6388,1.0,1.0790037e-08,0
6389,1.0,3.104734e-09,0
6390,1.0,9.085723e-09,0
6391,1.0,5.7882175e-09,0
6392,1.0,7.171216e-12,0
6393,0.9999974,2.6769353e-06,0
6394,1.0,1.8915145e-09,0
6395,1.0,2.9243732e-11,0
6396,1.0,1.2305016e-12,0
6397,1.0,6.243359e-11,0
6398,1.0,1.2066758e-09,0
6399,1.0,2.1585395e-08,0
6400,1.0,3.9334952e-10,0
6401,0.9999993,6.626202e-07,0
6402,1.0,8.171951e-12,0
6403,0.99999976,2.5751004e-07,0
6404,1.0,2.1906867e-09,0
6405,1.0,1.7543764e-10,0
6406,0.9999999,8.226263e-08,0
6407,1.0,1.5251258e-08,0
6408,0.9999995,4.344725e-07,0
6409,0.9999999,1.6024642e-07,0
6410,0.99999976,1.8629422e-07,0
6411,1.0,1.6327451e-08,0
6412,1.0,5.4559177e-08,0
6413,0.9999999,1.381616e-07,0
6414,1.0,1.6549345e-11,0
6415,1.0,7.149699e-10,0
6416,1.0,2.7903393e-11,0
6417,1.0,1.4142809e-10,0
6418,1.0,2.8022052e-08,0
6419,1.0,2.429924e-10,0
6420,1.0,1.3922815e-08,0
6421,1.0,9.7860635e-09,0
6422,1.0,6.039751e-11,0
6423,1.0,3.7773855e-09,0
6424,1.0,5.941758e-08,0
6425,1.0,6.624708e-11,0
6426,0.9999989,1.0780409e-06,0
6427,0.99999976,2.7544715e-07,0
6428,1.0,5.457705e-09,0
6429,1.0,3.4066897e-10,0
6430,0.9999994,5.3842393e-07,0
6431,1.0,6.983936e-12,0
6432,1.0,5.1011124e-09,0
6433,1.0,6.868825e-10,0
6434,1.0,2.0679503e-09,0
6435,1.0,5.9236405e-12,0
6436,0.9999999,9.6407454e-08,0
6437,1.0,7.193718e-10,0
6438,1.0,6.360802e-12,0
6439,1.0,1.4495714e-10,0
6440,1.0,6.9550637e-12,0
6441,1.0,4.2887538e-10,0
6442,1.0,4.551044e-10,0
6443,1.0,2.6010621e-10,0
6444,1.0,1.0024365e-08,0
6445,1.0,4.450911e-11,0
6446,1.0,3.3735622e-11,0
6447,1.0,4.7297252e-08,0
6448,1.0,3.0846255e-08,0
6449,1.0,7.4667555e-10,0
6450,0.9999999,7.20306e-08,0
6451,1.0,4.3954152e-08,0
6452,1.0,1.3800857e-11,0
6453,1.0,3.5853998e-09,0
6454,1.0,8.39855e-12,0
6455,1.0,5.404434e-11,0
6456,1.0,5.345479e-10,0
6457,1.0,1.7959802e-10,0
6458,1.0,2.0417812e-09,0
6459,1.0,6.244362e-10,0
6460,1.0,2.0926858e-09,0
6461,0.99999964,3.0166007e-07,0
6462,1.0,1.943638e-09,0
6463,1.0,4.639303e-09,0
6464,1.0,3.0425426e-08,0
6465,1.0,3.2300451e-09,0
6466,0.99999964,4.0106454e-07,0
6467,0.9999962,3.760039e-06,0
6468,1.0,2.365785e-09,0
6469,1.0,1.795523e-08,0
6470,1.0,2.0639783e-09,0
6471,0.99999964,3.0608402e-07,0
6472,1.0,1.476236e-08,0
6473,1.0,2.7638709e-11,0
6474,1.0,5.58029e-10,0
6475,1.0,3.1947145e-10,0
6476,1.0,5.8615957e-10,0
6477,1.0,2.9353853e-09,0
6478,1.0,2.0253991e-11,0
6479,1.0,2.0527276e-08,0
6480,0.9999964,3.5203057e-06,0
6481,1.0,1.6316819e-10,0
6482,1.0,1.0043766e-09,0
6483,0.99999976,2.329753e-07,0
6484,1.0,5.764897e-11,0
6485,1.0,7.048933e-09,0
6486,1.0,1.6871471e-11,0
6487,1.0,1.8566568e-09,0
6488,0.9999999,7.312362e-08,0
6489,1.0,5.1933924e-10,0
6490,1.0,1.0330427e-08,0
6491,1.0,1.7033149e-10,0
6492,1.0,5.4088244e-12,0
6493,1.0,1.0074657e-09,0
6494,1.0,5.0568553e-11,0
6495,0.99999976,2.0180184e-07,0
6496,0.9999999,9.695662e-08,0
6497,1.0,2.0405773e-10,0
6498,0.99999905,9.1099486e-07,0
6499,0.99999523,4.7466797e-06,0
6500,1.0,5.7286247e-08,0
6501,1.0,1.0806138e-09,0
6502,1.0,1.7936097e-08,0
6503,0.9999999,6.8221404e-08,0
6504,1.0,2.1714065e-08,0
6505,1.0,1.6240632e-09,0
6506,1.0,3.653785e-10,0
6507,1.0,1.1527497e-09,0
6508,1.0,3.5251373e-09,0
6509,1.0,4.9025328e-08,0
6510,0.9999999,1.6406595e-07,0
6511,1.0,3.9116863e-10,0
6512,1.0,4.1303134e-09,0
6513,1.0,4.1624992e-10,0
6514,1.0,1.1188219e-11,0
6515,1.0,5.861143e-08,0
6516,1.0,1.5463975e-08,0
6517,1.0,4.4325996e-09,0
6518,1.0,1.8820204e-10,0
6519,0.9999753,2.4660036e-05,0
6520,1.0,5.3770792e-09,0
6521,1.0,3.4539213e-10,0
6522,1.0,1.6467069e-11,0
6523,1.0,9.774307e-10,0
6524,1.0,1.7439895e-11,0
6525,1.0,2.2926803e-11,0
6526,1.0,8.43009e-11,0
6527,1.0,1.8655881e-09,0
6528,1.0,1.743131e-08,0
6529,1.0,4.9954058e-11,0
6530,0.9999993,7.633573e-07,0
6531,1.0,2.737164e-10,0
6532,0.9999999,1.5408895e-07,0
6533,0.99999976,2.9469157e-07,0
6534,1.0,8.82076e-09,0
6535,0.9999999,1.3188514e-07,0
6536,1.0,3.3079613e-13,0
6537,1.0,4.1778425e-10,0
6538,0.9999982,1.797756e-06,0
6539,1.0,5.3876428e-09,0
6540,0.9999999,6.3090994e-08,0
6541,1.0,2.3473565e-09,0
6542,1.0,1.1967381e-08,0
6543,1.0,5.917555e-08,0
6544,1.0,1.2182123e-10,0
6545,1.0,1.8164116e-11,0
6546,1.0,2.7928448e-09,0
6547,1.0,2.9420892e-09,0
6548,1.0,1.3279866e-09,0
6549,1.0,7.247729e-11,0
6550,1.0,8.7066035e-11,0
6551,1.0,5.5257654e-10,0
6552,1.0,1.5832036e-10,0
6553,1.0,9.1712943e-10,0
6554,1.0,1.3725844e-09,0
6555,1.0,2.0342206e-09,0
6556,1.0,1.18141e-10,0
6557,1.0,1.2859698e-10,0
6558,1.0,1.149333e-10,0
6559,1.0,1.3615945e-08,0
6560,1.0,1.663729e-08,0
6561,1.0,9.901947e-09,0
6562,1.0,1.7551582e-08,0
6563,1.0,1.9764291e-11,0
6564,0.99999976,2.8170933e-07,0
6565,1.0,7.698036e-09,0
6566,1.0,1.4094325e-08,0
6567,1.0,2.5055403e-12,0
6568,1.0,2.2913187e-09,0
6569,1.0,2.4875609e-11,0
6570,0.9999988,1.2113896e-06,0
6571,1.0,1.9921451e-09,0
6572,1.0,6.4286658e-12,0
6573,1.0,5.041137e-08,0
6574,1.0,2.6220052e-08,0
6575,1.0,3.0063834e-09,0
6576,1.0,3.1037413e-08,0
6577,1.0,2.6144134e-09,0
6578,1.0,3.663331e-10,0
6579,1.0,1.5094209e-11,0
6580,0.99999976,2.483955e-07,0
6581,0.9999999,1.695192e-07,0
6582,1.0,2.0549326e-12,0
6583,1.0,3.3561154e-09,0
6584,0.99999964,3.0168744e-07,0
6585,1.0,4.0114863e-08,0
6586,1.0,5.140765e-10,0
6587,0.99999976,2.0028394e-07,0
6588,1.0,3.9437463e-08,0
6589,1.0,2.0666462e-08,0
6590,1.0,9.498321e-09,0
6591,1.0,1.7443863e-10,0
6592,1.0,9.930754e-09,0
6593,0.9999999,1.00565806e-07,0
6594,1.0,2.0086584e-09,0
6595,1.0,1.587048e-08,0
6596,0.99999976,1.8680358e-07,0
6597,1.0,1.4353161e-08,0
6598,0.9999999,1.6850889e-07,0
6599,0.99999356,6.436024e-06,0
6600,0.9999999,1.6403497e-07,0
6601,0.9999999,9.3792e-08,0
6602,1.0,1.7181762e-08,0
6603,1.0,1.5951119e-11,0
6604,1.0,4.7363533e-11,0
6605,1.0,5.363285e-08,0
6606,1.0,1.5525389e-08,0
6607,1.0,1.0588606e-08,0
6608,0.99999976,2.8927602e-07,0
6609,0.9999999,1.2604086e-07,0
6610,1.0,5.2199137e-08,0
6611,1.0,5.495498e-09,0
6612,0.9999999,7.9756774e-08,0
6613,1.0,1.0743527e-11,0
6614,0.9999999,1.401954e-07,0
6615,1.0,1.8695341e-10,0
6616,1.0,4.2779041e-10,0
6617,1.0,2.1565189e-08,0
6618,1.0,6.192968e-10,0
6619,1.0,2.5946763e-09,0
6620,1.0,1.7205668e-08,0
6621,0.9999989,1.0768819e-06,0
6622,1.0,2.6632947e-09,0
6623,1.0,2.9169353e-08,0
6624,0.99999905,8.9642316e-07,0
6625,1.0,1.2273257e-08,0
6626,1.0,1.9226409e-08,0
6627,0.9999999,1.1795305e-07,0
6628,1.0,9.150117e-10,0
6629,1.0,8.892727e-12,0
6630,0.99999726,2.6879352e-06,0
6631,1.0,4.9799427e-09,0
6632,0.9999999,9.040988e-08,0
6633,1.0,3.9913452e-08,0
6634,0.99999976,2.0860443e-07,0
6635,0.99999976,1.9904415e-07,0
6636,0.9999995,4.322074e-07,0
6637,1.0,2.4687433e-08,0
6638,1.0,6.045278e-09,0
6639,1.0,9.8829664e-09,0
6640,1.0,1.4833329e-10,0
6641,0.9999994,6.015915e-07,0
6642,1.0,1.7781757e-08,0
6643,1.0,1.1773351e-08,0
6644,1.0,8.720921e-09,0
6645,1.0,9.3745465e-09,0
6646,1.0,4.5449805e-10,0
6647,1.0,2.8300362e-10,0
6648,1.0,1.3267756e-10,0
6649,0.9999995,4.962281e-07,0
6650,1.0,3.4448654e-08,0
6651,1.0,4.3599538e-08,0
6652,1.0,1.295967e-10,0
6653,1.0,2.0614603e-09,0
6654,1.0,2.8906907e-10,0
6655,0.9999995,4.7433716e-07,0
6656,1.0,1.1529459e-08,0
6657,0.9999999,1.697078e-07,0
6658,1.0,4.1788963e-09,0
6659,1.0,6.4089606e-10,0
6660,0.99999964,3.2222138e-07,0
6661,1.0,5.265797e-10,0
6662,0.9999999,9.1549786e-08,0
6663,1.0,4.7790144e-10,0
6664,1.0,9.206071e-09,0
6665,0.9999999,9.454836e-08,0
6666,1.0,2.2968287e-08,0
6667,0.9999999,1.715796e-07,0
6668,1.0,1.2938774e-10,0
6669,1.0,4.8162818e-08,0
6670,1.0,1.4306525e-09,0
6671,1.0,5.650988e-08,0
6672,0.99999976,2.8437623e-07,0
6673,0.9999999,9.614303e-08,0
6674,1.0,3.589478e-09,0
6675,0.9999989,1.1208793e-06,0
6676,1.0,3.5235324e-08,0
6677,1.0,5.920761e-08,0
6678,0.9999999,1.1342319e-07,0
6679,1.0,2.3340165e-09,0
6680,0.99999964,3.6462913e-07,0
6681,0.9999937,6.3430207e-06,0
6682,0.9999999,1.3710995e-07,0
6683,1.0,2.4451433e-08,0
6684,1.0,2.8788938e-10,0
6685,1.0,1.5525499e-09,0
6686,1.0,8.1249697e-19,0
6687,1.0,2.4408023e-14,0
6688,0.9999999,7.9688654e-08,0
6689,1.0,1.906162e-08,0
6690,0.9999993,7.641119e-07,0
6691,0.9999994,5.562241e-07,0
6692,1.0,1.21132055e-08,0
6693,0.9999999,7.520561e-08,0
6694,1.0,2.9218674e-09,0
6695,0.9999957,4.345933e-06,0
6696,0.9999982,1.8172377e-06,0
6697,0.9999981,1.9197075e-06,0
6698,1.0,6.9810366e-11,0
6699,0.9999999,1.3988968e-07,0
6700,1.0,3.4395433e-14,0
6701,1.0,3.8717884e-10,0
6702,0.9999385,6.1533545e-05,0
6703,0.99999976,2.765268e-07,0
6704,0.9999999,6.323967e-08,0
6705,1.0,3.4738109e-12,0
6706,0.9999999,1.0544574e-07,0
6707,0.9999999,7.9911786e-08,0
6708,0.9999993,7.122557e-07,0
6709,1.0,4.1534783e-08,0
6710,0.99999964,3.2585612e-07,0
6711,1.0,1.939556e-10,0
6712,0.9999994,5.5534e-07,0
6713,1.0,6.4317507e-10,0
6714,1.0,1.148864e-10,0
6715,0.9999919,8.133153e-06,0
6716,1.0,1.4438382e-09,0
6717,0.99999917,7.928852e-07,0
6718,1.0,1.2522297e-08,0
6719,0.9999999,7.95629e-08,0
6720,1.0,1.197286e-08,0
6721,1.0,6.9843997e-09,0
6722,1.0,1.36427e-11,0
6723,0.9999999,6.5229315e-08,0
6724,0.9999999,1.5051863e-07,0
6725,1.0,2.2912225e-09,0
6726,0.9999995,4.3674657e-07,0
6727,1.0,1.6751428e-10,0
6728,0.9999999,7.261355e-08,0
6729,1.0,1.0578392e-08,0
6730,1.0,4.7198483e-08,0
6731,0.9999988,1.1490731e-06,0
6732,1.0,1.465953e-11,0
6733,1.0,5.6529068e-08,0
6734,1.0,3.472361e-08,0
6735,1.0,1.0232587e-09,0
6736,1.0,9.2148145e-10,0
6737,1.0,5.288878e-10,0
6738,1.0,1.315478e-08,0
6739,0.99999905,9.225126e-07,0
6740,1.0,1.1507215e-10,0
6741,0.99999726,2.734162e-06,0
6742,0.99998975,1.0300275e-05,0
6743,1.0,3.2665007e-08,0
6744,1.0,1.2635107e-08,0
6745,1.0,2.5963844e-09,0
6746,0.9999999,1.5310796e-07,0
6747,0.99999976,1.9706545e-07,0
6748,1.0,6.150203e-10,0
6749,0.9999999,1.2128099e-07,0
6750,1.0,2.679647e-08,0
6751,1.0,1.1439279e-08,0
6752,0.99999964,4.118634e-07,0
6753,1.0,1.2914082e-08,0
6754,1.0,1.0908848e-10,0
6755,1.0,2.9481109e-09,0
6756,0.9999995,4.5995034e-07,0
6757,1.0,1.1617204e-08,0
6758,0.9999926,7.351789e-06,0
6759,1.0,3.0533556e-08,0
6760,1.0,5.1105953e-10,0
6761,1.0,2.1841813e-10,0
6762,1.0,4.722739e-08,0
6763,1.0,2.2240279e-08,0
6764,1.0,1.7431708e-08,0
6765,0.9999999,9.9575196e-08,0
6766,1.0,9.21113e-09,0
6767,0.99999976,2.2378195e-07,0
6768,1.0,2.8809621e-08,0
6769,0.9999999,1.1693349e-07,0
6770,1.0,5.4277688e-08,0
6771,1.0,1.2823241e-08,0
6772,1.0,4.568116e-10,0
6773,0.9999999,1.4121629e-07,0
6774,1.0,5.2434633e-08,0
6775,1.0,4.7155266e-09,0
6776,1.0,4.099158e-08,0
6777,1.0,4.5853962e-08,0
6778,1.0,1.2025567e-08,0
6779,1.0,8.088705e-09,0
6780,0.9999987,1.3375501e-06,0
6781,1.0,2.3206917e-08,0
6782,1.0,6.3734995e-10,0
6783,1.0,3.5786375e-08,0
6784,1.0,4.6167784e-08,0
6785,0.9999999,8.4042064e-08,0
6786,0.9999999,7.760636e-08,0
6787,0.9999999,1.1841391e-07,0
6788,1.0,9.202344e-10,0
6789,1.0,5.07626e-11,0
6790,1.0,1.1656491e-08,0
6791,0.99999976,2.2068473e-07,0
6792,1.0,1.3198587e-08,0
6793,1.0,5.4438598e-08,0
6794,0.99999964,3.094951e-07,0
6795,1.0,2.2633027e-09,0
6796,1.0,1.8303988e-08,0
6797,0.9999987,1.2754693e-06,0
6798,0.9999999,8.4517566e-08,0
6799,1.0,2.7760318e-08,0
6800,1.0,4.8416105e-08,0
6801,0.99999976,2.5048246e-07,0
6802,0.9999999,8.651755e-08,0
6803,1.0,5.8280456e-08,0
6804,0.9999999,7.634797e-08,0
6805,0.99999857,1.4446249e-06,0
6806,1.0,1.185117e-08,0
6807,1.0,1.2446147e-08,0
6808,1.0,4.3479954e-08,0
6809,0.9999999,6.62722e-08,0
6810,0.9999993,7.6974726e-07,0
6811,1.0,1.6315372e-08,0
6812,1.0,8.98143e-09,0
6813,0.9999994,5.3752353e-07,0
6814,0.9999999,1.00155006e-07,0
6815,1.0,3.245411e-08,0
6816,0.9999994,5.7360705e-07,0
6817,1.0,5.3723152e-08,0
6818,0.9999999,9.069244e-08,0
6819,0.99999976,1.9858379e-07,0
6820,1.0,4.0749608e-08,0
6821,0.9999999,1.10675565e-07,0
6822,1.0,5.820855e-09,0
6823,0.9999993,7.300837e-07,0
6824,0.99999976,2.2575831e-07,0
6825,0.99999964,3.806281e-07,0
6826,1.0,5.658473e-08,0
6827,1.0,5.548425e-08,0
6828,0.9999993,6.586567e-07,0
6829,0.9999999,1.5831922e-07,0
6830,0.9999999,7.113306e-08,0
6831,0.9999999,1.0560193e-07,0
6832,1.0,1.4937998e-08,0
6833,1.0,6.174015e-10,0
6834,1.0,1.0645465e-09,0
6835,0.99999976,2.363933e-07,0
6836,0.9999999,1.1023736e-07,0
6837,0.99993956,6.046286e-05,0
6838,0.9999969,3.0437725e-06,0
6839,1.0,5.265509e-09,0
6840,1.0,5.7495107e-08,0
6841,1.0,1.907959e-08,0
6842,0.9999999,5.985836e-08,0
6843,0.9999999,8.2760735e-08,0
6844,0.99999976,2.774405e-07,0
6845,1.0,1.4831959e-08,0
6846,0.9999999,1.6173166e-07,0
6847,0.9999999,1.0459044e-07,0
6848,1.0,3.6636196e-09,0
6849,1.0,1.19636644e-11,0
6850,0.9999999,6.2210205e-08,0
6851,1.0,2.971331e-08,0
6852,1.0,1.3301895e-09,0
6853,1.0,2.6912061e-09,0
6854,0.99999964,2.9956783e-07,0
6855,0.99999964,3.1364365e-07,0
6856,0.99999976,2.0078251e-07,0
6857,1.0,5.0978276e-08,0
6858,0.9999999,5.9803234e-08,0
6859,1.0,5.1164427e-08,0
6860,0.99999714,2.9157256e-06,0
6861,1.0,5.1693537e-08,0
6862,1.0,1.1134248e-08,0
6863,0.9999999,6.299108e-08,0
6864,0.9999999,1.7273807e-07,0
6865,0.9999999,9.3261114e-08,0
6866,1.0,3.328793e-08,0
6867,0.9999999,1.0802974e-07,0
6868,1.0,3.5977116e-08,0
6869,1.0,3.3355743e-08,0
6870,0.99999964,4.0250413e-07,0
6871,0.9999999,9.24281e-08,0
6872,0.9999999,6.37635e-08,0
6873,0.99999917,8.7311093e-07,0
6874,0.9999999,6.986107e-08,0
6875,0.9999999,8.880811e-08,0
6876,1.0,1.8974417e-08,0
6877,1.0,1.8046318e-08,0
6878,1.0,2.495477e-08,0
6879,1.0,2.4686207e-08,0
6880,0.99999976,2.3974255e-07,0
6881,0.99999857,1.4165144e-06,0
6882,1.0,5.54006e-08,0
6883,1.0,1.8586178e-11,0
6884,0.99999976,2.0373324e-07,0
6885,0.99999917,8.868985e-07,0
6886,1.0,4.078656e-11,0
6887,0.9999999,6.1871056e-08,0
6888,1.0,4.099398e-09,0
6889,0.9999999,7.4761395e-08,0
6890,0.9999995,4.8858794e-07,0
6891,0.9999995,4.222098e-07,0
6892,1.0,2.2222417e-09,0
6893,1.0,8.99021e-12,0
6894,1.0,9.281992e-09,0
6895,0.9999708,2.9235021e-05,0
6896,0.9999999,8.4722224e-08,0
6897,1.0,7.453611e-09,0
6898,1.0,1.8164249e-08,0
6899,0.9999999,9.798021e-08,0
6900,1.0,1.7353948e-08,0
6901,0.9999999,1.2857656e-07,0
6902,1.0,3.4020896e-08,0
6903,1.0,2.3234852e-09,0
6904,1.0,1.2252714e-09,0
6905,0.99999964,3.0797406e-07,0
6906,0.99999905,9.514169e-07,0
6907,0.9999999,1.171011e-07,0
6908,0.99999976,2.5828973e-07,0
6909,1.0,1.7552786e-08,0
6910,1.0,1.3726637e-08,0
6911,0.9999994,5.4013555e-07,0
6912,1.0,5.3225833e-08,0
6913,0.9999999,8.6840274e-08,0
6914,1.0,3.388587e-08,0
6915,1.0,3.541019e-10,0
6916,0.9999999,1.1663367e-07,0
6917,0.99999976,2.264967e-07,0
6918,0.9999995,4.2728732e-07,0
6919,0.9999988,1.1740968e-06,0
6920,0.9999999,9.124994e-08,0
6921,0.9999999,1.4105491e-07,0
6922,1.0,1.4659172e-14,0
6923,0.9999999,9.0670994e-08,0
6924,0.99999964,3.108146e-07,0
6925,1.0,2.5332527e-08,0
6926,1.0,3.794096e-08,0
6927,1.0,3.179998e-09,0
6928,1.0,3.2014873e-09,0
6929,0.99999976,2.2294417e-07,0
6930,1.0,4.368625e-09,0
6931,1.0,7.3032296e-09,0
6932,1.0,9.3752115e-12,0
6933,1.0,1.8886533e-08,0
6934,0.99999976,1.7881959e-07,0
6935,1.0,4.9868527e-09,0
6936,0.99999917,8.862145e-07,0
6937,0.9999999,7.4216814e-08,0
6938,1.0,1.9794576e-12,0
6939,1.0,3.1280422e-08,0
6940,0.99999964,3.4715103e-07,0
6941,0.9999999,1.4825784e-07,0
6942,1.0,1.3491546e-12,0
6943,1.0,2.057581e-11,0
6944,1.0,1.9300265e-11,0
6945,1.0,8.086648e-14,0
6946,0.9999918,8.213522e-06,0
6947,0.9999993,7.737489e-07,0
6948,1.0,4.2047088e-11,0
6949,0.9999999,8.9712294e-08,0
6950,0.99999356,6.4837805e-06,0
6951,0.9999999,8.3124114e-08,0
6952,0.9999999,8.265819e-08,0
6953,1.0,1.5177563e-10,0
6954,0.9999958,4.157238e-06,0
6955,0.99999845,1.5125696e-06,0
6956,0.9999999,1.5979057e-07,0
6957,1.0,1.207074e-09,0
6958,0.9999999,6.322218e-08,0
6959,0.99999404,5.9563777e-06,0
6960,1.0,1.271411e-08,0
6961,0.9999999,1.3408307e-07,0
6962,0.9999989,1.0717868e-06,0
6963,1.0,7.2559665e-09,0
6964,1.0,2.4721263e-08,0
6965,0.99999964,3.3322428e-07,0
6966,1.0,5.1439946e-09,0
6967,0.99999917,8.6285405e-07,0
6968,0.9999999,6.510341e-08,0
6969,1.0,1.7834065e-08,0
6970,1.0,7.779277e-09,0
6971,1.0,2.9248183e-08,0
6972,1.0,1.3737467e-10,0
6973,0.9999994,6.436076e-07,0
6974,1.0,9.740087e-09,0
6975,1.0,3.052226e-08,0
6976,1.0,8.1157095e-11,0
6977,1.0,2.497866e-13,0
6978,1.0,2.69074e-12,0
6979,1.0,2.777258e-10,0
6980,1.0,4.737747e-10,0
6981,1.0,1.2107771e-09,0
6982,0.9999999,1.0381591e-07,0
6983,1.0,4.8068764e-11,0
6984,1.0,2.976395e-09,0
6985,1.0,1.1962003e-14,0
6986,0.9999994,6.2815906e-07,0
6987,1.0,5.2112654e-13,0
6988,1.0,6.2428995e-13,0
6989,1.0,1.4533545e-12,0
6990,1.0,3.6857233e-14,0
6991,0.99999976,2.4295795e-07,0
6992,0.99999726,2.7865042e-06,0
6993,1.0,4.3165328e-14,0
6994,1.0,4.041934e-14,0
6995,0.99999845,1.5164434e-06,0
6996,1.0,3.3489432e-15,0
6997,1.0,8.6058813e-13,0
6998,1.0,2.9477546e-14,0
6999,1.0,2.347954e-11,0
7000,1.0,1.06994674e-13,0
7001,1.0,3.2611407e-12,0
7002,1.0,5.5784123e-12,0
7003,1.0,5.9182145e-14,0
7004,1.0,5.6894475e-15,0
7005,0.9999995,5.221124e-07,0
7006,1.0,6.9933774e-11,0
7007,0.9998851,0.00011495234,0
7008,1.0,1.7260188e-13,0
7009,1.0,1.5264338e-10,0
7010,1.0,2.6551488e-09,0
7011,0.9999993,7.549318e-07,0
7012,1.0,2.8060748e-10,0
7013,1.0,6.810378e-11,0
7014,1.0,1.4765956e-09,0
7015,1.0,1.1054402e-13,0
7016,1.0,4.8384617e-12,0
7017,1.0,1.8258284e-11,0
7018,1.0,3.5087157e-13,0
7019,1.0,1.8422116e-13,0
7020,1.0,1.8565514e-12,0
7021,1.0,1.6024462e-14,0
7022,1.0,1.6496666e-13,0
7023,1.0,1.6979925e-13,0
7024,1.0,1.4535845e-12,0
7025,1.0,1.8190493e-12,0
7026,1.0,1.2785695e-13,0
7027,1.0,5.3522707e-11,0
7028,1.0,2.7511624e-12,0
7029,1.0,1.3644039e-13,0
7030,1.0,5.503293e-12,0
7031,1.0,1.8531728e-12,0
7032,1.0,8.9083324e-11,0
7033,1.0,1.331095e-10,0
7034,1.0,2.4098334e-13,0
7035,1.0,2.1020266e-13,0
7036,1.0,2.9534612e-14,0
7037,1.0,9.2496974e-14,0
7038,1.0,2.2353552e-10,0
7039,1.0,8.357163e-12,0
7040,1.0,2.972273e-11,0
7041,1.0,5.3059055e-13,0
7042,1.0,1.5710485e-13,0
7043,1.0,4.503169e-12,0
7044,1.0,1.6015924e-12,0
7045,1.0,7.2917464e-13,0
7046,1.0,6.848806e-11,0
7047,1.0,1.6188226e-11,0
7048,1.0,2.8528662e-12,0
7049,1.0,4.9183886e-12,0
7050,1.0,1.6158556e-14,0
7051,1.0,2.036609e-12,0
7052,0.9999974,2.568263e-06,0
7053,1.0,1.1518725e-13,0
7054,1.0,6.375894e-14,0
7055,1.0,1.7002432e-11,0
7056,1.0,1.1658297e-11,0
7057,0.99999976,2.0798426e-07,0
7058,1.0,5.5723476e-13,0
7059,1.0,8.30863e-14,0
7060,1.0,2.1203735e-12,0
7061,1.0,1.456139e-10,0
7062,1.0,6.3565174e-13,0
7063,1.0,5.441048e-11,0
7064,0.99999964,3.9420397e-07,0
7065,1.0,1.1991726e-10,0
7066,1.0,6.8903076e-13,0
7067,1.0,2.0923343e-13,0
7068,1.0,2.0958443e-10,0
7069,1.0,6.038006e-13,0
7070,1.0,1.5789718e-11,0
7071,1.0,8.767156e-12,0
7072,1.0,2.356022e-13,0
7073,1.0,3.8506145e-14,0
7074,1.0,1.9177787e-10,0
7075,1.0,2.4832816e-10,0
7076,1.0,2.9802546e-11,0
7077,1.0,6.316221e-14,0
7078,1.0,3.0238513e-11,0
7079,1.0,5.882733e-09,0
7080,1.0,1.0423182e-14,0
7081,1.0,1.7013538e-10,0
7082,1.0,1.1604033e-11,0
7083,1.0,1.2314226e-11,0
7084,1.0,2.8663124e-11,0
7085,1.0,3.806743e-13,0
7086,1.0,5.91614e-13,0
7087,1.0,1.8708732e-12,0
7088,1.0,9.135739e-12,0
7089,1.0,6.875739e-12,0
7090,1.0,2.7643057e-13,0
7091,0.99999297,7.0241927e-06,0
7092,1.0,9.0342263e-13,0
7093,1.0,9.00715e-12,0
7094,1.0,4.2347414e-13,0
7095,1.0,1.6888358e-09,0
7096,1.0,1.29737885e-14,0
7097,1.0,8.4120075e-14,0
7098,1.0,2.5523117e-09,0
7099,1.0,2.7060892e-11,0
7100,1.0,6.661621e-14,0
7101,1.0,5.3197274e-13,0
7102,1.0,7.589787e-12,0
7103,1.0,4.6748625e-12,0
7104,1.0,3.060034e-10,0
7105,0.9999988,1.249754e-06,0
7106,1.0,3.379411e-14,0
7107,1.0,4.9114987e-12,0
7108,0.99999976,1.8915306e-07,0
7109,1.0,3.90007e-11,0
7110,1.0,2.3347075e-12,0
7111,1.0,3.2423233e-12,0
7112,1.0,5.309804e-09,0
7113,0.999995,4.979764e-06,0
7114,1.0,2.7265865e-10,0
7115,1.0,1.7565528e-10,0
7116,1.0,1.0428612e-10,0
7117,0.99999905,9.1327917e-07,0
7118,1.0,1.5791164e-11,0
7119,1.0,1.0750736e-12,0
7120,1.0,1.7420339e-12,0
7121,1.0,2.7268945e-13,0
7122,1.0,1.6026987e-12,0
7123,1.0,4.1148752e-14,0
7124,1.0,3.9622576e-11,0
7125,1.0,3.3773286e-11,0
7126,1.0,1.7968016e-11,0
7127,1.0,2.44859e-10,0
7128,1.0,7.199939e-13,0
7129,1.0,1.2180394e-08,0
7130,1.0,1.2693916e-13,0
7131,1.0,3.215398e-12,0
7132,1.0,2.576345e-10,0
7133,1.0,3.801961e-13,0
7134,1.0,2.6303262e-11,0
7135,1.0,8.652296e-09,0
7136,1.0,5.8112203e-11,0
7137,1.0,5.4774303e-11,0
7138,0.9999999,6.489388e-08,0
7139,1.0,2.961e-12,0
7140,0.99999976,2.8754977e-07,0
7141,1.0,1.2221525e-10,0
7142,1.0,3.8111493e-11,0
7143,0.99998987,1.0154152e-05,0
7144,1.0,4.007164e-09,0
7145,0.9999007,9.9336525e-05,0
7146,0.999997,2.9249188e-06,0
7147,0.9999999,8.5037264e-08,0
7148,0.9999989,1.0412194e-06,0
7149,0.999979,2.0968773e-05,0
7150,1.0,9.1019015e-10,0
7151,1.0,3.308583e-11,0
7152,1.0,1.1818427e-10,0
7153,0.9999999,9.6059445e-08,0
7154,1.0,9.8018205e-11,0
7155,0.9999993,7.420336e-07,0
7156,1.0,2.4441256e-09,0
7157,1.0,4.8205797e-13,0
7158,1.0,4.0264727e-08,0
7159,1.0,6.9291706e-10,0
7160,0.9999999,1.7154312e-07,0
7161,1.0,4.0326995e-11,0
7162,1.0,3.8883213e-10,0
7163,1.0,9.1750785e-09,0
7164,1.0,8.095884e-12,0
7165,0.9999999,1.160421e-07,0
7166,1.0,2.0774096e-10,0
7167,1.0,1.463602e-09,0
7168,1.0,3.8645137e-10,0
7169,1.0,5.928759e-09,0
7170,0.99997234,2.7672395e-05,0
7171,1.0,1.4787355e-12,0
7172,0.9999999,1.381458e-07,0
7173,1.0,8.0486746e-13,0
7174,0.99999666,3.3741194e-06,0
7175,1.0,3.027525e-09,0
7176,0.99999976,2.8416017e-07,0
7177,1.0,2.5367025e-10,0
7178,0.9999372,6.2853884e-05,0
7179,0.99999964,3.671863e-07,0
7180,1.0,9.322355e-13,0
7181,1.0,1.6721812e-09,0
7182,1.0,4.2717215e-11,0
7183,0.9999994,6.1941205e-07,0
7184,0.9999999,1.14021425e-07,0
7185,1.0,2.7234966e-08,0
7186,1.0,1.3716953e-08,0
7187,0.99999774,2.3149835e-06,0
7188,1.0,2.0196225e-09,0
7189,1.0,1.5477459e-12,0
7190,0.9999995,4.8139947e-07,0
7191,1.0,7.370234e-12,0
7192,0.9999795,2.0496507e-05,0
7193,1.0,4.984193e-08,0
7194,1.0,2.9926526e-09,0
7195,1.0,4.1480275e-10,0
7196,0.9999999,8.9868834e-08,0
7197,0.9999999,9.23962e-08,0
7198,1.0,6.498359e-11,0
7199,0.9999981,1.9500205e-06,0
7200,1.0,1.5918485e-10,0
7201,0.99999976,2.5026515e-07,0
7202,1.0,4.3664845e-09,0
7203,1.0,7.939512e-11,0
7204,0.9999995,5.0494907e-07,0
7205,1.0,7.467001e-09,0
7206,1.0,5.1853855e-10,0
7207,1.0,6.0251106e-09,0
7208,1.0,3.2940424e-08,0
7209,0.9999994,6.3379616e-07,0
7210,1.0,1.5974281e-08,0
7211,1.0,6.256785e-10,0
7212,1.0,9.017094e-10,0
7213,0.9999989,1.0523834e-06,0
7214,1.0,4.543496e-11,0
7215,0.9999988,1.135385e-06,0
7216,1.0,6.965771e-10,0
7217,1.0,2.670463e-08,0
7218,0.9999999,6.045834e-08,0
7219,1.0,1.9320727e-09,0
7220,1.0,1.2922846e-09,0
7221,0.9999988,1.1363122e-06,0
7222,1.0,2.0006117e-11,0
7223,1.0,5.864987e-09,0
7224,0.9999999,1.4771408e-07,0
7225,1.0,2.490256e-12,0
7226,1.0,3.2228324e-09,0
7227,0.9999976,2.4240235e-06,0
7228,1.0,3.6030298e-10,0
7229,0.99999964,3.1827216e-07,0
7230,0.9999981,1.9282652e-06,0
7231,0.9999999,1.0650389e-07,0
7232,1.0,1.1432063e-11,0
7233,0.9998567,0.00014330973,0
7234,1.0,1.2385069e-09,0
7235,1.0,2.1495755e-11,0
7236,1.0,8.477641e-11,0
7237,1.0,1.9761257e-09,0
7238,1.0,1.186943e-11,0
7239,0.9999999,1.775555e-07,0
7240,1.0,2.8509506e-09,0
7241,0.9999999,1.0274977e-07,0
7242,0.9999999,7.55916e-08,0
7243,1.0,7.0288186e-10,0
7244,1.0,6.8362804e-10,0
7245,1.0,1.8887883e-10,0
7246,1.0,9.369166e-09,0
7247,1.0,2.464162e-11,0
7248,1.0,3.7534678e-10,0
7249,1.0,5.7714483e-13,0
7250,1.0,1.2442555e-13,0
7251,1.0,3.7656092e-13,0
7252,1.0,4.244472e-08,0
7253,1.0,1.8748036e-11,0
7254,1.0,1.4950681e-12,0
7255,1.0,3.1860795e-14,0
7256,1.0,7.0680566e-11,0
7257,1.0,3.6130499e-10,0
7258,0.99999964,3.331798e-07,0
7259,1.0,1.02812265e-08,0
7260,1.0,2.1844448e-09,0
7261,1.0,5.068806e-09,0
7262,0.9999763,2.3713448e-05,0
7263,1.0,1.2833977e-09,0
7264,1.0,5.57937e-12,0
7265,0.9999994,6.0170856e-07,0
7266,0.9999993,7.4696385e-07,0
7267,0.9999995,4.392239e-07,0
7268,1.0,6.242382e-11,0
7269,1.0,2.9225584e-09,0
7270,1.0,2.865163e-12,0
7271,1.0,1.8932914e-08,0
7272,0.9999999,1.03954214e-07,0
7273,1.0,2.3991676e-08,0
7274,1.0,1.5473416e-12,0
7275,0.99998665,1.3314589e-05,0
7276,0.99999845,1.5855102e-06,0
7277,1.0,9.197747e-10,0
7278,1.0,8.059871e-10,0
7279,1.0,5.544697e-13,0
7280,1.0,1.3140473e-10,0
7281,1.0,5.257458e-10,0
7282,1.0,9.541519e-09,0
7283,1.0,3.705576e-12,0
7284,0.9999995,4.910085e-07,0
7285,1.0,1.4915959e-12,0
7286,1.0,4.830179e-13,0
7287,0.9999918,8.21664e-06,0
7288,1.0,9.875904e-12,0
7289,1.0,1.4523305e-14,0
7290,1.0,1.0917662e-12,0
7291,0.9999982,1.8177057e-06,0
7292,1.0,4.8596945e-13,0
7293,1.0,1.6583556e-12,0
7294,1.0,8.970293e-11,0
7295,1.0,1.27665795e-11,0
7296,1.0,1.2467911e-08,0
7297,1.0,6.703687e-09,0
7298,1.0,2.2054654e-09,0
7299,0.9999999,6.595241e-08,0
7300,1.0,1.7158783e-14,0
7301,1.0,9.677057e-12,0
7302,1.0,1.445386e-10,0
7303,1.0,2.8266793e-11,0
7304,1.0,1.3560106e-10,0
7305,0.99999976,1.8869075e-07,0
7306,1.0,4.046721e-12,0
7307,1.0,2.8044536e-10,0
7308,1.0,2.4828184e-13,0
7309,0.99999607,3.9914016e-06,0
7310,1.0,4.0365086e-11,0
7311,0.99999535,4.634186e-06,0
7312,1.0,3.5239456e-10,0
7313,0.9999999,1.06674456e-07,0
7314,1.0,1.0844046e-09,0
7315,1.0,9.757003e-10,0
7316,1.0,1.3835397e-09,0
7317,1.0,9.3319095e-09,0
7318,0.99999964,3.1370826e-07,0
7319,0.9999999,8.5518074e-08,0
7320,1.0,8.115346e-09,0
7321,1.0,9.128049e-10,0
7322,1.0,1.9932473e-09,0
7323,1.0,9.912344e-12,0
7324,1.0,2.195912e-09,0
7325,0.99999857,1.4056184e-06,0
7326,1.0,8.297942e-10,0
7327,0.99999607,3.9645206e-06,0
7328,0.9999975,2.4462452e-06,0
7329,1.0,9.212465e-09,0
7330,1.0,3.3968629e-12,0
7331,1.0,2.2636262e-13,0
7332,1.0,4.3032675e-09,0
7333,1.0,4.299373e-08,0
7334,1.0,4.7456448e-09,0
7335,1.0,1.4117729e-12,0
7336,1.0,9.367673e-11,0
7337,0.9999995,4.278435e-07,0
7338,1.0,3.7399865e-08,0
7339,1.0,5.775843e-09,0
7340,1.0,6.0628036e-10,0
7341,1.0,8.7834506e-10,0
7342,0.99999976,1.9551324e-07,0
7343,1.0,7.1990747e-09,0
7344,1.0,1.36036e-10,0
7345,1.0,2.5186578e-13,0
7346,1.0,2.505004e-09,0
7347,0.9999907,9.316152e-06,0
7348,0.9999999,6.091904e-08,0
7349,1.0,1.7525793e-11,0
7350,1.0,5.995033e-12,0
7351,1.0,2.3846652e-11,0
7352,0.9999993,6.6799487e-07,0
7353,0.9999999,8.665992e-08,0
7354,0.9999999,1.3672802e-07,0
7355,0.99999833,1.6770103e-06,0
7356,1.0,2.7090238e-10,0
7357,1.0,8.6981214e-11,0
7358,1.0,1.4814943e-11,0
7359,1.0,6.180448e-10,0
7360,1.0,6.8152866e-12,0
7361,1.0,4.6850873e-14,0
7362,1.0,6.9823643e-12,0
7363,1.0,4.6968332e-11,0
7364,0.99999976,2.68189e-07,0
7365,1.0,2.4747207e-12,0
7366,1.0,5.746783e-11,0
7367,1.0,8.320855e-11,0
7368,1.0,3.8535541e-10,0
7369,1.0,2.842736e-12,0
7370,1.0,1.463666e-13,0
7371,1.0,2.5308644e-10,0
7372,1.0,2.4211652e-11,0
7373,1.0,2.1546307e-09,0
7374,1.0,7.813231e-11,0
7375,1.0,5.939902e-11,0
7376,1.0,7.590284e-11,0
7377,1.0,1.6520693e-09,0
7378,1.0,4.009285e-11,0
7379,1.0,5.895301e-13,0
7380,1.0,6.9547215e-11,0
7381,0.99999976,2.794856e-07,0
7382,1.0,1.2791795e-09,0
7383,1.0,1.1709278e-12,0
7384,1.0,5.5339716e-10,0
7385,0.9999999,8.760354e-08,0
7386,1.0,4.8154343e-09,0
7387,1.0,3.4955334e-11,0
7388,1.0,2.5191445e-08,0
7389,0.9999994,5.4363255e-07,0
7390,0.9999999,6.2049985e-08,0
7391,1.0,7.265647e-09,0
7392,0.9999999,1.2272419e-07,0
7393,1.0,2.3698329e-08,0
7394,1.0,5.7141486e-10,0
7395,1.0,1.3969211e-11,0
7396,1.0,5.3024435e-10,0
7397,1.0,3.1076548e-09,0
7398,0.9999993,7.031586e-07,0
7399,0.99999976,1.933031e-07,0
7400,1.0,6.4100736e-10,0
7401,1.0,2.9313247e-08,0
7402,1.0,2.2358158e-10,0
7403,1.0,3.1428465e-10,0
7404,0.9999999,1.4094357e-07,0
7405,1.0,1.9488795e-09,0
7406,1.0,1.286849e-09,0
7407,0.99999976,1.8958795e-07,0
7408,0.9999999,6.874415e-08,0
7409,1.0,2.5790222e-08,0
7410,1.0,1.5579912e-08,0
7411,1.0,1.2584167e-08,0
7412,1.0,4.0481122e-11,0
7413,1.0,1.3449296e-10,0
7414,1.0,7.018251e-13,0
7415,1.0,3.3811359e-12,0
7416,0.99999964,3.4063495e-07,0
7417,1.0,1.9882391e-09,0
7418,1.0,5.68659e-09,0
7419,0.99999905,9.211218e-07,0
7420,1.0,2.2742823e-08,0
7421,0.9999993,6.999765e-07,0
7422,1.0,3.4249453e-10,0
7423,1.0,4.625221e-12,0
7424,0.9999999,1.6966978e-07,0
7425,0.9999999,1.027729e-07,0
7426,0.99999917,7.7715066e-07,0
7427,1.0,1.3566787e-09,0
7428,1.0,2.9868202e-12,0
7429,1.0,2.290778e-08,0
7430,1.0,2.8293215e-08,0
7431,0.9999995,4.791561e-07,0
7432,0.9999993,7.6515465e-07,0
7433,1.0,3.348877e-09,0
7434,1.0,8.044132e-13,0
7435,0.9999999,8.858395e-08,0
7436,0.9999999,7.366763e-08,0
7437,1.0,1.2070038e-11,0
7438,0.9999999,9.8133945e-08,0
7439,1.0,8.62228e-09,0
7440,1.0,5.827523e-08,0
7441,0.9999976,2.3524888e-06,0
7442,1.0,4.7970563e-08,0
7443,1.0,3.943221e-11,0
7444,1.0,1.545076e-09,0
7445,1.0,2.618076e-09,0
7446,1.0,5.6683458e-08,0
7447,0.99999976,1.9016342e-07,0
7448,0.9999999,1.2272629e-07,0
7449,1.0,2.3698057e-08,0
7450,1.0,5.001017e-09,0
7451,1.0,3.3897551e-09,0
7452,0.99999976,2.0180954e-07,0
7453,1.0,3.1961425e-09,0
7454,0.9999999,6.63896e-08,0
7455,0.99999964,3.8980164e-07,0
7456,0.9999995,4.876132e-07,0
7457,0.9999982,1.766131e-06,0
7458,0.99999964,3.9863855e-07,0
7459,1.0,3.0889176e-08,0
7460,0.9999999,1.4895782e-07,0
7461,0.99995923,4.072249e-05,0
7462,1.0,2.5555961e-08,0
7463,0.99999857,1.4380366e-06,0
7464,1.0,3.990424e-08,0
7465,1.0,1.5862904e-09,0
7466,1.0,1.5452299e-08,0
7467,0.9999528,4.7207937e-05,0
7468,1.0,3.4341965e-09,0
7469,0.9999995,4.6778018e-07,0
7470,1.0,1.1971293e-10,0
7471,1.0,3.084175e-10,0
7472,1.0,6.358998e-11,0
7473,1.0,9.466393e-10,0
7474,0.9999999,1.015651e-07,0
7475,0.999997,3.018393e-06,0
7476,1.0,1.9666305e-10,0
7477,0.9999994,5.958583e-07,0
7478,0.99999964,3.9005673e-07,0
7479,1.0,4.55677e-13,0
7480,1.0,1.2970835e-08,0
7481,0.9999999,8.2669224e-08,0
7482,1.0,1.6326275e-11,0
7483,1.0,1.2783629e-12,0
7484,1.0,3.1284104e-09,0
7485,1.0,7.0908164e-09,0
7486,1.0,4.800889e-09,0
7487,1.0,1.5631695e-09,0
7488,1.0,5.816659e-13,0
7489,0.99999964,4.000267e-07,0
7490,1.0,1.815575e-13,0
7491,1.0,4.721153e-12,0
7492,1.0,5.0633536e-10,0
7493,1.0,1.9267133e-14,0
7494,1.0,4.6890855e-13,0
7495,1.0,2.2432235e-13,0
7496,1.0,4.6004324e-14,0
7497,1.0,1.8121508e-12,0
7498,1.0,3.987789e-09,0
7499,0.9999989,1.0812574e-06,0
7500,1.0,1.5461453e-10,0
7501,1.0,9.49848e-10,0
7502,1.0,2.1859463e-12,0
7503,0.9999981,1.8624125e-06,0
7504,0.9999993,7.173897e-07,0
7505,1.0,1.766594e-08,0
7506,1.0,1.5232107e-11,0
7507,1.0,1.3258383e-12,0
7508,1.0,3.480513e-10,0
7509,1.0,1.9776943e-13,0
7510,1.0,1.1178017e-12,0
7511,1.0,1.3033994e-09,0
7512,1.0,4.665436e-13,0
7513,1.0,1.0704699e-12,0
7514,1.0,1.8666835e-10,0
7515,1.0,2.788271e-14,0
7516,1.0,5.2776014e-14,0
7517,0.9998827,0.00011730395,0
7518,1.0,3.7516244e-12,0
7519,1.0,1.0292459e-10,0
7520,1.0,3.371097e-12,0
7521,1.0,6.103107e-11,0
7522,1.0,1.4435213e-13,0
7523,1.0,3.0127832e-13,0
7524,1.0,1.6474286e-12,0
7525,1.0,5.1089796e-13,0
7526,1.0,1.6595644e-12,0
7527,1.0,4.512407e-14,0
7528,1.0,2.3315114e-13,0
7529,1.0,1.9313772e-12,0
7530,1.0,1.1017073e-11,0
7531,1.0,1.31855585e-11,0
7532,1.0,2.0193489e-13,0
7533,1.0,3.2054292e-12,0
7534,1.0,9.893887e-09,0
7535,1.0,2.7389582e-08,0
7536,1.0,4.690738e-14,0
7537,1.0,5.891963e-13,0
7538,0.99999964,3.8468977e-07,0
7539,1.0,5.9041574e-13,0
7540,0.99999976,1.950138e-07,0
7541,1.0,1.7789356e-08,0
7542,0.99999976,2.0774243e-07,0
7543,1.0,2.2548562e-10,0
7544,0.9999999,1.075981e-07,0
7545,1.0,2.2983846e-08,0
7546,0.99999976,2.4171226e-07,0
7547,1.0,2.943919e-09,0
7548,1.0,3.0360845e-08,0
7549,1.0,1.9359865e-09,0
7550,1.0,7.8184415e-13,0
7551,1.0,2.4651491e-11,0
7552,1.0,1.3274491e-10,0
7553,1.0,1.6423996e-08,0
7554,1.0,1.821271e-12,0
7555,1.0,8.3181617e-10,0
7556,1.0,1.1206753e-08,0
7557,1.0,3.932569e-08,0
7558,1.0,2.7066249e-12,0
7559,1.0,6.1999585e-12,0
7560,0.9999999,1.5974229e-07,0
7561,1.0,9.538389e-09,0
7562,1.0,1.24743345e-08,0
7563,1.0,3.5113187e-10,0
7564,1.0,8.8308894e-10,0
7565,1.0,8.7363995e-14,0
7566,1.0,4.1473033e-08,0
7567,1.0,5.4096376e-09,0
7568,1.0,2.2704325e-09,0
7569,1.0,8.319812e-10,0
7570,1.0,5.471776e-13,0
7571,1.0,9.6750785e-09,0
7572,1.0,4.203013e-09,0
7573,1.0,1.9265454e-13,0
7574,1.0,8.822022e-09,0
7575,1.0,3.24327e-08,0
7576,1.0,4.6680713e-09,0
7577,1.0,2.021434e-09,0
7578,1.0,1.4282314e-09,0
7579,0.9999994,6.017355e-07,0
7580,1.0,4.4155566e-08,0
7581,1.0,1.0078659e-08,0
7582,1.0,5.134418e-09,0
7583,1.0,2.356929e-10,0
7584,1.0,8.123297e-11,0
7585,1.0,1.5373486e-08,0
7586,1.0,2.0479563e-08,0
7587,1.0,4.8049746e-09,0
7588,1.0,2.7052017e-11,0
7589,0.9999999,8.1745696e-08,0
7590,1.0,3.964057e-11,0
7591,1.0,4.939299e-11,0
7592,1.0,1.7231768e-09,0
7593,1.0,3.7661792e-08,0
7594,1.0,2.8615958e-09,0
7595,1.0,4.8842576e-08,0
7596,0.9999999,7.413687e-08,0
7597,1.0,5.705428e-13,0
7598,1.0,1.2573526e-10,0
7599,1.0,8.050622e-10,0
7600,1.0,1.0822575e-13,0
7601,1.0,1.381392e-11,0
7602,1.0,1.0867858e-09,0
7603,1.0,1.0335638e-14,0
7604,0.99999976,2.3910596e-07,0
7605,1.0,2.7808267e-09,0
7606,1.0,2.4885802e-08,0
7607,1.0,3.5993072e-10,0
7608,1.0,6.8347904e-11,0
7609,1.0,6.679749e-11,0
7610,1.0,5.7603526e-09,0
7611,1.0,8.3164356e-13,0
7612,1.0,6.197866e-12,0
7613,0.99999964,3.0543376e-07,0
7614,0.99999964,3.5297415e-07,0
7615,1.0,2.8630167e-08,0
7616,1.0,1.5450501e-08,0
7617,1.0,1.05973355e-08,0
7618,1.0,5.4243326e-08,0
7619,1.0,4.475151e-09,0
7620,1.0,5.539975e-12,0
7621,1.0,6.118635e-10,0
7622,1.0,2.905275e-08,0
7623,0.9999999,6.676472e-08,0
7624,1.0,2.4081234e-10,0
7625,1.0,1.6160746e-10,0
7626,1.0,2.5145841e-08,0
7627,1.0,3.4830066e-08,0
7628,1.0,3.6713754e-10,0
7629,1.0,3.316402e-09,0
7630,1.0,2.039587e-08,0
7631,0.9999999,8.205281e-08,0
7632,0.9999999,6.851455e-08,0
7633,1.0,2.27325e-08,0
7634,0.99999976,2.684687e-07,0
7635,1.0,1.4144375e-10,0
7636,0.9999999,1.08355785e-07,0
7637,1.0,1.3590056e-11,0
7638,0.9999999,1.04400705e-07,0
7639,0.99999976,2.278612e-07,0
7640,0.9999999,8.711516e-08,0
7641,0.99999976,2.5451942e-07,0
7642,1.0,5.128252e-09,0
7643,0.99999964,3.0121134e-07,0
7644,0.9999999,1.0026472e-07,0
7645,1.0,4.9775238e-08,0
7646,1.0,3.2467607e-08,0
7647,1.0,1.9992262e-08,0
7648,0.9999999,1.11136714e-07,0
7649,1.0,5.4158864e-08,0
7650,0.9999999,1.14558446e-07,0
7651,0.9999999,1.4073967e-07,0
7652,0.9999825,1.751428e-05,0
7653,0.9999981,1.9056623e-06,0
7654,1.0,2.1621902e-08,0
7655,0.99999905,9.784198e-07,0
7656,1.0,8.806639e-09,0
7657,1.0,5.0152906e-08,0
7658,1.0,3.030734e-11,0
7659,1.0,2.1376033e-08,0
7660,1.0,2.8297204e-12,0
7661,1.0,1.895333e-08,0
7662,1.0,1.8242617e-11,0
7663,1.0,1.5867329e-12,0
7664,1.0,1.5112943e-10,0
7665,0.9999999,9.261376e-08,0
7666,1.0,5.787535e-08,0
7667,0.9999999,1.2143283e-07,0
7668,1.0,2.076236e-11,0
7669,1.0,5.295293e-12,0
7670,1.0,1.2389096e-11,0
7671,0.99999976,2.7748524e-07,0
7672,1.0,6.477295e-12,0
7673,1.0,2.145952e-09,0
7674,1.0,1.1657273e-11,0
7675,0.99999845,1.5395719e-06,0
7676,1.0,4.1944562e-11,0
7677,0.9999999,6.846073e-08,0
7678,0.999943,5.6962752e-05,0
7679,1.0,8.827205e-13,0
7680,1.0,3.7630876e-10,0
7681,1.0,4.2116394e-13,0
7682,0.9999995,4.3600207e-07,0
7683,1.0,9.8452524e-11,0
7684,1.0,6.3860995e-12,0
7685,0.99999964,3.734612e-07,0
7686,1.0,6.444801e-11,0
7687,1.0,4.167736e-13,0
7688,1.0,1.5685073e-12,0
7689,1.0,2.8361273e-13,0
7690,1.0,3.7378287e-14,0
7691,1.0,5.345341e-12,0
7692,1.0,6.736927e-12,0
7693,1.0,4.485495e-11,0
7694,1.0,1.6993014e-13,0
7695,0.9999995,4.9240776e-07,0
7696,0.9999995,4.246853e-07,0
7697,1.0,6.0141944e-12,0
7698,1.0,5.298436e-08,0
7699,1.0,1.9568467e-13,0
7700,0.9999999,1.5250335e-07,0
7701,1.0,5.7891105e-13,0
7702,1.0,8.902074e-09,0
7703,0.9999932,6.7790706e-06,0
7704,0.9999709,2.9111192e-05,0
7705,0.9999999,1.2685666e-07,0
7706,1.0,1.4439146e-10,0
7707,1.0,5.66213e-09,0
7708,1.0,8.352518e-10,0
7709,1.0,1.4033216e-12,0
7710,1.0,8.151511e-12,0
7711,1.0,1.9179537e-18,0
7712,1.0,1.150367e-12,0
7713,1.0,1.50588e-16,0
7714,1.0,2.5112745e-10,0
7715,1.0,3.2468424e-11,0
7716,1.0,7.906818e-09,0
7717,1.0,5.108142e-09,0
7718,1.0,5.9247936e-12,0
7719,1.0,7.599964e-10,0
7720,1.0,9.625449e-10,0
7721,1.0,6.281053e-19,0
7722,1.0,1.2419124e-14,0
7723,1.0,4.075812e-10,0
7724,1.0,2.1598332e-15,0
7725,1.0,1.2347134e-14,0
7726,1.0,1.2035543e-09,0
7727,1.0,2.2874748e-10,0
7728,1.0,6.7770815e-17,0
7729,1.0,7.9526294e-13,0
7730,1.0,5.812181e-16,0
7731,1.0,3.1839598e-10,0
7732,1.0,3.1544538e-11,0
7733,1.0,5.486187e-09,0
7734,1.0,8.3511255e-19,0
7735,1.0,2.78389e-08,0
7736,1.0,8.915548e-09,0
7737,1.0,1.5837835e-10,0
7738,1.0,1.0706431e-09,0
7739,1.0,8.66065e-13,0
7740,0.9999999,1.6886956e-07,0
7741,1.0,1.6675486e-11,0
7742,1.0,1.3512283e-15,0
7743,1.0,1.3944069e-09,0
7744,1.0,3.808479e-09,0
7745,1.0,7.3960504e-11,0
7746,1.0,7.045209e-13,0
7747,1.0,1.3788491e-11,0
7748,1.0,4.425377e-09,0
7749,1.0,2.0806625e-20,0
7750,1.0,1.2107478e-08,0
7751,1.0,2.8099417e-10,0
7752,1.0,2.2734695e-17,0
7753,0.9999999,1.6736314e-07,0
7754,1.0,5.052196e-12,0
7755,1.0,5.971569e-16,0
7756,1.0,2.669897e-16,0
7757,0.9999939,6.1266564e-06,0
7758,1.0,3.778579e-14,0
7759,1.0,1.4205277e-15,0
7760,1.0,3.0431165e-12,0
7761,1.0,2.085229e-11,0
7762,1.0,8.681053e-14,0
7763,1.0,1.3121686e-18,0
7764,1.0,2.9631376e-18,0
7765,1.0,2.7712953e-13,0
7766,1.0,1.1791105e-08,0
7767,1.0,7.8363394e-10,0
7768,1.0,9.0591874e-11,0
7769,1.0,5.735496e-10,0
7770,1.0,8.618124e-12,0
7771,1.0,6.6540046e-13,0
7772,1.0,1.7164892e-08,0
7773,1.0,2.6075576e-19,0
7774,1.0,3.4709532e-10,0
7775,1.0,2.2988569e-09,0
7776,1.0,1.9216472e-08,0
7777,1.0,1.1139154e-12,0
7778,1.0,9.649088e-10,0
7779,1.0,3.3042222e-09,0
7780,0.999984,1.5932334e-05,0
7781,1.0,6.4865767e-13,0
7782,1.0,5.2717984e-17,0
7783,1.0,4.370989e-18,0
7784,1.0,2.2360311e-08,0
7785,1.0,9.594464e-12,0
7786,1.0,5.861285e-13,0
7787,1.0,2.7142153e-11,0
7788,1.0,6.838675e-19,0
7789,1.0,3.499326e-09,0
7790,1.0,9.937732e-19,0
7791,1.0,2.6790278e-16,0
7792,1.0,8.7052735e-15,0
7793,1.0,1.1581126e-11,0
7794,1.0,5.4808474e-11,0
7795,1.0,2.7266918e-13,0
7796,0.9999999,1.012759e-07,0
7797,1.0,5.1254673e-12,0
7798,1.0,1.1375185e-11,0
7799,0.9999994,5.606754e-07,0
7800,1.0,1.0603425e-11,0
7801,1.0,7.781965e-12,0
7802,1.0,7.565331e-20,0
7803,1.0,7.818732e-15,0
7804,1.0,9.9716e-20,0
7805,1.0,3.4018734e-09,0
7806,1.0,3.2173228e-13,0
7807,1.0,2.9530453e-21,0
7808,1.0,1.3128309e-16,0
7809,0.9999999,6.5003775e-08,0
7810,1.0,1.1806159e-12,0
7811,1.0,9.71018e-10,0
7812,1.0,2.6009267e-15,0
7813,1.0,1.9481102e-13,0
7814,1.0,9.583743e-20,0
7815,1.0,5.733171e-16,0
7816,1.0,2.0002693e-10,0
7817,1.0,5.9611205e-09,0
7818,1.0,1.6897861e-13,0
7819,1.0,1.3281556e-10,0
7820,1.0,2.6840287e-17,0
7821,1.0,1.4818802e-09,0
7822,1.0,2.5516394e-17,0
7823,1.0,4.956761e-10,0
7824,1.0,5.9572525e-14,0
7825,1.0,8.069356e-15,0
7826,1.0,1.7132827e-09,0
7827,1.0,1.3179679e-18,0
7828,1.0,2.0477596e-17,0
7829,1.0,3.1320924e-14,0
7830,1.0,6.2163015e-15,0
7831,1.0,2.982187e-08,0
7832,1.0,1.9300198e-18,0
7833,1.0,7.949638e-10,0
7834,0.9999999,6.5003896e-08,0
7835,1.0,5.6661813e-09,0
7836,1.0,2.8297098e-12,0
7837,1.0,2.0233626e-09,0
7838,1.0,1.7489513e-09,0
7839,1.0,2.5825526e-11,0
7840,1.0,3.6062232e-16,0
7841,0.9999999,6.2335864e-08,0
7842,1.0,1.0194412e-19,0
7843,1.0,2.2681695e-16,0
7844,1.0,2.5488953e-10,0
7845,0.99999976,2.6349082e-07,0
7846,1.0,4.8692917e-19,0
7847,1.0,9.663883e-13,0
7848,1.0,3.9220653e-09,0
7849,1.0,3.4331225e-09,0
7850,1.0,2.8094508e-16,0
7851,1.0,1.7058693e-11,0
7852,1.0,2.6050478e-11,0
7853,1.0,1.3007275e-16,0
7854,1.0,5.7154395e-16,0
7855,1.0,1.7823029e-10,0
7856,1.0,1.905402e-12,0
7857,1.0,6.1780494e-12,0
7858,1.0,2.3119528e-08,0
7859,1.0,5.9287366e-24,0
7860,1.0,1.1828536e-09,0
7861,1.0,2.6791727e-11,0
7862,1.0,1.0505201e-16,0
7863,1.0,1.0484397e-21,0
7864,1.0,2.8495785e-18,0
7865,1.0,4.7688165e-10,0
7866,1.0,6.069731e-11,0
7867,1.0,5.130883e-13,0
7868,1.0,3.2983476e-09,0
7869,1.0,1.6399426e-19,0
7870,1.0,6.012798e-11,0
7871,1.0,9.311699e-19,0
7872,1.0,2.3982232e-17,0
7873,1.0,1.0008162e-16,0
7874,1.0,1.404183e-13,0
7875,0.9999995,4.3051625e-07,0
7876,1.0,1.9462031e-11,0
7877,1.0,1.7073284e-14,0
7878,1.0,3.4867753e-08,0
7879,1.0,4.9225977e-14,0
7880,1.0,1.3317823e-15,0
7881,1.0,4.146243e-16,0
7882,1.0,1.3288828e-10,0
7883,1.0,3.8845231e-19,0
7884,1.0,1.2442565e-19,0
7885,1.0,3.4368044e-09,0
7886,1.0,3.3185483e-08,0
7887,0.9999999,1.1054856e-07,0
7888,1.0,1.7813459e-16,0
7889,1.0,5.349033e-12,0
7890,1.0,5.978291e-13,0
7891,1.0,4.265098e-17,0
7892,1.0,3.9682387e-08,0
7893,1.0,1.1598226e-20,0
7894,1.0,4.824073e-10,0
7895,1.0,6.215389e-11,0
7896,0.9999989,1.0839387e-06,0
7897,1.0,1.2919377e-12,0
7898,1.0,2.7598867e-16,0
7899,1.0,3.8485696e-16,0
7900,1.0,5.332943e-10,0
7901,0.9999995,5.3013474e-07,0
7902,1.0,1.2339747e-13,0
7903,1.0,4.131241e-10,0
7904,1.0,2.4644795e-09,0
7905,1.0,1.3730477e-13,0
7906,1.0,1.8779707e-15,0
7907,1.0,6.9298635e-16,0
7908,1.0,1.685394e-15,0
7909,1.0,2.0242685e-14,0
7910,1.0,7.579437e-10,0
7911,1.0,1.1111012e-09,0
7912,1.0,2.3886625e-18,0
7913,1.0,1.6508163e-12,0
7914,1.0,1.960623e-10,0
7915,1.0,1.1341562e-11,0
7916,1.0,1.475933e-14,0
7917,1.0,3.2900267e-14,0
7918,1.0,4.3201787e-19,0
7919,1.0,1.5984719e-10,0
7920,1.0,1.642032e-13,0
7921,1.0,2.245208e-18,0
7922,1.0,6.87592e-09,0
7923,1.0,2.907585e-09,0
7924,1.0,6.029741e-21,0
7925,1.0,3.4605565e-13,0
7926,1.0,3.6271097e-09,0
7927,1.0,2.840146e-19,0
7928,1.0,1.1789664e-12,0
7929,1.0,5.886991e-19,0
7930,1.0,8.8107915e-12,0
7931,1.0,1.4620366e-13,0
7932,1.0,1.0854267e-09,0
7933,1.0,2.2954352e-20,0
7934,1.0,1.0699143e-20,0
7935,1.0,7.365906e-12,0
7936,1.0,2.1136352e-15,0
7937,1.0,7.289704e-20,0
7938,1.0,2.1787828e-08,0
7939,1.0,3.6839194e-09,0
7940,1.0,2.6335297e-18,0
7941,1.0,3.9465267e-10,0
7942,1.0,3.2165292e-18,0
7943,1.0,7.11858e-21,0
7944,1.0,5.646098e-15,0
7945,1.0,9.3606744e-18,0
7946,1.0,1.031074e-16,0
7947,1.0,5.528618e-08,0
7948,1.0,2.5634612e-19,0
7949,1.0,6.561807e-18,0
7950,1.0,5.325596e-09,0
7951,1.0,1.5423868e-10,0
7952,1.0,6.1729834e-16,0
7953,1.0,1.240379e-13,0
7954,1.0,1.0047774e-12,0
7955,1.0,2.7153136e-18,0
7956,1.0,5.726963e-16,0
7957,1.0,7.866386e-16,0
7958,1.0,2.8454022e-14,0
7959,1.0,6.511325e-11,0
7960,1.0,7.9753155e-11,0
7961,1.0,2.5714487e-15,0
7962,1.0,1.1219636e-18,0
7963,1.0,2.5859207e-21,0
7964,1.0,8.7161736e-11,0
7965,1.0,5.6408366e-18,0
7966,1.0,2.2879165e-13,0
7967,1.0,1.07948757e-19,0
7968,1.0,3.2405534e-13,0
7969,1.0,5.738732e-11,0
7970,1.0,1.2260079e-20,0
7971,1.0,2.9811018e-11,0
7972,1.0,2.0316776e-12,0
7973,1.0,1.0716393e-18,0
7974,1.0,2.472422e-09,0
7975,1.0,2.07876e-11,0
7976,1.0,2.7066413e-15,0
7977,1.0,5.0751178e-11,0
7978,1.0,1.6259592e-10,0
7979,1.0,2.0191064e-09,0
7980,1.0,4.600988e-09,0
7981,1.0,7.707504e-15,0
7982,1.0,5.3595176e-17,0
7983,1.0,1.0615909e-15,0
7984,1.0,3.2431463e-23,0
7985,1.0,9.497714e-11,0
7986,1.0,2.261502e-10,0
7987,1.0,6.0976413e-10,0
7988,1.0,8.30066e-11,0
7989,1.0,1.042894e-08,0
7990,1.0,2.0563265e-14,0
7991,1.0,5.475426e-18,0
7992,1.0,8.5118595e-15,0
7993,1.0,3.3070848e-09,0
7994,1.0,7.872285e-12,0
7995,1.0,4.2523332e-15,0
7996,1.0,1.3397174e-09,0
7997,1.0,1.751061e-09,0
7998,1.0,9.1053865e-15,0
7999,1.0,2.0450565e-19,0
8000,1.0,5.956029e-09,0
8001,1.0,3.185698e-17,0
8002,1.0,6.487593e-16,0
8003,1.0,1.487426e-11,0
8004,1.0,3.4051575e-17,0
8005,0.99999976,1.799015e-07,0
8006,1.0,1.1304858e-09,0
8007,1.0,1.2676744e-12,0
8008,1.0,2.3061965e-12,0
8009,1.0,1.9742583e-19,0
8010,1.0,2.1865411e-17,0
8011,1.0,8.4691776e-21,0
8012,1.0,8.804037e-20,0
8013,1.0,7.631218e-19,0
8014,1.0,1.25815e-12,0
8015,1.0,8.098263e-12,0
8016,1.0,5.9863676e-17,0
8017,1.0,2.9298357e-17,0
8018,1.0,1.10039394e-16,0
8019,1.0,4.6064006e-15,0
8020,1.0,9.335318e-11,0
8021,1.0,1.8749923e-12,0
8022,1.0,5.0002388e-15,0
8023,1.0,7.358583e-10,0
8024,1.0,1.5446074e-09,0
8025,1.0,5.3215415e-10,0
8026,1.0,1.4313357e-08,0
8027,1.0,3.8436387e-09,0
8028,1.0,6.23647e-14,0
8029,1.0,4.1658023e-18,0
8030,1.0,1.1875131e-12,0
8031,1.0,2.821334e-20,0
8032,1.0,1.9981547e-12,0
8033,0.9999999,1.7446018e-07,0
8034,1.0,1.9392457e-17,0
8035,1.0,5.5618257e-09,0
8036,1.0,3.1082859e-15,0
8037,1.0,8.217102e-09,0
8038,1.0,1.6978466e-17,0
8039,1.0,5.884531e-12,0
8040,1.0,1.3743137e-16,0
8041,1.0,4.8072142e-08,0
8042,1.0,2.9177902e-13,0
8043,1.0,1.7395071e-12,0
8044,1.0,4.304359e-09,0
8045,1.0,8.7985236e-14,0
8046,1.0,5.216442e-11,0
8047,1.0,2.788032e-10,0
8048,1.0,2.2271434e-16,0
8049,1.0,8.331084e-18,0
8050,1.0,1.798519e-15,0
8051,1.0,5.5984838e-08,0
8052,1.0,3.5553527e-10,0
8053,1.0,6.9152973e-13,0
8054,1.0,4.879898e-09,0
8055,1.0,1.6853621e-11,0
8056,1.0,6.7772775e-20,0
8057,1.0,1.3458873e-09,0
8058,1.0,1.5950209e-18,0
8059,1.0,4.5639442e-10,0
8060,1.0,1.2764254e-09,0
8061,1.0,2.0335147e-09,0
8062,1.0,4.2715795e-09,0
8063,1.0,7.309175e-18,0
8064,1.0,4.4935822e-17,0
8065,1.0,5.0802607e-22,0
8066,1.0,2.034504e-20,0
8067,1.0,1.220967e-13,0
8068,1.0,2.431798e-13,0
8069,0.99999726,2.7504946e-06,0
8070,1.0,8.619524e-15,0
8071,1.0,5.4646945e-09,0
8072,1.0,1.4497434e-17,0
8073,1.0,1.1341338e-16,0
8074,1.0,4.240536e-17,0
8075,1.0,1.8054811e-13,0
8076,1.0,5.8947107e-15,0
8077,1.0,5.0562846e-08,0
8078,1.0,1.7218676e-11,0
8079,1.0,9.341882e-09,0
8080,1.0,5.324349e-12,0
8081,1.0,2.7074556e-16,0
8082,1.0,6.38322e-10,0
8083,1.0,3.7288997e-10,0
8084,1.0,1.8768832e-14,0
8085,1.0,9.223337e-15,0
8086,1.0,1.862833e-12,0
8087,1.0,9.185497e-09,0
8088,1.0,7.2230565e-14,0
8089,1.0,7.663744e-12,0
8090,1.0,1.7035093e-18,0
8091,0.9999999,6.5406475e-08,0
8092,1.0,3.7883883e-13,0
8093,1.0,2.2580378e-09,0
8094,0.9999994,6.245071e-07,0
8095,1.0,5.220826e-17,0
8096,1.0,2.862111e-15,0
8097,1.0,3.0953376e-17,0
8098,1.0,6.660432e-20,0
8099,1.0,1.0582603e-13,0
8100,1.0,1.0056315e-14,0
8101,1.0,1.9897356e-11,0
8102,0.9999999,1.4180402e-07,0
8103,1.0,4.107892e-16,0
8104,1.0,2.0435633e-15,0
8105,1.0,3.0758653e-12,0
8106,1.0,2.1844919e-08,0
8107,1.0,1.1971676e-15,0
8108,1.0,1.3643354e-18,0
8109,1.0,8.315372e-17,0
8110,1.0,2.8375076e-09,0
8111,1.0,1.2715295e-12,0
8112,1.0,1.3155316e-18,0
8113,1.0,9.557977e-18,0
8114,1.0,1.4422419e-09,0
8115,1.0,3.2138384e-21,0
8116,1.0,3.8724747e-14,0
8117,1.0,2.7886488e-10,0
8118,1.0,1.861242e-12,0
8119,1.0,2.5830538e-12,0
8120,1.0,2.0428785e-14,0
8121,1.0,3.5526102e-12,0
8122,1.0,2.5965393e-08,0
8123,1.0,9.92928e-12,0
8124,1.0,1.7524163e-14,0
8125,1.0,7.9588956e-17,0
8126,1.0,1.3466222e-12,0
8127,1.0,1.8601128e-09,0
8128,1.0,2.4855413e-18,0
8129,1.0,4.348367e-20,0
8130,1.0,7.444266e-12,0
8131,1.0,1.1097783e-15,0
8132,1.0,3.087699e-15,0
8133,1.0,1.6278692e-12,0
8134,0.9999993,7.418808e-07,0
8135,1.0,1.1358157e-09,0
8136,1.0,1.1532335e-09,0
8137,0.9999999,1.0746212e-07,0
8138,1.0,2.8328157e-15,0
8139,1.0,1.6315271e-09,0
8140,1.0,1.559601e-10,0
8141,1.0,3.3847103e-16,0
8142,1.0,2.0076003e-10,0
8143,1.0,5.709875e-11,0
8144,1.0,1.45383146e-08,0
8145,1.0,1.274187e-10,0
8146,1.0,1.3544234e-14,0
8147,1.0,2.5366877e-14,0
8148,1.0,2.1633667e-11,0
8149,1.0,1.1295916e-16,0
8150,0.99999917,8.419045e-07,0
8151,1.0,2.345975e-19,0
8152,1.0,3.991003e-19,0
8153,1.0,9.6692e-19,0
8154,1.0,4.8730998e-12,0
8155,1.0,1.6330798e-10,0
8156,1.0,2.1486357e-12,0
8157,1.0,3.1856223e-11,0
8158,1.0,4.443471e-08,0
8159,1.0,1.4301506e-09,0
8160,1.0,8.1863893e-10,0
8161,1.0,1.1443201e-09,0
8162,1.0,4.1063689e-10,0
8163,1.0,3.9229878e-19,0
8164,1.0,1.4284803e-19,0
8165,1.0,9.593519e-18,0
8166,1.0,1.3867266e-08,0
8167,1.0,1.256392e-09,0
8168,1.0,1.691201e-10,0
8169,1.0,5.7227383e-12,0
8170,1.0,1.3213971e-09,0
8171,1.0,5.1796805e-18,0
8172,1.0,8.8173864e-11,0
8173,1.0,4.794201e-20,0
8174,1.0,2.0520297e-09,0
8175,1.0,8.608109e-14,0
8176,1.0,5.67623e-09,0
8177,1.0,3.3207437e-13,0
8178,1.0,2.1349131e-09,0
8179,0.9999993,7.090136e-07,0
8180,1.0,1.0232286e-18,0
8181,1.0,7.742985e-15,0
8182,1.0,1.7532088e-14,0
8183,0.9999981,1.9577346e-06,0
8184,1.0,1.9869252e-15,0
8185,1.0,6.709533e-09,0
8186,1.0,6.915949e-15,0
8187,0.9999933,6.7190003e-06,0
8188,1.0,1.4964689e-12,0
8189,1.0,1.30069205e-17,0
8190,1.0,6.12693e-09,0
8191,1.0,3.6598001e-16,0
8192,1.0,5.4575733e-19,0
8193,1.0,7.823313e-11,0
8194,1.0,1.3802863e-14,0
8195,1.0,3.4265353e-20,0
8196,1.0,3.6558058e-18,0
8197,1.0,9.9863575e-15,0
8198,1.0,4.1977587e-16,0
8199,1.0,2.3667396e-11,0
8200,1.0,2.5460818e-14,0
8201,1.0,4.917911e-08,0
8202,1.0,6.0114614e-13,0
8203,1.0,9.193676e-18,0
8204,1.0,1.0781671e-18,0
8205,1.0,2.313676e-13,0
8206,1.0,4.1236405e-08,0
8207,1.0,6.0686565e-18,0
8208,1.0,5.608219e-12,0
8209,1.0,6.093875e-17,0
8210,1.0,1.0733548e-08,0
8211,1.0,4.7680913e-09,0
8212,1.0,3.8228378e-13,0
8213,1.0,1.4965603e-12,0
8214,1.0,6.077814e-16,0
8215,1.0,2.1947353e-09,0
8216,1.0,2.0353694e-09,0
8217,1.0,8.0549796e-11,0
8218,1.0,1.3820722e-18,0
8219,1.0,1.3058005e-13,0
8220,1.0,1.097075e-15,0
8221,1.0,3.3525223e-15,0
8222,1.0,6.5739636e-09,0
8223,1.0,4.7747847e-11,0
8224,1.0,1.09407785e-16,0
8225,1.0,6.758626e-12,0
8226,1.0,7.773521e-09,0
8227,1.0,2.5464734e-19,0
8228,1.0,1.0296582e-10,0
8229,1.0,2.581286e-08,0
8230,1.0,1.4938455e-19,0
8231,1.0,3.8400073e-15,0
8232,1.0,1.3223039e-14,0
8233,1.0,2.6884699e-14,0
8234,1.0,3.1669764e-10,0
8235,1.0,1.9169859e-13,0
8236,1.0,4.2782218e-14,0
8237,1.0,8.502944e-13,0
8238,1.0,7.50859e-09,0
8239,1.0,5.1882862e-09,0
8240,1.0,3.0740117e-12,0
8241,1.0,2.1444268e-12,0
8242,1.0,1.5041349e-16,0
8243,1.0,7.019747e-14,0
8244,1.0,3.310772e-08,0
8245,1.0,6.876597e-14,0
8246,1.0,3.3733078e-13,0
8247,1.0,8.84853e-09,0
8248,1.0,7.464425e-20,0
8249,1.0,3.368114e-20,0
8250,1.0,1.5298908e-10,0
8251,1.0,4.5586326e-12,0
8252,1.0,1.31639985e-11,0
8253,1.0,7.4669464e-16,0
8254,1.0,7.564129e-10,0
8255,1.0,1.0548512e-12,0
8256,1.0,3.876286e-15,0
8257,1.0,1.7529603e-15,0
8258,1.0,3.373409e-14,0
8259,1.0,5.587087e-17,0
8260,1.0,3.6549422e-10,0
8261,1.0,1.6141338e-14,0
8262,1.0,6.6829722e-15,0
8263,1.0,3.1658445e-08,0
8264,1.0,7.3597803e-09,0
8265,0.99999976,1.8135121e-07,0
8266,1.0,7.609774e-09,0
8267,1.0,2.1638648e-16,0
8268,1.0,8.9980125e-20,0
8269,1.0,6.8562804e-19,0
8270,1.0,1.5659417e-13,0
8271,1.0,5.97103e-21,0
8272,1.0,4.2397294e-16,0
8273,0.9999999,1.6075062e-07,0
8274,1.0,3.275746e-09,0
8275,1.0,2.9255992e-12,0
8276,1.0,7.075449e-22,0
8277,1.0,4.9844306e-08,0
8278,1.0,1.4039388e-10,0
8279,1.0,8.561039e-13,0
8280,1.0,3.705387e-15,0
8281,1.0,2.3369308e-08,0
8282,1.0,5.4830984e-10,0
8283,1.0,5.0003795e-12,0
8284,1.0,7.957924e-17,0
8285,1.0,1.0481469e-15,0
8286,1.0,9.817317e-10,0
8287,1.0,1.1557061e-13,0
8288,1.0,2.1083964e-19,0
8289,1.0,3.363561e-17,0
8290,1.0,1.3841556e-19,0
8291,1.0,9.112458e-11,0
8292,1.0,2.3379493e-14,0
8293,1.0,2.2061762e-13,0
8294,1.0,1.1519098e-17,0
8295,1.0,4.5720087e-19,0
8296,1.0,2.3977354e-12,0
8297,0.9999999,1.13002336e-07,0
8298,1.0,2.9614677e-09,0
8299,1.0,1.7455602e-15,0
8300,1.0,6.373839e-14,0
8301,1.0,1.5943357e-08,0
8302,1.0,1.7665138e-11,0
8303,1.0,2.3627565e-15,0
8304,1.0,3.111389e-18,0
8305,1.0,1.6023501e-12,0
8306,1.0,7.273574e-10,0
8307,0.9999999,8.455207e-08,0
8308,1.0,1.9795216e-12,0
8309,1.0,2.0422952e-09,0
8310,1.0,1.8670314e-11,0
8311,1.0,1.9755848e-11,0
8312,0.9999994,6.006777e-07,0
8313,0.99999976,2.4750426e-07,0
8314,1.0,2.245258e-08,0
8315,1.0,5.6149098e-08,0
8316,1.0,3.583133e-11,0
8317,0.99999964,4.1705468e-07,0
8318,1.0,3.1130536e-09,0
8319,1.0,1.5923755e-08,0
8320,1.0,7.326858e-11,0
8321,1.0,2.3230189e-10,0
8322,1.0,8.259701e-09,0
8323,1.0,9.602451e-11,0
8324,1.0,3.3784158e-08,0
8325,0.9999999,1.693437e-07,0
8326,1.0,7.6756007e-10,0
8327,0.9999999,8.55902e-08,0
8328,1.0,5.6764732e-11,0
8329,1.0,5.010008e-10,0
8330,1.0,4.2138836e-08,0
8331,1.0,6.3449473e-10,0
8332,1.0,7.061044e-09,0
8333,1.0,3.905793e-08,0
8334,0.9999999,9.472688e-08,0
8335,0.99999976,2.8807267e-07,0
8336,1.0,7.3393375e-10,0
8337,1.0,5.3054944e-08,0
8338,0.9999999,1.2223548e-07,0
8339,0.99999905,9.408689e-07,0
8340,0.9999999,1.413393e-07,0
8341,1.0,3.718697e-08,0
8342,1.0,1.01517315e-10,0
8343,1.0,1.6521307e-11,0
8344,0.9999999,1.14570135e-07,0
8345,0.99999976,2.979703e-07,0
8346,0.9999999,7.791605e-08,0
8347,1.0,1.3478493e-10,0
8348,0.99999976,2.8637194e-07,0
8349,0.99999976,1.831021e-07,0
8350,0.9999999,1.1874639e-07,0
8351,1.0,1.74228e-08,0
8352,0.9999993,7.5569676e-07,0
8353,1.0,5.887425e-09,0
8354,0.99999964,3.255921e-07,0
8355,1.0,7.562949e-09,0
8356,1.0,2.433159e-08,0
8357,0.9999999,1.7391183e-07,0
8358,0.9999999,9.4089614e-08,0
8359,1.0,3.541419e-09,0
8360,0.9999999,6.897557e-08,0
8361,1.0,5.2266483e-08,0
8362,0.99999917,8.392615e-07,0
8363,0.9999999,8.605558e-08,0
8364,1.0,5.128959e-08,0
8365,1.0,3.5399488e-08,0
8366,0.9999993,7.695939e-07,0
8367,0.99999976,2.0428698e-07,0
8368,0.99999917,8.0857444e-07,0
8369,0.9999999,9.792341e-08,0
8370,0.9999981,1.9301199e-06,0
8371,1.0,2.649766e-09,0
8372,1.0,1.4380494e-10,0
8373,1.0,1.7162568e-08,0
8374,1.0,2.2365175e-08,0
8375,1.0,6.3138367e-10,0
8376,1.0,2.4543236e-09,0
8377,1.0,2.0030526e-10,0
8378,1.0,2.5375213e-09,0
8379,1.0,3.5920273e-08,0
8380,1.0,9.057817e-12,0
8381,1.0,1.6222738e-09,0
8382,1.0,3.0997076e-11,0
8383,1.0,7.2042836e-12,0
8384,1.0,1.5906951e-10,0
8385,0.9999999,6.780266e-08,0
8386,1.0,3.683926e-13,0
8387,1.0,3.5081158e-08,0
8388,1.0,3.557184e-10,0
8389,1.0,4.567754e-12,0
8390,1.0,3.3676284e-11,0
8391,0.99999976,2.5395767e-07,0
8392,1.0,2.0575568e-08,0
8393,1.0,4.075058e-10,0
8394,1.0,1.9435237e-12,0
8395,1.0,8.848834e-09,0
8396,1.0,4.725099e-12,0
8397,0.9999995,4.184466e-07,0
8398,1.0,7.5047454e-11,0
8399,0.99999964,3.0474854e-07,0
8400,1.0,6.730903e-12,0
8401,1.0,3.8946048e-08,0
8402,1.0,2.1413332e-08,0
8403,1.0,2.1767285e-10,0
8404,1.0,7.697202e-12,0
8405,1.0,3.5738765e-08,0
8406,1.0,7.3604217e-10,0
8407,1.0,7.2242597e-13,0
8408,1.0,2.1188082e-09,0
8409,1.0,2.9766545e-10,0
8410,1.0,6.8232536e-10,0
8411,1.0,5.6243545e-11,0
8412,1.0,2.453137e-11,0
8413,1.0,2.2543488e-10,0
8414,1.0,3.1425676e-12,0
8415,1.0,8.0649454e-10,0
8416,0.9999993,7.0503603e-07,0
8417,1.0,7.3597906e-10,0
8418,1.0,1.4544221e-12,0
8419,1.0,1.4612646e-09,0
8420,1.0,4.2897313e-12,0
8421,1.0,6.920559e-10,0
8422,1.0,5.084441e-10,0
8423,1.0,5.716815e-08,0
8424,0.9999994,6.302629e-07,0
8425,0.99999905,9.389301e-07,0
8426,1.0,2.942546e-11,0
8427,1.0,2.8296558e-12,0
8428,1.0,4.8344496e-08,0
8429,1.0,2.9056617e-09,0
8430,1.0,1.0323124e-11,0
8431,1.0,2.4363422e-10,0
8432,1.0,1.1798798e-08,0
8433,1.0,3.945975e-11,0
8434,1.0,9.849028e-11,0
8435,1.0,1.9531963e-09,0
8436,1.0,4.5486812e-11,0
8437,1.0,4.5600226e-09,0
8438,1.0,1.7659176e-11,0
8439,1.0,2.4764135e-10,0
8440,1.0,7.148792e-12,0
8441,1.0,6.8480683e-09,0
8442,0.9999999,1.3124337e-07,0
8443,0.9999999,8.792628e-08,0
8444,0.9999999,6.216963e-08,0
8445,1.0,4.0489274e-09,0
8446,0.9999981,1.9621236e-06,0
8447,1.0,6.777015e-10,0
8448,0.9999999,1.2178006e-07,0
8449,0.99999976,2.0832094e-07,0
8450,1.0,3.340733e-11,0
8451,0.99999976,2.1316168e-07,0
8452,0.9999999,1.5370516e-07,0
8453,1.0,1.7820164e-11,0
8454,0.99999964,2.9858413e-07,0
8455,0.9999993,6.970773e-07,0
8456,1.0,4.885483e-10,0
8457,1.0,5.9853755e-13,0
8458,1.0,2.9757932e-09,0
8459,1.0,1.0192291e-08,0
8460,1.0,2.7780417e-10,0
8461,1.0,5.0511733e-09,0
8462,0.9999968,3.240746e-06,0
8463,1.0,8.2068224e-10,0
8464,1.0,3.9854697e-13,0
8465,1.0,5.2649035e-10,0
8466,1.0,6.9745085e-09,0
8467,1.0,3.6812817e-11,0
8468,1.0,2.5018778e-08,0
8469,1.0,1.4309064e-09,0
8470,1.0,3.388619e-08,0
8471,1.0,1.1280417e-08,0
8472,1.0,1.0811286e-10,0
8473,1.0,2.0228956e-09,0
8474,0.99999976,2.5462455e-07,0
8475,0.99999976,2.1091368e-07,0
8476,1.0,1.8006665e-09,0
8477,1.0,9.304388e-11,0
8478,1.0,3.8315864e-11,0
8479,1.0,1.0721722e-08,0
8480,0.9999999,8.536749e-08,0
8481,1.0,1.34022935e-08,0
8482,1.0,8.2178814e-10,0
8483,0.9999999,6.3548605e-08,0
8484,0.9999999,7.042136e-08,0
8485,0.9999856,1.4405291e-05,0
8486,1.0,6.6000166e-10,0
8487,1.0,3.4558425e-08,0
8488,1.0,8.158044e-12,0
8489,1.0,6.1892456e-11,0
8490,0.99999964,3.7148905e-07,0
8491,1.0,2.3567235e-09,0
8492,1.0,3.311748e-10,0
8493,1.0,1.689758e-12,0
8494,0.99999976,1.9184287e-07,0
8495,0.99999964,3.9643885e-07,0
8496,1.0,5.500106e-11,0
8497,1.0,4.8555486e-11,0
8498,1.0,1.1363985e-09,0
8499,1.0,2.2548916e-09,0
8500,0.9999999,6.1195514e-08,0
8501,1.0,4.0373984e-09,0
8502,1.0,5.2291185e-09,0
8503,1.0,9.127035e-11,0
8504,1.0,6.062743e-11,0
8505,1.0,5.5003994e-11,0
8506,0.9999999,9.543342e-08,0
8507,1.0,6.715099e-10,0
8508,1.0,1.4132123e-11,0
8509,1.0,6.513222e-12,0
8510,0.99999964,3.5206915e-07,0
8511,1.0,1.340559e-08,0
8512,1.0,3.144023e-09,0
8513,1.0,2.1758497e-09,0
8514,1.0,1.4670307e-10,0
8515,1.0,7.920191e-09,0
8516,1.0,2.0183968e-10,0
8517,0.9999999,6.24849e-08,0
8518,1.0,5.1306633e-11,0
8519,1.0,4.076121e-11,0
8520,1.0,2.436973e-11,0
8521,1.0,5.8818808e-09,0
8522,1.0,1.7756627e-10,0
8523,1.0,7.1541426e-11,0
8524,1.0,4.3178978e-11,0
8525,1.0,6.259067e-13,0
8526,0.99999976,2.062396e-07,0
8527,1.0,3.09587e-09,0
8528,1.0,5.91545e-10,0
8529,1.0,9.387993e-11,0
8530,1.0,6.355703e-10,0
8531,1.0,7.851274e-09,0
8532,1.0,1.8389374e-08,0
8533,1.0,4.9747024e-09,0
8534,1.0,3.852347e-11,0
8535,1.0,2.471742e-10,0
8536,1.0,5.351814e-10,0
8537,1.0,2.2852466e-10,0
8538,0.9999999,6.116097e-08,0
8539,1.0,2.6498885e-08,0
8540,0.9999999,1.541379e-07,0
8541,1.0,2.659995e-09,0
8542,1.0,7.080156e-12,0
8543,1.0,3.5454453e-10,0
8544,1.0,2.8531235e-11,0
8545,1.0,4.160372e-10,0
8546,1.0,1.0057645e-09,0
8547,1.0,4.912178e-10,0
8548,0.9999999,8.965618e-08,0
8549,0.9999995,4.6781543e-07,0
8550,1.0,4.9594537e-11,0
8551,1.0,6.9250483e-10,0
8552,1.0,1.8048744e-10,0
8553,1.0,1.3483393e-08,0
8554,1.0,3.7977704e-10,0
8555,1.0,1.8051146e-11,0
8556,1.0,5.3852185e-09,0
8557,1.0,1.0340674e-09,0
8558,1.0,4.145532e-08,0
8559,1.0,3.2452252e-08,0
8560,1.0,9.891566e-09,0
8561,1.0,5.7836175e-12,0
8562,1.0,1.2943081e-08,0
8563,0.99999917,8.2599075e-07,0
8564,0.99999833,1.6197027e-06,0
8565,0.99999976,2.9568534e-07,0
8566,1.0,4.3225274e-08,0
8567,0.9999999,1.2683306e-07,0
8568,0.99999785,2.2034144e-06,0
8569,1.0,4.220351e-08,0
8570,1.0,1.744893e-09,0
8571,1.0,5.6327315e-10,0
8572,1.0,1.4720105e-11,0
8573,0.9999999,1.6514896e-07,0
8574,1.0,2.4098591e-11,0
8575,1.0,4.118113e-09,0
8576,1.0,1.9400052e-12,0
8577,1.0,2.6112723e-10,0
8578,1.0,1.3061362e-10,0
8579,0.9999993,6.977132e-07,0
8580,1.0,2.3651578e-13,0
8581,1.0,1.509966e-10,0
8582,1.0,7.081105e-11,0
8583,1.0,1.014154e-12,0
8584,1.0,2.6113348e-08,0
8585,0.99999976,2.1122992e-07,0
8586,1.0,5.250486e-09,0
8587,1.0,2.6040877e-12,0
8588,1.0,1.6650432e-12,0
8589,1.0,1.8095405e-11,0
8590,1.0,3.0717866e-11,0
8591,1.0,5.9932614e-12,0
8592,1.0,1.1541099e-08,0
8593,1.0,4.333097e-10,0
8594,1.0,1.3709026e-12,0
8595,1.0,2.3135208e-10,0
8596,1.0,9.683641e-10,0
8597,1.0,1.4809991e-12,0
8598,1.0,4.756766e-12,0
8599,1.0,1.2973821e-09,0
8600,1.0,2.3421495e-10,0
8601,1.0,3.322613e-09,0
8602,1.0,4.665852e-10,0
8603,1.0,9.590686e-10,0
8604,1.0,1.2680198e-09,0
8605,1.0,1.2814505e-09,0
8606,1.0,1.7581281e-10,0
8607,0.99999857,1.4214863e-06,0
8608,1.0,4.9401515e-13,0
8609,0.9999999,1.7371309e-07,0
8610,1.0,4.1708182e-11,0
8611,1.0,2.1448596e-09,0
8612,1.0,4.5732356e-09,0
8613,1.0,5.2113485e-08,0
8614,1.0,3.1650985e-10,0
8615,0.99999845,1.5297514e-06,0
8616,1.0,3.1071676e-10,0
8617,1.0,4.903898e-08,0
8618,0.99999976,1.8375756e-07,0
8619,1.0,2.2619281e-11,0
8620,1.0,1.1847316e-10,0
8621,1.0,3.9665848e-10,0
8622,1.0,2.4875668e-10,0
8623,1.0,2.6043698e-09,0
8624,1.0,9.3916055e-12,0
8625,1.0,9.668539e-11,0
8626,1.0,3.9105092e-09,0
8627,1.0,3.073174e-08,0
8628,1.0,2.7660356e-13,0
8629,1.0,3.247719e-13,0
8630,1.0,9.354448e-10,0
8631,1.0,1.016024e-09,0
8632,1.0,1.0805431e-10,0
8633,1.0,5.577072e-08,0
8634,1.0,1.3668779e-10,0
8635,0.99999976,2.949674e-07,0
8636,1.0,7.309058e-12,0
8637,1.0,5.822637e-11,0
8638,1.0,7.0443664e-12,0
8639,1.0,1.00893915e-08,0
8640,1.0,9.1527494e-11,0
8641,1.0,4.6687428e-11,0
8642,1.0,2.7471001e-11,0
8643,1.0,3.1043492e-09,0
8644,1.0,7.022738e-09,0
8645,1.0,2.8210967e-09,0
8646,1.0,3.380343e-08,0
8647,1.0,6.1619536e-11,0
8648,1.0,5.7934994e-08,0
8649,1.0,1.0484466e-08,0
8650,1.0,6.623015e-11,0
8651,1.0,1.733976e-11,0
8652,1.0,2.4547647e-08,0
8653,0.9999999,1.1714456e-07,0
8654,0.99999976,2.4364198e-07,0
8655,0.9999999,1.0712302e-07,0
8656,0.9999999,9.724071e-08,0
8657,0.9999999,1.3266119e-07,0
8658,1.0,1.2711831e-08,0
8659,0.9999999,8.508481e-08,0
8660,0.9999993,6.758677e-07,0
8661,1.0,3.8703436e-09,0
8662,1.0,5.5142422e-08,0
8663,0.99999917,8.3178185e-07,0
8664,1.0,1.104513e-09,0
8665,1.0,1.7957619e-09,0
8666,1.0,1.703687e-08,0
8667,0.9999999,6.459012e-08,0
8668,1.0,2.359744e-11,0
8669,1.0,2.7336712e-08,0
8670,1.0,3.058836e-11,0
8671,1.0,7.018954e-11,0
8672,1.0,9.732937e-09,0
8673,1.0,1.94327e-10,0
8674,1.0,3.5887673e-12,0
8675,1.0,8.114526e-09,0
8676,1.0,5.8396736e-08,0
8677,1.0,7.3762925e-09,0
8678,1.0,6.327315e-10,0
8679,1.0,1.0433158e-08,0
8680,1.0,2.950682e-09,0
8681,1.0,1.8692507e-08,0
8682,0.999997,2.9214618e-06,0
8683,1.0,3.1101777e-11,0
8684,1.0,8.999264e-09,0
8685,1.0,1.0443814e-11,0
8686,1.0,2.3866515e-09,0
8687,1.0,9.526493e-10,0
8688,1.0,2.2625084e-09,0
8689,1.0,6.253238e-11,0
8690,1.0,5.4991645e-10,0
8691,1.0,2.891191e-11,0
8692,1.0,6.2285654e-10,0
8693,1.0,5.9521476e-12,0
8694,1.0,1.4882718e-11,0
8695,1.0,3.6231254e-10,0
8696,1.0,1.4299923e-09,0
8697,1.0,8.1081314e-14,0
8698,1.0,5.200649e-10,0
8699,1.0,3.442871e-14,0
8700,1.0,2.848412e-13,0
8701,1.0,1.910884e-11,0
8702,1.0,4.586194e-11,0
8703,1.0,1.1406694e-10,0
8704,1.0,1.6679835e-12,0
8705,1.0,2.601103e-09,0
8706,1.0,7.4471984e-10,0
8707,1.0,9.680191e-13,0
8708,1.0,5.015734e-14,0
8709,1.0,7.40027e-11,0
8710,1.0,3.529472e-08,0
8711,1.0,5.4758037e-10,0
8712,1.0,1.8051007e-11,0
8713,1.0,2.248055e-09,0
8714,1.0,3.0057853e-10,0
8715,1.0,5.473276e-10,0
8716,1.0,1.40267745e-11,0
8717,1.0,3.918622e-11,0
8718,1.0,9.303354e-12,0
8719,1.0,5.196705e-09,0
8720,1.0,1.3119631e-11,0
8721,1.0,1.31006265e-11,0
8722,1.0,1.3625836e-09,0
8723,1.0,9.8387944e-11,0
8724,1.0,3.0179165e-11,0
8725,0.9999989,1.0951231e-06,0
8726,1.0,4.438549e-08,0
8727,1.0,2.4381253e-08,0
8728,1.0,6.9495537e-10,0
8729,1.0,4.3731752e-10,0
8730,0.9999999,1.3831492e-07,0
8731,1.0,3.8930664e-12,0
8732,1.0,2.8034825e-12,0
8733,1.0,2.235983e-13,0
8734,1.0,3.783892e-08,0
8735,1.0,4.7703113e-09,0
8736,1.0,2.2701833e-11,0
8737,1.0,1.483998e-10,0
8738,0.9999989,1.0799281e-06,0
8739,1.0,8.120091e-11,0
8740,1.0,1.6489912e-08,0
8741,1.0,9.21456e-12,0
8742,1.0,1.976221e-08,0
8743,0.9999999,9.0658716e-08,0
8744,1.0,1.4740752e-08,0
8745,1.0,8.32889e-11,0
8746,0.99999976,2.0608762e-07,0
8747,1.0,3.4732425e-11,0
8748,1.0,7.7032825e-12,0
8749,0.99999976,1.8738918e-07,0
8750,1.0,2.6582969e-08,0
8751,0.9999999,1.496267e-07,0
8752,1.0,4.33035e-08,0
8753,1.0,1.8655268e-10,0
8754,1.0,5.6155835e-12,0
8755,1.0,2.5910527e-08,0
8756,1.0,2.4624403e-09,0
8757,0.9999999,1.1929826e-07,0
8758,1.0,5.6085735e-08,0
8759,1.0,1.2617767e-08,0
8760,1.0,2.01471e-12,0
8761,1.0,1.9463786e-10,0
8762,1.0,2.1755188e-08,0
8763,1.0,3.1017112e-08,0
8764,1.0,4.4861965e-11,0
8765,1.0,6.494769e-10,0
8766,1.0,6.3598987e-10,0
8767,0.9999999,7.1672645e-08,0
8768,0.9999999,8.456868e-08,0
8769,0.9999987,1.2757613e-06,0
8770,0.99999964,3.8412742e-07,0
8771,1.0,1.6652624e-08,0
8772,0.999998,2.0591172e-06,0
8773,1.0,4.58363e-08,0
8774,0.99999917,8.491852e-07,0
8775,1.0,1.1040885e-11,0
8776,0.9999999,1.4791539e-07,0
8777,1.0,1.8001402e-10,0
8778,1.0,5.78939e-08,0
8779,1.0,1.5540202e-08,0
8780,1.0,2.9153444e-08,0
8781,1.0,1.05025086e-10,0
8782,1.0,1.40024225e-11,0
8783,1.0,2.43042e-10,0
8784,1.0,3.786658e-11,0
8785,0.99998915,1.0861917e-05,0
8786,1.0,1.2073503e-09,0
8787,1.0,1.7407062e-11,0
8788,1.0,2.7289174e-10,0
8789,0.9999999,9.262188e-08,0
8790,1.0,3.7486924e-08,0
8791,1.0,5.095239e-09,0
8792,1.0,2.1511709e-11,0
8793,1.0,1.322072e-10,0
8794,1.0,2.7804047e-11,0
8795,1.0,1.9059574e-09,0
8796,1.0,6.872547e-10,0
8797,1.0,1.7313454e-11,0
8798,1.0,2.9124099e-08,0
8799,1.0,5.6137417e-12,0
8800,1.0,3.0640563e-11,0
8801,1.0,2.4431164e-11,0
8802,1.0,1.923156e-10,0
8803,1.0,7.43023e-10,0
8804,1.0,1.3473346e-11,0
8805,1.0,4.6574966e-09,0
8806,1.0,5.387995e-08,0
8807,1.0,1.1640044e-09,0
8808,1.0,6.887379e-09,0
8809,1.0,6.3416083e-10,0
8810,1.0,8.251815e-12,0
8811,1.0,4.5159035e-10,0
8812,1.0,9.6348686e-11,0
8813,1.0,2.475762e-10,0
8814,1.0,1.2302622e-12,0
8815,1.0,3.1627857e-11,0
8816,1.0,8.428519e-10,0
8817,1.0,1.28257405e-11,0
8818,1.0,1.1971557e-12,0
8819,1.0,6.3626105e-12,0
8820,1.0,5.776859e-12,0
8821,1.0,9.898587e-09,0
8822,1.0,2.8795913e-10,0
8823,1.0,5.498464e-13,0
8824,1.0,1.0976397e-12,0
8825,1.0,6.175785e-09,0
8826,1.0,1.9145643e-08,0
8827,1.0,1.5553263e-10,0
8828,1.0,1.7348848e-12,0
8829,1.0,1.0298458e-08,0
8830,1.0,6.689162e-10,0
8831,1.0,2.0565559e-12,0
8832,1.0,1.1982254e-11,0
8833,1.0,6.108694e-12,0
8834,1.0,4.1240587e-11,0
8835,1.0,5.030302e-12,0
8836,1.0,2.80463e-10,0
8837,1.0,3.2967903e-11,0
8838,1.0,8.297019e-11,0
8839,1.0,6.060711e-10,0
8840,1.0,3.3120717e-09,0
8841,1.0,3.7238474e-13,0
8842,1.0,5.0832043e-12,0
8843,1.0,1.986861e-11,0
8844,1.0,3.4520067e-09,0
8845,1.0,1.9854813e-08,0
8846,1.0,4.098255e-10,0
8847,0.9999999,8.0570814e-08,0
8848,1.0,2.5678662e-11,0
8849,1.0,8.68033e-09,0
8850,1.0,2.4474317e-10,0
8851,1.0,6.3062396e-11,0
8852,1.0,1.9304215e-10,0
8853,1.0,8.2328595e-11,0
8854,1.0,9.78283e-10,0
8855,0.9999994,5.4654157e-07,0
8856,1.0,4.9421352e-11,0
8857,1.0,3.054918e-11,0
8858,1.0,1.085817e-11,0
8859,1.0,8.9677705e-09,0
8860,1.0,1.0182088e-12,0
8861,1.0,4.990228e-10,0
8862,1.0,1.4276731e-09,0
8863,1.0,2.5538843e-13,0
8864,1.0,3.2033514e-12,0
8865,1.0,1.1137238e-09,0
8866,1.0,1.00772266e-10,0
8867,1.0,1.4609189e-09,0
8868,0.9999999,6.279434e-08,0
8869,1.0,1.108652e-09,0
8870,1.0,2.3986685e-12,0
8871,1.0,8.198124e-10,0
8872,0.99999964,3.8476463e-07,0
8873,0.9999999,1.5787882e-07,0
8874,1.0,1.0998796e-09,0
8875,1.0,2.7449109e-11,0
8876,0.9999999,6.866604e-08,0
8877,1.0,1.0724851e-08,0
8878,0.9999999,5.997927e-08,0
8879,1.0,2.1768717e-12,0
8880,1.0,3.9397914e-08,0
8881,1.0,1.407001e-09,0
8882,1.0,5.0117805e-12,0
8883,1.0,2.7800682e-09,0
8884,1.0,6.886144e-09,0
8885,1.0,7.862649e-09,0
8886,1.0,2.0077671e-08,0
8887,1.0,9.52871e-10,0
8888,1.0,8.255897e-11,0
8889,1.0,6.32151e-11,0
8890,1.0,2.4859412e-09,0
8891,1.0,2.8479898e-08,0
8892,1.0,1.0971568e-11,0
8893,0.99999964,3.5745217e-07,0
8894,1.0,9.380292e-12,0
8895,1.0,1.5063509e-09,0
8896,1.0,8.4067e-10,0
8897,1.0,5.291663e-10,0
8898,1.0,1.1041571e-09,0
8899,1.0,4.990345e-09,0
8900,1.0,2.1957067e-09,0
8901,1.0,1.0088526e-08,0
8902,1.0,1.5104888e-08,0
8903,1.0,2.3296646e-11,0
8904,1.0,3.6670802e-09,0
8905,1.0,3.8377013e-11,0
8906,1.0,6.120908e-11,0
8907,1.0,1.0730671e-10,0
8908,1.0,2.4637825e-10,0
8909,1.0,1.4223511e-13,0
8910,1.0,1.2197173e-09,0
8911,1.0,6.637246e-10,0
8912,1.0,5.863591e-12,0
8913,1.0,1.9625723e-10,0
8914,1.0,3.8632222e-11,0
8915,1.0,1.1938921e-09,0
8916,1.0,1.0807085e-09,0
8917,1.0,1.7115224e-09,0
8918,1.0,2.9616357e-10,0
8919,1.0,8.207346e-12,0
8920,1.0,1.7207988e-09,0
8921,1.0,4.532467e-12,0
8922,0.9999995,4.2779823e-07,0
8923,0.9999999,6.041142e-08,0
8924,1.0,1.4717763e-09,0
8925,1.0,3.5428663e-12,0
8926,1.0,1.9009028e-10,0
8927,1.0,2.7639577e-13,0
8928,1.0,1.0133628e-09,0
8929,1.0,3.6858855e-10,0
8930,1.0,2.3859913e-13,0
8931,1.0,4.1944616e-12,0
8932,1.0,7.4140344e-10,0
8933,1.0,4.755032e-09,0
8934,1.0,1.8087015e-08,0
8935,1.0,2.3355664e-09,0
8936,1.0,5.9652694e-10,0
8937,1.0,2.3488254e-09,0
8938,1.0,1.3348438e-08,0
8939,1.0,1.1312358e-10,0
8940,1.0,3.6212545e-13,0
8941,1.0,1.05796275e-11,0
8942,1.0,8.417984e-09,0
8943,1.0,3.1603586e-09,0
8944,1.0,2.4905186e-11,0
8945,1.0,1.6655422e-08,0
8946,1.0,5.7986393e-12,0
8947,1.0,5.521741e-10,0
8948,1.0,3.170396e-11,0
8949,1.0,5.1953518e-11,0
8950,0.9999999,7.964763e-08,0
8951,1.0,8.688182e-09,0
8952,0.99999964,3.0701807e-07,0
8953,1.0,2.171539e-08,0
8954,1.0,1.2837496e-10,0
8955,1.0,6.109542e-09,0
8956,1.0,6.4676285e-12,0
8957,1.0,1.428743e-10,0
8958,1.0,3.748004e-09,0
8959,0.99999976,2.406283e-07,0
8960,1.0,6.270464e-10,0
8961,1.0,4.0754622e-10,0
8962,1.0,5.553636e-11,0
8963,1.0,3.2007311e-12,0
8964,1.0,8.9326163e-10,0
8965,1.0,1.5993624e-10,0
8966,1.0,4.9908113e-09,0
8967,0.99999976,1.9158617e-07,0
8968,1.0,2.73342e-09,0
8969,1.0,3.9924263e-08,0
8970,1.0,1.5698902e-08,0
8971,1.0,1.3328479e-10,0
8972,1.0,2.521018e-09,0
8973,1.0,4.80651e-11,0
8974,1.0,4.567654e-10,0
8975,1.0,6.269253e-11,0
8976,1.0,6.325629e-09,0
8977,1.0,5.3021028e-09,0
8978,1.0,2.595779e-10,0
8979,1.0,1.3629301e-08,0
8980,1.0,3.0329016e-08,0
8981,1.0,7.792226e-09,0
8982,1.0,2.8247111e-08,0
8983,1.0,6.3733535e-10,0
8984,1.0,1.2743887e-10,0
8985,1.0,1.2142548e-10,0
8986,1.0,1.4538085e-09,0
8987,1.0,6.201612e-09,0
8988,1.0,9.3185425e-11,0
8989,1.0,7.89102e-11,0
8990,1.0,3.7081145e-12,0
8991,1.0,2.801704e-11,0
8992,1.0,1.116657e-09,0
8993,1.0,1.3834032e-08,0
8994,1.0,1.14881576e-10,0
8995,0.9999999,7.596406e-08,0
8996,1.0,5.3997768e-11,0
8997,1.0,1.3523868e-10,0
8998,1.0,3.0157758e-11,0
8999,1.0,1.460981e-08,0
9000,0.99999964,3.4739577e-07,0
9001,1.0,3.958677e-11,0
9002,1.0,1.9911859e-11,0
9003,1.0,2.6927567e-09,0
9004,1.0,2.607735e-09,0
9005,1.0,8.79532e-10,0
9006,1.0,3.2909117e-10,0
9007,1.0,7.2371237e-10,0
9008,1.0,2.3496276e-09,0
9009,0.99999905,9.4429384e-07,0
9010,1.0,3.7467602e-09,0
9011,0.99999905,9.631121e-07,0
9012,1.0,8.770355e-11,0
9013,1.0,3.2040162e-09,0
9014,1.0,1.6376166e-12,0
9015,0.99999976,2.575975e-07,0
9016,1.0,1.0453146e-10,0
9017,1.0,6.364079e-12,0
9018,1.0,1.0376321e-08,0
9019,1.0,5.6503757e-11,0
9020,1.0,9.765009e-10,0
9021,1.0,5.6941597e-11,0
9022,1.0,9.798157e-11,0
9023,1.0,1.0286297e-10,0
9024,1.0,1.498967e-10,0
9025,1.0,8.310477e-12,0
9026,1.0,2.597448e-10,0
9027,1.0,3.4621725e-10,0
9028,1.0,9.288177e-12,0
9029,1.0,1.520524e-13,0
9030,1.0,7.2821144e-13,0
9031,1.0,2.6120154e-13,0
9032,1.0,1.6983893e-11,0
9033,1.0,3.021168e-09,0
9034,1.0,1.6989337e-11,0
9035,1.0,1.5964084e-11,0
9036,1.0,4.1468228e-11,0
9037,1.0,2.1341292e-11,0
9038,1.0,1.0925688e-11,0
9039,0.999995,4.957937e-06,0
9040,1.0,5.922082e-12,0
9041,1.0,1.5449007e-11,0
9042,1.0,1.4840666e-09,0
9043,1.0,2.4576624e-10,0
9044,1.0,2.0933395e-10,0
9045,1.0,9.166179e-12,0
9046,1.0,3.694877e-12,0
9047,1.0,5.527428e-11,0
9048,1.0,1.968168e-11,0
9049,1.0,9.848665e-12,0
9050,1.0,3.25324e-11,0
9051,1.0,1.8478474e-11,0
9052,1.0,3.115046e-11,0
9053,1.0,1.6895743e-12,0
9054,1.0,6.022714e-11,0
9055,1.0,6.051589e-09,0
9056,1.0,3.0382016e-10,0
9057,1.0,3.5433428e-10,0
9058,1.0,1.0329137e-10,0
9059,1.0,1.9649874e-11,0
9060,1.0,6.1420027e-12,0
9061,1.0,1.3228294e-09,0
9062,1.0,1.9643435e-10,0
9063,1.0,4.2818184e-12,0
9064,1.0,6.17413e-11,0
9065,1.0,5.5829064e-11,0
9066,1.0,3.9657964e-11,0
9067,1.0,1.44656015e-11,0
9068,1.0,1.2272128e-09,0
9069,0.99999917,8.455269e-07,0
9070,1.0,1.784651e-09,0
9071,1.0,2.3074493e-09,0
9072,1.0,1.4360587e-11,0
9073,1.0,5.4060276e-09,0
9074,1.0,4.853866e-10,0
9075,1.0,1.08657074e-08,0
9076,1.0,3.0400467e-09,0
9077,1.0,1.7235921e-08,0
9078,1.0,3.4577606e-12,0
9079,1.0,1.5838629e-09,0
9080,1.0,8.51666e-09,0
9081,1.0,2.6644199e-11,0
9082,1.0,5.0481053e-11,0
9083,1.0,5.1963427e-11,0
9084,1.0,5.284545e-09,0
9085,1.0,4.109019e-09,0
9086,1.0,4.0227335e-12,0
9087,1.0,4.592369e-13,0
9088,1.0,9.92088e-11,0
9089,1.0,2.7284201e-12,0
9090,1.0,7.435552e-12,0
9091,1.0,2.7934744e-12,0
9092,1.0,1.8016368e-11,0
9093,1.0,2.4746583e-09,0
9094,1.0,8.824272e-10,0
9095,1.0,1.8453637e-08,0
9096,0.99999976,2.085933e-07,0
9097,1.0,4.5009534e-12,0
9098,1.0,1.8478246e-13,0
9099,1.0,1.6977166e-10,0
9100,1.0,4.913574e-10,0
9101,0.9999995,4.2207213e-07,0
9102,1.0,7.989765e-11,0
9103,1.0,5.718404e-09,0
9104,1.0,1.5765094e-12,0
9105,1.0,1.8984616e-09,0
9106,1.0,2.6009197e-09,0
9107,1.0,1.0312811e-11,0
9108,1.0,1.9379917e-10,0
9109,1.0,3.0492886e-11,0
9110,1.0,1.5250736e-08,0
9111,1.0,1.00692675e-11,0
9112,1.0,5.9577022e-08,0
9113,1.0,3.5245204e-08,0
9114,1.0,2.2455246e-11,0
9115,1.0,2.5478938e-10,0
9116,1.0,1.32971e-09,0
9117,1.0,4.3403348e-10,0
9118,1.0,2.804008e-11,0
9119,1.0,1.0120199e-10,0
9120,1.0,6.827501e-09,0
9121,1.0,2.9161105e-09,0
9122,1.0,6.992314e-10,0
9123,1.0,2.2423029e-10,0
9124,1.0,1.8169585e-08,0
9125,1.0,1.5806586e-08,0
9126,1.0,4.1016076e-11,0
9127,1.0,8.9623586e-11,0
9128,1.0,7.936318e-11,0
9129,1.0,2.1184837e-10,0
9130,1.0,5.36587e-13,0
9131,1.0,3.511883e-09,0
9132,0.9999999,1.3102789e-07,0
9133,1.0,9.080543e-09,0
9134,1.0,3.22828e-11,0
9135,0.9999976,2.4225837e-06,0
9136,1.0,6.0546252e-09,0
9137,1.0,2.6548878e-11,0
9138,1.0,5.5497e-10,0
9139,1.0,9.664759e-11,0
9140,0.9999944,5.5570526e-06,0
9141,1.0,1.1199749e-11,0
9142,1.0,6.7639554e-11,0
9143,1.0,9.493665e-09,0
9144,1.0,4.196605e-09,0
9145,1.0,5.0307272e-11,0
9146,1.0,1.1880025e-08,0
9147,1.0,1.855647e-10,0
9148,1.0,6.9979347e-09,0
9149,1.0,8.091961e-09,0
9150,1.0,2.4379806e-12,0
9151,0.9999999,9.915408e-08,0
9152,1.0,7.578356e-13,0
9153,0.9999999,6.956019e-08,0
9154,1.0,2.709842e-09,0
9155,1.0,3.5371173e-10,0
9156,1.0,2.8860878e-08,0
9157,1.0,1.28054225e-08,0
9158,1.0,9.957207e-10,0
9159,1.0,1.0210162e-10,0
9160,1.0,2.5063613e-09,0
9161,1.0,4.030837e-08,0
9162,1.0,1.8314001e-09,0
9163,0.9999999,9.965081e-08,0
9164,1.0,4.031637e-08,0
9165,1.0,5.30033e-10,0
9166,1.0,6.268425e-12,0
9167,1.0,1.0291708e-11,0
9168,1.0,4.3659952e-08,0
9169,1.0,7.538009e-12,0
9170,1.0,1.5558091e-11,0
9171,1.0,1.5752705e-09,0
9172,1.0,4.858111e-09,0
9173,1.0,4.347377e-10,0
9174,1.0,3.6854375e-09,0
9175,1.0,4.7228177e-09,0
9176,1.0,4.421439e-08,0
9177,1.0,5.1882965e-09,0
9178,1.0,3.2987783e-11,0
9179,1.0,2.8028988e-09,0
9180,1.0,5.2366017e-10,0
9181,1.0,2.0536496e-10,0
9182,1.0,2.218043e-11,0
9183,1.0,2.2549013e-08,0
9184,1.0,4.166387e-12,0
9185,1.0,6.2816987e-12,0
9186,1.0,5.1818414e-08,0
9187,1.0,1.3337838e-10,0
9188,1.0,8.5397855e-10,0
9189,0.9999999,1.1626519e-07,0
9190,1.0,1.0001899e-09,0
9191,1.0,1.6978398e-10,0
9192,0.9999994,5.696145e-07,0
9193,1.0,3.348995e-11,0
9194,0.9999999,1.6149092e-07,0
9195,0.99999607,3.958517e-06,0
9196,0.9999982,1.7472305e-06,0
9197,0.9999999,7.550629e-08,0
9198,1.0,1.7218627e-09,0
9199,1.0,1.0915758e-10,0
9200,1.0,4.12859e-12,0
9201,1.0,2.4240868e-10,0
9202,1.0,3.1831945e-10,0
9203,1.0,6.913702e-09,0
9204,1.0,8.097336e-12,0
9205,1.0,7.1444296e-12,0
9206,1.0,1.9483231e-08,0
9207,1.0,8.802407e-09,0
9208,1.0,3.675537e-10,0
9209,0.9999999,6.7706644e-08,0
9210,1.0,4.8384617e-12,0
9211,1.0,3.0236527e-09,0
9212,1.0,4.7056657e-11,0
9213,1.0,1.7248367e-10,0
9214,0.99999917,8.770198e-07,0
9215,1.0,4.2960954e-11,0
9216,1.0,1.7838886e-09,0
9217,1.0,1.9735578e-12,0
9218,1.0,2.1221143e-11,0
9219,1.0,1.9412427e-11,0
9220,1.0,1.3237387e-08,0
9221,1.0,1.0371517e-11,0
9222,1.0,1.1158559e-10,0
9223,1.0,2.6140765e-11,0
9224,1.0,1.7380374e-09,0
9225,1.0,1.8262097e-09,0
9226,1.0,2.467253e-10,0
9227,1.0,8.1353346e-10,0
9228,1.0,1.1642875e-11,0
9229,1.0,1.0981414e-10,0
9230,1.0,1.8003555e-11,0
9231,1.0,1.5987525e-10,0
9232,1.0,1.6232696e-10,0
9233,1.0,7.4467443e-10,0
9234,1.0,5.627451e-09,0
9235,1.0,3.7064143e-10,0
9236,1.0,6.6170625e-09,0
9237,1.0,4.4212336e-13,0
9238,1.0,1.1245304e-10,0
9239,1.0,5.965434e-12,0
9240,1.0,5.2043627e-09,0
9241,1.0,1.5086626e-09,0
9242,1.0,1.1658703e-10,0
9243,1.0,1.7820658e-09,0
9244,1.0,2.9175473e-08,0
9245,1.0,2.0584003e-12,0
9246,1.0,9.0637364e-10,0
9247,1.0,4.1231307e-11,0
9248,1.0,5.986141e-13,0
9249,1.0,2.0826641e-12,0
9250,1.0,1.0593647e-10,0
9251,1.0,1.473383e-09,0
9252,1.0,2.4568444e-12,0
9253,1.0,1.8841888e-11,0
9254,1.0,3.3589123e-10,0
9255,1.0,7.657136e-09,0
9256,1.0,3.784009e-11,0
9257,1.0,1.6388002e-09,0
9258,1.0,6.3014025e-12,0
9259,1.0,2.3044089e-14,0
9260,1.0,2.5416691e-08,0
9261,1.0,7.5894363e-13,0
9262,1.0,4.0803254e-09,0
9263,1.0,7.540518e-14,0
9264,1.0,4.949951e-13,0
9265,1.0,3.580138e-09,0
9266,1.0,6.331208e-12,0
9267,1.0,2.036449e-09,0
9268,1.0,8.980329e-10,0
9269,1.0,4.828579e-12,0
9270,1.0,1.13480385e-10,0
9271,1.0,1.1391882e-11,0
9272,1.0,2.557083e-12,0
9273,1.0,4.479302e-09,0
9274,1.0,3.3331653e-11,0
9275,1.0,1.04026215e-11,0
9276,1.0,1.2201454e-09,0
9277,1.0,3.2981395e-13,0
9278,1.0,1.5718136e-12,0
9279,1.0,1.0091643e-08,0
9280,1.0,2.294454e-13,0
9281,1.0,1.4682203e-10,0
9282,1.0,1.0459164e-11,0
9283,1.0,6.619975e-10,0
9284,1.0,8.107041e-12,0
9285,1.0,1.7769543e-09,0
9286,1.0,2.6692827e-11,0
9287,1.0,3.2903076e-11,0
9288,1.0,4.2304932e-10,0
9289,1.0,1.2263101e-08,0
9290,1.0,6.6830335e-12,0
9291,1.0,6.9808834e-09,0
9292,1.0,4.4120077e-10,0
9293,1.0,6.358828e-11,0
9294,1.0,2.935382e-11,0
9295,1.0,1.7839091e-09,0
9296,1.0,3.021018e-09,0
9297,1.0,1.0872585e-09,0
9298,1.0,1.985772e-09,0
9299,1.0,4.6202597e-11,0
9300,1.0,1.6489393e-10,0
9301,1.0,1.9376868e-08,0
9302,1.0,2.5323504e-11,0
9303,1.0,4.0471473e-11,0
9304,1.0,1.1458096e-09,0
9305,1.0,4.439235e-08,0
9306,1.0,1.13605e-12,0
9307,1.0,9.411182e-13,0
9308,1.0,5.6726634e-11,0
9309,1.0,2.0716138e-09,0
9310,1.0,2.6437685e-09,0
9311,0.99999964,3.1295016e-07,0
9312,1.0,5.241635e-11,0
9313,1.0,1.56981e-11,0
9314,1.0,2.8257876e-09,0
9315,1.0,2.0503863e-09,0
9316,1.0,2.521691e-13,0
9317,1.0,4.2645112e-10,0
9318,0.9999999,9.151784e-08,0
9319,1.0,1.4346748e-09,0
9320,1.0,8.842085e-09,0
9321,1.0,7.3893815e-11,0
9322,1.0,1.9256253e-11,0
9323,0.9999999,8.387456e-08,0
9324,1.0,1.8807269e-08,0
9325,0.99999964,4.0882276e-07,0
9326,0.9999999,9.66221e-08,0
9327,1.0,1.1266549e-08,0
9328,1.0,3.964813e-11,0
9329,1.0,8.110727e-11,0
9330,1.0,8.065095e-11,0
9331,1.0,1.6572579e-09,0
9332,1.0,2.938889e-11,0
9333,1.0,5.121439e-09,0
9334,0.99999964,3.4062586e-07,0
9335,1.0,1.1144308e-10,0
9336,1.0,3.6924996e-10,0
9337,1.0,8.661356e-10,0
9338,1.0,6.57554e-10,0
9339,1.0,6.558259e-09,0
9340,1.0,1.6303823e-09,0
9341,1.0,5.0226998e-08,0
9342,0.99999845,1.5762863e-06,0
9343,0.9999999,6.111829e-08,0
9344,1.0,7.7919243e-10,0
9345,1.0,2.694978e-08,0
9346,1.0,1.7267829e-09,0
9347,0.9999976,2.3873645e-06,0
9348,1.0,1.5718915e-12,0
9349,1.0,2.6972466e-11,0
9350,1.0,2.7760358e-09,0
9351,1.0,1.2979303e-11,0
9352,1.0,3.170373e-10,0
9353,1.0,1.8830308e-12,0
9354,1.0,4.424187e-09,0
9355,1.0,1.7854681e-09,0
9356,1.0,1.558647e-13,0
9357,1.0,1.915564e-13,0
9358,1.0,1.4762268e-09,0
9359,1.0,3.6253043e-13,0
9360,0.9999845,1.5511823e-05,0
9361,1.0,4.8683857e-10,0
9362,1.0,5.5320136e-12,0
9363,1.0,6.434999e-11,0
9364,1.0,4.352407e-09,0
9365,1.0,2.6750535e-10,0
9366,1.0,3.863556e-10,0
9367,1.0,6.818459e-12,0
9368,0.999998,1.9976403e-06,0
9369,1.0,1.4024889e-09,0
9370,1.0,7.852333e-10,0
9371,1.0,4.4367757e-10,0
9372,1.0,4.0883782e-10,0
9373,1.0,2.356522e-12,0
9374,1.0,2.7653344e-09,0
9375,1.0,3.8078797e-11,0
9376,1.0,7.7167055e-09,0
9377,0.9999999,8.453514e-08,0
9378,1.0,2.149185e-12,0
9379,1.0,1.092326e-09,0
9380,0.9999993,7.5722323e-07,0
9381,0.9999999,1.7155409e-07,0
9382,1.0,6.292551e-12,0
9383,1.0,2.7928676e-08,0
9384,1.0,7.1512303e-09,0
9385,0.9999999,8.8797776e-08,0
9386,1.0,3.8087585e-11,0
9387,1.0,8.6327376e-11,0
9388,1.0,1.8856411e-11,0
9389,1.0,6.8538536e-10,0
9390,1.0,1.4709048e-11,0
9391,0.99999976,2.5929222e-07,0
9392,1.0,2.194387e-10,0
9393,0.9999982,1.7490042e-06,0
9394,1.0,2.7292216e-12,0
9395,0.99999964,3.5996786e-07,0
9396,1.0,5.6221086e-09,0
9397,1.0,2.0213133e-10,0
9398,1.0,5.138124e-08,0
9399,1.0,1.3588366e-08,0
9400,1.0,1.4765683e-08,0
9401,1.0,4.5022757e-12,0
9402,1.0,5.729089e-10,0
9403,0.99999535,4.673629e-06,0
9404,1.0,1.321235e-10,0
9405,0.9999995,4.2181057e-07,0
9406,0.99999785,2.2047618e-06,0
9407,0.99999976,2.230292e-07,0
9408,0.9999999,1.4626853e-07,0
9409,1.0,8.900681e-13,0
9410,1.0,2.5122615e-10,0
9411,1.0,7.822962e-09,0
9412,1.0,3.358904e-11,0
9413,0.99999976,2.6945827e-07,0
9414,1.0,1.1998189e-08,0
9415,1.0,1.2923482e-10,0
9416,1.0,1.3056697e-11,0
9417,0.99999976,1.8235242e-07,0
9418,1.0,4.5737564e-10,0
9419,1.0,1.9911299e-10,0
9420,1.0,1.9223723e-09,0
9421,1.0,1.9292273e-08,0
9422,1.0,8.209578e-10,0
9423,1.0,3.7793254e-12,0
9424,0.9999999,1.7844756e-07,0
9425,1.0,7.172841e-09,0
9426,1.0,1.8500076e-09,0
9427,1.0,9.409895e-12,0
9428,1.0,1.0605464e-08,0
9429,1.0,3.2072797e-10,0
9430,1.0,9.695617e-10,0
9431,1.0,9.4894335e-12,0
9432,1.0,6.9149647e-10,0
9433,1.0,4.7877254e-11,0
9434,1.0,4.7181086e-09,0
9435,0.99999464,5.3632e-06,0
9436,0.9999999,1.0266592e-07,0
9437,1.0,1.2885141e-09,0
9438,0.99999714,2.8636557e-06,0
9439,1.0,3.4463245e-08,0
9440,0.9999999,6.684028e-08,0
9441,0.9999999,7.592075e-08,0
9442,1.0,6.374293e-09,0
9443,1.0,1.3040565e-08,0
9444,0.9999999,7.7049144e-08,0
9445,1.0,3.868587e-09,0
9446,1.0,3.3468206e-09,0
9447,1.0,4.0789114e-08,0
9448,1.0,7.845406e-09,0
9449,0.9999999,7.5097816e-08,0
9450,1.0,8.299877e-09,0
9451,1.0,3.6557649e-10,0
9452,1.0,3.816822e-12,0
9453,0.9999999,1.1611095e-07,0
9454,1.0,3.1256207e-08,0
9455,1.0,4.299016e-10,0
9456,1.0,8.495406e-09,0
9457,1.0,3.512397e-10,0
9458,0.9999989,1.1205576e-06,0
9459,0.99999833,1.6124421e-06,0
9460,1.0,8.447703e-10,0
9461,1.0,1.02013245e-10,0
9462,0.9999999,7.0154314e-08,0
9463,1.0,6.8630895e-10,0
9464,0.99999607,3.9151682e-06,0
9465,1.0,3.1608124e-08,0
9466,1.0,2.6947516e-08,0
9467,0.9999999,1.1413871e-07,0
9468,1.0,1.19656915e-08,0
9469,1.0,3.9259065e-12,0
9470,1.0,1.4299786e-09,0
9471,1.0,2.1780255e-09,0
9472,1.0,2.2979723e-08,0
9473,1.0,5.115711e-08,0
9474,0.9999999,1.1706896e-07,0
9475,0.99999845,1.5138454e-06,0
9476,0.99999964,3.7255697e-07,0
9477,1.0,7.503088e-10,0
9478,1.0,1.1875035e-09,0
9479,1.0,3.261208e-09,0
9480,1.0,7.888771e-09,0
9481,0.9999999,1.6876878e-07,0
9482,1.0,2.2192777e-08,0
9483,1.0,1.209077e-08,0
9484,1.0,5.004984e-10,0
9485,1.0,4.2960074e-10,0
9486,1.0,5.470308e-08,0
9487,1.0,2.8180355e-10,0
9488,0.9999999,1.7668677e-07,0
9489,1.0,4.2903268e-09,0
9490,0.9999999,1.5501101e-07,0
9491,0.9999993,6.9909527e-07,0
9492,0.9999999,1.07457e-07,0
9493,1.0,3.6485084e-09,0
9494,0.99999964,3.2509257e-07,0
9495,1.0,1.99064e-10,0
9496,1.0,1.0030065e-08,0
9497,0.99999976,2.9510218e-07,0
9498,1.0,1.2265808e-09,0
9499,1.0,2.245319e-11,0
9500,1.0,1.4811117e-09,0
9501,1.0,1.1057272e-09,0
9502,0.9999945,5.5385985e-06,0
9503,0.9999993,6.798466e-07,0
9504,0.9999999,1.2646541e-07,0
9505,0.9999999,1.0432884e-07,0
9506,0.99999917,8.272947e-07,0
9507,1.0,5.489655e-08,0
9508,1.0,7.912973e-09,0
9509,1.0,1.9711841e-08,0
9510,0.99999964,4.1408586e-07,0
9511,1.0,2.8810346e-11,0
9512,1.0,7.105811e-11,0
9513,1.0,3.0846957e-12,0
9514,1.0,1.5548281e-10,0
9515,1.0,1.0110577e-09,0
9516,1.0,4.2268456e-11,0
9517,1.0,1.7251731e-09,0
9518,1.0,5.893762e-09,0
9519,1.0,4.8333803e-08,0
9520,0.9999999,6.92421e-08,0
9521,0.9999999,6.71499e-08,0
9522,0.99999976,1.861779e-07,0
9523,1.0,4.973282e-08,0
9524,0.9999994,5.564618e-07,0
9525,0.9999999,1.2499656e-07,0
9526,0.9999999,8.112719e-08,0
9527,0.99999917,8.919547e-07,0
9528,1.0,1.9325565e-08,0
9529,0.9999999,1.66628e-07,0
9530,0.9999999,7.849226e-08,0
9531,1.0,1.7181433e-08,0
9532,0.99999845,1.5927421e-06,0
9533,0.99999857,1.4058663e-06,0
9534,1.0,7.075361e-09,0
9535,1.0,2.272758e-10,0
9536,0.99999905,9.621106e-07,0
9537,1.0,7.620856e-09,0
9538,1.0,1.1579977e-11,0
9539,1.0,4.2327173e-08,0
9540,0.9999999,8.014106e-08,0
9541,0.9999999,9.4968755e-08,0
9542,1.0,1.2423443e-09,0
9543,1.0,2.6291853e-09,0
9544,0.99999964,3.9688678e-07,0
9545,0.99999976,2.1891452e-07,0
9546,0.99999976,2.5997537e-07,0
9547,1.0,8.577786e-11,0
9548,1.0,2.8703653e-08,0
9549,1.0,8.9304525e-10,0
9550,1.0,1.5271256e-08,0
9551,1.0,2.2530335e-10,0
9552,1.0,5.5363786e-10,0
9553,1.0,5.0414135e-09,0
9554,1.0,1.0775436e-08,0
9555,0.9999994,5.903857e-07,0
9556,1.0,2.5093186e-08,0
9557,1.0,5.911415e-09,0
9558,0.99999654,3.5099745e-06,0
9559,0.99999845,1.5601165e-06,0
9560,0.99999976,2.081573e-07,0
9561,0.9999999,8.312205e-08,0
9562,0.9999994,5.931629e-07,0
9563,0.9999958,4.1875905e-06,0
9564,1.0,3.6552667e-08,0
9565,1.0,3.3664613e-10,0
9566,0.9999999,6.333805e-08,0
9567,0.9999999,6.611262e-08,0
9568,1.0,1.2489833e-08,0
9569,1.0,6.874779e-09,0
9570,1.0,1.1221233e-08,0
9571,0.99999976,1.9066007e-07,0
9572,0.999997,2.9907137e-06,0
9573,0.9999999,1.4972034e-07,0
9574,0.9999999,6.648147e-08,0
9575,1.0,4.7767026e-09,0
9576,1.0,8.364176e-09,0
9577,1.0,2.1833257e-08,0
9578,0.9999999,1.1284489e-07,0
9579,1.0,8.202868e-09,0
9580,1.0,3.3364955e-09,0
9581,1.0,2.1173054e-09,0
9582,1.0,1.6208944e-09,0
9583,0.9999975,2.5517347e-06,0
9584,1.0,8.607196e-09,0
9585,1.0,5.7424966e-08,0
9586,1.0,3.0793287e-12,0
9587,1.0,1.8628583e-08,0
9588,1.0,2.465843e-09,0
9589,0.99999964,4.0187354e-07,0
9590,1.0,5.68966e-09,0
9591,1.0,4.7685647e-09,0
9592,1.0,2.4123782e-08,0
9593,1.0,5.440037e-09,0
9594,0.9999999,1.489067e-07,0
9595,1.0,9.478856e-11,0
9596,1.0,5.2760477e-08,0
9597,0.9999994,5.4626486e-07,0
9598,0.9999999,6.56164e-08,0
9599,1.0,1.176729e-08,0
9600,0.99999964,3.7695e-07,0
9601,1.0,8.518341e-11,0
9602,1.0,2.1831402e-10,0
9603,1.0,2.6414197e-09,0
9604,1.0,6.207266e-10,0
9605,0.99999976,2.0949558e-07,0
9606,1.0,2.2953529e-08,0
9607,0.9999999,7.918804e-08,0
9608,0.9999999,6.67306e-08,0
9609,1.0,5.6833724e-08,0
9610,0.9999999,1.4762789e-07,0
9611,1.0,1.13705605e-08,0
9612,0.9999994,5.994919e-07,0
9613,0.99999845,1.6044597e-06,0
9614,1.0,1.687502e-10,0
9615,1.0,7.761705e-11,0
9616,1.0,1.29558755e-08,0
9617,1.0,3.9192387e-09,0
9618,1.0,3.3752583e-09,0
9619,0.9999999,1.4047872e-07,0
9620,1.0,1.3095544e-09,0
9621,1.0,5.5520033e-08,0
9622,1.0,2.7493794e-08,0
9623,0.9999999,7.03376e-08,0
9624,1.0,6.1156635e-09,0
9625,0.99999964,3.333724e-07,0
9626,1.0,4.149313e-08,0
9627,1.0,4.6897103e-10,0
9628,0.9999993,6.8833225e-07,0
9629,1.0,5.45262e-08,0
9630,0.9999993,7.632219e-07,0
9631,1.0,4.4280725e-08,0
9632,1.0,7.2476225e-10,0
9633,1.0,1.2531664e-08,0
9634,1.0,2.9422925e-08,0
9635,1.0,4.543533e-10,0
9636,1.0,1.4553726e-10,0
9637,0.9999999,1.0145764e-07,0
9638,0.9999993,7.731787e-07,0
9639,0.9999999,8.524253e-08,0
9640,0.99999964,3.3953484e-07,0
9641,1.0,5.5283933e-09,0
9642,1.0,3.8958045e-10,0
9643,0.9999999,1.0967362e-07,0
9644,1.0,4.095194e-09,0
9645,0.9999999,1.10341695e-07,0
9646,1.0,4.472222e-10,0
9647,0.9999999,1.1136249e-07,0
9648,0.99999964,3.8779197e-07,0
9649,1.0,1.8334422e-08,0
9650,1.0,1.5553605e-08,0
9651,1.0,2.6322473e-08,0
9652,1.0,5.1884945e-09,0
9653,1.0,1.0979325e-09,0
9654,0.9999993,7.2357284e-07,0
9655,1.0,2.3191165e-08,0
9656,0.999998,2.0275165e-06,0
9657,0.9999999,6.820007e-08,0
9658,1.0,1.0298832e-08,0
9659,0.99999976,1.9127891e-07,0
9660,0.9999999,1.1671156e-07,0
9661,0.9999995,4.447668e-07,0
9662,1.0,5.715921e-08,0
9663,0.9999995,4.9649134e-07,0
9664,0.9999999,7.865637e-08,0
9665,0.9999999,1.1652317e-07,0
9666,0.9999995,4.3071293e-07,0
9667,0.99999905,9.110522e-07,0
9668,0.99999917,8.0192865e-07,0
9669,1.0,2.2861164e-08,0
9670,1.0,5.568481e-09,0
9671,0.9999999,1.0572567e-07,0
9672,0.9999999,7.5922344e-08,0
9673,0.99999964,3.0975082e-07,0
9674,0.9999999,7.2460814e-08,0
9675,0.9999995,4.960417e-07,0
9676,1.0,2.4350532e-08,0
9677,0.9999999,9.265333e-08,0
9678,1.0,4.2763265e-08,0
9679,0.9999999,1.13196045e-07,0
9680,0.9999995,4.5871283e-07,0
9681,1.0,4.822275e-08,0
9682,1.0,4.5311793e-08,0
9683,1.0,1.6281023e-08,0
9684,1.0,4.934182e-09,0
9685,0.9999999,1.4179456e-07,0
9686,1.0,1.5786617e-11,0
9687,0.99999344,6.5206073e-06,0
9688,1.0,2.3146267e-08,0
9689,1.0,4.690681e-08,0
9690,1.0,9.426198e-10,0
9691,1.0,8.173537e-09,0
9692,1.0,5.2230607e-08,0
9693,1.0,7.2981465e-13,0
9694,1.0,5.523113e-09,0
9695,0.9999999,7.9121314e-08,0
9696,0.9999994,5.652874e-07,0
9697,0.9999995,4.1760464e-07,0
9698,1.0,3.7604114e-10,0
9699,0.99999976,2.2614962e-07,0
9700,0.9999988,1.2217969e-06,0
9701,1.0,7.447938e-10,0
9702,0.99999976,2.2138711e-07,0
9703,1.0,1.9081062e-10,0
9704,0.9999987,1.2644408e-06,0
9705,0.9999999,1.1158148e-07,0
9706,1.0,2.6027024e-08,0
9707,1.0,1.0608316e-08,0
9708,1.0,1.9213529e-09,0
9709,1.0,1.6534524e-10,0
9710,0.9999999,1.657569e-07,0
9711,0.99999976,2.608145e-07,0
9712,0.9999999,6.241867e-08,0
9713,0.9999999,6.528358e-08,0
9714,0.9999999,1.4432723e-07,0
9715,0.9999995,4.850831e-07,0
9716,0.9999999,1.2872012e-07,0
9717,1.0,1.1521673e-09,0
9718,0.9999999,1.1206993e-07,0
9719,0.9999999,6.12567e-08,0
9720,0.99999964,3.2782356e-07,0
9721,0.9999999,1.0786337e-07,0
9722,1.0,1.323006e-09,0
9723,1.0,4.505223e-08,0
9724,1.0,3.3634738e-08,0
9725,1.0,1.478782e-10,0
9726,1.0,3.786852e-08,0
9727,0.9999994,5.370931e-07,0
9728,0.99999714,2.8431434e-06,0
9729,1.0,4.041422e-08,0
9730,1.0,2.993499e-08,0
9731,1.0,4.262759e-08,0
9732,1.0,2.4938043e-10,0
9733,1.0,2.8727574e-09,0
9734,0.99999964,3.6166804e-07,0
9735,1.0,1.3951153e-08,0
9736,1.0,1.29863e-09,0
9737,1.0,3.1611258e-08,0
9738,0.9999999,7.780348e-08,0
9739,1.0,2.3168636e-10,0
9740,0.9999989,1.043461e-06,0
9741,1.0,4.5158e-10,0
9742,1.0,2.1370234e-09,0
9743,0.9999999,9.390728e-08,0
9744,0.9999833,1.6690054e-05,0
9745,0.99999964,3.6118584e-07,0
9746,1.0,1.0357629e-09,0
9747,0.9999987,1.3619785e-06,0
9748,1.0,2.4809867e-09,0
9749,0.99999785,2.182349e-06,0
9750,1.0,5.457931e-10,0
9751,1.0,1.2165389e-09,0
9752,1.0,1.7906393e-08,0
9753,1.0,2.4631554e-08,0
9754,1.0,6.997784e-10,0
9755,1.0,4.2756365e-10,0
9756,0.9999993,6.642633e-07,0
9757,1.0,2.5507252e-09,0
9758,1.0,1.9520419e-09,0
9759,1.0,4.2173895e-12,0
9760,1.0,3.9255957e-10,0
9761,0.9999999,1.7833868e-07,0
9762,1.0,1.3745815e-08,0
9763,1.0,5.676742e-08,0
9764,0.9999974,2.590384e-06,0
9765,1.0,7.180945e-09,0
9766,0.99999976,1.8700143e-07,0
9767,1.0,1.9935412e-08,0
9768,0.99999964,3.884627e-07,0
9769,1.0,7.255779e-11,0
9770,1.0,1.4280142e-08,0
9771,1.0,2.2223022e-08,0
9772,0.9999999,1.0408993e-07,0
9773,1.0,2.67243e-08,0
9774,1.0,2.7566754e-10,0
9775,0.9999999,1.3880582e-07,0
9776,1.0,1.1644297e-11,0
9777,1.0,1.8894285e-11,0
9778,1.0,2.0289576e-10,0
9779,1.0,3.5877715e-10,0
9780,1.0,1.5931227e-12,0
9781,1.0,7.6562856e-10,0
9782,1.0,1.1275061e-12,0
9783,1.0,3.392672e-13,0
9784,1.0,7.488273e-11,0
9785,1.0,3.736093e-12,0
9786,1.0,2.0502414e-13,0
9787,1.0,5.7090582e-11,0
9788,1.0,7.306939e-12,0
9789,1.0,1.1791127e-08,0
9790,1.0,1.1845361e-12,0
9791,1.0,1.067514e-11,0
9792,1.0,6.770945e-13,0
9793,1.0,2.3865478e-12,0
9794,1.0,2.9842006e-12,0
9795,1.0,1.223385e-12,0
9796,1.0,7.049618e-13,0
9797,1.0,4.2392168e-10,0
9798,1.0,2.5693583e-09,0
9799,1.0,2.939102e-11,0
9800,1.0,4.27041e-11,0
9801,1.0,2.7059935e-13,0
9802,1.0,8.77086e-14,0
9803,1.0,3.918799e-12,0
9804,1.0,1.2615035e-10,0
9805,1.0,4.1686524e-12,0
9806,1.0,1.3483611e-10,0
9807,1.0,2.311528e-13,0
9808,1.0,2.4249802e-13,0
9809,1.0,9.341664e-10,0
9810,1.0,2.9133486e-12,0
9811,1.0,4.6178747e-10,0
9812,1.0,6.9486425e-13,0
9813,1.0,4.2163356e-12,0
9814,1.0,2.0931526e-13,0
9815,1.0,5.7979537e-12,0
9816,1.0,2.6098668e-11,0
9817,1.0,1.3861308e-13,0
9818,1.0,5.6294847e-11,0
9819,1.0,2.9091412e-11,0
9820,1.0,4.9430123e-11,0
9821,1.0,6.291378e-11,0
9822,1.0,9.614637e-15,0
9823,1.0,1.14408816e-10,0
9824,1.0,3.019844e-12,0
9825,1.0,4.73349e-11,0
9826,1.0,4.80703e-12,0
9827,1.0,1.0045595e-11,0
9828,1.0,1.2500787e-13,0
9829,1.0,6.588209e-13,0
9830,1.0,1.2636116e-12,0
9831,1.0,1.3983519e-12,0
9832,1.0,3.402626e-13,0
9833,0.99999726,2.7020192e-06,0
9834,0.99999654,3.4185446e-06,0
9835,1.0,1.691247e-09,0
9836,1.0,3.9592643e-12,0
9837,1.0,2.1698228e-10,0
9838,1.0,1.7018298e-11,0
9839,1.0,1.0912083e-12,0
9840,1.0,1.8467139e-10,0
9841,1.0,1.8053959e-12,0
9842,1.0,3.5586362e-10,0
9843,1.0,3.969249e-10,0
9844,1.0,2.1311272e-11,0
9845,1.0,3.1533484e-10,0
9846,1.0,4.5051748e-14,0
9847,1.0,1.1331329e-12,0
9848,1.0,3.869618e-10,0
9849,1.0,2.5484346e-13,0
9850,1.0,9.2797925e-10,0
9851,1.0,7.42252e-11,0
9852,0.99999666,3.340125e-06,0
9853,1.0,2.2632064e-10,0
9854,1.0,1.9844324e-12,0
9855,1.0,3.5932535e-12,0
9856,1.0,3.2036262e-12,0
9857,1.0,6.031054e-13,0
9858,1.0,5.2858655e-09,0
9859,1.0,1.4058767e-13,0
9860,1.0,4.662289e-12,0
9861,1.0,4.185176e-12,0
9862,1.0,7.0741633e-12,0
9863,1.0,1.1386772e-08,0
9864,1.0,1.81285e-11,0
9865,1.0,4.598849e-12,0
9866,1.0,3.8938075e-13,0
9867,1.0,2.4288605e-12,0
9868,1.0,5.2952018e-12,0
9869,1.0,1.687131e-11,0
9870,0.9999999,1.02663975e-07,0
9871,1.0,2.4437071e-12,0
9872,1.0,1.2318478e-11,0
9873,1.0,5.3539347e-11,0
9874,1.0,4.6632387e-09,0
9875,1.0,1.1433465e-10,0
9876,1.0,3.0415632e-11,0
9877,0.9999999,6.9940675e-08,0
9878,1.0,3.4974922e-12,0
9879,1.0,3.4872723e-13,0
9880,1.0,1.1882766e-12,0
9881,1.0,6.588845e-11,0
9882,1.0,4.3905234e-11,0
9883,1.0,2.3113748e-12,0
9884,1.0,7.69072e-11,0
9885,1.0,2.1933982e-11,0
9886,1.0,9.45733e-11,0
9887,1.0,3.2839347e-09,0
9888,1.0,8.5141735e-13,0
9889,1.0,2.7024157e-08,0
9890,1.0,3.2749572e-10,0
9891,1.0,3.4735145e-11,0
9892,1.0,4.719274e-11,0
9893,1.0,7.240696e-11,0
9894,1.0,1.0507277e-10,0
9895,1.0,2.6994365e-13,0
9896,1.0,2.9464198e-12,0
9897,1.0,1.1686081e-11,0
9898,1.0,1.8286801e-10,0
9899,1.0,7.551226e-14,0
9900,1.0,1.4177534e-11,0
9901,1.0,1.7676749e-09,0
9902,1.0,5.263857e-11,0
9903,1.0,4.0487247e-10,0
9904,1.0,2.3051253e-14,0
9905,1.0,1.6730664e-11,0
9906,1.0,7.3381644e-13,0
9907,1.0,5.3218696e-09,0
9908,1.0,2.2881808e-11,0
9909,1.0,1.607683e-12,0
9910,1.0,1.0508148e-12,0
9911,1.0,7.326603e-12,0
9912,1.0,9.785998e-11,0
9913,1.0,7.410686e-13,0
9914,1.0,6.3418923e-12,0
9915,1.0,1.9696636e-10,0
9916,1.0,9.451513e-13,0
9917,1.0,7.592009e-14,0
9918,1.0,1.8965668e-11,0
9919,1.0,2.807006e-10,0
9920,1.0,8.734342e-12,0
9921,1.0,1.6061988e-13,0
9922,1.0,3.087783e-14,0
9923,1.0,1.9545062e-11,0
9924,1.0,1.2017651e-09,0
9925,1.0,4.479726e-14,0
9926,1.0,7.2216183e-12,0
9927,1.0,1.6795112e-12,0
9928,1.0,5.393328e-13,0
9929,1.0,9.407539e-13,0
9930,1.0,7.012448e-12,0
9931,1.0,4.391311e-11,0
9932,1.0,3.9834106e-13,0
9933,1.0,7.147394e-14,0
9934,1.0,1.3318561e-11,0
9935,1.0,1.0522575e-11,0
9936,1.0,1.1765842e-10,0
9937,1.0,3.7877132e-11,0
9938,0.9999999,1.5123865e-07,0
9939,1.0,3.959989e-12,0
9940,1.0,2.957117e-12,0
9941,1.0,6.478024e-12,0
9942,1.0,1.1536251e-09,0
9943,1.0,7.516693e-11,0
9944,1.0,2.8651785e-09,0
9945,1.0,8.696102e-10,0
9946,1.0,4.874525e-11,0
9947,1.0,3.468514e-12,0
9948,1.0,1.02250544e-13,0
9949,1.0,5.650502e-12,0
9950,1.0,2.387578e-11,0
9951,1.0,4.4390444e-10,0
9952,1.0,3.037954e-09,0
9953,1.0,2.0841058e-09,0
9954,1.0,4.50128e-12,0
9955,1.0,5.7477013e-08,0
9956,1.0,2.7280117e-10,0
9957,1.0,2.5864864e-11,0
9958,1.0,1.574538e-12,0
9959,1.0,3.5195122e-10,0
9960,1.0,2.1201268e-12,0
9961,1.0,2.9323717e-11,0
9962,1.0,4.5816693e-09,0
9963,1.0,1.2634791e-12,0
9964,1.0,1.4585803e-09,0
9965,1.0,2.983303e-11,0
9966,1.0,3.7143633e-13,0
9967,1.0,3.1123838e-12,0
9968,1.0,1.5327782e-08,0
9969,1.0,1.4548923e-10,0
9970,1.0,4.3008219e-13,0
9971,1.0,4.098837e-12,0
9972,1.0,4.5402784e-09,0
9973,1.0,2.5636393e-10,0
9974,1.0,1.4780094e-10,0
9975,1.0,2.2907156e-09,0
9976,1.0,1.4791411e-09,0
9977,0.999998,2.0076232e-06,0
9978,1.0,1.5855758e-10,0
9979,1.0,1.4330763e-11,0
9980,1.0,3.470278e-10,0
9981,1.0,3.979158e-13,0
9982,1.0,6.094246e-10,0
9983,1.0,1.7296348e-12,0
9984,1.0,3.7104618e-13,0
9985,1.0,8.593174e-12,0
9986,1.0,2.3658796e-13,0
9987,1.0,1.8377955e-14,0
9988,1.0,9.908291e-10,0
9989,1.0,2.2664776e-13,0
9990,1.0,7.736284e-11,0
9991,1.0,5.572531e-12,0
9992,1.0,1.5222696e-11,0
9993,1.0,5.5696886e-10,0
9994,1.0,2.5214073e-13,0
9995,1.0,4.2303865e-11,0
9996,1.0,1.443412e-12,0
9997,1.0,2.263337e-09,0
9998,1.0,6.7488936e-14,0
9999,1.0,5.434104e-13,0
10000,1.0,4.918548e-12,0
10001,1.0,3.7848134e-13,0
10002,1.0,4.1517456e-11,0
10003,1.0,2.0300015e-11,0
10004,1.0,3.0044467e-12,0
10005,1.0,4.2331424e-13,0
10006,1.0,7.346757e-11,0
10007,1.0,1.1763899e-12,0
10008,1.0,6.1633997e-11,0
10009,1.0,6.418757e-11,0
10010,1.0,1.0582978e-11,0
10011,1.0,9.688373e-13,0
10012,1.0,1.6203432e-10,0
10013,1.0,8.151588e-12,0
10014,1.0,7.5183276e-11,0
10015,0.9999999,6.5350854e-08,0
10016,1.0,1.9067964e-10,0
10017,1.0,5.4673865e-12,0
10018,1.0,2.9440506e-11,0
10019,1.0,8.915132e-11,0
10020,1.0,4.001183e-13,0
10021,1.0,7.794927e-10,0
10022,1.0,2.3723436e-11,0
10023,1.0,6.131302e-09,0
10024,1.0,1.7106907e-12,0
10025,1.0,5.0016843e-13,0
10026,1.0,7.9785793e-13,0
10027,1.0,2.061347e-12,0
10028,1.0,2.927891e-10,0
10029,1.0,2.7982846e-12,0
10030,1.0,2.3963443e-13,0
10031,1.0,1.6975067e-13,0
10032,1.0,3.0383987e-10,0
10033,1.0,1.4250714e-10,0
10034,0.9999999,6.548074e-08,0
10035,1.0,3.2441853e-12,0
10036,0.9999999,1.2771146e-07,0
10037,1.0,2.627305e-13,0
10038,1.0,3.912598e-13,0
10039,1.0,1.1986533e-14,0
10040,1.0,7.456896e-09,0
10041,1.0,1.1079707e-10,0
10042,1.0,1.3814709e-11,0
10043,1.0,6.480063e-12,0
10044,1.0,2.5712332e-11,0
10045,1.0,9.558499e-12,0
10046,1.0,1.2105035e-11,0
10047,1.0,2.7137724e-13,0
10048,1.0,1.9025231e-11,0
10049,0.9999999,1.2246836e-07,0
10050,1.0,1.9618211e-09,0
10051,1.0,1.83915e-13,0
10052,0.9999968,3.1856628e-06,0
10053,1.0,3.0179428e-09,0
10054,0.99999726,2.7947597e-06,0
10055,1.0,1.2692108e-12,0
10056,1.0,3.8900997e-11,0
10057,1.0,1.8031815e-10,0
10058,1.0,5.9562453e-09,0
10059,1.0,4.8141135e-12,0
10060,1.0,4.390538e-12,0
10061,1.0,3.4016946e-11,0
10062,1.0,3.564731e-13,0
10063,1.0,7.229174e-11,0
10064,1.0,1.3447698e-11,0
10065,1.0,3.547855e-13,0
10066,1.0,2.8540667e-10,0
10067,0.9999957,4.278442e-06,0
10068,1.0,4.402412e-12,0
10069,1.0,7.253949e-12,0
10070,1.0,1.7056221e-11,0
10071,1.0,7.916403e-12,0
10072,1.0,8.3913876e-13,0
10073,1.0,7.6707405e-14,0
10074,0.9999999,6.825942e-08,0
10075,1.0,6.595606e-12,0
10076,0.99999857,1.4492074e-06,0
10077,1.0,7.2771955e-14,0
10078,1.0,4.519098e-11,0
10079,1.0,3.4886543e-14,0
10080,1.0,5.3493742e-14,0
10081,1.0,1.0745997e-09,0
10082,1.0,5.887935e-11,0
10083,1.0,5.72547e-11,0
10084,1.0,3.7532654e-11,0
10085,1.0,2.3233897e-11,0
10086,1.0,3.7154443e-11,0
10087,1.0,2.1806763e-10,0
10088,1.0,1.0576128e-09,0
10089,1.0,1.2716599e-13,0
10090,1.0,2.0354838e-11,0
10091,0.99999547,4.549575e-06,0
10092,1.0,1.8202677e-08,0
10093,1.0,1.2510457e-08,0
10094,1.0,1.5517837e-12,0
10095,1.0,3.6704165e-10,0
10096,1.0,3.601642e-10,0
10097,1.0,1.7045164e-11,0
10098,1.0,9.433009e-11,0
10099,1.0,7.6054923e-13,0
10100,1.0,2.4965065e-11,0
10101,1.0,3.4179198e-12,0
10102,1.0,3.780712e-11,0
10103,1.0,1.05269593e-13,0
10104,1.0,1.0160045e-13,0
10105,1.0,2.58529e-13,0
10106,1.0,3.2365278e-12,0
10107,1.0,2.780854e-12,0
10108,1.0,8.1859085e-13,0
10109,0.99999964,4.1370416e-07,0
10110,1.0,1.6032611e-12,0
10111,1.0,1.3941655e-12,0
10112,0.9999949,5.107529e-06,0
10113,1.0,1.4679948e-12,0
10114,1.0,3.2766297e-11,0
10115,0.9999982,1.8402411e-06,0
10116,1.0,1.3292211e-12,0
10117,1.0,1.2114204e-11,0
10118,1.0,7.6111806e-13,0
10119,1.0,1.5225383e-09,0
10120,1.0,1.2550458e-09,0
10121,0.99999905,1.0107595e-06,0
10122,1.0,2.4641077e-13,0
10123,1.0,4.4379903e-12,0
10124,1.0,2.755444e-11,0
10125,1.0,2.2703244e-09,0
10126,1.0,1.643056e-10,0
10127,1.0,7.454329e-11,0
10128,0.9999994,5.563011e-07,0
10129,1.0,1.9861467e-13,0
10130,1.0,2.945215e-10,0
10131,1.0,1.7002967e-13,0
10132,1.0,1.2052996e-10,0
10133,1.0,5.601276e-10,0
10134,1.0,3.4823322e-10,0
10135,1.0,5.1382332e-11,0
10136,1.0,2.293789e-13,0
10137,1.0,4.6104683e-12,0
10138,1.0,3.298221e-13,0
10139,1.0,6.5924425e-14,0
10140,1.0,2.5203004e-10,0
10141,1.0,6.22559e-12,0
10142,1.0,1.5386662e-11,0
10143,1.0,2.745997e-13,0
10144,1.0,3.659291e-12,0
10145,1.0,4.719319e-11,0
10146,1.0,9.688328e-11,0
10147,1.0,2.9021013e-12,0
10148,1.0,1.774045e-13,0
10149,1.0,1.6977498e-09,0
10150,1.0,5.2295238e-14,0
10151,1.0,3.0019508e-11,0
10152,1.0,3.2571498e-12,0
10153,1.0,1.7589312e-12,0
10154,1.0,1.3425631e-11,0
10155,1.0,6.2116293e-12,0
10156,1.0,3.0639193e-09,0
10157,1.0,1.8600568e-12,0
10158,0.9999993,7.199736e-07,0
10159,1.0,1.2986553e-08,0
10160,0.99999833,1.6768696e-06,0
10161,1.0,4.6062143e-12,0
10162,1.0,3.1243492e-13,0
10163,1.0,1.8580695e-10,0
10164,0.9999999,9.098854e-08,0
10165,1.0,1.1540817e-11,0
10166,1.0,5.7520794e-11,0
10167,1.0,3.72355e-09,0
10168,1.0,1.5534717e-12,0
10169,1.0,3.1764695e-13,0
10170,1.0,8.313422e-13,0
10171,1.0,3.20655e-11,0
10172,1.0,1.993084e-09,0
10173,1.0,5.9134815e-12,0
10174,1.0,2.2185339e-11,0
10175,1.0,5.191011e-12,0
10176,1.0,2.1492537e-09,0
10177,1.0,5.1126398e-11,0
10178,1.0,7.638926e-14,0
10179,1.0,3.3833808e-12,0
10180,1.0,8.9679666e-11,0
10181,1.0,5.322163e-13,0
10182,1.0,7.0928446e-13,0
10183,0.9999999,9.404978e-08,0
10184,1.0,3.593747e-12,0
10185,1.0,4.5279714e-13,0
10186,1.0,4.692707e-14,0
10187,1.0,1.0496961e-10,0
10188,1.0,2.6626975e-11,0
10189,1.0,5.96466e-12,0
10190,1.0,1.8671257e-13,0
10191,1.0,3.6688395e-11,0
10192,1.0,9.207245e-13,0
10193,1.0,5.4252527e-12,0
10194,1.0,4.0428136e-10,0
10195,1.0,4.9940725e-11,0
10196,1.0,4.4558822e-14,0
10197,1.0,5.309877e-12,0
10198,1.0,3.4149728e-13,0
10199,1.0,1.0580752e-12,0
10200,1.0,1.1138744e-13,0
10201,1.0,1.1745022e-12,0
10202,1.0,5.3830475e-14,0
10203,1.0,2.6729639e-09,0
10204,1.0,3.0577203e-12,0
10205,1.0,1.1657935e-12,0
10206,1.0,6.045984e-12,0
10207,1.0,4.2544085e-12,0
10208,1.0,6.087293e-12,0
10209,1.0,3.889996e-11,0
10210,1.0,1.8803636e-09,0
10211,1.0,5.689323e-13,0
10212,1.0,1.4784436e-10,0
10213,0.99999774,2.3101868e-06,0
10214,1.0,1.1368477e-12,0
10215,1.0,1.2043718e-09,0
10216,1.0,7.652525e-12,0
10217,1.0,1.7185939e-10,0
10218,1.0,2.492404e-12,0
10219,1.0,1.1739116e-11,0
10220,1.0,4.8316216e-11,0
10221,1.0,2.2024186e-12,0
10222,1.0,3.34972e-09,0
10223,1.0,1.9990324e-11,0
10224,1.0,4.3774663e-13,0
10225,1.0,8.678769e-14,0
10226,1.0,3.211304e-12,0
10227,1.0,1.5465738e-09,0
10228,1.0,1.1667456e-12,0
10229,1.0,2.96511e-11,0
10230,1.0,4.5178392e-11,0
10231,1.0,1.2754793e-12,0
10232,1.0,1.4502143e-12,0
10233,1.0,6.172229e-09,0
10234,1.0,1.6193853e-10,0
10235,1.0,9.846108e-09,0
10236,1.0,2.1832826e-13,0
10237,1.0,4.983752e-13,0
10238,1.0,6.236263e-12,0
10239,1.0,3.678453e-11,0
10240,1.0,5.093912e-11,0
10241,1.0,4.1623566e-10,0
10242,1.0,2.3629912e-11,0
10243,1.0,2.129967e-13,0
10244,1.0,5.734153e-13,0
10245,1.0,1.8645485e-10,0
10246,1.0,2.5806408e-12,0
10247,1.0,1.9848989e-11,0
10248,1.0,1.4886166e-13,0
10249,1.0,3.1232578e-10,0
10250,1.0,3.4217488e-12,0
10251,1.0,3.6927354e-12,0
10252,1.0,1.1737895e-13,0
10253,1.0,3.233552e-13,0
10254,1.0,5.3657853e-14,0
10255,1.0,8.272851e-09,0
10256,1.0,2.1457709e-10,0
10257,1.0,7.6017914e-10,0
10258,1.0,6.728332e-13,0
10259,0.99999976,2.5373808e-07,0
10260,1.0,5.280507e-12,0
10261,1.0,1.2691801e-11,0
10262,1.0,7.0086303e-10,0
10263,1.0,1.0087639e-12,0
10264,1.0,4.0571175e-11,0
10265,1.0,1.2228128e-13,0
10266,1.0,2.5640365e-13,0
10267,1.0,4.3372042e-11,0
10268,1.0,3.7084065e-11,0
10269,1.0,2.9806056e-12,0
10270,1.0,2.3500419e-11,0
10271,1.0,5.3124166e-13,0
10272,1.0,2.2270068e-09,0
10273,1.0,6.376415e-11,0
10274,1.0,6.29304e-13,0
10275,1.0,5.7678664e-11,0
10276,1.0,4.6612422e-11,0
10277,1.0,3.4711086e-12,0
10278,1.0,6.522126e-11,0
10279,1.0,1.0453175e-12,0
10280,1.0,2.6016711e-11,0
10281,1.0,3.026811e-15,0
10282,1.0,1.241858e-10,0
10283,1.0,4.9476485e-09,0
10284,1.0,3.7113767e-12,0
10285,1.0,2.4040432e-14,0
10286,1.0,1.2676807e-10,0
10287,1.0,1.37024925e-08,0
10288,1.0,5.3410575e-13,0
10289,1.0,2.963339e-12,0
10290,1.0,3.62453e-09,0
10291,1.0,1.1772897e-09,0
10292,1.0,9.270133e-10,0
10293,1.0,1.4940988e-12,0
10294,1.0,2.446462e-13,0
10295,1.0,5.7957673e-11,0
10296,1.0,6.1250804e-10,0
10297,1.0,6.613314e-13,0
10298,1.0,4.411955e-11,0
10299,1.0,1.3796797e-12,0
10300,1.0,4.4049844e-11,0
10301,1.0,1.0177547e-08,0
10302,1.0,1.11334126e-13,0
10303,1.0,1.7262072e-12,0
10304,1.0,2.655626e-12,0
10305,1.0,8.846935e-11,0
10306,1.0,3.068067e-08,0
10307,1.0,7.9840065e-11,0
10308,1.0,6.0190886e-10,0
10309,1.0,2.720667e-08,0
10310,1.0,3.6435948e-11,0
10311,1.0,1.4980988e-13,0
10312,0.99999857,1.3926182e-06,0
10313,0.9999993,6.585461e-07,0
10314,1.0,3.463847e-08,0
10315,1.0,3.203255e-11,0
10316,1.0,7.829556e-10,0
10317,1.0,5.2277345e-12,0
10318,1.0,9.152033e-11,0
10319,1.0,2.1522463e-11,0
10320,1.0,3.4838804e-10,0
10321,1.0,4.1806425e-09,0
10322,1.0,4.36774e-10,0
10323,1.0,6.5218553e-10,0
10324,1.0,6.9305386e-12,0
10325,1.0,8.089892e-13,0
10326,1.0,2.0190678e-09,0
10327,1.0,3.1437485e-12,0
10328,1.0,6.799196e-13,0
10329,1.0,6.8369443e-14,0
10330,1.0,1.5379554e-12,0
10331,1.0,1.770126e-11,0
10332,1.0,4.0562006e-13,0
10333,1.0,4.4279642e-11,0
10334,1.0,1.4287142e-12,0
10335,1.0,1.6839547e-11,0
10336,1.0,2.6244352e-13,0
10337,1.0,3.723935e-12,0
10338,1.0,2.037901e-14,0
10339,1.0,8.643659e-15,0
10340,1.0,6.3485723e-12,0
10341,1.0,9.853974e-10,0
10342,1.0,1.4281965e-12,0
10343,1.0,5.3537716e-11,0
10344,1.0,2.0856535e-12,0
10345,1.0,9.635525e-12,0
10346,1.0,1.6489331e-10,0
10347,1.0,1.2535123e-13,0
10348,1.0,4.088542e-14,0
10349,1.0,5.1120406e-09,0
10350,1.0,2.2564221e-10,0
10351,1.0,2.2553884e-11,0
10352,1.0,1.8092144e-13,0
10353,1.0,4.3029528e-14,0
10354,0.99999917,8.7892636e-07,0
10355,1.0,2.218338e-12,0
10356,1.0,8.803817e-09,0
10357,1.0,1.0900139e-09,0
10358,1.0,1.1290038e-12,0
10359,1.0,8.252331e-09,0
10360,1.0,1.7681849e-12,0
10361,1.0,2.3217444e-09,0
10362,1.0,1.7261714e-08,0
10363,1.0,1.5218681e-12,0
10364,1.0,2.9132294e-10,0
10365,1.0,1.0387236e-11,0
10366,1.0,4.739184e-10,0
10367,1.0,8.415943e-13,0
10368,1.0,1.4803108e-11,0
10369,1.0,1.4174655e-13,0
10370,1.0,1.6519936e-13,0
10371,1.0,2.4794218e-12,0
10372,1.0,1.0252239e-13,0
10373,1.0,6.3146736e-12,0
10374,1.0,7.781261e-10,0
10375,1.0,1.614124e-11,0
10376,1.0,1.920707e-10,0
10377,0.99999964,3.128878e-07,0
10378,0.9999771,2.292202e-05,0
10379,0.9998362,0.00016379703,0
10380,0.99999964,3.3696193e-07,0
10381,1.0,1.469561e-08,0
10382,1.0,1.1081663e-08,0
10383,1.0,5.883926e-08,0
10384,1.0,6.2345885e-11,0
10385,0.99999595,4.103495e-06,0
10386,1.0,1.2653194e-08,0
10387,1.0,8.824058e-09,0
10388,1.0,1.1551168e-11,0
10389,1.0,3.643315e-12,0
10390,1.0,2.297834e-14,0
10391,1.0,1.8987187e-09,0
10392,1.0,2.7132836e-11,0
10393,0.9999993,7.69409e-07,0
10394,1.0,8.8865804e-10,0
10395,1.0,8.115887e-13,0
10396,0.9999956,4.408624e-06,0
10397,1.0,2.9197949e-09,0
10398,0.99999714,2.8783809e-06,0
10399,0.99999535,4.6879272e-06,0
10400,0.9997235,0.0002765178,0
10401,1.0,3.9037e-08,0
10402,1.0,1.8465826e-11,0
10403,0.9999989,1.1298051e-06,0
10404,1.0,6.211739e-11,0
10405,1.0,2.0727907e-10,0
10406,1.0,2.05676e-12,0
10407,1.0,3.9691347e-14,0
10408,1.0,1.7522485e-11,0
10409,1.0,4.1826866e-08,0
10410,1.0,6.978642e-14,0
10411,1.0,1.5664535e-08,0
10412,1.0,2.454231e-12,0
10413,1.0,2.087797e-10,0
10414,1.0,1.1062328e-14,0
10415,1.0,5.9102e-12,0
10416,1.0,5.8946466e-14,0
10417,1.0,3.030744e-12,0
10418,1.0,2.1565422e-13,0
10419,1.0,3.0556098e-12,0
10420,1.0,4.8618824e-13,0
10421,1.0,3.9831996e-12,0
10422,1.0,5.137212e-12,0
10423,1.0,6.0114648e-12,0
10424,1.0,5.6539544e-11,0
10425,0.99999964,4.114237e-07,0
10426,1.0,1.500941e-14,0
10427,1.0,6.7381826e-13,0
10428,1.0,2.1423234e-14,0
10429,1.0,8.3788937e-10,0
10430,1.0,2.7520388e-12,0
10431,1.0,1.3140392e-11,0
10432,1.0,2.7708077e-14,0
10433,1.0,4.6165322e-08,0
10434,1.0,1.5641649e-10,0
10435,1.0,4.873925e-13,0
10436,1.0,9.03722e-14,0
10437,1.0,2.5410193e-12,0
10438,1.0,1.4260306e-11,0
10439,1.0,7.427214e-13,0
10440,1.0,2.901166e-12,0
10441,1.0,7.7835606e-14,0
10442,1.0,1.8253496e-09,0
10443,1.0,1.3148664e-15,0
10444,1.0,2.190105e-10,0
10445,1.0,2.8694536e-10,0
10446,1.0,4.358477e-14,0
10447,1.0,1.6683317e-14,0
10448,1.0,8.037384e-13,0
10449,1.0,4.0669844e-13,0
10450,0.9999981,1.8629136e-06,0
10451,1.0,1.1783605e-14,0
10452,1.0,1.332384e-12,0
10453,1.0,8.888499e-13,0
10454,1.0,4.7626054e-15,0
10455,1.0,1.087513e-14,0
10456,1.0,1.7058092e-13,0
10457,0.99999976,2.3607024e-07,0
10458,1.0,1.0866959e-14,0
10459,1.0,1.4506343e-09,0
10460,1.0,1.9699087e-13,0
10461,1.0,2.2335885e-12,0
10462,1.0,4.8617737e-12,0
10463,1.0,6.7000155e-10,0
10464,0.99999976,1.9428316e-07,0
10465,1.0,4.6628517e-11,0
10466,1.0,2.4764501e-11,0
10467,1.0,7.3604005e-12,0
10468,1.0,1.532748e-09,0
10469,0.9999999,7.897672e-08,0
10470,0.9999995,4.954384e-07,0
10471,1.0,3.8062042e-10,0
10472,1.0,1.3359046e-10,0
10473,1.0,1.6108646e-10,0
10474,0.9999994,6.539356e-07,0
10475,0.99999857,1.3897605e-06,0
10476,1.0,9.193423e-12,0
10477,1.0,1.5621747e-08,0
10478,1.0,3.119184e-11,0
10479,1.0,7.465634e-09,0
10480,1.0,3.2370126e-10,0
10481,1.0,2.8721352e-11,0
10482,1.0,1.9835953e-09,0
10483,1.0,3.230749e-08,0
10484,1.0,2.9250956e-13,0
10485,1.0,5.8150897e-11,0
10486,1.0,9.2285685e-10,0
10487,1.0,1.8804148e-08,0
10488,1.0,6.332999e-11,0
10489,0.9999976,2.4304702e-06,0
10490,0.9999995,4.5091255e-07,0
10491,1.0,2.538861e-10,0
10492,1.0,8.4503287e-14,0
10493,0.9999999,1.4338528e-07,0
10494,0.9998816,0.00011831848,0
10495,1.0,1.3845837e-11,0
10496,1.0,1.0296651e-12,0
10497,1.0,2.0370523e-08,0
10498,0.9999999,8.043998e-08,0
10499,1.0,1.5667209e-10,0
10500,1.0,5.5682494e-12,0
10501,1.0,2.6077432e-14,0
10502,1.0,2.4210714e-12,0
10503,1.0,4.9599172e-11,0
10504,1.0,3.3591521e-12,0
10505,1.0,4.5774284e-11,0
10506,1.0,5.4516313e-12,0
10507,1.0,1.1636343e-08,0
10508,1.0,8.718028e-09,0
10509,1.0,1.7197335e-08,0
10510,1.0,9.143703e-09,0
10511,1.0,2.008035e-08,0
10512,1.0,1.9197219e-10,0
10513,1.0,1.7952884e-10,0
10514,1.0,1.0993809e-12,0
10515,1.0,1.4909546e-10,0
10516,1.0,4.842813e-11,0
10517,1.0,1.4932257e-10,0
10518,1.0,8.512981e-11,0
10519,1.0,5.071591e-09,0
10520,0.99999905,9.062498e-07,0
10521,1.0,1.4386145e-10,0
10522,0.99999774,2.2626664e-06,0
10523,1.0,9.145132e-09,0
10524,1.0,2.1506377e-11,0
10525,1.0,4.951248e-08,0
10526,1.0,5.673053e-11,0
10527,1.0,9.499561e-11,0
10528,0.99999964,3.8583465e-07,0
10529,1.0,4.9710414e-09,0
10530,1.0,1.14215365e-11,0
10531,1.0,2.2661438e-10,0
10532,1.0,2.9305738e-13,0
10533,1.0,1.4642372e-11,0
10534,0.99999154,8.425732e-06,0
10535,1.0,6.6237163e-13,0
10536,1.0,3.6716205e-10,0
10537,1.0,7.94097e-10,0
10538,0.99999976,1.8620027e-07,0
10539,1.0,1.2283842e-08,0
10540,1.0,8.291704e-11,0
10541,1.0,1.6443687e-11,0
10542,1.0,4.5314387e-08,0
10543,1.0,3.917217e-11,0
10544,1.0,2.7625298e-09,0
10545,1.0,1.5706464e-10,0
10546,1.0,3.1995638e-13,0
10547,1.0,3.1566322e-11,0
10548,1.0,1.3301507e-10,0
10549,0.9999999,1.3361154e-07,0
10550,1.0,4.0763584e-09,0
10551,1.0,4.1838713e-10,0
10552,1.0,1.0025349e-10,0
10553,0.99957687,0.00042314272,0
10554,1.0,3.3247523e-11,0
10555,1.0,2.659589e-09,0
10556,0.9999925,7.5064686e-06,0
10557,0.9999999,1.0132382e-07,0
10558,1.0,5.8629344e-11,0
10559,1.0,2.4317078e-11,0
10560,1.0,2.0623581e-08,0
10561,1.0,4.713171e-09,0
10562,1.0,9.463361e-10,0
10563,1.0,3.618652e-09,0
10564,0.9999988,1.1952687e-06,0
10565,1.0,3.7562917e-09,0
10566,1.0,7.2054103e-12,0
10567,1.0,2.8266298e-08,0
10568,1.0,1.4189506e-09,0
10569,1.0,3.3180497e-11,0
10570,0.9999999,1.2206866e-07,0
10571,1.0,9.613703e-11,0
10572,0.9999974,2.6084683e-06,0
10573,0.99999213,7.883465e-06,0
10574,0.9999964,3.5897172e-06,0
10575,0.9999993,7.3559926e-07,0
10576,1.0,9.375243e-13,0
10577,1.0,2.0192892e-11,0
10578,1.0,4.6269202e-10,0
10579,1.0,2.838926e-09,0
10580,1.0,2.6820001e-11,0
10581,1.0,6.60115e-10,0
10582,1.0,1.4989271e-10,0
10583,1.0,2.4950128e-10,0
10584,0.99999976,1.881768e-07,0
10585,0.9999999,9.93737e-08,0
10586,1.0,5.4824138e-08,0
10587,0.9999999,9.648564e-08,0
10588,1.0,2.4119135e-08,0
10589,1.0,4.5984265e-09,0
10590,1.0,7.669867e-09,0
10591,0.9999999,6.911227e-08,0
10592,1.0,2.7185093e-08,0
10593,1.0,5.4538624e-10,0
10594,0.9999999,1.18367616e-07,0
10595,1.0,2.2732458e-08,0
10596,0.99999976,2.6988906e-07,0
10597,0.9999999,1.6723422e-07,0
10598,1.0,4.1021106e-10,0
10599,1.0,4.740355e-08,0
10600,0.9999999,7.796317e-08,0
10601,1.0,5.0307654e-11,0
10602,1.0,2.6713545e-08,0
10603,0.9999993,7.510841e-07,0
10604,1.0,3.9676635e-08,0
10605,1.0,4.9762615e-08,0
10606,1.0,3.2224776e-08,0
10607,1.0,1.5852448e-08,0
10608,0.9999999,1.6335433e-07,0
10609,0.9999999,8.4424926e-08,0
10610,1.0,2.3632426e-08,0
10611,1.0,3.9026147e-11,0
10612,1.0,1.5887879e-10,0
10613,1.0,1.3965769e-08,0
10614,0.9999999,1.2139277e-07,0
10615,1.0,3.523331e-08,0
10616,1.0,1.4628102e-08,0
10617,1.0,8.217047e-11,0
10618,1.0,6.7825914e-09,0
10619,1.0,4.2052765e-08,0
10620,1.0,1.2784606e-08,0
10621,1.0,6.135861e-10,0
10622,0.99999964,3.1489344e-07,0
10623,0.9999999,7.402398e-08,0
10624,1.0,1.1016033e-09,0
10625,0.9999999,7.430151e-08,0
10626,1.0,1.0254044e-08,0
10627,1.0,8.8854236e-11,0
10628,0.99999976,2.4855e-07,0
10629,1.0,6.749255e-10,0
10630,0.99999905,9.3446096e-07,0
10631,0.99999976,1.9382789e-07,0
10632,1.0,9.2626705e-11,0
10633,1.0,1.07670414e-10,0
10634,1.0,2.6718792e-12,0
10635,1.0,1.1619509e-12,0
10636,1.0,6.1690887e-12,0
10637,0.9999999,1.11409655e-07,0
10638,1.0,1.5547476e-18,0
10639,1.0,4.2067932e-19,0
10640,1.0,5.9363974e-20,0
10641,1.0,1.1758983e-09,0
10642,1.0,1.1126668e-12,0
10643,1.0,2.5230045e-09,0
10644,1.0,8.042867e-11,0
10645,0.9999963,3.6364431e-06,0
10646,1.0,8.154431e-09,0
10647,0.9999999,6.0992285e-08,0
10648,1.0,1.4448638e-08,0
10649,1.0,2.0093313e-18,0
10650,1.0,3.3527867e-10,0
10651,1.0,4.2937628e-10,0
10652,1.0,1.2134135e-19,0
10653,1.0,1.3806274e-12,0
10654,1.0,1.0683061e-15,0
10655,1.0,1.0471015e-12,0
10656,1.0,4.3429516e-10,0
10657,0.9999994,6.1522974e-07,0
10658,1.0,2.028912e-09,0
10659,1.0,9.417481e-10,0
10660,1.0,4.983308e-12,0
10661,1.0,1.6663018e-19,0
10662,1.0,2.5946614e-13,0
10663,1.0,1.302305e-18,0
10664,1.0,7.902108e-18,0
10665,1.0,1.3988302e-22,0
10666,1.0,4.6969714e-13,0
10667,1.0,8.706894e-09,0
10668,1.0,7.703581e-11,0
10669,1.0,1.5516598e-19,0
10670,1.0,2.2246752e-21,0
10671,1.0,1.341233e-10,0
10672,0.9999999,1.0846786e-07,0
10673,1.0,2.6246612e-20,0
10674,1.0,5.2569954e-18,0
10675,1.0,2.1565343e-09,0
10676,1.0,6.7712324e-12,0
10677,1.0,3.9141944e-21,0
10678,1.0,7.201781e-20,0
10679,1.0,2.271656e-11,0
10680,1.0,1.9653516e-14,0
10681,1.0,5.385804e-09,0
10682,1.0,3.2829275e-12,0
10683,1.0,2.0335844e-09,0
10684,1.0,1.1097529e-15,0
10685,1.0,1.1762351e-16,0
10686,1.0,8.4668626e-11,0
10687,1.0,5.370297e-08,0
10688,1.0,4.660105e-18,0
10689,1.0,8.15472e-18,0
10690,1.0,6.401254e-17,0
10691,1.0,4.322963e-20,0
10692,1.0,2.7107268e-12,0
10693,1.0,3.3292255e-15,0
10694,0.99999964,3.0831086e-07,0
10695,1.0,2.165016e-09,0
10696,1.0,1.5758148e-16,0
10697,0.99999905,9.941756e-07,0
10698,0.9999999,9.798656e-08,0
10699,0.99999976,1.8714843e-07,0
10700,1.0,1.144126e-20,0
10701,1.0,5.3438564e-18,0
10702,0.99999976,2.3633064e-07,0
10703,1.0,8.540327e-13,0
10704,1.0,1.5050015e-16,0
10705,1.0,1.3574436e-22,0
10706,1.0,5.9356464e-14,0
10707,1.0,1.0710278e-15,0
10708,1.0,9.832778e-21,0
10709,1.0,6.3190932e-09,0
10710,0.99999976,2.1012988e-07,0
10711,1.0,1.9471407e-09,0
10712,1.0,1.5649961e-08,0
10713,1.0,2.3621124e-11,0
10714,1.0,3.1782957e-08,0
10715,1.0,1.2213257e-13,0
10716,1.0,1.719767e-11,0
10717,1.0,1.1468431e-14,0
10718,1.0,2.6112742e-16,0
10719,1.0,1.746369e-08,0
10720,1.0,1.065339e-12,0
10721,1.0,2.4322575e-09,0
10722,1.0,2.9803098e-12,0
10723,1.0,8.114129e-19,0
10724,1.0,4.317839e-08,0
10725,1.0,1.0792474e-14,0
10726,1.0,7.097093e-17,0
10727,1.0,1.4229708e-19,0
10728,1.0,8.5600885e-14,0
10729,1.0,1.7391768e-18,0
10730,1.0,5.3447465e-13,0
10731,1.0,7.389633e-19,0
10732,1.0,1.5602476e-20,0
10733,1.0,4.357543e-08,0
10734,1.0,8.980497e-11,0
10735,0.9999999,1.2172572e-07,0
10736,1.0,6.818422e-15,0
10737,1.0,2.6700797e-09,0
10738,1.0,2.9456617e-08,0
10739,1.0,1.7543541e-20,0
10740,1.0,1.2921375e-08,0
10741,1.0,4.649243e-16,0
10742,1.0,9.2609e-19,0
10743,1.0,8.2916435e-14,0
10744,0.99999976,2.5321424e-07,0
10745,1.0,1.8089227e-15,0
10746,1.0,9.2702965e-09,0
10747,0.9999999,1.2924855e-07,0
10748,1.0,4.7432727e-17,0
10749,1.0,7.55041e-09,0
10750,1.0,1.2299665e-12,0
10751,1.0,7.675446e-12,0
10752,1.0,2.3496734e-12,0
10753,1.0,5.146674e-09,0
10754,1.0,2.3031848e-16,0
10755,1.0,4.4884523e-09,0
10756,1.0,4.760486e-09,0
10757,1.0,2.4847031e-21,0
10758,1.0,5.1871495e-20,0
10759,1.0,2.1208875e-08,0
10760,1.0,1.8833414e-18,0
10761,1.0,1.7400355e-11,0
10762,1.0,4.743011e-13,0
10763,1.0,1.3041843e-14,0
10764,1.0,2.4878741e-11,0
10765,0.9999999,9.775919e-08,0
10766,1.0,7.00076e-14,0
10767,1.0,3.6107415e-14,0
10768,1.0,9.626007e-09,0
10769,1.0,1.0427175e-11,0
10770,1.0,1.2174749e-08,0
10771,1.0,7.837426e-15,0
10772,0.99999976,2.6134532e-07,0
10773,1.0,5.0265223e-20,0
10774,1.0,1.3922489e-09,0
10775,1.0,9.774682e-17,0
10776,0.99999905,9.783134e-07,0
10777,1.0,7.302163e-15,0
10778,1.0,8.019032e-11,0
10779,1.0,1.7804654e-13,0
10780,1.0,2.1889207e-16,0
10781,1.0,8.887555e-12,0
10782,1.0,2.1907333e-16,0
10783,1.0,6.08802e-17,0
10784,1.0,7.281442e-22,0
10785,1.0,1.103402e-19,0
10786,1.0,1.7098382e-17,0
10787,1.0,8.41984e-18,0
10788,1.0,1.7310042e-16,0
10789,1.0,1.876198e-08,0
10790,1.0,4.391848e-18,0
10791,1.0,4.1407423e-16,0
10792,0.9999999,6.7604574e-08,0
10793,1.0,4.4487e-13,0
10794,1.0,4.8087987e-20,0
10795,1.0,1.7039842e-10,0
10796,1.0,4.733012e-11,0
10797,1.0,5.472617e-22,0
10798,1.0,5.0488804e-09,0
10799,0.9999982,1.8341683e-06,0
10800,1.0,3.5311033e-18,0
10801,1.0,1.5715645e-16,0
10802,1.0,7.31667e-13,0
10803,1.0,1.6588856e-14,0
10804,1.0,6.3393824e-10,0
10805,1.0,7.99807e-16,0
10806,1.0,2.8127314e-09,0
10807,1.0,3.424165e-08,0
10808,1.0,8.408423e-12,0
10809,1.0,2.1980888e-11,0
10810,1.0,5.9146408e-09,0
10811,1.0,5.7391914e-11,0
10812,1.0,9.177421e-17,0
10813,1.0,2.1862125e-20,0
10814,1.0,3.8330594e-13,0
10815,1.0,6.948076e-12,0
10816,0.9999999,9.179668e-08,0
10817,1.0,1.6750423e-08,0
10818,1.0,1.18069395e-17,0
10819,0.99999964,3.0631674e-07,0
10820,1.0,2.2459442e-11,0
10821,1.0,3.0700456e-08,0
10822,1.0,4.415177e-12,0
10823,1.0,2.4583274e-18,0
10824,1.0,6.1602407e-10,0
10825,1.0,5.1687534e-15,0
10826,1.0,2.790241e-13,0
10827,1.0,1.6875424e-08,0
10828,0.9999999,7.524507e-08,0
10829,1.0,1.3699393e-14,0
10830,1.0,7.545371e-09,0
10831,1.0,1.7097692e-14,0
10832,1.0,2.6312735e-08,0
10833,1.0,1.7370674e-19,0
10834,1.0,1.8537124e-17,0
10835,1.0,2.2302778e-11,0
10836,1.0,6.4027825e-20,0
10837,1.0,7.4339336e-20,0
10838,1.0,2.5760326e-16,0
10839,1.0,2.8433287e-11,0
10840,1.0,5.930985e-21,0
10841,1.0,3.86349e-21,0
10842,1.0,1.506855e-11,0
10843,1.0,2.2462732e-23,0
10844,1.0,4.273428e-21,0
10845,1.0,3.77725e-12,0
10846,1.0,9.2167086e-11,0
10847,0.9999993,7.6110246e-07,0
10848,1.0,5.746474e-08,0
10849,1.0,1.6589826e-19,0
10850,0.99999976,1.967466e-07,0
10851,0.99998546,1.458409e-05,0
10852,1.0,1.720918e-08,0
10853,1.0,1.1139431e-08,0
10854,1.0,2.1695023e-08,0
10855,1.0,5.111118e-19,0
10856,1.0,8.374899e-14,0
10857,1.0,2.5217753e-11,0
10858,1.0,4.2576856e-17,0
10859,1.0,1.6853614e-23,0
10860,1.0,1.3017549e-16,0
10861,1.0,1.8068216e-20,0
10862,0.99999976,2.0062555e-07,0
10863,1.0,3.5699916e-09,0
10864,1.0,8.517522e-20,0
10865,0.99999845,1.546801e-06,0
10866,1.0,2.4207355e-15,0
10867,1.0,1.5800145e-18,0
10868,1.0,9.2807435e-11,0
10869,1.0,2.2172713e-09,0
10870,1.0,5.5639133e-21,0
10871,1.0,5.337871e-09,0
10872,1.0,1.5102668e-12,0
10873,1.0,5.443788e-19,0
10874,1.0,2.9764087e-11,0
10875,1.0,1.2091489e-11,0
10876,1.0,1.6274698e-22,0
10877,1.0,1.5594225e-10,0
10878,1.0,2.2459984e-16,0
10879,1.0,1.3500258e-18,0
10880,1.0,3.01023e-15,0
10881,1.0,2.3435342e-18,0
10882,1.0,6.7356816e-19,0
10883,1.0,2.7343774e-14,0
10884,1.0,1.3227646e-08,0
10885,1.0,2.3383015e-18,0
10886,1.0,8.997623e-15,0
10887,1.0,5.918753e-15,0
10888,1.0,1.4782627e-18,0
10889,0.9999999,1.5670084e-07,0
10890,1.0,3.3941814e-12,0
10891,1.0,3.734602e-17,0
10892,1.0,8.784321e-18,0
10893,1.0,1.0549032e-20,0
10894,1.0,1.25713795e-08,0
10895,1.0,9.410031e-21,0
10896,1.0,2.35991e-15,0
10897,1.0,1.3495851e-22,0
10898,1.0,1.5199921e-11,0
10899,1.0,8.9807745e-10,0
10900,1.0,1.3628518e-12,0
10901,1.0,2.5379305e-11,0
10902,1.0,7.35784e-21,0
10903,1.0,5.8948755e-20,0
10904,1.0,1.3558839e-10,0
10905,1.0,1.5573527e-19,0
10906,1.0,2.2556953e-21,0
10907,0.99999964,3.6598365e-07,0
10908,1.0,4.4422534e-14,0
10909,1.0,6.040583e-14,0
10910,1.0,3.3021383e-08,0
10911,1.0,1.0539446e-11,0
10912,1.0,6.392518e-17,0
10913,1.0,3.3581874e-18,0
10914,0.99999964,3.3255822e-07,0
10915,1.0,5.011505e-15,0
10916,0.9999999,1.5975782e-07,0
10917,1.0,6.9697212e-09,0
10918,1.0,6.469189e-10,0
10919,1.0,1.7641951e-17,0
10920,1.0,6.699058e-21,0
10921,1.0,1.4261327e-09,0
10922,1.0,3.7255644e-18,0
10923,1.0,8.277404e-22,0
10924,1.0,4.391725e-13,0
10925,1.0,7.9224827e-10,0
10926,1.0,7.690984e-11,0
10927,1.0,3.7685428e-12,0
10928,1.0,1.0701203e-09,0
10929,1.0,8.479195e-22,0
10930,1.0,1.0411824e-20,0
10931,1.0,6.21119e-20,0
10932,1.0,4.5216466e-16,0
10933,1.0,8.806656e-09,0
10934,1.0,2.0025461e-12,0
10935,1.0,3.320626e-15,0
10936,1.0,4.974185e-11,0
10937,1.0,1.9913698e-17,0
10938,1.0,1.6226062e-11,0
10939,1.0,2.4998743e-08,0
10940,1.0,5.7931866e-13,0
10941,1.0,1.2821257e-16,0
10942,1.0,2.7195875e-16,0
10943,1.0,2.164216e-12,0
10944,1.0,1.1693112e-21,0
10945,1.0,7.414889e-16,0
10946,1.0,2.503611e-19,0
10947,1.0,1.3275146e-18,0
10948,1.0,1.9251544e-08,0
10949,0.99999976,1.8305006e-07,0
10950,1.0,1.3607774e-22,0
10951,1.0,2.477139e-08,0
10952,1.0,3.0408337e-10,0
10953,1.0,3.966363e-15,0
10954,1.0,2.5164315e-19,0
10955,1.0,9.658131e-21,0
10956,1.0,3.3408586e-12,0
10957,1.0,1.885883e-14,0
10958,1.0,2.1081428e-08,0
10959,1.0,5.6141085e-11,0
10960,1.0,1.3667543e-08,0
10961,1.0,5.809516e-10,0
10962,1.0,2.482711e-08,0
10963,1.0,3.9591322e-10,0
10964,1.0,8.447811e-15,0
10965,1.0,3.3588513e-08,0
10966,1.0,7.678028e-11,0
10967,1.0,2.7743274e-08,0
10968,1.0,1.0612622e-09,0
10969,1.0,1.3114647e-08,0
10970,1.0,4.3046866e-17,0
10971,1.0,2.3337994e-12,0
10972,1.0,2.9053407e-16,0
10973,1.0,1.1861967e-10,0
10974,1.0,2.6031677e-09,0
10975,1.0,1.7426967e-18,0
10976,1.0,9.06405e-21,0
10977,1.0,9.924738e-19,0
10978,1.0,1.32981835e-14,0
10979,0.99999976,2.5500412e-07,0
10980,1.0,7.6325515e-09,0
10981,1.0,2.7040203e-11,0
10982,1.0,4.359453e-09,0
10983,1.0,9.860703e-18,0
10984,1.0,2.9059386e-09,0
10985,1.0,4.1289577e-17,0
10986,1.0,5.8883157e-19,0
10987,1.0,6.074641e-15,0
10988,1.0,1.7963196e-21,0
10989,0.9999999,1.0520708e-07,0
10990,1.0,9.6025415e-15,0
10991,1.0,7.001486e-09,0
10992,1.0,7.1298225e-16,0
10993,1.0,7.4698695e-19,0
10994,1.0,1.8924362e-19,0
10995,1.0,1.007959e-14,0
10996,0.9999999,8.129556e-08,0
10997,1.0,7.0772636e-13,0
10998,1.0,1.7157845e-09,0
10999,1.0,4.8093697e-19,0
11000,1.0,4.2673135e-12,0
11001,1.0,1.3575108e-11,0
11002,1.0,3.1194364e-17,0
11003,1.0,3.1307086e-09,0
11004,1.0,1.178192e-10,0
11005,1.0,1.9172326e-15,0
11006,0.99999976,1.8583661e-07,0
11007,1.0,4.5020926e-17,0
11008,1.0,8.53014e-12,0
11009,1.0,4.4558777e-16,0
11010,0.9999999,9.279163e-08,0
11011,1.0,4.7296245e-20,0
11012,1.0,7.153322e-19,0
11013,1.0,1.6346462e-19,0
11014,1.0,4.6183323e-14,0
11015,1.0,2.9076643e-08,0
11016,1.0,2.884652e-19,0
11017,1.0,1.716923e-10,0
11018,1.0,5.842389e-24,0
11019,1.0,1.2606499e-17,0
11020,1.0,3.5793824e-19,0
11021,1.0,8.751674e-11,0
11022,0.9999999,9.62948e-08,0
11023,1.0,1.7674097e-08,0
11024,1.0,9.903063e-20,0
11025,1.0,7.394758e-21,0
11026,1.0,1.02195596e-20,0
11027,1.0,4.661433e-13,0
11028,0.99999857,1.4344644e-06,0
11029,1.0,1.2700276e-11,0
11030,0.9999999,7.191941e-08,0
11031,1.0,2.6907456e-08,0
11032,1.0,6.7401595e-10,0
11033,1.0,3.0450142e-09,0
11034,1.0,3.629525e-09,0
11035,1.0,4.8541483e-12,0
11036,1.0,2.5167415e-17,0
11037,1.0,1.2701748e-08,0
11038,1.0,5.310813e-18,0
11039,1.0,1.13646936e-14,0
11040,1.0,1.6644726e-11,0
11041,1.0,1.9824691e-08,0
11042,1.0,4.7681352e-21,0
11043,1.0,3.7993785e-14,0
11044,1.0,2.5835957e-12,0
11045,1.0,3.246077e-17,0
11046,1.0,5.7017853e-16,0
11047,1.0,1.5496655e-20,0
11048,1.0,1.1130936e-08,0
11049,1.0,1.4982341e-19,0
11050,1.0,5.578822e-10,0
11051,1.0,6.7947424e-15,0
11052,1.0,6.514899e-16,0
11053,1.0,1.6642317e-18,0
11054,1.0,9.1038375e-12,0
11055,1.0,5.4562184e-12,0
11056,1.0,5.6553223e-08,0
11057,1.0,7.1143478e-09,0
11058,0.99999666,3.3861043e-06,0
11059,1.0,5.31661e-18,0
11060,1.0,4.602678e-22,0
11061,1.0,2.350016e-14,0
11062,1.0,7.6912993e-13,0
11063,1.0,2.490213e-16,0
11064,1.0,6.3689905e-14,0
11065,1.0,7.763466e-19,0
11066,1.0,1.0413609e-09,0
11067,1.0,9.375675e-20,0
11068,1.0,6.171276e-20,0
11069,1.0,1.6571356e-19,0
11070,1.0,2.6629862e-19,0
11071,1.0,3.8700462e-10,0
11072,1.0,8.7827165e-17,0
11073,1.0,1.6909084e-09,0
11074,1.0,3.8385215e-11,0
11075,1.0,3.6563574e-10,0
11076,1.0,3.7181647e-12,0
11077,1.0,2.4747399e-08,0
11078,1.0,2.6390449e-15,0
11079,0.99999976,2.365011e-07,0
11080,1.0,6.462754e-13,0
11081,1.0,3.8946138e-11,0
11082,1.0,3.6888947e-18,0
11083,1.0,3.889526e-16,0
11084,1.0,1.3789275e-19,0
11085,1.0,4.720529e-17,0
11086,1.0,1.1768659e-08,0
11087,1.0,3.982916e-17,0
11088,1.0,1.4542582e-16,0
11089,1.0,1.7031778e-18,0
11090,0.99998784,1.215054e-05,0
11091,1.0,1.8898448e-13,0
11092,1.0,1.25418215e-20,0
11093,1.0,2.6801183e-11,0
11094,1.0,1.246458e-16,0
11095,1.0,4.5101947e-22,0
11096,1.0,3.174751e-12,0
11097,1.0,3.2940994e-19,0
11098,1.0,9.565135e-16,0
11099,1.0,5.0770335e-19,0
11100,1.0,1.4901736e-20,0
11101,1.0,3.240762e-14,0
11102,1.0,8.932752e-14,0
11103,1.0,1.2817465e-20,0
11104,1.0,7.822226e-14,0
11105,1.0,1.2411263e-14,0
11106,1.0,5.286206e-10,0
11107,1.0,9.328857e-11,0
11108,1.0,4.5247414e-21,0
11109,1.0,3.567744e-17,0
11110,1.0,9.2201946e-10,0
11111,1.0,2.1934746e-10,0
11112,1.0,1.3461067e-11,0
11113,1.0,1.2829662e-10,0
11114,1.0,2.639336e-08,0
11115,1.0,1.2030464e-10,0
11116,1.0,3.411804e-08,0
11117,1.0,5.8087227e-16,0
11118,1.0,5.6190878e-08,0
11119,1.0,1.7786357e-17,0
11120,1.0,2.1128592e-17,0
11121,1.0,7.9407165e-09,0
11122,1.0,1.05059466e-19,0
11123,1.0,6.6582806e-10,0
11124,1.0,9.716232e-19,0
11125,1.0,4.3764187e-11,0
11126,1.0,1.2691975e-14,0
11127,1.0,6.6102553e-15,0
11128,1.0,1.7099572e-08,0
11129,1.0,4.959922e-13,0
11130,1.0,9.731226e-10,0
11131,1.0,7.925871e-17,0
11132,1.0,2.2038663e-10,0
11133,1.0,2.1652713e-21,0
11134,0.99999976,2.8990706e-07,0
11135,1.0,9.48096e-17,0
11136,1.0,1.401788e-13,0
11137,1.0,4.8417903e-10,0
11138,1.0,5.286014e-10,0
11139,1.0,3.6456525e-11,0
11140,0.9999999,1.7061983e-07,0
11141,1.0,3.5168656e-19,0
11142,1.0,2.662005e-16,0
11143,1.0,1.1823206e-10,0
11144,1.0,1.4654212e-08,0
11145,1.0,1.14846084e-10,0
11146,1.0,1.4740555e-19,0
11147,1.0,5.1273132e-09,0
11148,1.0,2.7345884e-16,0
11149,1.0,3.3488374e-17,0
11150,1.0,3.088482e-19,0
11151,1.0,4.641573e-15,0
11152,1.0,1.2657289e-17,0
11153,1.0,1.860323e-08,0
11154,1.0,6.594108e-16,0
11155,1.0,8.021618e-11,0
11156,1.0,2.9392134e-19,0
11157,1.0,5.3495433e-12,0
11158,1.0,1.8812475e-15,0
11159,1.0,2.3952462e-14,0
11160,1.0,2.3306196e-15,0
11161,1.0,4.65469e-09,0
11162,1.0,2.4672388e-14,0
11163,1.0,2.6344978e-08,0
11164,1.0,4.2998254e-11,0
11165,0.9999994,5.9954453e-07,0
11166,1.0,1.3446492e-11,0
11167,1.0,1.5988151e-08,0
11168,1.0,3.113649e-08,0
11169,1.0,1.9948945e-20,0
11170,1.0,3.65254e-20,0
11171,1.0,4.755415e-08,0
11172,1.0,8.395181e-17,0
11173,1.0,2.6696937e-12,0
11174,1.0,5.902447e-09,0
11175,1.0,2.456341e-10,0
11176,1.0,6.6958926e-20,0
11177,1.0,5.267646e-10,0
11178,1.0,2.0442163e-13,0
11179,1.0,4.764568e-15,0
11180,1.0,3.5997026e-19,0
11181,1.0,4.698955e-23,0
11182,1.0,4.479492e-08,0
11183,1.0,1.5909083e-09,0
11184,1.0,9.5128336e-11,0
11185,0.9999995,4.3195436e-07,0
11186,1.0,7.612883e-12,0
11187,1.0,8.224943e-20,0
11188,1.0,8.311991e-14,0
11189,1.0,1.8691638e-17,0
11190,1.0,1.4733292e-13,0
11191,1.0,1.0513481e-12,0
11192,1.0,6.3950336e-16,0
11193,1.0,2.7287888e-09,0
11194,1.0,4.2711026e-11,0
11195,0.99999964,4.1368284e-07,0
11196,1.0,6.35335e-18,0
11197,1.0,5.535313e-21,0
11198,1.0,4.9242284e-19,0
11199,1.0,1.6448453e-15,0
11200,1.0,3.4406977e-18,0
11201,1.0,1.5081225e-23,0
11202,1.0,1.2018614e-09,0
11203,1.0,2.4851715e-18,0
11204,1.0,3.1318948e-18,0
11205,1.0,3.76093e-20,0
11206,1.0,5.3276778e-17,0
11207,1.0,6.075075e-17,0
11208,1.0,1.1826826e-12,0
11209,1.0,1.0677965e-12,0
11210,1.0,4.368622e-18,0
11211,1.0,6.732782e-18,0
11212,1.0,7.6762304e-21,0
11213,1.0,7.4133735e-09,0
11214,1.0,4.352518e-19,0
11215,1.0,2.1599913e-21,0
11216,1.0,9.700443e-14,0
11217,1.0,7.9678793e-19,0
11218,1.0,4.9444104e-10,0
11219,1.0,3.9725662e-10,0
11220,1.0,1.2924467e-10,0
11221,1.0,1.756353e-16,0
11222,1.0,8.976909e-09,0
11223,1.0,3.474234e-20,0
11224,1.0,1.0527196e-14,0
11225,1.0,3.4112507e-12,0
11226,0.99999976,2.1143971e-07,0
11227,0.9999999,6.016431e-08,0
11228,1.0,3.206351e-17,0
11229,1.0,2.7204769e-18,0
11230,1.0,7.6138484e-14,0
11231,1.0,4.942513e-22,0
11232,1.0,1.9280037e-14,0
11233,1.0,7.647164e-10,0
11234,1.0,5.313026e-09,0
11235,1.0,2.9451846e-19,0
11236,1.0,1.7147355e-19,0
11237,0.9999964,3.6048596e-06,0
11238,0.9999999,1.0017507e-07,0
11239,0.99999964,3.4225462e-07,0
11240,1.0,9.432119e-09,0
11241,0.9999994,6.527063e-07,0
11242,0.9999981,1.9656895e-06,0
11243,0.9999987,1.3618773e-06,0
11244,1.0,1.7710878e-08,0
11245,1.0,8.3798524e-10,0
11246,0.99999774,2.2994275e-06,0
11247,1.0,9.79358e-11,0
11248,1.0,2.5279034e-09,0
11249,1.0,3.9715705e-08,0
11250,0.9999999,7.238194e-08,0
11251,0.9999999,8.115737e-08,0
11252,1.0,1.5003064e-09,0
11253,1.0,2.2672788e-08,0
11254,0.9999962,3.7821387e-06,0
11255,0.99999154,8.4140975e-06,0
11256,1.0,3.5233408e-10,0
11257,1.0,7.1185113e-10,0
11258,0.9999969,3.102125e-06,0
11259,0.9999962,3.7565048e-06,0
11260,1.0,4.3923203e-09,0
11261,1.0,2.395338e-10,0
11262,1.0,1.2625255e-08,0
11263,1.0,1.055076e-09,0
11264,0.99999845,1.5812216e-06,0
11265,1.0,3.979335e-08,0
11266,0.9999994,5.6475125e-07,0
11267,1.0,1.5582341e-09,0
11268,1.0,2.3086456e-10,0
11269,1.0,1.9404052e-08,0
11270,0.999997,2.97213e-06,0
11271,1.0,9.662132e-09,0
11272,1.0,1.4986057e-08,0
11273,1.0,1.17295995e-08,0
11274,1.0,1.7063886e-09,0
11275,0.99999964,3.602244e-07,0
11276,1.0,1.9123726e-10,0
11277,0.9999964,3.6072843e-06,0
11278,0.9999989,1.0432342e-06,0
11279,0.9999938,6.1823916e-06,0
11280,1.0,2.5049404e-10,0
11281,1.0,4.161152e-09,0
11282,1.0,1.8747752e-11,0
11283,1.0,1.2132108e-10,0
11284,1.0,6.046593e-09,0
11285,0.99999857,1.457589e-06,0
11286,0.999997,2.9777927e-06,0
11287,0.99999833,1.6996808e-06,0
11288,0.99999857,1.4342879e-06,0
11289,0.9999925,7.4814047e-06,0
11290,0.9999981,1.9037622e-06,0
11291,1.0,2.3074306e-10,0
11292,1.0,1.1172034e-11,0
11293,1.0,4.8951995e-11,0
11294,1.0,3.5161458e-09,0
11295,0.99999964,3.9906226e-07,0
11296,1.0,2.6691947e-12,0
11297,1.0,6.0948447e-12,0
11298,1.0,7.872342e-09,0
11299,0.9999982,1.7818172e-06,0
11300,1.0,3.644667e-10,0
11301,1.0,5.520011e-11,0
11302,1.0,1.4258348e-11,0
11303,1.0,5.8977623e-10,0
11304,1.0,1.1663185e-12,0
11305,1.0,8.937457e-10,0
11306,0.9999994,6.034446e-07,0
11307,1.0,9.080994e-09,0
11308,0.9999994,6.345001e-07,0
11309,0.9999882,1.1821294e-05,0
11310,1.0,1.8054994e-08,0
11311,1.0,9.8236575e-12,0
11312,1.0,1.1608869e-09,0
11313,0.99999535,4.667999e-06,0
11314,1.0,1.556526e-09,0
11315,1.0,1.6672267e-08,0
11316,0.9999999,6.0078996e-08,0
11317,1.0,6.1437515e-11,0
11318,0.9999964,3.6126585e-06,0
11319,1.0,2.5202597e-08,0
11320,1.0,1.5929882e-09,0
11321,0.9999999,1.283575e-07,0
11322,1.0,8.509957e-12,0
11323,1.0,1.0400563e-10,0
11324,1.0,2.728199e-10,0
11325,1.0,3.028509e-11,0
11326,0.9999883,1.1651104e-05,0
11327,1.0,6.7149036e-11,0
11328,1.0,1.641312e-09,0
11329,1.0,3.4426648e-08,0
11330,1.0,1.6891837e-09,0
11331,1.0,1.3978666e-12,0
11332,1.0,1.2337759e-11,0
11333,1.0,5.5861767e-11,0
11334,1.0,2.696469e-08,0
11335,1.0,9.616173e-12,0
11336,1.0,9.288186e-10,0
11337,1.0,2.202467e-14,0
11338,1.0,6.626358e-09,0
11339,1.0,1.0580642e-10,0
11340,1.0,4.63693e-10,0
11341,1.0,1.3927489e-12,0
11342,1.0,1.0284663e-11,0
11343,1.0,3.82861e-09,0
11344,1.0,1.1711758e-12,0
11345,1.0,1.4498383e-08,0
11346,1.0,5.807522e-10,0
11347,1.0,5.4557037e-10,0
11348,1.0,2.784907e-10,0
11349,0.9999999,1.2346811e-07,0
11350,1.0,1.1610314e-12,0
11351,1.0,2.4756615e-11,0
11352,1.0,3.0211616e-13,0
11353,0.99999976,2.5743688e-07,0
11354,1.0,7.692158e-11,0
11355,0.9999964,3.5996552e-06,0
11356,1.0,4.6039048e-08,0
11357,1.0,6.9029396e-12,0
11358,0.9999999,1.1647717e-07,0
11359,1.0,1.50391e-10,0
11360,0.9999994,6.4075124e-07,0
11361,1.0,3.4152534e-09,0
11362,1.0,4.4483124e-12,0
11363,0.9999993,6.8731026e-07,0
11364,1.0,8.4010056e-11,0
11365,1.0,9.134554e-12,0
11366,1.0,3.3235004e-09,0
11367,1.0,6.885671e-09,0
11368,1.0,6.5337305e-11,0
11369,1.0,1.3903004e-10,0
11370,1.0,3.359013e-11,0
11371,1.0,4.0353427e-09,0
11372,1.0,4.0364743e-09,0
11373,1.0,2.2066929e-10,0
11374,1.0,5.0643095e-10,0
11375,1.0,1.3586428e-11,0
11376,1.0,2.150161e-08,0
11377,1.0,1.669517e-09,0
11378,1.0,1.4178554e-12,0
11379,1.0,1.6665199e-09,0
11380,1.0,1.0117792e-09,0
11381,1.0,6.163064e-13,0
11382,1.0,4.371603e-12,0
11383,1.0,1.1259887e-12,0
11384,1.0,8.4465435e-10,0
11385,0.9999994,5.415958e-07,0
11386,1.0,3.8792565e-09,0
11387,1.0,1.4304273e-11,0
11388,1.0,1.5758722e-08,0
11389,0.9999989,1.0512249e-06,0
11390,1.0,2.2635734e-10,0
11391,0.9999995,5.2024404e-07,0
11392,1.0,3.0032885e-09,0
11393,1.0,3.721519e-09,0
11394,1.0,5.4968547e-11,0
11395,0.9999999,7.316772e-08,0
11396,1.0,8.243821e-09,0
11397,1.0,7.47476e-11,0
11398,0.9999993,6.7575684e-07,0
11399,1.0,7.050136e-11,0
11400,1.0,3.7085499e-10,0
11401,1.0,1.5000767e-10,0
11402,1.0,4.354851e-08,0
11403,1.0,7.0812904e-12,0
11404,0.99999976,2.1816152e-07,0
11405,1.0,2.2998337e-10,0
11406,1.0,7.1984707e-09,0
11407,1.0,4.2230727e-08,0
11408,1.0,1.0275208e-08,0
11409,1.0,3.821783e-08,0
11410,1.0,1.5653724e-08,0
11411,1.0,1.3341723e-11,0
11412,1.0,5.814549e-10,0
11413,1.0,2.404111e-11,0
11414,1.0,2.9447132e-11,0
11415,1.0,2.512743e-08,0
11416,1.0,1.2569582e-08,0
11417,1.0,2.5886223e-08,0
11418,1.0,1.9251324e-08,0
11419,1.0,1.2763561e-11,0
11420,1.0,1.511594e-10,0
11421,1.0,4.3498195e-12,0
11422,1.0,1.402614e-10,0
11423,1.0,2.1113014e-12,0
11424,1.0,2.1964848e-10,0
11425,1.0,1.5919866e-08,0
11426,1.0,6.280929e-09,0
11427,0.9999976,2.4436993e-06,0
11428,0.9999987,1.3428505e-06,0
11429,0.99997663,2.3332681e-05,0
11430,0.9999801,1.990275e-05,0
11431,0.9999999,1.2692406e-07,0
11432,0.9999999,1.0983083e-07,0
11433,0.9999703,2.9707486e-05,0
11434,0.99999964,3.2400243e-07,0
11435,1.0,2.2719011e-09,0
11436,0.99999607,3.9411852e-06,0
11437,1.0,2.4798344e-11,0
11438,1.0,1.2362563e-11,0
11439,1.0,2.3018798e-09,0
11440,0.9999999,1.3069653e-07,0
11441,1.0,7.0637814e-12,0
11442,0.99999774,2.2667982e-06,0
11443,1.0,3.4074515e-13,0
11444,1.0,2.5981182e-09,0
11445,0.9999993,7.3098244e-07,0
11446,1.0,5.38663e-11,0
11447,1.0,1.07078894e-11,0
11448,0.9999995,5.1817824e-07,0
11449,1.0,1.00019815e-08,0
11450,0.99999106,8.955072e-06,0
11451,0.9999999,6.027136e-08,0
11452,1.0,3.0122163e-08,0
11453,1.0,1.5896707e-09,0
11454,0.9999949,5.089354e-06,0
11455,0.9999999,9.272158e-08,0
11456,0.9999974,2.6394478e-06,0
11457,0.9999999,1.0423675e-07,0
11458,1.0,4.221622e-12,0
11459,1.0,2.1862154e-10,0
11460,1.0,5.7095485e-11,0
11461,1.0,8.352493e-12,0
11462,1.0,9.5160555e-09,0
11463,1.0,4.519617e-10,0
11464,0.9999989,1.0478826e-06,0
11465,1.0,1.0837455e-08,0
11466,1.0,2.1040754e-10,0
11467,1.0,1.880569e-08,0
11468,1.0,5.066565e-12,0
11469,0.99999976,2.1098931e-07,0
11470,0.99999964,3.8409334e-07,0
11471,1.0,3.8811024e-11,0
11472,1.0,1.1159112e-10,0
11473,1.0,1.8065759e-10,0
11474,0.99999976,2.9379333e-07,0
11475,0.9999999,1.41455e-07,0
11476,1.0,4.0156563e-09,0
11477,1.0,3.0814322e-12,0
11478,1.0,1.1278304e-09,0
11479,1.0,3.3470618e-10,0
11480,1.0,2.3319763e-11,0
11481,0.99999845,1.5967815e-06,0
11482,1.0,2.8581278e-08,0
11483,1.0,5.4909423e-12,0
11484,0.99999976,1.8154763e-07,0
11485,0.9999999,1.2090682e-07,0
11486,0.9999995,5.2756656e-07,0
11487,0.9999994,5.802783e-07,0
11488,0.9999999,7.3455624e-08,0
11489,0.9999993,7.168849e-07,0
11490,0.9999999,1.730743e-07,0
11491,0.9999881,1.1867763e-05,0
11492,0.9999999,1.1111679e-07,0
11493,1.0,5.480197e-12,0
11494,1.0,4.446419e-09,0
11495,1.0,3.9877057e-09,0
11496,0.999998,2.0465056e-06,0
11497,1.0,5.906189e-08,0
11498,0.9999999,7.609327e-08,0
11499,1.0,4.4566946e-08,0
11500,1.0,3.1029075e-11,0
11501,1.0,7.0483403e-13,0
11502,1.0,1.9346419e-10,0
11503,1.0,3.0536935e-08,0
11504,1.0,3.9333948e-08,0
11505,1.0,4.011444e-10,0
11506,1.0,6.111564e-11,0
11507,1.0,2.0988727e-10,0
11508,1.0,1.3354931e-08,0
11509,1.0,1.4571058e-10,0
11510,1.0,7.3405877e-09,0
11511,1.0,4.7632738e-09,0
11512,1.0,4.2179485e-10,0
11513,1.0,3.5332886e-13,0
11514,1.0,2.8527727e-09,0
11515,0.9999994,5.991461e-07,0
11516,1.0,1.0136711e-11,0
11517,1.0,1.4050332e-08,0
11518,1.0,1.3031687e-12,0
11519,1.0,1.6874827e-10,0
11520,1.0,4.2923323e-09,0
11521,1.0,8.1018714e-10,0
11522,1.0,2.4279908e-11,0
11523,1.0,1.5191152e-13,0
11524,1.0,1.0740208e-11,0
11525,1.0,5.1657136e-09,0
11526,1.0,3.717484e-12,0
11527,0.9999995,4.67571e-07,0
11528,1.0,6.9983276e-11,0
11529,1.0,1.6369928e-11,0
11530,1.0,1.684186e-11,0
11531,1.0,6.380755e-12,0
11532,0.9999988,1.241273e-06,0
11533,1.0,2.6916242e-11,0
11534,1.0,7.346154e-11,0
11535,1.0,2.0788345e-08,0
11536,0.9999999,9.8408734e-08,0
11537,1.0,4.033773e-09,0
11538,1.0,4.135291e-11,0
11539,1.0,3.2146744e-12,0
11540,1.0,3.0436407e-11,0
11541,1.0,1.500396e-08,0
11542,1.0,6.6152097e-12,0
11543,1.0,1.8773335e-11,0
11544,1.0,4.4110042e-11,0
11545,1.0,5.746758e-12,0
11546,1.0,4.511282e-13,0
11547,1.0,8.339293e-13,0
11548,1.0,2.52504e-10,0
11549,1.0,1.175786e-13,0
11550,1.0,1.1457728e-12,0
11551,1.0,1.6008282e-09,0
11552,1.0,3.1556227e-10,0
11553,1.0,1.2885541e-08,0
11554,1.0,3.471008e-09,0
11555,1.0,3.0052107e-11,0
11556,0.9999999,7.956138e-08,0
11557,1.0,7.662198e-11,0
11558,1.0,3.287913e-10,0
11559,1.0,1.5563462e-11,0
11560,1.0,9.904739e-10,0
11561,1.0,6.568245e-10,0
11562,1.0,9.094227e-11,0
11563,1.0,1.6257537e-11,0
11564,1.0,7.6099405e-11,0
11565,1.0,3.2359597e-12,0
11566,0.99998,2.0079442e-05,0
11567,0.9999999,1.255193e-07,0
11568,1.0,1.7943247e-08,0
11569,1.0,1.1923901e-09,0
11570,0.99999905,9.872115e-07,0
11571,0.9999976,2.3457924e-06,0
11572,1.0,4.743183e-09,0
11573,1.0,4.8672675e-08,0
11574,1.0,1.1104921e-11,0
11575,0.9999999,9.648214e-08,0
11576,1.0,3.6669737e-10,0
11577,1.0,3.336e-12,0
11578,1.0,4.7418833e-08,0
11579,1.0,2.7573408e-08,0
11580,1.0,6.031975e-09,0
11581,1.0,1.5634864e-08,0
11582,1.0,1.3890078e-09,0
11583,1.0,9.824248e-10,0
11584,0.99999976,2.7092238e-07,0
11585,1.0,4.1518854e-12,0
11586,1.0,6.948248e-12,0
11587,1.0,2.222373e-09,0
11588,1.0,1.1634578e-10,0
11589,1.0,3.9123744e-09,0
11590,0.9999758,2.4230634e-05,0
11591,0.9999999,1.2329055e-07,0
11592,0.99999976,2.3031772e-07,0
11593,1.0,4.68559e-13,0
11594,0.99999905,9.644899e-07,0
11595,1.0,4.6307306e-08,0
11596,1.0,1.927447e-08,0
11597,0.99999845,1.4941837e-06,0
11598,0.9999981,1.8564331e-06,0
11599,1.0,1.7709612e-10,0
11600,1.0,1.4143557e-11,0
11601,1.0,7.910969e-12,0
11602,0.99999785,2.194981e-06,0
11603,0.9999844,1.5598871e-05,0
11604,1.0,6.0075993e-09,0
11605,0.9999999,7.8240696e-08,0
11606,1.0,3.3411998e-10,0
11607,1.0,9.46922e-12,0
11608,0.99999976,1.8527035e-07,0
11609,1.0,4.3786624e-12,0
11610,1.0,7.535522e-12,0
11611,1.0,1.8041128e-11,0
11612,0.99999964,3.522021e-07,0
11613,0.9999999,1.11372046e-07,0
11614,1.0,5.1740983e-08,0
11615,1.0,5.1277604e-10,0
11616,1.0,1.8342763e-10,0
11617,1.0,1.3041347e-10,0
11618,1.0,1.716511e-13,0
11619,1.0,1.1564665e-10,0
11620,1.0,1.3183139e-08,0
11621,1.0,1.3030513e-09,0
11622,0.9999999,1.7432032e-07,0
11623,0.9999999,1.192919e-07,0
11624,0.9999999,1.5067661e-07,0
11625,0.9999999,7.37607e-08,0
11626,1.0,4.4655116e-11,0
11627,1.0,1.2657315e-09,0
11628,1.0,5.573999e-08,0
11629,0.9999988,1.1447418e-06,0
11630,1.0,7.39251e-11,0
11631,1.0,5.9504345e-08,0
11632,1.0,1.2816588e-12,0
11633,1.0,9.6862345e-12,0
11634,1.0,2.3663153e-11,0
11635,1.0,1.1662333e-13,0
11636,1.0,1.22621e-11,0
11637,1.0,6.7563777e-10,0
11638,0.9999988,1.2315041e-06,0
11639,1.0,2.4460167e-11,0
11640,1.0,1.5696992e-11,0
11641,1.0,1.9828093e-08,0
11642,1.0,3.0804086e-09,0
11643,1.0,2.3884356e-10,0
11644,0.99999857,1.3875199e-06,0
11645,1.0,3.495215e-10,0
11646,0.99999964,3.73244e-07,0
11647,0.99999905,9.184745e-07,0
11648,1.0,4.5302243e-10,0
11649,1.0,7.726176e-09,0
11650,1.0,9.502415e-13,0
11651,1.0,6.571428e-10,0
11652,0.99999964,3.6547232e-07,0
11653,1.0,9.392327e-11,0
11654,1.0,9.576546e-12,0
11655,1.0,2.7680967e-11,0
11656,1.0,1.3399322e-09,0
11657,1.0,3.15989e-08,0
11658,1.0,2.434432e-11,0
11659,1.0,1.4439138e-11,0
11660,1.0,4.514958e-09,0
11661,0.99999475,5.240012e-06,0
11662,1.0,1.7786769e-09,0
11663,0.9999999,9.471821e-08,0
11664,1.0,9.007605e-10,0
11665,1.0,2.253447e-09,0
11666,0.9999989,1.0212956e-06,0
11667,1.0,4.5751607e-14,0
11668,1.0,3.0191817e-12,0
11669,1.0,2.7490856e-08,0
11670,1.0,1.5379482e-10,0
11671,0.99999917,7.7657944e-07,0
11672,1.0,1.4953283e-11,0
11673,0.9999999,1.3685899e-07,0
11674,1.0,1.5520982e-11,0
11675,0.9999994,5.739999e-07,0
11676,1.0,6.1309485e-10,0
11677,1.0,2.9138741e-10,0
11678,1.0,2.948877e-08,0
11679,0.9999988,1.2105882e-06,0
11680,1.0,7.254292e-09,0
11681,0.99999905,9.855935e-07,0
11682,0.9999999,1.1798917e-07,0
11683,1.0,1.1071034e-12,0
11684,1.0,9.472422e-11,0
11685,1.0,5.37481e-10,0
11686,1.0,2.6362681e-11,0
11687,1.0,3.5478062e-10,0
11688,0.9999999,9.264008e-08,0
11689,1.0,2.632718e-09,0
11690,1.0,5.491351e-08,0
11691,1.0,5.2699923e-12,0
11692,1.0,2.0841079e-11,0
11693,1.0,6.3318457e-09,0
11694,1.0,1.8018181e-12,0
11695,0.99999976,1.9352886e-07,0
11696,1.0,3.0456252e-12,0
11697,1.0,8.28574e-12,0
11698,0.9999976,2.3264056e-06,0
11699,1.0,1.74715e-10,0
11700,0.9999999,1.3031246e-07,0
11701,1.0,1.488147e-11,0
11702,1.0,1.7452791e-09,0
11703,0.99999917,8.762891e-07,0
11704,0.9999995,5.3281696e-07,0
11705,1.0,4.5723783e-10,0
11706,1.0,8.1853e-09,0
11707,1.0,5.476812e-08,0
11708,1.0,9.794392e-09,0
11709,0.9999999,7.1404656e-08,0
11710,0.9999999,1.6254997e-07,0
11711,1.0,1.9896636e-11,0
11712,1.0,1.7011637e-12,0
11713,1.0,5.6423227e-10,0
11714,1.0,4.145593e-09,0
11715,1.0,5.2874028e-11,0
11716,0.9999999,7.486256e-08,0
11717,0.99999964,3.1586612e-07,0
11718,1.0,2.8225084e-08,0
11719,0.99999917,8.828403e-07,0
11720,1.0,3.8797743e-09,0
11721,1.0,3.1711714e-10,0
11722,0.9999995,5.101757e-07,0
11723,0.99999976,2.573534e-07,0
11724,0.999995,5.008025e-06,0
11725,1.0,3.1209385e-08,0
11726,0.9999999,9.580401e-08,0
11727,0.9999912,8.855844e-06,0
11728,1.0,5.403038e-09,0
11729,1.0,4.4034998e-10,0
11730,1.0,3.1777503e-08,0
11731,0.99999845,1.548655e-06,0
11732,0.9999999,1.6167044e-07,0
11733,0.9999995,5.0173435e-07,0
11734,1.0,3.760078e-08,0
11735,0.99999964,3.1489014e-07,0
11736,1.0,4.5510223e-12,0
11737,1.0,1.5128184e-12,0
11738,1.0,1.8870598e-10,0
11739,0.9999988,1.1564047e-06,0
11740,1.0,5.680264e-11,0
11741,1.0,4.4975186e-13,0
11742,1.0,2.4163165e-11,0
11743,1.0,1.961819e-11,0
11744,1.0,6.2102172e-09,0
11745,1.0,2.9856583e-08,0
11746,0.9999999,8.102945e-08,0
11747,1.0,2.5432947e-11,0
11748,1.0,1.4915413e-09,0
11749,1.0,5.692604e-12,0
11750,1.0,9.114276e-09,0
11751,0.9999995,4.5461817e-07,0
11752,1.0,6.7434804e-09,0
11753,1.0,6.838728e-11,0
11754,0.99999976,2.4475236e-07,0
11755,0.9999989,1.1239911e-06,0
11756,1.0,3.986261e-09,0
11757,0.9999479,5.2037347e-05,0
11758,0.9999999,1.7239545e-07,0
11759,1.0,3.8087697e-09,0
11760,1.0,4.6328483e-09,0
11761,1.0,5.771339e-09,0
11762,1.0,8.189844e-13,0
11763,1.0,2.2014317e-12,0
11764,0.9999968,3.2502605e-06,0
11765,1.0,5.619125e-10,0
11766,0.9999969,3.1365612e-06,0
11767,1.0,4.6142837e-13,0
11768,1.0,4.346666e-09,0
11769,1.0,1.077147e-08,0
11770,1.0,2.9286323e-11,0
11771,1.0,7.064381e-10,0
11772,0.9999877,1.2296579e-05,0
11773,1.0,2.3430087e-09,0
11774,1.0,7.5900697e-10,0
11775,1.0,1.1303068e-09,0
11776,1.0,1.7349486e-11,0
11777,0.9999999,6.447761e-08,0
11778,1.0,2.0169682e-11,0
11779,0.9999963,3.6675967e-06,0
11780,0.9999999,1.2315212e-07,0
11781,1.0,3.744389e-09,0
11782,1.0,8.145924e-10,0
11783,1.0,5.192269e-08,0
11784,1.0,4.453512e-10,0
11785,0.9999975,2.5401532e-06,0
11786,0.9999963,3.6530475e-06,0
11787,1.0,2.0349005e-12,0
11788,1.0,9.840742e-12,0
11789,1.0,1.2129169e-10,0
11790,1.0,3.1463163e-08,0
11791,1.0,1.0530504e-11,0
11792,1.0,7.3932405e-12,0
11793,1.0,9.2783845e-12,0
11794,1.0,2.2982638e-10,0
11795,1.0,5.833631e-11,0
11796,1.0,5.2471094e-10,0
11797,1.0,2.766756e-11,0
11798,1.0,4.01697e-11,0
11799,0.9999999,1.486615e-07,0
11800,1.0,7.2085243e-10,0
11801,1.0,1.7479683e-12,0
11802,1.0,1.8026156e-12,0
11803,0.9999995,4.488626e-07,0
11804,1.0,3.1233575e-11,0
11805,1.0,2.595306e-12,0
11806,0.99999905,9.726294e-07,0
11807,1.0,1.595289e-10,0
11808,1.0,4.701115e-12,0
11809,1.0,9.20402e-12,0
11810,0.9999994,6.2728503e-07,0
11811,1.0,1.459543e-09,0
11812,1.0,1.580605e-11,0
11813,1.0,3.484897e-10,0
11814,1.0,9.25611e-09,0
11815,1.0,7.540415e-11,0
11816,0.9999924,7.6108886e-06,0
11817,1.0,2.4273101e-11,0
11818,1.0,4.574978e-10,0
11819,1.0,2.4802188e-10,0
11820,1.0,6.116187e-13,0
11821,1.0,4.737903e-09,0
11822,1.0,1.598306e-08,0
11823,1.0,4.2470706e-12,0
11824,1.0,2.3522394e-11,0
11825,1.0,1.7097214e-09,0
11826,1.0,1.6477217e-11,0
11827,1.0,6.9703353e-12,0
11828,1.0,3.6356756e-10,0
11829,1.0,1.27239885e-11,0
11830,1.0,2.2591072e-12,0
11831,0.99999905,9.58027e-07,0
11832,1.0,2.0193211e-10,0
11833,0.99999917,8.0887986e-07,0
11834,1.0,2.0754691e-10,0
11835,1.0,3.1593322e-10,0
11836,1.0,9.4780555e-12,0
11837,0.9999999,1.3482087e-07,0
11838,1.0,1.3518755e-11,0
11839,1.0,6.497916e-10,0
11840,1.0,2.8745012e-12,0
11841,1.0,2.0494595e-13,0
11842,1.0,5.806949e-09,0
11843,1.0,8.0856155e-10,0
11844,1.0,3.2188297e-11,0
11845,1.0,2.8257646e-10,0
11846,1.0,1.8632624e-09,0
11847,1.0,4.0163403e-08,0
11848,1.0,4.76098e-11,0
11849,0.9999999,1.2581748e-07,0
11850,0.9999995,5.21651e-07,0
11851,1.0,3.044435e-08,0
11852,0.9999994,6.4539495e-07,0
11853,1.0,5.738198e-10,0
11854,1.0,4.3083096e-13,0
11855,0.9999999,1.5474102e-07,0
11856,0.9999995,5.281263e-07,0
11857,1.0,1.613643e-08,0
11858,1.0,4.4795834e-09,0
11859,1.0,2.0320192e-08,0
11860,1.0,3.537087e-08,0
11861,0.99999666,3.2791404e-06,0
11862,0.999992,8.035295e-06,0
11863,0.9999999,9.4481116e-08,0
11864,1.0,2.3863838e-12,0
11865,1.0,3.9859362e-08,0
11866,1.0,7.9446405e-09,0
11867,1.0,6.7275656e-12,0
11868,1.0,1.7360553e-10,0
11869,1.0,1.6097482e-08,0
11870,1.0,1.4807755e-09,0
11871,0.9999999,1.2532504e-07,0
11872,0.99998987,1.01067735e-05,0
11873,0.9999982,1.7889447e-06,0
11874,1.0,9.105449e-09,0
11875,0.99997604,2.4002626e-05,0
11876,1.0,1.3827219e-09,0
11877,1.0,1.1503644e-09,0
11878,0.99999666,3.392692e-06,0
11879,1.0,6.978577e-10,0
11880,1.0,1.4323297e-08,0
11881,1.0,2.9963783e-08,0
11882,1.0,3.3746532e-09,0
11883,1.0,1.5955585e-08,0
11884,1.0,7.812036e-12,0
11885,1.0,1.6470722e-10,0
11886,1.0,2.1589994e-09,0
11887,1.0,2.7280223e-10,0
11888,1.0,2.1093413e-08,0
11889,0.99999976,2.0743674e-07,0
11890,1.0,4.1467615e-10,0
11891,1.0,2.0265518e-10,0
11892,1.0,5.6055892e-08,0
11893,1.0,1.6621051e-08,0
11894,1.0,6.6205146e-11,0
11895,0.9999999,1.7152986e-07,0
11896,0.9999993,7.13555e-07,0
11897,0.9999987,1.3692561e-06,0
11898,1.0,2.2392578e-08,0
11899,1.0,2.3266348e-12,0
11900,1.0,1.4010009e-11,0
11901,1.0,4.2225646e-12,0
11902,1.0,8.0442975e-10,0
11903,1.0,1.9556166e-08,0
11904,0.9999995,5.0514313e-07,0
11905,1.0,5.1140717e-08,0
11906,1.0,2.7698424e-09,0
11907,1.0,3.7663352e-09,0
11908,0.9999901,9.890502e-06,0
11909,1.0,7.573021e-10,0
11910,1.0,1.2935448e-09,0
11911,0.9999999,1.4631192e-07,0
11912,0.99999976,2.9183832e-07,0
11913,0.9999999,7.631842e-08,0
11914,1.0,2.5810989e-08,0
11915,1.0,8.6289875e-10,0
11916,1.0,9.203227e-09,0
11917,1.0,1.2863778e-09,0
11918,0.9999989,1.1015387e-06,0
11919,1.0,1.6164916e-09,0
11920,1.0,3.445797e-09,0
11921,1.0,4.162297e-08,0
11922,1.0,5.681781e-11,0
11923,0.9999944,5.642862e-06,0
11924,0.99999964,3.483529e-07,0
11925,1.0,1.4258261e-08,0
11926,1.0,9.6519654e-09,0
11927,1.0,3.90338e-08,0
11928,1.0,1.51114e-08,0
11929,1.0,6.421457e-09,0
11930,1.0,2.7428634e-08,0
11931,1.0,8.378942e-10,0
11932,0.99999964,3.0975966e-07,0
11933,0.9999968,3.228124e-06,0
11934,1.0,1.6681872e-08,0
11935,1.0,4.2725166e-09,0
11936,1.0,9.021503e-09,0
11937,0.9999989,1.0639907e-06,0
11938,1.0,2.461426e-09,0
11939,0.99999917,8.0077467e-07,0
11940,0.9999993,6.760392e-07,0
11941,0.99999964,3.1965834e-07,0
11942,1.0,1.2554553e-09,0
11943,1.0,7.944848e-10,0
11944,1.0,6.7150383e-09,0
11945,1.0,4.858442e-10,0
11946,1.0,2.005834e-08,0
11947,0.9999995,5.000667e-07,0
11948,1.0,3.427234e-09,0
11949,1.0,1.2072474e-08,0
11950,0.9999995,4.7120045e-07,0
11951,0.9999994,5.698661e-07,0
11952,1.0,1.1827233e-08,0
11953,1.0,1.2989322e-09,0
11954,0.99999964,3.950146e-07,0
11955,1.0,4.4836547e-08,0
11956,1.0,1.2279643e-09,0
11957,0.9999995,5.0497215e-07,0
11958,1.0,2.4205256e-09,0
11959,0.9999999,1.4345696e-07,0
11960,1.0,1.7317246e-08,0
11961,0.9999999,8.399127e-08,0
11962,1.0,2.982377e-10,0
11963,1.0,1.7597e-08,0
11964,1.0,3.1950576e-09,0
11965,1.0,2.8538977e-10,0
11966,1.0,5.8225202e-09,0
11967,0.9999999,9.4178674e-08,0
11968,0.99999404,5.91047e-06,0
11969,0.9999957,4.324797e-06,0
11970,0.99999666,3.3302967e-06,0
11971,0.9999994,6.5504355e-07,0
11972,0.9999993,6.786592e-07,0
11973,0.9999999,8.799339e-08,0
11974,1.0,1.1156505e-08,0
11975,0.99999964,3.937373e-07,0
11976,1.0,6.1789157e-10,0
11977,0.9999999,1.088382e-07,0
11978,1.0,9.398802e-10,0
11979,0.9999999,1.0948175e-07,0
11980,1.0,2.9187007e-11,0
11981,1.0,1.8025084e-09,0
11982,1.0,1.962739e-08,0
11983,1.0,2.8561412e-10,0
11984,0.99999833,1.727295e-06,0
11985,0.9999999,7.888579e-08,0
11986,1.0,2.0779287e-10,0
11987,1.0,6.4969247e-10,0
11988,0.9999956,4.442159e-06,0
11989,1.0,8.737055e-09,0
11990,0.9999999,1.7052481e-07,0
11991,1.0,5.087994e-09,0
11992,1.0,1.8311339e-10,0
11993,1.0,4.1341103e-10,0
11994,1.0,2.6537312e-09,0
11995,1.0,7.813079e-12,0
11996,1.0,4.7566033e-08,0
11997,0.99999905,9.608644e-07,0
11998,0.9999989,1.0139182e-06,0
11999,0.9999999,1.05071315e-07,0
12000,1.0,1.1362734e-08,0
12001,1.0,2.1408746e-09,0
12002,0.9999999,1.5279944e-07,0
12003,1.0,8.220719e-10,0
12004,1.0,1.8110661e-08,0
12005,1.0,2.5894692e-10,0
12006,0.9999974,2.580317e-06,0
12007,0.99999833,1.7068929e-06,0
12008,1.0,4.332333e-08,0
12009,1.0,2.2127283e-10,0
12010,1.0,1.1016306e-09,0
12011,1.0,9.496382e-09,0
12012,0.9999989,1.1093379e-06,0
12013,1.0,2.7258809e-09,0
12014,1.0,4.8110024e-08,0
12015,0.99999964,3.5241146e-07,0
12016,0.9999999,1.0445248e-07,0
12017,0.9999995,5.338256e-07,0
12018,1.0,1.1410078e-08,0
12019,1.0,1.6332425e-09,0
12020,1.0,9.6349054e-11,0
12021,1.0,1.6403066e-10,0
12022,1.0,5.7016397e-10,0
12023,0.9999999,6.8105564e-08,0
12024,0.99999976,2.461672e-07,0
12025,1.0,1.8027498e-08,0
12026,1.0,5.7476033e-08,0
12027,1.0,8.571117e-10,0
12028,0.9999994,6.525949e-07,0
12029,1.0,2.982477e-08,0
12030,0.9999982,1.7473155e-06,0
12031,0.9999988,1.1467567e-06,0
12032,1.0,2.0043121e-08,0
12033,1.0,1.8299771e-11,0
12034,1.0,8.8145616e-11,0
12035,1.0,4.3024162e-08,0
12036,0.9999999,6.7381606e-08,0
12037,1.0,1.1476595e-10,0
12038,1.0,5.60887e-09,0
12039,1.0,3.7737327e-10,0
12040,1.0,5.825453e-09,0
12041,1.0,3.2314096e-11,0
12042,1.0,3.481464e-09,0
12043,1.0,1.3630619e-09,0
12044,1.0,2.5784241e-10,0
12045,0.9999999,6.5196105e-08,0
12046,1.0,1.8373026e-09,0
12047,1.0,2.117594e-11,0
12048,1.0,2.3515343e-08,0
12049,0.99999964,3.2995231e-07,0
12050,1.0,2.1549366e-11,0
12051,1.0,1.0049572e-09,0
12052,1.0,5.368205e-09,0
12053,1.0,1.5764074e-08,0
12054,0.9999999,1.3023035e-07,0
12055,0.9999999,8.3065e-08,0
12056,1.0,5.4254413e-11,0
12057,1.0,2.8877978e-10,0
12058,1.0,1.5622135e-12,0
12059,1.0,6.273494e-09,0
12060,1.0,3.0862805e-11,0
12061,1.0,3.1371988e-10,0
12062,1.0,1.2491601e-11,0
12063,1.0,1.2422969e-09,0
12064,1.0,5.642812e-12,0
12065,0.99999964,3.2692813e-07,0
12066,1.0,1.886931e-09,0
12067,1.0,2.4026374e-09,0
12068,1.0,3.55769e-08,0
12069,1.0,1.2913263e-09,0
12070,1.0,4.333934e-09,0
12071,1.0,3.591808e-08,0
12072,1.0,1.22346265e-11,0
12073,1.0,8.000318e-11,0
12074,1.0,3.1046472e-08,0
12075,1.0,2.4207508e-10,0
12076,1.0,6.318505e-12,0
12077,1.0,4.7941633e-09,0
12078,1.0,7.3423767e-10,0
12079,1.0,7.146526e-09,0
12080,1.0,2.9466001e-08,0
12081,0.9999989,1.0865273e-06,0
12082,1.0,1.899042e-08,0
12083,1.0,3.6372383e-09,0
12084,1.0,5.250789e-08,0
12085,1.0,1.1235325e-08,0
12086,1.0,4.3354556e-09,0
12087,0.9999989,1.0988506e-06,0
12088,0.99999964,3.9637422e-07,0
12089,1.0,3.193717e-09,0
12090,0.99999976,1.998026e-07,0
12091,1.0,1.1002894e-08,0
12092,1.0,5.596364e-10,0
12093,1.0,1.0336459e-08,0
12094,1.0,4.7095265e-11,0
12095,0.9999999,6.1186874e-08,0
12096,1.0,1.0299926e-09,0
12097,1.0,7.9142935e-11,0
12098,1.0,1.6496834e-08,0
12099,1.0,6.4429664e-12,0
12100,0.99999976,2.841485e-07,0
12101,1.0,6.314535e-10,0
12102,0.99999917,8.2178167e-07,0
12103,0.99999774,2.2633828e-06,0
12104,1.0,1.24428725e-08,0
12105,1.0,2.470439e-08,0
12106,1.0,2.9656433e-10,0
12107,1.0,4.737864e-10,0
12108,1.0,3.616438e-12,0
12109,0.99999785,2.1167791e-06,0
12110,1.0,5.2295874e-09,0
12111,1.0,5.54066e-09,0
12112,1.0,2.2362219e-09,0
12113,1.0,2.247141e-10,0
12114,0.99999964,4.1669526e-07,0
12115,1.0,2.4337519e-09,0
12116,1.0,6.2025995e-11,0
12117,1.0,2.204085e-10,0
12118,1.0,5.5306084e-09,0
12119,1.0,3.542478e-10,0
12120,1.0,1.6612604e-10,0
12121,1.0,1.7537348e-09,0
12122,1.0,5.0367612e-09,0
12123,1.0,1.5754417e-09,0
12124,1.0,1.9081753e-10,0
12125,0.9999926,7.35364e-06,0
12126,0.9999995,4.910834e-07,0
12127,1.0,4.5542632e-11,0
12128,1.0,1.0019429e-09,0
12129,1.0,1.5384602e-08,0
12130,1.0,4.182852e-09,0
12131,1.0,2.1707913e-10,0
12132,1.0,1.7122808e-08,0
12133,0.9999995,4.8335966e-07,0
12134,0.99999964,3.9892336e-07,0
12135,1.0,5.4582744e-10,0
12136,0.9999999,7.0962585e-08,0
12137,0.9999994,6.454578e-07,0
12138,1.0,8.985335e-13,0
12139,1.0,2.7735549e-08,0
12140,1.0,6.5858574e-10,0
12141,1.0,1.203576e-11,0
12142,0.9999999,1.7367101e-07,0
12143,0.9999999,9.455756e-08,0
12144,1.0,1.3718497e-08,0
12145,0.99999607,3.937444e-06,0
12146,0.99999607,3.8759626e-06,0
12147,1.0,1.8594813e-09,0
12148,1.0,6.0607686e-10,0
12149,0.9999999,6.3223865e-08,0
12150,1.0,1.1300525e-09,0
12151,1.0,1.1368841e-09,0
12152,1.0,1.2544786e-09,0
12153,0.9999999,1.2560672e-07,0
12154,1.0,3.909997e-08,0
12155,1.0,4.0067485e-10,0
12156,1.0,5.6537047e-08,0
12157,1.0,1.4188639e-09,0
12158,0.9999994,5.9662534e-07,0
12159,1.0,4.311146e-09,0
12160,1.0,3.1167594e-10,0
12161,0.99999726,2.7406625e-06,0
12162,1.0,7.71841e-10,0
12163,1.0,7.567826e-09,0
12164,1.0,5.7383076e-10,0
12165,1.0,1.4069894e-10,0
12166,1.0,2.9362796e-10,0
12167,0.9999995,4.3088056e-07,0
12168,1.0,9.879253e-09,0
12169,1.0,4.4256193e-10,0
12170,0.99999964,3.5898088e-07,0
12171,1.0,8.664768e-12,0
12172,1.0,7.171541e-13,0
12173,1.0,3.8938155e-09,0
12174,1.0,3.1867193e-09,0
12175,0.9999783,2.1660226e-05,0
12176,1.0,1.3930883e-09,0
12177,1.0,1.3774184e-12,0
12178,1.0,2.4517094e-08,0
12179,1.0,4.718776e-12,0
12180,1.0,1.3826329e-08,0
12181,1.0,1.5287023e-08,0
12182,1.0,1.15063274e-08,0
12183,1.0,5.3224585e-09,0
12184,1.0,7.467478e-11,0
12185,1.0,5.2799432e-08,0
12186,1.0,8.149051e-09,0
12187,1.0,1.6351221e-09,0
12188,0.9999999,6.498814e-08,0
12189,0.9999963,3.7015122e-06,0
12190,1.0,3.356165e-10,0
12191,1.0,1.1531625e-10,0
12192,1.0,2.1839813e-10,0
12193,1.0,5.890216e-11,0
12194,1.0,1.2871723e-10,0
12195,1.0,3.5754511e-12,0
12196,1.0,2.3290747e-10,0
12197,1.0,1.968185e-09,0
12198,1.0,4.371784e-13,0
12199,1.0,2.2708892e-11,0
12200,1.0,7.3052637e-13,0
12201,1.0,2.034978e-12,0
12202,1.0,6.183455e-10,0
12203,1.0,6.383743e-10,0
12204,1.0,5.1912113e-11,0
12205,1.0,1.4061624e-11,0
12206,1.0,4.268908e-09,0
12207,1.0,1.5908059e-08,0
12208,1.0,1.480097e-10,0
12209,1.0,4.9946605e-12,0
12210,1.0,1.129152e-09,0
12211,1.0,3.1808743e-11,0
12212,1.0,1.1857206e-12,0
12213,1.0,7.345689e-12,0
12214,1.0,6.4725737e-13,0
12215,0.9999987,1.331332e-06,0
12216,1.0,4.2653164e-10,0
12217,1.0,4.1120904e-10,0
12218,0.9999933,6.7177575e-06,0
12219,1.0,4.2869644e-13,0
12220,1.0,2.1624355e-10,0
12221,1.0,1.0604584e-10,0
12222,1.0,1.1954364e-10,0
12223,1.0,9.495318e-12,0
12224,1.0,2.2655096e-13,0
12225,1.0,8.4414455e-12,0
12226,1.0,2.3635525e-09,0
12227,1.0,2.9633889e-09,0
12228,1.0,9.756133e-09,0
12229,1.0,3.6493555e-10,0
12230,1.0,5.0016984e-11,0
12231,1.0,3.4970484e-14,0
12232,1.0,7.6926785e-09,0
12233,1.0,2.2784165e-11,0
12234,1.0,1.1583263e-12,0
12235,1.0,2.9831877e-08,0
12236,1.0,3.7586865e-12,0
12237,1.0,9.13929e-13,0
12238,1.0,1.5521886e-09,0
12239,1.0,1.0310033e-12,0
12240,1.0,1.7326206e-11,0
12241,1.0,2.0291557e-13,0
12242,1.0,2.238237e-12,0
12243,1.0,7.4103896e-13,0
12244,1.0,3.2988644e-12,0
12245,1.0,8.9943476e-11,0
12246,1.0,9.720887e-11,0
12247,1.0,9.237572e-13,0
12248,1.0,6.7324986e-11,0
12249,1.0,3.9336867e-12,0
12250,1.0,3.725871e-10,0
12251,1.0,5.9720797e-09,0
12252,1.0,3.5166633e-12,0
12253,1.0,1.3095537e-10,0
12254,1.0,6.213114e-11,0
12255,1.0,2.5922105e-11,0
12256,1.0,3.969671e-11,0
12257,1.0,9.471622e-12,0
12258,1.0,6.01504e-13,0
12259,1.0,4.7822537e-13,0
12260,1.0,8.789576e-12,0
12261,1.0,7.539875e-09,0
12262,1.0,3.8214563e-11,0
12263,1.0,9.203042e-11,0
12264,1.0,3.6074879e-09,0
12265,1.0,6.972932e-11,0
12266,0.9999999,1.6151587e-07,0
12267,1.0,2.9654115e-10,0
12268,1.0,3.810942e-13,0
12269,1.0,3.035152e-12,0
12270,1.0,1.1907094e-11,0
12271,1.0,2.1011438e-10,0
12272,1.0,6.6215215e-12,0
12273,1.0,3.1246863e-11,0
12274,1.0,1.2574729e-13,0
12275,1.0,2.6965303e-12,0
12276,1.0,8.2772655e-10,0
12277,1.0,2.3527262e-09,0
12278,1.0,5.789801e-11,0
12279,1.0,3.740031e-11,0
12280,1.0,5.666411e-12,0
12281,1.0,1.7829768e-13,0
12282,1.0,2.790064e-10,0
12283,1.0,8.42642e-12,0
12284,1.0,2.8265164e-12,0
12285,1.0,1.7759834e-11,0
12286,1.0,1.5969887e-09,0
12287,1.0,2.7112555e-11,0
12288,1.0,3.4256783e-13,0
12289,1.0,1.8596136e-08,0
12290,1.0,7.971381e-10,0
12291,1.0,9.683704e-12,0
12292,1.0,4.5364797e-12,0
12293,1.0,6.7326082e-09,0
12294,1.0,4.5185546e-11,0
12295,1.0,2.6757424e-10,0
12296,1.0,2.4143033e-11,0
12297,1.0,7.897168e-10,0
12298,1.0,7.898455e-12,0
12299,1.0,1.7396218e-10,0
12300,1.0,1.5216004e-13,0
12301,1.0,2.1337292e-12,0
12302,1.0,9.744505e-10,0
12303,1.0,1.9080942e-11,0
12304,1.0,9.216317e-12,0
12305,0.99999917,7.8981145e-07,0
12306,1.0,2.1120102e-12,0
12307,1.0,4.5092883e-12,0
12308,1.0,3.2481122e-11,0
12309,1.0,3.3964113e-11,0
12310,1.0,2.1495255e-08,0
12311,1.0,9.064623e-09,0
12312,1.0,5.695629e-10,0
12313,1.0,1.4962769e-13,0
12314,1.0,2.9617006e-08,0
12315,1.0,1.1276393e-12,0
12316,1.0,2.518519e-09,0
12317,1.0,6.147285e-13,0
12318,1.0,1.367569e-10,0
12319,1.0,3.361303e-10,0
12320,1.0,7.523441e-09,0
12321,1.0,6.069826e-14,0
12322,1.0,6.148846e-09,0
12323,1.0,3.0044526e-12,0
12324,1.0,2.2331807e-11,0
12325,1.0,5.589835e-10,0
12326,1.0,1.3554986e-10,0
12327,1.0,1.8386846e-12,0
12328,1.0,7.4540735e-11,0
12329,1.0,5.7329475e-10,0
12330,1.0,6.150455e-12,0
12331,1.0,1.2635445e-08,0
12332,1.0,1.26067115e-14,0
12333,1.0,1.4925451e-10,0
12334,1.0,1.0218319e-11,0
12335,1.0,2.7329088e-09,0
12336,1.0,1.2186957e-10,0
12337,1.0,9.741184e-09,0
12338,1.0,5.366264e-11,0
12339,1.0,1.1146859e-10,0
12340,1.0,2.605213e-10,0
12341,1.0,1.7771651e-12,0
12342,1.0,9.065064e-11,0
12343,1.0,1.5271444e-10,0
12344,1.0,2.8281613e-08,0
12345,1.0,8.9839226e-11,0
12346,1.0,1.0145034e-10,0
12347,1.0,5.4633675e-10,0
12348,1.0,4.1652172e-13,0
12349,1.0,4.1338105e-10,0
12350,1.0,8.309888e-09,0
12351,1.0,5.1977134e-10,0
12352,1.0,2.3013199e-11,0
12353,1.0,1.2860091e-10,0
12354,1.0,9.910879e-14,0
12355,1.0,2.003835e-11,0
12356,1.0,4.0331494e-13,0
12357,1.0,5.8822336e-11,0
12358,1.0,2.386019e-09,0
12359,1.0,3.3723337e-11,0
12360,1.0,5.0447462e-11,0
12361,1.0,1.095494e-08,0
12362,1.0,5.1103832e-09,0
12363,1.0,9.454358e-10,0
12364,1.0,4.561261e-11,0
12365,1.0,4.920655e-10,0
12366,1.0,2.3313804e-11,0
12367,1.0,5.4384334e-11,0
12368,1.0,3.1348857e-09,0
12369,1.0,6.2350314e-10,0
12370,1.0,2.1425228e-11,0
12371,1.0,2.0568216e-13,0
12372,1.0,2.4613788e-13,0
12373,1.0,2.5749056e-10,0
12374,1.0,2.5494872e-11,0
12375,1.0,3.5744765e-08,0
12376,1.0,1.5567055e-11,0
12377,1.0,9.878665e-10,0
12378,1.0,1.4430864e-13,0
12379,1.0,1.0808776e-09,0
12380,1.0,2.3442758e-11,0
12381,1.0,8.064642e-09,0
12382,1.0,1.7395778e-11,0
12383,1.0,3.272693e-12,0
12384,1.0,6.988326e-14,0
12385,1.0,3.0205165e-13,0
12386,1.0,8.862777e-11,0
12387,1.0,6.6659336e-09,0
12388,1.0,3.2741826e-10,0
12389,1.0,1.7807077e-08,0
12390,1.0,3.6533894e-13,0
12391,1.0,7.447187e-13,0
12392,1.0,1.1145371e-10,0
12393,1.0,6.0500076e-09,0
12394,1.0,8.0888504e-11,0
12395,1.0,1.6354761e-11,0
12396,1.0,9.491696e-12,0
12397,1.0,7.170211e-10,0
12398,1.0,6.755105e-13,0
12399,1.0,1.1259485e-11,0
12400,1.0,1.4660537e-11,0
12401,1.0,2.4450697e-11,0
12402,1.0,3.363469e-11,0
12403,1.0,4.5898916e-09,0
12404,1.0,5.6813664e-12,0
12405,1.0,3.3472852e-10,0
12406,1.0,1.8012514e-08,0
12407,0.99999523,4.8143074e-06,0
12408,1.0,3.609079e-12,0
12409,1.0,4.8674363e-11,0
12410,1.0,1.0079807e-09,0
12411,0.99999964,3.1197547e-07,0
12412,1.0,4.6583293e-10,0
12413,1.0,7.728356e-13,0
12414,1.0,1.7704755e-09,0
12415,1.0,1.1546415e-10,0
12416,1.0,1.0913165e-12,0
12417,1.0,6.2002037e-13,0
12418,1.0,1.4016096e-12,0
12419,1.0,2.2820864e-12,0
12420,1.0,4.471708e-11,0
12421,1.0,2.005217e-09,0
12422,1.0,1.5743122e-09,0
12423,1.0,1.0939085e-13,0
12424,1.0,2.6193447e-09,0
12425,0.999998,2.0557993e-06,0
12426,1.0,1.7671845e-11,0
12427,1.0,1.4529929e-10,0
12428,1.0,9.87936e-14,0
12429,1.0,1.1639817e-10,0
12430,1.0,1.4291498e-09,0
12431,1.0,1.2195003e-10,0
12432,1.0,1.7693776e-10,0
12433,1.0,2.9147313e-09,0
12434,1.0,3.57825e-11,0
12435,1.0,2.9402446e-12,0
12436,1.0,2.5958062e-12,0
12437,1.0,3.910164e-14,0
12438,1.0,5.5820247e-14,0
12439,1.0,1.1539981e-11,0
12440,1.0,2.310458e-12,0
12441,1.0,6.8461865e-13,0
12442,1.0,5.973019e-11,0
12443,1.0,1.3411108e-09,0
12444,1.0,1.05716285e-13,0
12445,1.0,4.4487534e-12,0
12446,1.0,1.6717586e-11,0
12447,1.0,5.538889e-11,0
12448,1.0,1.1644297e-11,0
12449,1.0,5.392783e-13,0
12450,0.999997,2.976396e-06,0
12451,1.0,2.0465163e-11,0
12452,1.0,2.1807761e-10,0
12453,1.0,1.5266224e-11,0
12454,1.0,1.3716266e-09,0
12455,1.0,1.3248625e-12,0
12456,1.0,7.0197306e-11,0
12457,1.0,1.4447781e-12,0
12458,1.0,8.681907e-12,0
12459,1.0,2.925062e-13,0
12460,1.0,1.8156202e-09,0
12461,0.9999999,1.3015722e-07,0
12462,1.0,3.6484438e-10,0
12463,1.0,1.2408783e-13,0
12464,0.99997115,2.8843639e-05,0
12465,1.0,7.162208e-12,0
12466,1.0,3.8572215e-11,0
12467,1.0,5.709783e-09,0
12468,1.0,5.3057667e-12,0
12469,1.0,2.9346701e-08,0
12470,1.0,4.3806097e-08,0
12471,1.0,3.0530556e-10,0
12472,1.0,1.5965865e-13,0
12473,1.0,1.4749165e-11,0
12474,1.0,8.296778e-12,0
12475,1.0,1.7826605e-13,0
12476,1.0,1.0178283e-12,0
12477,1.0,3.0776156e-11,0
12478,1.0,6.6021507e-12,0
12479,1.0,1.9816175e-09,0
12480,1.0,3.5740074e-11,0
12481,1.0,1.8086977e-12,0
12482,1.0,8.836226e-11,0
12483,1.0,8.2678525e-12,0
12484,1.0,2.5259757e-09,0
12485,1.0,8.501501e-09,0
12486,1.0,6.220964e-11,0
12487,1.0,3.997011e-09,0
12488,1.0,1.3250049e-11,0
12489,1.0,3.2579202e-12,0
12490,1.0,1.3730471e-14,0
12491,1.0,3.242014e-12,0
12492,1.0,4.881526e-13,0
12493,1.0,1.6388299e-11,0
12494,1.0,1.3580895e-13,0
12495,1.0,1.3910545e-09,0
12496,1.0,6.0103436e-11,0
12497,1.0,1.285746e-11,0
12498,1.0,1.4591519e-11,0
12499,1.0,4.790185e-10,0
12500,1.0,4.1684958e-11,0
12501,1.0,5.401306e-13,0
12502,1.0,1.8800569e-11,0
12503,1.0,4.8607916e-08,0
12504,1.0,8.305803e-12,0
12505,1.0,4.8849347e-13,0
12506,1.0,5.0629114e-13,0
12507,1.0,5.4370102e-12,0
12508,1.0,2.254381e-12,0
12509,1.0,4.2367472e-12,0
12510,1.0,3.2148324e-13,0
12511,1.0,3.5327579e-12,0
12512,1.0,2.1525314e-13,0
12513,1.0,5.220916e-13,0
12514,1.0,2.2051698e-10,0
12515,0.99999917,8.6503826e-07,0
12516,1.0,2.1945303e-09,0
12517,1.0,1.5284791e-10,0
12518,1.0,2.879137e-09,0
12519,1.0,5.065983e-13,0
12520,1.0,5.253861e-13,0
12521,1.0,1.1944622e-08,0
12522,1.0,1.7471834e-10,0
12523,1.0,1.1881435e-11,0
12524,1.0,7.2511624e-10,0
12525,1.0,1.2197765e-11,0
12526,1.0,3.8777598e-10,0
12527,0.99998724,1.2774226e-05,0
12528,1.0,3.6027313e-08,0
12529,0.9999999,6.79277e-08,0
12530,1.0,3.2355096e-08,0
12531,1.0,4.735913e-10,0
12532,1.0,3.9416967e-10,0
12533,1.0,4.912983e-14,0
12534,1.0,7.854344e-13,0
12535,1.0,4.1192614e-12,0
12536,1.0,4.4932086e-08,0
12537,1.0,9.5621136e-11,0
12538,1.0,9.903482e-12,0
12539,1.0,1.392887e-12,0
12540,1.0,1.9193841e-11,0
12541,1.0,2.7198263e-12,0
12542,1.0,1.5507253e-11,0
12543,1.0,6.666921e-14,0
12544,1.0,2.5356136e-14,0
12545,1.0,5.7431944e-09,0
12546,1.0,3.2181362e-11,0
12547,1.0,1.7122064e-11,0
12548,1.0,3.093494e-11,0
12549,1.0,1.0883185e-13,0
12550,1.0,3.3550274e-09,0
12551,1.0,8.1044405e-13,0
12552,1.0,1.9335804e-09,0
12553,1.0,1.862209e-11,0
12554,1.0,2.0548445e-10,0
12555,1.0,4.212646e-12,0
12556,1.0,9.090576e-13,0
12557,1.0,2.0593392e-08,0
12558,1.0,8.646134e-11,0
12559,1.0,1.4199021e-11,0
12560,1.0,9.68933e-10,0
12561,1.0,1.8730737e-11,0
12562,1.0,1.2823822e-09,0
12563,1.0,3.73462e-15,0
12564,1.0,2.4445417e-12,0
12565,1.0,1.7050676e-13,0
12566,1.0,2.592914e-10,0
12567,1.0,1.3568255e-10,0
12568,1.0,7.9092266e-10,0
12569,1.0,1.047683e-08,0
12570,1.0,3.5455918e-15,0
12571,1.0,8.227329e-12,0
12572,1.0,2.9107406e-14,0
12573,0.99999976,1.8648424e-07,0
12574,1.0,1.3327023e-11,0
12575,1.0,1.392302e-13,0
12576,1.0,6.5149712e-09,0
12577,1.0,8.398041e-11,0
12578,1.0,8.3116236e-11,0
12579,1.0,6.315581e-11,0
12580,1.0,6.884567e-13,0
12581,1.0,1.7850926e-10,0
12582,1.0,1.117441e-09,0
12583,1.0,2.3218107e-09,0
12584,1.0,7.527762e-09,0
12585,1.0,2.1490296e-08,0
12586,1.0,1.8182974e-11,0
12587,1.0,1.8305994e-10,0
12588,1.0,1.5753223e-08,0
12589,1.0,4.759496e-09,0
12590,1.0,1.0376118e-09,0
12591,1.0,2.663199e-12,0
12592,1.0,3.9306566e-12,0
12593,0.99999976,2.0287357e-07,0
12594,1.0,5.5822676e-11,0
12595,0.99999964,3.766571e-07,0
12596,1.0,1.1239675e-12,0
12597,1.0,7.740833e-14,0
12598,1.0,7.608703e-12,0
12599,1.0,2.4350413e-10,0
12600,1.0,2.8646538e-09,0
12601,1.0,1.1152834e-14,0
12602,1.0,1.5417502e-08,0
12603,1.0,3.525687e-10,0
12604,1.0,1.8085061e-14,0
12605,1.0,4.4756674e-11,0
12606,1.0,4.1462606e-15,0
12607,1.0,4.572219e-11,0
12608,1.0,5.0691777e-11,0
12609,1.0,9.506948e-09,0
12610,1.0,4.0498247e-12,0
12611,1.0,1.5038102e-13,0
12612,1.0,5.667324e-10,0
12613,1.0,1.1763149e-10,0
12614,1.0,8.789053e-09,0
12615,1.0,3.4008207e-10,0
12616,1.0,2.0007775e-13,0
12617,1.0,7.860835e-09,0
12618,1.0,6.288286e-10,0
12619,1.0,2.6988303e-12,0
12620,1.0,4.3270014e-14,0
12621,1.0,9.06259e-15,0
12622,1.0,7.854299e-09,0
12623,1.0,6.07373e-10,0
12624,1.0,3.256751e-13,0
12625,1.0,7.3158892e-09,0
12626,1.0,4.031773e-09,0
12627,1.0,2.9631628e-09,0
12628,1.0,1.4512487e-09,0
12629,1.0,3.811946e-09,0
12630,1.0,3.506008e-12,0
12631,1.0,3.9403888e-10,0
12632,1.0,6.682801e-09,0
12633,1.0,1.8091739e-12,0
12634,1.0,1.8906885e-13,0
12635,1.0,1.0554817e-11,0
12636,1.0,7.706034e-15,0
12637,1.0,1.252064e-13,0
12638,1.0,3.736592e-12,0
12639,1.0,2.953321e-10,0
12640,1.0,4.727314e-13,0
12641,1.0,2.7436756e-11,0
12642,1.0,2.8215147e-14,0
12643,1.0,8.729487e-14,0
12644,1.0,7.604198e-10,0
12645,1.0,9.6955374e-11,0
12646,0.99999976,1.8511668e-07,0
12647,1.0,2.8241452e-12,0
12648,1.0,1.1902529e-11,0
12649,1.0,1.770646e-11,0
12650,1.0,3.666491e-10,0
12651,1.0,4.3290635e-11,0
12652,1.0,3.0984102e-09,0
12653,1.0,2.55908e-11,0
12654,1.0,2.8954994e-12,0
12655,1.0,5.3222555e-09,0
12656,1.0,6.01262e-09,0
12657,1.0,2.1933217e-12,0
12658,1.0,3.321566e-10,0
12659,1.0,1.2492202e-10,0
12660,1.0,1.3005962e-12,0
12661,1.0,4.5481067e-12,0
12662,1.0,5.664863e-09,0
12663,1.0,1.0859714e-09,0
12664,1.0,2.7257169e-11,0
12665,1.0,1.1221659e-12,0
12666,1.0,3.4719116e-11,0
12667,1.0,2.1358688e-14,0
12668,1.0,1.2181357e-10,0
12669,1.0,7.177912e-11,0
12670,1.0,1.3177778e-09,0
12671,1.0,6.861175e-11,0
12672,0.99999976,1.7999675e-07,0
12673,1.0,3.1909492e-11,0
12674,0.9999999,6.472244e-08,0
12675,1.0,3.2823613e-10,0
12676,1.0,1.8018415e-09,0
12677,1.0,9.760534e-11,0
12678,1.0,2.271157e-08,0
12679,1.0,1.8135488e-11,0
12680,1.0,6.2791294e-10,0
12681,1.0,4.8413026e-13,0
12682,1.0,2.3565312e-12,0
12683,1.0,7.5300705e-10,0
12684,1.0,2.236514e-11,0
12685,1.0,5.794438e-12,0
12686,1.0,5.4494667e-09,0
12687,1.0,4.0423255e-11,0
12688,1.0,6.0107486e-10,0
12689,1.0,3.9433662e-10,0
12690,1.0,6.9519535e-10,0
12691,1.0,9.743027e-12,0
12692,1.0,6.015335e-14,0
12693,1.0,1.2001168e-11,0
12694,1.0,4.3146004e-13,0
12695,1.0,3.8976716e-13,0
12696,0.9999999,1.2235863e-07,0
12697,1.0,4.309945e-13,0
12698,1.0,1.9846398e-09,0
12699,1.0,1.5783387e-12,0
12700,1.0,6.5376667e-12,0
12701,1.0,2.7005823e-11,0
12702,1.0,6.6362416e-11,0
12703,1.0,3.331117e-12,0
12704,1.0,1.158471e-10,0
12705,1.0,9.27168e-12,0
12706,1.0,1.0643109e-09,0
12707,1.0,5.052974e-13,0
12708,1.0,2.7364113e-11,0
12709,1.0,5.7579793e-13,0
12710,0.99999976,2.2520094e-07,0
12711,1.0,7.690833e-12,0
12712,1.0,7.268578e-11,0
12713,1.0,2.6604094e-10,0
12714,1.0,1.6026497e-12,0
12715,1.0,5.6364553e-12,0
12716,1.0,1.390362e-13,0
12717,1.0,9.928433e-11,0
12718,1.0,6.9065214e-12,0
12719,1.0,1.979321e-09,0
12720,1.0,1.5419598e-11,0
12721,0.99999857,1.4650743e-06,0
12722,1.0,3.9673226e-12,0
12723,1.0,1.6091687e-11,0
12724,1.0,1.827702e-12,0
12725,1.0,7.870558e-12,0
12726,0.99999976,2.7800968e-07,0
12727,1.0,1.1237965e-11,0
12728,0.99999917,8.527088e-07,0
12729,1.0,1.7995925e-12,0
12730,1.0,1.3862599e-10,0
12731,0.9999976,2.397401e-06,0
12732,1.0,8.452119e-10,0
12733,1.0,7.230084e-11,0
12734,1.0,6.8683076e-12,0
12735,1.0,4.0979342e-10,0
12736,1.0,6.8303724e-11,0
12737,1.0,5.550899e-09,0
12738,1.0,1.0331135e-12,0
12739,1.0,1.9198658e-09,0
12740,1.0,1.7794198e-13,0
12741,1.0,7.156917e-10,0
12742,1.0,4.319125e-11,0
12743,1.0,5.4040834e-11,0
12744,1.0,3.5843294e-11,0
12745,1.0,7.056863e-11,0
12746,1.0,3.0484237e-10,0
12747,1.0,3.4517058e-08,0
12748,0.99999964,3.7766245e-07,0
12749,1.0,3.3967478e-11,0
12750,0.99999774,2.2831894e-06,0
12751,1.0,2.8057506e-12,0
12752,1.0,2.0293222e-13,0
12753,1.0,1.222463e-13,0
12754,1.0,1.17041715e-11,0
12755,1.0,1.5714126e-11,0
12756,1.0,1.22806374e-11,0
12757,1.0,3.6255995e-14,0
12758,0.99999845,1.5288676e-06,0
12759,1.0,9.0921805e-11,0
12760,1.0,3.7263716e-12,0
12761,1.0,1.8088979e-12,0
12762,1.0,1.3905743e-13,0
12763,1.0,1.1579889e-11,0
12764,1.0,1.2793637e-11,0
12765,1.0,1.5040382e-11,0
12766,0.9999999,1.1728641e-07,0
12767,0.99999976,1.8610103e-07,0
12768,1.0,6.8369026e-11,0
12769,0.99999976,2.9738663e-07,0
12770,1.0,3.0609912e-10,0
12771,1.0,1.0590389e-11,0
12772,1.0,2.2488676e-11,0
12773,1.0,2.1332697e-08,0
12774,1.0,2.8953256e-10,0
12775,0.9999994,5.7814555e-07,0
12776,1.0,4.6521365e-08,0
12777,1.0,3.7194205e-08,0
12778,1.0,1.8516666e-13,0
12779,1.0,2.4732804e-13,0
12780,1.0,2.9045932e-12,0
12781,1.0,9.357128e-13,0
12782,1.0,4.530654e-11,0
12783,1.0,5.562642e-13,0
12784,1.0,2.1574166e-11,0
12785,1.0,7.9517726e-11,0
12786,1.0,1.5793694e-11,0
12787,1.0,1.0390753e-09,0
12788,1.0,2.367761e-10,0
12789,0.9999974,2.673027e-06,0
12790,1.0,2.3826672e-09,0
12791,1.0,1.4798994e-10,0
12792,1.0,7.991122e-11,0
12793,1.0,9.286896e-13,0
12794,1.0,1.0053348e-13,0
12795,1.0,1.2639612e-12,0
12796,1.0,4.757746e-12,0
12797,1.0,5.3197936e-11,0
12798,1.0,4.8207642e-09,0
12799,1.0,7.2652655e-11,0
12800,1.0,3.2570398e-11,0
12801,1.0,1.4397671e-14,0
12802,1.0,1.4225161e-10,0
12803,1.0,8.601261e-15,0
12804,1.0,2.5740411e-14,0
12805,1.0,4.125581e-13,0
12806,1.0,9.3112096e-10,0
12807,1.0,4.8455953e-14,0
12808,1.0,2.2855949e-14,0
12809,1.0,1.0424351e-11,0
12810,1.0,6.725055e-11,0
12811,1.0,8.643899e-13,0
12812,1.0,1.6730583e-13,0
12813,1.0,6.7475877e-12,0
12814,1.0,1.8392835e-13,0
12815,1.0,1.3720727e-11,0
12816,1.0,6.084376e-13,0
12817,1.0,1.8604274e-14,0
12818,1.0,6.118746e-12,0
12819,1.0,3.1070502e-13,0
12820,1.0,3.5833258e-14,0
12821,1.0,9.95078e-12,0
12822,1.0,2.6950995e-13,0
12823,1.0,8.604411e-15,0
12824,1.0,6.2908764e-14,0
12825,1.0,4.9870174e-08,0
12826,1.0,2.7367111e-13,0
12827,1.0,2.680976e-12,0
12828,0.9999497,5.0292852e-05,0
12829,1.0,1.7869704e-13,0
12830,0.9999982,1.8042898e-06,0
12831,1.0,1.0999273e-10,0
12832,1.0,3.134891e-13,0
12833,1.0,1.0242828e-11,0
12834,1.0,6.8442215e-15,0
12835,1.0,1.0437162e-11,0
12836,1.0,1.4399212e-10,0
12837,1.0,7.351008e-10,0
12838,1.0,8.0215484e-13,0
12839,1.0,2.527797e-13,0
12840,1.0,2.745849e-14,0
12841,1.0,2.38453e-10,0
12842,1.0,4.5472067e-11,0
12843,0.9999958,4.203647e-06,0
12844,1.0,6.614611e-10,0
12845,1.0,8.519328e-12,0
12846,1.0,3.9560388e-13,0
12847,1.0,1.396401e-12,0
12848,1.0,3.480775e-12,0
12849,0.99999845,1.4975705e-06,0
12850,1.0,1.47883e-10,0
12851,1.0,1.4925103e-11,0
12852,1.0,1.4500464e-11,0
12853,1.0,2.607088e-13,0
12854,0.99998236,1.761475e-05,0
12855,1.0,7.734343e-13,0
12856,1.0,3.4513824e-12,0
12857,1.0,8.226518e-11,0
12858,1.0,8.6211436e-13,0
12859,1.0,3.7491586e-11,0
12860,1.0,1.0176807e-12,0
12861,1.0,9.615448e-14,0
12862,1.0,3.795491e-13,0
12863,1.0,1.0075261e-11,0
12864,1.0,6.6382744e-09,0
12865,1.0,1.8770579e-11,0
12866,1.0,6.720505e-14,0
12867,1.0,7.954833e-12,0
12868,1.0,5.4032126e-13,0
12869,1.0,6.032671e-11,0
12870,1.0,2.1370211e-11,0
12871,1.0,2.915739e-12,0
12872,1.0,5.6358746e-12,0
12873,1.0,9.9677516e-14,0
12874,0.99999917,8.895371e-07,0
12875,1.0,2.3530223e-13,0
12876,1.0,7.1592714e-12,0
12877,1.0,4.1515138e-12,0
12878,1.0,1.0663713e-09,0
12879,1.0,4.1661943e-13,0
12880,1.0,1.5054426e-10,0
12881,1.0,2.6519231e-14,0
12882,1.0,3.9171232e-13,0
12883,1.0,1.8037428e-13,0
12884,1.0,7.157223e-12,0
12885,1.0,6.677344e-14,0
12886,0.9999994,5.905141e-07,0
12887,1.0,1.6547372e-09,0
12888,1.0,3.4653602e-12,0
12889,1.0,5.393551e-14,0
12890,1.0,9.368111e-13,0
12891,1.0,1.5276754e-09,0
12892,1.0,1.1515257e-09,0
12893,1.0,8.1351705e-12,0
12894,1.0,1.7516814e-10,0
12895,1.0,1.558503e-11,0
12896,1.0,1.5022872e-10,0
12897,1.0,1.2321469e-10,0
12898,1.0,4.0342572e-13,0
12899,1.0,1.0448246e-13,0
12900,1.0,2.1959348e-11,0
12901,1.0,3.6408318e-10,0
12902,1.0,1.4351729e-13,0
12903,1.0,1.8359476e-12,0
12904,1.0,6.006965e-14,0
12905,1.0,1.5942671e-10,0
12906,1.0,1.6870828e-11,0
12907,1.0,5.6316564e-14,0
12908,1.0,6.9416517e-12,0
12909,1.0,2.6068679e-14,0
12910,1.0,7.945447e-12,0
12911,1.0,2.6483534e-11,0
12912,1.0,9.0451154e-11,0
12913,1.0,2.191226e-09,0
12914,1.0,1.37478855e-08,0
12915,1.0,9.0545995e-13,0
12916,1.0,4.4031365e-11,0
12917,1.0,1.3805708e-10,0
12918,1.0,1.8374503e-12,0
12919,1.0,2.6142661e-11,0
12920,1.0,8.214597e-12,0
12921,1.0,5.100382e-13,0
12922,1.0,1.2016321e-09,0
12923,1.0,4.2645762e-10,0
12924,1.0,1.3605255e-11,0
12925,1.0,2.4287596e-11,0
12926,1.0,3.0706677e-11,0
12927,1.0,3.8915336e-14,0
12928,1.0,3.761215e-10,0
12929,1.0,2.4346582e-12,0
12930,1.0,6.18337e-11,0
12931,1.0,3.1010747e-14,0
12932,1.0,4.43048e-12,0
12933,1.0,4.1561744e-11,0
12934,1.0,3.1258633e-13,0
12935,1.0,4.2001195e-13,0
12936,1.0,5.3185375e-14,0
12937,1.0,3.4925324e-12,0
12938,1.0,5.5559485e-10,0
12939,1.0,5.382427e-12,0
12940,1.0,2.50401e-13,0
12941,1.0,3.4352588e-12,0
12942,1.0,1.8395395e-13,0
12943,1.0,1.0762408e-09,0
12944,1.0,8.128462e-14,0
12945,1.0,1.1853367e-11,0
12946,1.0,7.5122e-09,0
12947,1.0,1.2240083e-12,0
12948,1.0,1.2203624e-12,0
12949,1.0,7.0458314e-12,0
12950,0.9999865,1.3455935e-05,0
12951,1.0,4.635659e-09,0
12952,1.0,2.994845e-13,0
12953,0.999998,2.0427074e-06,0
12954,0.9999981,1.8618639e-06,0
12955,1.0,6.446426e-14,0
12956,1.0,7.588753e-10,0
12957,1.0,3.8867326e-11,0
12958,1.0,2.9707185e-12,0
12959,1.0,2.4468658e-11,0
12960,0.9999988,1.2487877e-06,0
12961,0.9999957,4.320831e-06,0
12962,0.9999999,8.6519535e-08,0
12963,1.0,1.5743173e-10,0
12964,1.0,4.592416e-08,0
12965,0.9999982,1.8460381e-06,0
12966,1.0,4.124427e-08,0
12967,1.0,2.8274206e-13,0
12968,0.99999607,3.9636357e-06,0
12969,0.9999976,2.4406297e-06,0
12970,0.99999833,1.6959987e-06,0
12971,0.99999523,4.778227e-06,0
12972,1.0,7.687951e-14,0
12973,1.0,1.2378568e-10,0
12974,1.0,1.0611041e-13,0
12975,1.0,5.3928893e-08,0
12976,1.0,4.7009267e-12,0
12977,1.0,1.0680424e-13,0
12978,1.0,7.703941e-09,0
12979,0.9999989,1.013431e-06,0
12980,0.9999999,6.30993e-08,0
12981,1.0,4.3597786e-12,0
12982,1.0,1.6377324e-08,0
12983,1.0,1.2137003e-08,0
12984,1.0,2.8970131e-12,0
12985,1.0,8.28181e-11,0
12986,1.0,1.639824e-11,0
12987,1.0,1.1567269e-10,0
12988,1.0,5.8900986e-09,0
12989,1.0,1.3329662e-08,0
12990,1.0,3.9042175e-10,0
12991,1.0,8.237941e-13,0
12992,1.0,3.4923361e-10,0
12993,1.0,5.0975574e-11,0
12994,1.0,1.640953e-08,0
12995,1.0,6.7966193e-12,0
12996,1.0,7.7145126e-13,0
12997,0.99999917,8.733491e-07,0
12998,0.9999975,2.4880783e-06,0
12999,0.9999981,1.9026187e-06,0
13000,0.9999999,7.069294e-08,0
13001,0.9999995,4.5817154e-07,0
13002,0.99998057,1.938092e-05,0
13003,1.0,3.9035827e-11,0
13004,0.9999597,4.0321956e-05,0
13005,0.999982,1.7993605e-05,0
13006,1.0,3.875658e-11,0
13007,0.9999999,8.453014e-08,0
13008,1.0,1.8595034e-12,0
13009,0.99997175,2.8222717e-05,0
13010,1.0,2.6280134e-08,0
13011,0.9999999,1.1793561e-07,0
13012,1.0,3.282491e-11,0
13013,0.99999845,1.5805085e-06,0
13014,1.0,1.7492709e-10,0
13015,1.0,3.079659e-11,0
13016,1.0,1.1931311e-10,0
13017,1.0,8.7015767e-10,0
13018,1.0,7.8492775e-14,0
13019,0.9999999,1.170089e-07,0
13020,0.9999999,6.4273785e-08,0
13021,1.0,4.269814e-08,0
13022,1.0,5.9718775e-12,0
13023,1.0,2.9238157e-11,0
13024,1.0,9.954619e-11,0
13025,1.0,2.472e-11,0
13026,1.0,1.1185893e-11,0
13027,1.0,2.2823565e-08,0
13028,0.9999832,1.6861459e-05,0
13029,0.99999845,1.5179163e-06,0
13030,1.0,5.444017e-11,0
13031,1.0,1.1493445e-09,0
13032,1.0,4.4413943e-12,0
13033,1.0,4.62711e-12,0
13034,1.0,2.958951e-08,0
13035,1.0,4.009666e-08,0
13036,1.0,2.4344067e-09,0
13037,0.9999999,7.901905e-08,0
13038,1.0,5.686782e-10,0
13039,0.99999785,2.1543128e-06,0
13040,0.9999989,1.0152728e-06,0
13041,1.0,1.0498483e-10,0
13042,0.99999976,1.830134e-07,0
13043,1.0,2.1638054e-10,0
13044,0.99999976,1.9276425e-07,0
13045,1.0,8.972175e-11,0
13046,1.0,7.392045e-15,0
13047,1.0,1.2217656e-10,0
13048,0.99999964,4.1214943e-07,0
13049,1.0,1.1142219e-11,0
13050,1.0,2.6533176e-08,0
13051,0.99999964,4.0160612e-07,0
13052,1.0,5.431812e-10,0
13053,1.0,9.372007e-09,0
13054,0.9999993,7.618678e-07,0
13055,1.0,1.5413555e-09,0
13056,1.0,6.6069004e-12,0
13057,1.0,1.1989987e-10,0
13058,1.0,6.288765e-14,0
13059,1.0,1.2320329e-08,0
13060,1.0,7.692129e-11,0
13061,1.0,5.6191968e-11,0
13062,1.0,3.9218945e-12,0
13063,0.9998555,0.0001444899,0
13064,0.9999858,1.4145841e-05,0
13065,1.0,2.5129886e-11,0
13066,1.0,2.3167114e-08,0
13067,1.0,9.376119e-09,0
13068,1.0,1.0130367e-12,0
13069,1.0,5.453714e-11,0
13070,1.0,2.0659337e-11,0
13071,1.0,4.8586477e-09,0
13072,1.0,2.0983146e-08,0
13073,0.99999976,2.8916043e-07,0
13074,1.0,1.6842044e-08,0
13075,0.9999999,9.109517e-08,0
13076,1.0,2.9533858e-08,0
13077,0.99999976,2.572722e-07,0
13078,0.99999976,2.1162491e-07,0
13079,1.0,1.2687111e-10,0
13080,0.99999917,8.1523484e-07,0
13081,1.0,3.7268895e-09,0
13082,0.999997,2.925019e-06,0
13083,1.0,1.2987248e-08,0
13084,1.0,4.962856e-09,0
13085,1.0,3.2084926e-09,0
13086,1.0,6.1360895e-12,0
13087,0.99999976,1.918685e-07,0
13088,0.9999994,5.889977e-07,0
13089,1.0,9.755113e-12,0
13090,1.0,2.3436444e-08,0
13091,0.99997675,2.3270151e-05,0
13092,1.0,1.6852577e-09,0
13093,1.0,1.217328e-09,0
13094,0.9999999,7.24445e-08,0
13095,1.0,8.7414543e-13,0
13096,1.0,2.5083364e-09,0
13097,1.0,7.754018e-13,0
13098,1.0,3.9108058e-10,0
13099,0.9999808,1.91812e-05,0
13100,1.0,2.8758754e-10,0
13101,1.0,8.6408e-13,0
13102,1.0,4.4974327e-13,0
13103,1.0,7.2117183e-09,0
13104,0.99999976,2.4974682e-07,0
13105,1.0,7.559891e-09,0
13106,0.9999989,1.1033713e-06,0
13107,0.9999999,1.6621107e-07,0
13108,1.0,5.7150725e-11,0
13109,1.0,2.3252086e-10,0
13110,1.0,3.1442031e-09,0
13111,1.0,2.9959896e-08,0
13112,1.0,3.2092284e-08,0
13113,1.0,1.0564963e-08,0
13114,1.0,3.051871e-08,0
13115,1.0,2.905595e-09,0
13116,1.0,2.2422451e-08,0
13117,1.0,1.773373e-08,0
13118,0.9999989,1.1235495e-06,0
13119,1.0,1.1442072e-08,0
13120,1.0,6.5647288e-09,0
13121,1.0,8.355179e-10,0
13122,0.9999999,6.614213e-08,0
13123,0.9999987,1.3232941e-06,0
13124,1.0,2.529149e-08,0
13125,1.0,2.4018094e-08,0
13126,0.9999999,1.7716394e-07,0
13127,1.0,4.066095e-08,0
13128,0.9999999,9.2003695e-08,0
13129,1.0,3.2191894e-09,0
13130,0.99999976,2.5867823e-07,0
13131,1.0,3.1626577e-08,0
13132,1.0,8.480173e-09,0
13133,0.9999999,8.651887e-08,0
13134,0.9999999,1.1691007e-07,0
13135,1.0,1.2987867e-08,0
13136,1.0,1.4105423e-09,0
13137,0.9999999,1.3893084e-07,0
13138,1.0,2.1070734e-08,0
13139,1.0,3.5342076e-08,0
13140,1.0,1.427509e-10,0
13141,0.9999999,6.706261e-08,0
13142,0.9999999,1.4621581e-07,0
13143,1.0,2.6749492e-08,0
13144,1.0,8.1006855e-09,0
13145,0.9999999,1.7113773e-07,0
13146,1.0,2.2115725e-10,0
13147,0.9999999,1.2675302e-07,0
13148,0.9999999,6.2020646e-08,0
13149,1.0,6.648333e-17,0
13150,0.9999999,7.446438e-08,0
13151,1.0,7.076815e-10,0
13152,1.0,1.1734836e-08,0
13153,0.99999976,2.5405407e-07,0
13154,1.0,5.874083e-11,0
13155,0.9999918,8.168479e-06,0
13156,1.0,5.9112043e-19,0
13157,1.0,5.3072297e-10,0
13158,1.0,1.538121e-14,0
13159,1.0,1.6636291e-10,0
13160,1.0,1.9604884e-10,0
13161,1.0,1.6710062e-11,0
13162,1.0,1.9251314e-09,0
13163,1.0,4.7439435e-09,0
13164,1.0,3.0883414e-11,0
13165,1.0,4.0277146e-09,0
13166,1.0,9.704336e-20,0
13167,1.0,1.681224e-18,0
13168,1.0,7.7406735e-17,0
13169,1.0,7.739731e-09,0
13170,1.0,8.067469e-10,0
13171,1.0,5.504392e-17,0
13172,1.0,2.0416366e-17,0
13173,1.0,2.4938452e-23,0
13174,1.0,7.228766e-17,0
13175,1.0,4.5526938e-10,0
13176,1.0,1.1284502e-16,0
13177,1.0,7.02694e-18,0
13178,1.0,2.6715855e-18,0
13179,1.0,3.1798286e-20,0
13180,1.0,9.87848e-09,0
13181,1.0,4.3230526e-09,0
13182,1.0,5.3886606e-09,0
13183,1.0,5.241161e-09,0
13184,1.0,1.0631331e-11,0
13185,1.0,5.1070312e-09,0
13186,1.0,1.8374147e-09,0
13187,1.0,3.554428e-19,0
13188,1.0,4.5152473e-18,0
13189,1.0,1.8439527e-08,0
13190,1.0,8.698706e-10,0
13191,1.0,8.387398e-18,0
13192,1.0,1.5070751e-09,0
13193,1.0,1.0956072e-11,0
13194,1.0,1.7861288e-13,0
13195,1.0,2.4778454e-10,0
13196,1.0,4.989279e-09,0
13197,1.0,6.199589e-13,0
13198,1.0,1.1961216e-16,0
13199,1.0,4.851451e-21,0
13200,1.0,2.1234273e-10,0
13201,1.0,1.1579507e-16,0
13202,1.0,4.4859554e-08,0
13203,1.0,1.6883322e-18,0
13204,0.99999964,3.153214e-07,0
13205,1.0,6.462468e-10,0
13206,1.0,4.9712496e-09,0
13207,1.0,2.0323911e-08,0
13208,1.0,6.726559e-10,0
13209,1.0,1.3669047e-09,0
13210,1.0,9.738995e-12,0
13211,1.0,2.6620141e-17,0
13212,1.0,1.9152334e-11,0
13213,1.0,8.1480067e-10,0
13214,1.0,7.405607e-11,0
13215,1.0,3.6505898e-09,0
13216,1.0,1.5528588e-08,0
13217,1.0,9.4186914e-20,0
13218,1.0,2.003599e-10,0
13219,1.0,2.1232009e-17,0
13220,1.0,4.8332153e-15,0
13221,1.0,1.1959159e-09,0
13222,0.99999976,2.3217903e-07,0
13223,1.0,3.6882275e-21,0
13224,1.0,9.2203045e-09,0
13225,1.0,3.8961005e-18,0
13226,1.0,2.4949164e-11,0
13227,0.9999999,6.769309e-08,0
13228,1.0,9.0263834e-18,0
13229,1.0,5.430412e-18,0
13230,1.0,9.4920365e-09,0
13231,0.9999999,6.4361494e-08,0
13232,1.0,1.2212745e-13,0
13233,1.0,2.1667664e-14,0
13234,1.0,7.349036e-20,0
13235,1.0,4.7185467e-10,0
13236,1.0,3.7827055e-17,0
13237,1.0,4.327072e-12,0
13238,1.0,8.396496e-09,0
13239,1.0,1.3321925e-17,0
13240,1.0,9.223401e-09,0
13241,1.0,2.8828586e-08,0
13242,1.0,3.336278e-17,0
13243,1.0,3.3492065e-18,0
13244,1.0,3.3105374e-20,0
13245,1.0,2.285881e-08,0
13246,0.9999999,1.6355322e-07,0
13247,1.0,1.7690163e-14,0
13248,1.0,5.4283633e-10,0
13249,1.0,2.6402993e-18,0
13250,1.0,1.3694813e-19,0
13251,1.0,3.1448868e-09,0
13252,1.0,1.7561449e-09,0
13253,1.0,3.2964125e-19,0
13254,1.0,1.35223335e-08,0
13255,1.0,1.652503e-18,0
13256,1.0,5.7489846e-08,0
13257,1.0,9.337965e-16,0
13258,1.0,3.1473335e-10,0
13259,1.0,7.446371e-11,0
13260,1.0,8.951303e-15,0
13261,1.0,8.8350677e-10,0
13262,1.0,5.493209e-18,0
13263,1.0,1.2185369e-15,0
13264,1.0,1.3890713e-09,0
13265,1.0,7.37771e-10,0
13266,1.0,8.832163e-19,0
13267,1.0,1.0029357e-08,0
13268,1.0,1.0660307e-11,0
13269,1.0,6.038545e-10,0
13270,1.0,1.3270568e-21,0
13271,1.0,8.839926e-09,0
13272,1.0,2.4381391e-08,0
13273,1.0,1.0801815e-08,0
13274,1.0,1.2431558e-19,0
13275,1.0,6.836106e-15,0
13276,1.0,5.237676e-19,0
13277,1.0,9.218188e-18,0
13278,1.0,3.0057877e-16,0
13279,1.0,1.0895595e-15,0
13280,1.0,5.646165e-14,0
13281,1.0,8.162304e-13,0
13282,1.0,1.267142e-13,0
13283,1.0,1.0786621e-08,0
13284,1.0,1.6019055e-14,0
13285,1.0,3.218101e-10,0
13286,1.0,5.4803187e-17,0
13287,1.0,2.5549465e-13,0
13288,1.0,1.9698215e-10,0
13289,1.0,3.2636835e-17,0
13290,1.0,4.1851403e-10,0
13291,1.0,9.554585e-11,0
13292,1.0,4.780398e-11,0
13293,1.0,7.1155115e-10,0
13294,1.0,2.250587e-16,0
13295,1.0,1.4202175e-17,0
13296,0.9999999,1.0469862e-07,0
13297,1.0,4.4935958e-11,0
13298,1.0,2.5291085e-17,0
13299,1.0,1.7729707e-19,0
13300,1.0,1.1387272e-08,0
13301,1.0,8.5416585e-14,0
13302,1.0,4.4821084e-11,0
13303,1.0,8.544283e-10,0
13304,1.0,3.3274558e-18,0
13305,1.0,1.2318805e-15,0
13306,1.0,9.911807e-10,0
13307,1.0,3.6170509e-09,0
13308,1.0,7.498848e-19,0
13309,1.0,1.2117839e-10,0
13310,1.0,2.5852067e-09,0
13311,1.0,2.503023e-12,0
13312,1.0,8.924836e-17,0
13313,1.0,8.752646e-10,0
13314,1.0,3.880473e-15,0
13315,1.0,1.3670142e-09,0
13316,1.0,9.417912e-10,0
13317,1.0,1.887931e-10,0
13318,1.0,3.7249697e-17,0
13319,1.0,1.3649868e-17,0
13320,1.0,2.1671354e-09,0
13321,1.0,1.1762085e-08,0
13322,1.0,1.0355269e-11,0
13323,1.0,5.5692094e-18,0
13324,1.0,8.9714813e-13,0
13325,1.0,5.286423e-08,0
13326,1.0,4.2191985e-20,0
13327,1.0,6.525762e-14,0
13328,1.0,1.905035e-12,0
13329,1.0,8.8797376e-17,0
13330,1.0,6.8029725e-20,0
13331,1.0,2.8165367e-21,0
13332,1.0,1.6107156e-08,0
13333,1.0,1.4669174e-08,0
13334,1.0,1.7299001e-18,0
13335,1.0,1.9150965e-09,0
13336,1.0,3.366076e-10,0
13337,1.0,6.8177544e-20,0
13338,1.0,1.07698e-09,0
13339,1.0,8.850231e-21,0
13340,1.0,2.021091e-20,0
13341,1.0,2.7830598e-17,0
13342,1.0,4.3042347e-21,0
13343,1.0,1.127415e-13,0
13344,1.0,3.117348e-21,0
13345,1.0,5.5327347e-22,0
13346,1.0,9.631293e-17,0
13347,1.0,1.2465478e-13,0
13348,1.0,2.6803906e-10,0
13349,1.0,6.696111e-16,0
13350,1.0,2.0356543e-19,0
13351,1.0,1.1880707e-19,0
13352,1.0,1.0254166e-11,0
13353,1.0,6.0315387e-20,0
13354,1.0,1.03645705e-08,0
13355,1.0,1.2164415e-09,0
13356,1.0,4.726726e-10,0
13357,1.0,1.797191e-20,0
13358,1.0,1.2771243e-13,0
13359,1.0,1.8513525e-09,0
13360,1.0,1.7185418e-17,0
13361,1.0,7.752904e-18,0
13362,1.0,3.355307e-14,0
13363,1.0,4.1147108e-10,0
13364,1.0,4.815317e-19,0
13365,1.0,3.3518889e-19,0
13366,1.0,3.5559024e-21,0
13367,1.0,5.9793517e-09,0
13368,1.0,3.1007925e-13,0
13369,1.0,5.131735e-09,0
13370,1.0,1.240419e-17,0
13371,1.0,5.369802e-13,0
13372,1.0,3.228045e-08,0
13373,1.0,6.2776233e-13,0
13374,1.0,2.9111893e-11,0
13375,1.0,4.2530567e-18,0
13376,1.0,3.207734e-09,0
13377,1.0,6.3493763e-18,0
13378,1.0,2.9316038e-16,0
13379,1.0,4.2977483e-16,0
13380,1.0,3.6557406e-08,0
13381,1.0,1.0162003e-09,0
13382,1.0,2.0400946e-10,0
13383,1.0,4.6917904e-08,0
13384,1.0,1.9070294e-21,0
13385,1.0,3.6460227e-10,0
13386,1.0,3.1336755e-18,0
13387,1.0,1.4403854e-10,0
13388,1.0,6.120783e-10,0
13389,1.0,6.634804e-17,0
13390,1.0,6.79011e-21,0
13391,1.0,2.8539994e-15,0
13392,1.0,3.2783042e-19,0
13393,1.0,5.9666947e-09,0
13394,1.0,6.5362215e-19,0
13395,1.0,4.2103778e-17,0
13396,1.0,2.808927e-15,0
13397,1.0,9.355857e-10,0
13398,1.0,2.122586e-09,0
13399,1.0,2.710833e-10,0
13400,1.0,1.9599671e-08,0
13401,1.0,5.7752843e-08,0
13402,1.0,1.6157482e-21,0
13403,1.0,2.2840133e-10,0
13404,1.0,2.819294e-17,0
13405,1.0,4.0608514e-10,0
13406,1.0,5.4115774e-09,0
13407,1.0,8.416269e-12,0
13408,1.0,4.1845655e-10,0
13409,1.0,7.802001e-19,0
13410,1.0,4.2872325e-10,0
13411,1.0,4.8179882e-09,0
13412,1.0,2.3113345e-09,0
13413,1.0,1.5896129e-13,0
13414,1.0,1.32535765e-20,0
13415,1.0,1.1544397e-16,0
13416,1.0,3.7063542e-12,0
13417,1.0,2.3358164e-16,0
13418,1.0,1.7210856e-19,0
13419,0.9999893,1.0670039e-05,0
13420,1.0,1.4060799e-14,0
13421,1.0,2.3108195e-12,0
13422,1.0,6.210815e-11,0
13423,1.0,1.438834e-10,0
13424,1.0,1.0875281e-09,0
13425,1.0,4.259079e-11,0
13426,1.0,8.6587626e-10,0
13427,0.9999999,7.750414e-08,0
13428,1.0,4.3762713e-21,0
13429,1.0,1.462444e-09,0
13430,1.0,1.2753385e-19,0
13431,1.0,9.5483275e-09,0
13432,1.0,2.0812125e-18,0
13433,1.0,1.7019971e-09,0
13434,1.0,3.5812165e-13,0
13435,1.0,5.1611562e-12,0
13436,1.0,4.111113e-20,0
13437,1.0,8.0047635e-10,0
13438,1.0,1.480329e-17,0
13439,1.0,5.772511e-11,0
13440,1.0,1.4135351e-12,0
13441,1.0,2.8837466e-10,0
13442,1.0,2.5479859e-14,0
13443,1.0,1.19279014e-17,0
13444,1.0,1.1228377e-09,0
13445,1.0,3.8406597e-11,0
13446,1.0,1.5411254e-10,0
13447,1.0,1.15022776e-10,0
13448,1.0,2.6693646e-18,0
13449,0.9999999,8.015313e-08,0
13450,1.0,1.0821527e-16,0
13451,1.0,6.612921e-10,0
13452,1.0,8.6578317e-19,0
13453,1.0,1.7949528e-10,0
13454,1.0,2.2670264e-17,0
13455,1.0,1.690632e-19,0
13456,0.9999945,5.523312e-06,0
13457,1.0,7.540926e-20,0
13458,1.0,2.8613615e-20,0
13459,1.0,7.544224e-23,0
13460,0.9999995,4.4103132e-07,0
13461,1.0,5.996856e-18,0
13462,1.0,4.806388e-16,0
13463,1.0,2.607439e-11,0
13464,1.0,2.4600942e-08,0
13465,1.0,2.2293826e-20,0
13466,1.0,8.229739e-14,0
13467,1.0,6.8164722e-15,0
13468,1.0,8.822184e-14,0
13469,1.0,1.1531959e-13,0
13470,1.0,1.4527929e-18,0
13471,1.0,8.653533e-09,0
13472,1.0,3.3055838e-09,0
13473,1.0,2.1550483e-18,0
13474,1.0,1.0228972e-10,0
13475,1.0,4.042874e-18,0
13476,1.0,1.4353636e-18,0
13477,1.0,2.1211287e-17,0
13478,1.0,5.595478e-10,0
13479,1.0,1.587788e-14,0
13480,0.9999999,7.066894e-08,0
13481,1.0,5.709907e-15,0
13482,1.0,1.5058749e-08,0
13483,0.9999999,1.1789255e-07,0
13484,0.9999999,7.571497e-08,0
13485,1.0,1.834066e-18,0
13486,1.0,1.5081911e-16,0
13487,1.0,5.3881883e-20,0
13488,1.0,1.042654e-18,0
13489,1.0,1.2990104e-18,0
13490,1.0,1.575925e-21,0
13491,1.0,1.9448868e-10,0
13492,1.0,8.989033e-18,0
13493,1.0,1.2791945e-16,0
13494,0.99999964,4.0279093e-07,0
13495,1.0,1.7550257e-10,0
13496,1.0,1.26693074e-11,0
13497,1.0,1.56784e-16,0
13498,1.0,3.0119873e-15,0
13499,1.0,1.3855411e-17,0
13500,1.0,1.1875398e-09,0
13501,1.0,6.2586947e-10,0
13502,1.0,9.307628e-09,0
13503,0.9999999,6.613733e-08,0
13504,1.0,4.5285463e-11,0
13505,1.0,1.6590543e-09,0
13506,0.9999999,1.5688671e-07,0
13507,1.0,3.862626e-18,0
13508,1.0,1.2583951e-08,0
13509,1.0,1.4851245e-18,0
13510,1.0,7.352645e-11,0
13511,1.0,3.3101986e-11,0
13512,1.0,1.1145946e-21,0
13513,1.0,3.2425262e-09,0
13514,1.0,4.377949e-10,0
13515,1.0,3.726236e-16,0
13516,1.0,1.7826414e-08,0
13517,0.999995,5.0056233e-06,0
13518,1.0,2.5826866e-14,0
13519,1.0,7.306138e-10,0
13520,0.9999987,1.2647472e-06,0
13521,1.0,5.432905e-16,0
13522,1.0,6.614456e-11,0
13523,1.0,6.9326023e-19,0
13524,1.0,1.2579079e-08,0
13525,1.0,3.094608e-08,0
13526,1.0,2.807056e-20,0
13527,1.0,2.3628406e-20,0
13528,1.0,1.7068714e-19,0
13529,1.0,8.484268e-16,0
13530,1.0,9.256738e-18,0
13531,1.0,1.4425236e-15,0
13532,1.0,1.5539431e-08,0
13533,1.0,1.8175929e-19,0
13534,1.0,1.7437092e-16,0
13535,0.9999999,7.495886e-08,0
13536,0.9999994,6.007585e-07,0
13537,1.0,4.7337156e-15,0
13538,1.0,4.112246e-18,0
13539,1.0,2.3321553e-10,0
13540,1.0,2.9072382e-15,0
13541,1.0,1.6638267e-09,0
13542,1.0,1.9072666e-09,0
13543,1.0,2.8816408e-10,0
13544,1.0,7.277956e-11,0
13545,1.0,3.7804706e-09,0
13546,1.0,4.5821753e-17,0
13547,1.0,1.8895987e-14,0
13548,1.0,8.1909875e-16,0
13549,1.0,2.2978233e-08,0
13550,1.0,4.838303e-09,0
13551,1.0,4.0558914e-13,0
13552,1.0,1.669794e-09,0
13553,1.0,4.2991495e-09,0
13554,1.0,9.324081e-09,0
13555,1.0,1.6531133e-12,0
13556,1.0,1.7592436e-08,0
13557,1.0,4.6741097e-21,0
13558,1.0,1.5738683e-16,0
13559,1.0,5.4287774e-10,0
13560,1.0,2.1262168e-09,0
13561,1.0,2.8979911e-16,0
13562,1.0,1.4043359e-09,0
13563,1.0,2.5548887e-20,0
13564,1.0,5.778842e-16,0
13565,1.0,5.456148e-15,0
13566,1.0,3.2223464e-13,0
13567,1.0,1.4853119e-10,0
13568,1.0,9.32409e-11,0
13569,1.0,5.618811e-11,0
13570,1.0,6.832006e-17,0
13571,1.0,3.6686035e-10,0
13572,1.0,3.685027e-18,0
13573,1.0,1.3332594e-18,0
13574,1.0,4.8954824e-10,0
13575,1.0,9.602662e-09,0
13576,1.0,5.705112e-13,0
13577,1.0,9.764931e-22,0
13578,1.0,1.6172343e-21,0
13579,1.0,5.41245e-22,0
13580,1.0,3.2264122e-09,0
13581,1.0,2.0144345e-11,0
13582,1.0,2.5571364e-16,0
13583,1.0,1.2243323e-09,0
13584,1.0,4.090419e-19,0
13585,1.0,4.5450185e-20,0
13586,1.0,5.2806317e-18,0
13587,1.0,8.228219e-17,0
13588,1.0,5.7889855e-18,0
13589,1.0,4.0467139e-19,0
13590,1.0,2.9522576e-13,0
13591,1.0,1.817698e-18,0
13592,1.0,2.6161604e-08,0
13593,1.0,1.6788604e-09,0
13594,1.0,1.4808417e-11,0
13595,1.0,4.0132532e-16,0
13596,1.0,5.1088236e-09,0
13597,1.0,1.8520428e-11,0
13598,1.0,1.4788731e-09,0
13599,1.0,9.1671315e-10,0
13600,1.0,2.2901303e-09,0
13601,1.0,2.2332846e-17,0
13602,1.0,7.593506e-09,0
13603,1.0,1.7955495e-09,0
13604,1.0,2.3292765e-16,0
13605,1.0,1.364326e-09,0
13606,1.0,5.7515874e-18,0
13607,1.0,2.3410326e-18,0
13608,1.0,4.262502e-14,0
13609,1.0,1.7236095e-18,0
13610,1.0,4.7482595e-21,0
13611,1.0,1.2225585e-17,0
13612,1.0,5.1497245e-14,0
13613,1.0,3.9170446e-15,0
13614,1.0,3.292056e-09,0
13615,1.0,1.3652652e-21,0
13616,1.0,6.7331115e-12,0
13617,1.0,2.2165723e-10,0
13618,1.0,6.4587725e-17,0
13619,1.0,4.62958e-09,0
13620,1.0,5.4916877e-15,0
13621,1.0,1.02928235e-08,0
13622,1.0,2.033926e-09,0
13623,1.0,1.0353103e-17,0
13624,1.0,2.6755922e-19,0
13625,1.0,1.7580969e-15,0
13626,1.0,1.1330092e-09,0
13627,0.9999999,1.698098e-07,0
13628,1.0,7.186161e-10,0
13629,1.0,2.640423e-16,0
13630,1.0,9.970569e-21,0
13631,1.0,2.847957e-12,0
13632,1.0,4.4482955e-12,0
13633,1.0,4.0564254e-09,0
13634,1.0,1.6498532e-08,0
13635,1.0,1.7072857e-22,0
13636,1.0,1.3200263e-17,0
13637,0.9999999,7.120962e-08,0
13638,0.9999981,1.9598494e-06,0
13639,1.0,1.1361107e-12,0
13640,1.0,1.1014736e-08,0
13641,1.0,6.471227e-17,0
13642,1.0,3.4837208e-10,0
13643,1.0,1.3150968e-23,0
13644,1.0,2.0892799e-09,0
13645,1.0,2.6338418e-10,0
13646,1.0,1.0908624e-09,0
13647,1.0,8.68936e-20,0
13648,1.0,8.283286e-13,0
13649,1.0,1.9719787e-18,0
13650,1.0,9.848338e-10,0
13651,1.0,2.4417202e-10,0
13652,1.0,2.4561114e-10,0
13653,1.0,1.0078463e-09,0
13654,1.0,2.2828119e-17,0
13655,1.0,7.251327e-18,0
13656,1.0,3.3632284e-09,0
13657,1.0,1.7326554e-09,0
13658,1.0,2.7691333e-10,0
13659,1.0,4.416369e-10,0
13660,1.0,1.1129605e-18,0
13661,1.0,1.9094266e-11,0
13662,1.0,5.85962e-09,0
13663,1.0,1.0408554e-15,0
13664,1.0,1.2979464e-09,0
13665,1.0,2.963828e-10,0
13666,1.0,1.3154674e-09,0
13667,1.0,2.0343076e-15,0
13668,1.0,3.0726904e-10,0
13669,1.0,1.769991e-11,0
13670,1.0,4.837502e-12,0
13671,1.0,7.0209485e-15,0
13672,1.0,3.0277338e-08,0
13673,1.0,1.3774363e-09,0
13674,1.0,1.9614887e-12,0
13675,1.0,2.594967e-10,0
13676,1.0,6.9521424e-09,0
13677,1.0,6.3738625e-18,0
13678,1.0,2.2246113e-10,0
13679,1.0,6.952416e-18,0
13680,1.0,9.530309e-10,0
13681,1.0,3.1375302e-16,0
13682,1.0,7.1462165e-23,0
13683,1.0,5.8228904e-19,0
13684,1.0,2.9550714e-15,0
13685,1.0,8.343757e-11,0
13686,1.0,2.3348792e-10,0
13687,1.0,1.0772673e-17,0
13688,1.0,1.0900562e-19,0
13689,1.0,2.5612908e-12,0
13690,1.0,5.6346257e-09,0
13691,1.0,3.4236452e-14,0
13692,1.0,4.9468667e-16,0
13693,1.0,8.8218386e-16,0
13694,1.0,6.4492106e-20,0
13695,1.0,5.9192677e-09,0
13696,1.0,1.6011311e-12,0
13697,1.0,1.8980353e-08,0
13698,1.0,1.2379987e-17,0
13699,1.0,7.239889e-09,0
13700,1.0,5.5232363e-10,0
13701,1.0,8.2139816e-17,0
13702,1.0,7.754075e-21,0
13703,1.0,2.4504709e-19,0
13704,1.0,1.0495405e-09,0
13705,1.0,6.867754e-09,0
13706,1.0,4.7541985e-16,0
13707,1.0,3.9310954e-10,0
13708,1.0,1.0159955e-08,0
13709,1.0,3.0409425e-11,0
13710,1.0,7.6781926e-21,0
13711,1.0,1.2096315e-14,0
13712,1.0,7.047777e-09,0
13713,1.0,4.1449406e-11,0
13714,1.0,8.4652646e-11,0
13715,1.0,1.0725315e-09,0
13716,1.0,1.1347409e-14,0
13717,1.0,3.4933756e-10,0
13718,1.0,5.995367e-19,0
13719,1.0,9.470264e-09,0
13720,1.0,5.707942e-13,0
13721,1.0,5.53724e-19,0
13722,1.0,5.9973154e-10,0
13723,1.0,3.5889595e-08,0
13724,0.99999213,7.864278e-06,0
13725,1.0,1.4538418e-09,0
13726,1.0,4.8057998e-09,0
13727,1.0,5.892602e-21,0
13728,1.0,8.458529e-12,0
13729,1.0,2.3844954e-16,0
13730,1.0,1.5492026e-15,0
13731,1.0,3.6059274e-12,0
13732,1.0,1.6459926e-09,0
13733,1.0,2.6229584e-21,0
13734,1.0,5.2057035e-20,0
13735,1.0,9.8567465e-12,0
13736,1.0,1.6831902e-15,0
13737,1.0,1.3197668e-10,0
13738,1.0,1.301403e-15,0
13739,1.0,4.8932974e-10,0
13740,1.0,3.9409414e-08,0
13741,1.0,1.5382348e-11,0
13742,1.0,3.3826994e-22,0
13743,1.0,5.619748e-17,0
13744,1.0,7.3790825e-23,0
13745,1.0,9.718785e-20,0
13746,1.0,1.7664145e-09,0
13747,1.0,8.222831e-15,0
13748,1.0,1.4328955e-19,0
13749,1.0,3.9157415e-09,0
13750,1.0,6.1451967e-21,0
13751,1.0,1.5885397e-21,0
13752,1.0,4.226787e-12,0
13753,1.0,3.3503814e-11,0
13754,1.0,1.3184221e-08,0
13755,1.0,1.1261906e-12,0
13756,1.0,4.522362e-09,0
13757,0.9999981,1.9300205e-06,0
13758,1.0,7.463452e-10,0
13759,1.0,7.924422e-09,0
13760,1.0,1.6997644e-10,0
13761,0.99999905,9.1349006e-07,0
13762,1.0,3.533008e-08,0
13763,1.0,8.095172e-09,0
13764,0.99999976,2.9765505e-07,0
13765,0.99999976,1.8955883e-07,0
13766,0.99999774,2.2919944e-06,0
13767,0.9999993,7.4660346e-07,0
13768,0.9999999,9.128389e-08,0
13769,1.0,5.8691302e-08,0
13770,0.9999981,1.932083e-06,0
13771,1.0,1.0855883e-09,0
13772,1.0,1.4705143e-08,0
13773,0.99999845,1.5633052e-06,0
13774,1.0,3.393316e-11,0
13775,1.0,2.481332e-13,0
13776,1.0,4.1405044e-09,0
13777,0.99999905,9.708714e-07,0
13778,1.0,2.3309734e-09,0
13779,1.0,1.2637077e-09,0
13780,0.9999999,1.1153552e-07,0
13781,1.0,2.1563729e-10,0
13782,1.0,8.5037144e-11,0
13783,1.0,2.3480997e-09,0
13784,0.99999845,1.5763766e-06,0
13785,1.0,4.36473e-08,0
13786,1.0,5.3365707e-08,0
13787,0.9999956,4.4248322e-06,0
13788,1.0,6.8628925e-10,0
13789,0.9999957,4.3249042e-06,0
13790,0.9999976,2.3960592e-06,0
13791,0.9999987,1.3574763e-06,0
13792,0.99999547,4.4907206e-06,0
13793,0.9999999,7.252856e-08,0
13794,0.9999982,1.7555047e-06,0
13795,1.0,6.2134164e-09,0
13796,0.9999988,1.1871336e-06,0
13797,1.0,1.7342954e-09,0
13798,1.0,5.4183868e-08,0
13799,0.9999999,1.03202304e-07,0
13800,1.0,8.578002e-10,0
13801,1.0,4.522728e-11,0
13802,0.9999994,6.3752805e-07,0
13803,1.0,1.6208432e-11,0
13804,0.99999905,9.735222e-07,0
13805,0.99999964,3.1860165e-07,0
13806,0.99999475,5.222969e-06,0
13807,1.0,2.616984e-08,0
13808,1.0,6.381479e-10,0
13809,1.0,5.222848e-13,0
13810,0.9999931,6.8919735e-06,0
13811,1.0,2.0238292e-13,0
13812,1.0,1.4588235e-11,0
13813,1.0,3.1126823e-11,0
13814,1.0,3.1714843e-11,0
13815,1.0,2.7940966e-13,0
13816,1.0,1.2402963e-09,0
13817,1.0,1.675698e-11,0
13818,1.0,6.048086e-11,0
13819,1.0,3.7135614e-10,0
13820,1.0,4.3391013e-10,0
13821,1.0,2.3914715e-10,0
13822,0.99999714,2.8576103e-06,0
13823,1.0,1.1496707e-10,0
13824,0.99999857,1.3961103e-06,0
13825,1.0,9.431925e-12,0
13826,1.0,5.363972e-11,0
13827,0.99999595,4.0332357e-06,0
13828,1.0,4.628326e-09,0
13829,1.0,2.1942916e-09,0
13830,1.0,3.297803e-11,0
13831,0.999997,2.9950124e-06,0
13832,1.0,7.190923e-09,0
13833,1.0,1.409373e-12,0
13834,1.0,1.7571499e-13,0
13835,1.0,1.8002664e-11,0
13836,0.99999833,1.6382156e-06,0
13837,0.9999995,4.9925376e-07,0
13838,0.99999857,1.4177416e-06,0
13839,0.9999989,1.0967358e-06,0
13840,0.99998665,1.3358239e-05,0
13841,0.9999993,6.6073153e-07,0
13842,0.9999881,1.19415345e-05,0
13843,1.0,2.7722364e-13,0
13844,0.9999958,4.155874e-06,0
13845,1.0,6.7885936e-10,0
13846,1.0,4.4959084e-12,0
13847,1.0,2.1465447e-10,0
13848,0.99999774,2.3034681e-06,0
13849,1.0,1.4928185e-10,0
13850,1.0,2.6159809e-08,0
13851,1.0,1.7570573e-08,0
13852,0.99999964,3.200784e-07,0
13853,1.0,1.3659984e-08,0
13854,0.99999976,2.8181145e-07,0
13855,1.0,1.6581272e-13,0
13856,1.0,3.114908e-08,0
13857,1.0,9.573201e-09,0
13858,1.0,3.8143366e-10,0
13859,1.0,4.728834e-11,0
13860,1.0,6.8321676e-12,0
13861,1.0,1.6958007e-10,0
13862,1.0,2.5686073e-10,0
13863,0.9999989,1.0955985e-06,0
13864,1.0,4.586751e-12,0
13865,1.0,3.241699e-08,0
13866,1.0,3.0920193e-11,0
13867,1.0,1.41112755e-11,0
13868,1.0,1.1626342e-11,0
13869,0.99999964,3.5178454e-07,0
13870,1.0,2.0296355e-13,0
13871,0.9999927,7.2127777e-06,0
13872,1.0,8.064091e-12,0
13873,1.0,3.3344816e-11,0
13874,0.99999964,3.3110976e-07,0
13875,1.0,9.530959e-11,0
13876,0.9999937,6.333301e-06,0
13877,1.0,5.88877e-10,0
13878,1.0,3.631519e-13,0
13879,0.9999924,7.5985017e-06,0
13880,1.0,1.03169286e-10,0
13881,1.0,2.5188285e-11,0
13882,1.0,4.2136064e-10,0
13883,1.0,9.527729e-10,0
13884,1.0,2.6499716e-10,0
13885,1.0,5.381519e-10,0
13886,1.0,5.220652e-11,0
13887,0.9999999,8.4054086e-08,0
13888,0.99999726,2.6882171e-06,0
13889,1.0,4.3446392e-11,0
13890,1.0,2.5901212e-10,0
13891,1.0,3.2694103e-09,0
13892,0.99999964,3.2263432e-07,0
13893,0.9999999,9.555801e-08,0
13894,1.0,5.9628856e-12,0
13895,1.0,2.8759412e-10,0
13896,0.9999982,1.8081862e-06,0
13897,1.0,2.698748e-12,0
13898,1.0,1.6851283e-10,0
13899,0.99999976,2.404964e-07,0
13900,1.0,4.4735234e-08,0
13901,0.9999999,6.061861e-08,0
13902,1.0,1.01229505e-08,0
13903,1.0,2.6653897e-08,0
13904,1.0,1.3644516e-08,0
13905,1.0,6.724301e-10,0
13906,1.0,4.687226e-09,0
13907,1.0,9.4659024e-11,0
13908,0.9999999,1.7213718e-07,0
13909,1.0,1.1238475e-08,0
13910,1.0,4.7241805e-08,0
13911,1.0,3.2521744e-10,0
13912,0.9999999,6.98307e-08,0
13913,1.0,3.0668894e-09,0
13914,0.9999989,1.0268546e-06,0
13915,0.9999994,6.0967636e-07,0
13916,1.0,3.7244592e-09,0
13917,0.9999999,9.682689e-08,0
13918,1.0,2.3763356e-13,0
13919,1.0,2.1676271e-13,0
13920,1.0,3.4194847e-12,0
13921,0.9999931,6.9460016e-06,0
13922,0.9999982,1.7416442e-06,0
13923,1.0,6.612567e-10,0
13924,0.99998856,1.1478703e-05,0
13925,1.0,7.558723e-13,0
13926,1.0,8.5856466e-10,0
13927,1.0,1.527609e-12,0
13928,1.0,1.9194547e-10,0
13929,0.99999,9.953899e-06,0
13930,1.0,5.945607e-10,0
13931,1.0,7.75687e-10,0
13932,1.0,8.4216125e-13,0
13933,1.0,1.8816984e-09,0
13934,0.99999857,1.4886737e-06,0
13935,1.0,3.7715203e-08,0
13936,1.0,5.658848e-09,0
13937,1.0,8.036135e-11,0
13938,0.99999547,4.508069e-06,0
13939,1.0,1.8830085e-13,0
13940,1.0,3.443926e-08,0
13941,0.99999976,2.517637e-07,0
13942,1.0,1.3738462e-10,0
13943,1.0,5.6242257e-11,0
13944,0.99999976,2.3572694e-07,0
13945,1.0,1.920274e-11,0
13946,1.0,6.444288e-10,0
13947,1.0,2.6115413e-10,0
13948,0.9999944,5.5781848e-06,0
13949,0.9999845,1.550629e-05,0
13950,0.9999982,1.7897945e-06,0
13951,1.0,1.7182046e-09,0
13952,0.99999964,3.289008e-07,0
13953,1.0,7.159712e-11,0
13954,1.0,7.41332e-12,0
13955,1.0,6.4597847e-09,0
13956,1.0,2.876705e-09,0
13957,1.0,3.0116618e-10,0
13958,1.0,9.995673e-12,0
13959,0.99999857,1.4346491e-06,0
13960,0.9999981,1.9119864e-06,0
13961,1.0,1.5731776e-09,0
13962,0.9999994,6.0680156e-07,0
13963,1.0,4.8368727e-09,0
13964,1.0,1.4548293e-09,0
13965,0.99999905,9.4079894e-07,0
13966,1.0,2.8336566e-09,0
13967,1.0,2.6821974e-09,0
13968,1.0,2.4178737e-08,0
13969,0.9999988,1.1914278e-06,0
13970,1.0,4.078804e-11,0
13971,0.99999845,1.5687581e-06,0
13972,1.0,2.4725635e-09,0
13973,1.0,5.216939e-11,0
13974,1.0,2.0288347e-09,0
13975,1.0,4.94218e-12,0
13976,1.0,2.577436e-10,0
13977,1.0,7.750857e-12,0
13978,1.0,5.09468e-11,0
13979,0.99999964,4.0295845e-07,0
13980,1.0,9.8254e-12,0
13981,0.99999845,1.5055064e-06,0
13982,0.99999857,1.4675634e-06,0
13983,0.9999999,8.862705e-08,0
13984,1.0,1.934702e-09,0
13985,0.99999857,1.4413482e-06,0
13986,0.9999999,9.330418e-08,0
13987,1.0,5.58036e-08,0
13988,0.9999999,9.6851274e-08,0
13989,1.0,4.8527022e-09,0
13990,1.0,1.641308e-10,0
13991,1.0,2.6072637e-08,0
13992,0.9999994,5.597447e-07,0
13993,0.9999999,8.146926e-08,0
13994,1.0,5.3250275e-09,0
13995,0.99996006,3.9949504e-05,0
13996,1.0,5.839846e-10,0
13997,0.99999857,1.4781654e-06,0
13998,1.0,3.670322e-08,0
13999,1.0,2.9893567e-08,0
14000,0.9999994,6.2971736e-07,0
14001,1.0,7.706148e-12,0
14002,1.0,1.6625887e-10,0
14003,0.99999285,7.2105845e-06,0
14004,0.9999999,1.4102558e-07,0
14005,1.0,5.055804e-11,0
14006,1.0,2.688124e-12,0
14007,1.0,9.839256e-09,0
14008,1.0,5.3079785e-10,0
14009,1.0,3.7759483e-11,0
14010,1.0,6.092247e-10,0
14011,1.0,7.839214e-09,0
14012,0.99999857,1.3790348e-06,0
14013,1.0,1.3191803e-10,0
14014,1.0,1.1990823e-08,0
14015,0.9999999,1.5177208e-07,0
14016,1.0,3.4364374e-09,0
14017,1.0,1.1104599e-08,0
14018,1.0,5.88135e-10,0
14019,0.99997044,2.9524694e-05,0
14020,1.0,1.3657782e-10,0
14021,1.0,1.5080333e-08,0
14022,1.0,1.895162e-09,0
14023,1.0,1.5185851e-09,0
14024,1.0,1.0966683e-09,0
14025,1.0,1.6058168e-08,0
14026,1.0,1.3016944e-10,0
14027,0.9999999,1.4949947e-07,0
14028,1.0,3.5055387e-09,0
14029,1.0,2.4546312e-10,0
14030,0.9999963,3.720773e-06,0
14031,0.9999918,8.2087445e-06,0
14032,1.0,3.4371979e-09,0
14033,1.0,4.589716e-09,0
14034,1.0,2.1323714e-11,0
14035,1.0,1.7477368e-10,0
14036,1.0,3.9728885e-08,0
14037,0.9999981,1.8555675e-06,0
14038,0.99999225,7.795195e-06,0
14039,0.99999964,3.843678e-07,0
14040,0.9999999,1.3863107e-07,0
14041,0.9999999,9.304169e-08,0
14042,1.0,4.259752e-08,0
14043,0.9999999,1.6875575e-07,0
14044,1.0,1.3062758e-10,0
14045,1.0,4.68785e-10,0
14046,0.99999857,1.4488841e-06,0
14047,0.99999964,3.7938145e-07,0
14048,1.0,4.418916e-09,0
14049,1.0,2.0393838e-09,0
14050,1.0,1.6889574e-10,0
14051,1.0,5.617933e-11,0
14052,1.0,8.87032e-11,0
14053,0.9999995,5.203125e-07,0
14054,1.0,6.401273e-11,0
14055,1.0,3.7123737e-09,0
14056,1.0,1.4703201e-09,0
14057,1.0,2.90026e-11,0
14058,1.0,1.0585244e-10,0
14059,1.0,2.3935716e-09,0
14060,0.9999856,1.4422184e-05,0
14061,1.0,1.5457518e-08,0
14062,1.0,1.3183496e-11,0
14063,0.9999924,7.649659e-06,0
14064,1.0,6.280456e-11,0
14065,1.0,1.8011722e-12,0
14066,1.0,5.6416184e-08,0
14067,1.0,1.0692064e-09,0
14068,0.99999905,9.35142e-07,0
14069,0.9999989,1.0680776e-06,0
14070,1.0,6.926383e-10,0
14071,1.0,2.5915692e-10,0
14072,1.0,2.145888e-08,0
14073,1.0,3.3104658e-10,0
14074,1.0,2.1882492e-08,0
14075,1.0,3.0051778e-10,0
14076,1.0,7.0245525e-11,0
14077,1.0,5.854057e-09,0
14078,0.99999905,9.3409386e-07,0
14079,0.9999999,1.4643713e-07,0
14080,1.0,4.3204338e-08,0
14081,1.0,5.86254e-12,0
14082,0.9999987,1.2963683e-06,0
14083,1.0,2.228392e-09,0
14084,1.0,7.860691e-11,0
14085,1.0,1.24755995e-11,0
14086,1.0,2.4920716e-08,0
14087,0.9999974,2.6634439e-06,0
14088,1.0,5.1531045e-14,0
14089,1.0,2.8857422e-11,0
14090,1.0,6.2942767e-09,0
14091,1.0,4.59529e-08,0
14092,0.99999976,2.225658e-07,0
14093,1.0,3.6056682e-11,0
14094,1.0,1.5554717e-10,0
14095,1.0,2.8531952e-14,0
14096,0.99999046,9.576102e-06,0
14097,1.0,6.57071e-11,0
14098,1.0,1.1124583e-09,0
14099,0.99999595,3.9953543e-06,0
14100,1.0,1.4662907e-08,0
14101,0.9999993,6.9468757e-07,0
14102,1.0,2.8208977e-09,0
14103,1.0,9.163286e-10,0
14104,0.99999297,7.039671e-06,0
14105,0.99998915,1.0877363e-05,0
14106,0.9999634,3.661174e-05,0
14107,1.0,3.9052825e-10,0
14108,0.99999833,1.671685e-06,0
14109,1.0,2.5965889e-08,0
14110,1.0,1.2342998e-09,0
14111,1.0,4.526631e-10,0
14112,0.9999999,1.6457322e-07,0
14113,1.0,2.3937282e-08,0
14114,0.99999964,3.3315246e-07,0
14115,0.9999968,3.2017567e-06,0
14116,1.0,5.115613e-08,0
14117,1.0,2.325253e-10,0
14118,0.9999999,7.6101834e-08,0
14119,1.0,1.0458371e-10,0
14120,0.99999964,3.6688525e-07,0
14121,0.9999994,5.466052e-07,0
14122,1.0,4.2091883e-10,0
14123,1.0,1.8072143e-09,0
14124,0.9999999,1.2378821e-07,0
14125,0.9999999,1.4743429e-07,0
14126,0.99996805,3.198041e-05,0
14127,1.0,6.291852e-09,0
14128,1.0,8.404587e-09,0
14129,1.0,3.0344331e-09,0
14130,1.0,9.2161905e-09,0
14131,0.99999964,4.0138977e-07,0
14132,1.0,1.3873018e-10,0
14133,0.9999814,1.8537845e-05,0
14134,1.0,4.89771e-08,0
14135,0.999992,7.948514e-06,0
14136,0.9999999,7.304724e-08,0
14137,0.99999464,5.4111642e-06,0
14138,0.99999774,2.222575e-06,0
14139,0.9999999,1.0800707e-07,0
14140,0.9999999,8.1395164e-08,0
14141,1.0,1.7198727e-10,0
14142,1.0,1.9307292e-08,0
14143,0.9999982,1.8316669e-06,0
14144,1.0,2.5908486e-09,0
14145,1.0,6.8930256e-10,0
14146,1.0,7.379234e-09,0
14147,0.9999995,4.4048232e-07,0
14148,0.99999964,3.730305e-07,0
14149,0.9999999,1.12110115e-07,0
14150,0.9999999,7.205644e-08,0
14151,0.9999999,1.5092628e-07,0
14152,0.9999999,8.183462e-08,0
14153,1.0,2.5780802e-10,0
14154,1.0,4.2033318e-10,0
14155,1.0,5.13513e-10,0
14156,1.0,2.8913334e-08,0
14157,1.0,3.4388652e-08,0
14158,1.0,1.854406e-09,0
14159,0.9999993,6.783991e-07,0
14160,0.99999964,4.0170914e-07,0
14161,1.0,1.7789796e-08,0
14162,1.0,5.1958157e-08,0
14163,0.9999999,1.162366e-07,0
14164,1.0,5.7551286e-08,0
14165,1.0,7.14827e-13,0
14166,1.0,1.864081e-08,0
14167,1.0,8.342316e-09,0
14168,1.0,3.0058872e-11,0
14169,0.999987,1.2967396e-05,0
14170,0.99998367,1.6360409e-05,0
14171,1.0,5.0328384e-11,0
14172,0.99999404,5.9932777e-06,0
14173,1.0,5.8335733e-08,0
14174,0.99999726,2.7469112e-06,0
14175,0.9999894,1.0607683e-05,0
14176,0.99985814,0.00014178197,0
14177,1.0,4.307478e-10,0
14178,0.99999976,2.1104788e-07,0
14179,0.9999943,5.6877698e-06,0
14180,1.0,3.700622e-10,0
14181,0.99999654,3.4828156e-06,0
14182,0.99999976,2.4699588e-07,0
14183,0.9999981,1.9569022e-06,0
14184,1.0,2.3502864e-09,0
14185,0.9999995,5.070704e-07,0
14186,0.9999999,6.6530056e-08,0
14187,1.0,3.3032646e-09,0
14188,0.99999976,2.3759162e-07,0
14189,1.0,1.4446033e-10,0
14190,1.0,1.3187181e-09,0
14191,0.99996185,3.8181457e-05,0
14192,1.0,1.348055e-10,0
14193,1.0,4.1688438e-08,0
14194,0.99999523,4.808425e-06,0
14195,1.0,2.3333066e-11,0
14196,0.9999999,7.620569e-08,0
14197,0.9999999,1.168841e-07,0
14198,1.0,1.43176155e-08,0
14199,1.0,3.0012786e-09,0
14200,0.9999995,5.0074243e-07,0
14201,0.9999982,1.7557157e-06,0
14202,1.0,3.654277e-08,0
14203,1.0,3.4275562e-08,0
14204,0.9999987,1.3028081e-06,0
14205,1.0,1.02874065e-08,0
14206,1.0,2.691097e-10,0
14207,1.0,1.1966826e-09,0
14208,0.9999999,6.525196e-08,0
14209,1.0,5.4925187e-10,0
14210,0.99999845,1.596442e-06,0
14211,1.0,2.2331031e-08,0
14212,0.9999993,7.1803987e-07,0
14213,0.99998236,1.7606419e-05,0
14214,0.9999999,1.0618807e-07,0
14215,1.0,2.9850138e-09,0
14216,0.9999999,1.751218e-07,0
14217,1.0,8.294971e-09,0
14218,1.0,5.006419e-09,0
14219,0.99999964,3.318087e-07,0
14220,0.9999988,1.1671128e-06,0
14221,1.0,1.6359645e-09,0
14222,0.99999976,2.051722e-07,0
14223,1.0,1.9788839e-08,0
14224,1.0,4.261029e-11,0
14225,1.0,5.84554e-10,0
14226,0.9999999,1.4811413e-07,0
14227,0.99999905,9.537644e-07,0
14228,0.99999964,3.9348882e-07,0
14229,1.0,1.5976749e-12,0
14230,1.0,1.1671168e-09,0
14231,1.0,3.044593e-11,0
14232,0.9999993,6.8243196e-07,0
14233,1.0,2.5623794e-09,0
14234,1.0,4.0538133e-08,0
14235,1.0,2.7274099e-09,0
14236,0.99999976,2.440387e-07,0
14237,1.0,1.2928042e-10,0
14238,1.0,1.2965115e-09,0
14239,1.0,1.6021394e-08,0
14240,1.0,9.594076e-09,0
14241,1.0,1.9444517e-11,0
14242,1.0,2.6833858e-08,0
14243,1.0,4.8261214e-08,0
14244,1.0,1.7492083e-09,0
14245,1.0,3.4426502e-09,0
14246,0.9999969,3.1361244e-06,0
14247,1.0,5.674274e-08,0
14248,1.0,8.4263284e-11,0
14249,1.0,3.6591413e-10,0
14250,1.0,1.4285685e-10,0
14251,0.99999976,2.2363346e-07,0
14252,1.0,9.141779e-10,0
14253,1.0,1.3953168e-09,0
14254,1.0,1.3893277e-10,0
14255,1.0,1.627114e-13,0
14256,1.0,7.3356468e-09,0
14257,1.0,1.2448916e-13,0
14258,1.0,5.48705e-11,0
14259,1.0,3.3641778e-09,0
14260,1.0,7.931763e-11,0
14261,1.0,1.4059017e-08,0
14262,0.99987483,0.00012510635,0
14263,0.99999785,2.2022566e-06,0
14264,0.9999995,4.861937e-07,0
14265,1.0,5.1125117e-08,0
14266,1.0,6.98053e-11,0
14267,1.0,3.9414e-08,0
14268,1.0,2.2480048e-08,0
14269,1.0,3.2650418e-09,0
14270,1.0,1.2813528e-09,0
14271,0.99999976,2.0878156e-07,0
14272,1.0,1.9768147e-10,0
14273,0.9999995,4.909373e-07,0
14274,1.0,1.5723062e-11,0
14275,1.0,1.5233225e-09,0
14276,0.9999999,8.6140155e-08,0
14277,1.0,4.034298e-08,0
14278,1.0,1.9745021e-09,0
14279,1.0,1.5443755e-08,0
14280,0.99999964,3.3389168e-07,0
14281,0.9999999,1.6138438e-07,0
14282,0.9999999,1.0667711e-07,0
14283,1.0,3.8842575e-11,0
14284,0.99999905,9.02925e-07,0
14285,0.9999999,1.594838e-07,0
14286,1.0,2.179926e-08,0
14287,1.0,1.6037019e-08,0
14288,1.0,2.3642526e-08,0
14289,1.0,2.2802535e-09,0
14290,1.0,1.519958e-10,0
14291,0.99998105,1.897423e-05,0
14292,0.9999999,9.0067196e-08,0
14293,1.0,1.4769056e-09,0
14294,1.0,8.539069e-10,0
14295,1.0,1.0534453e-09,0
14296,0.9999995,4.4133677e-07,0
14297,0.9999988,1.1782494e-06,0
14298,1.0,4.1139417e-10,0
14299,0.9999982,1.8413435e-06,0
14300,1.0,5.6625726e-09,0
14301,0.9999982,1.8379014e-06,0
14302,1.0,2.8831058e-08,0
14303,1.0,1.1461615e-09,0
14304,1.0,6.136637e-09,0
14305,0.9999988,1.2032242e-06,0
14306,1.0,5.468497e-10,0
14307,1.0,2.516345e-08,0
14308,1.0,1.9506749e-10,0
14309,1.0,5.1322278e-08,0
14310,1.0,9.987455e-09,0
14311,0.99999976,1.8671487e-07,0
14312,1.0,1.5293014e-10,0
14313,1.0,2.5445444e-09,0
14314,1.0,1.4172141e-09,0
14315,1.0,3.5449553e-08,0
14316,1.0,4.1065254e-10,0
14317,0.9999993,6.606232e-07,0
14318,0.99999976,2.3689385e-07,0
14319,0.9999713,2.8694334e-05,0
14320,1.0,3.9253262e-10,0
14321,1.0,2.7640096e-10,0
14322,1.0,1.0086669e-10,0
14323,1.0,1.8362314e-08,0
14324,1.0,8.372524e-09,0
14325,1.0,2.8424911e-09,0
14326,0.9999999,9.0745566e-08,0
14327,1.0,2.8065847e-09,0
14328,0.9999999,7.3514066e-08,0
14329,1.0,1.8732033e-10,0
14330,1.0,1.1949303e-10,0
14331,0.9999939,6.1037895e-06,0
14332,1.0,1.8333512e-12,0
14333,1.0,6.030143e-10,0
14334,0.99996257,3.7474638e-05,0
14335,1.0,1.7164842e-10,0
14336,1.0,3.4762007e-10,0
14337,1.0,9.434201e-10,0
14338,1.0,5.667148e-11,0
14339,1.0,7.395166e-10,0
14340,1.0,2.803563e-08,0
14341,1.0,8.2671986e-10,0
14342,0.99999106,8.889486e-06,0
14343,1.0,1.8257725e-11,0
14344,1.0,3.1006566e-09,0
14345,1.0,8.9632475e-11,0
14346,0.9999988,1.1373118e-06,0
14347,0.9999908,9.159272e-06,0
14348,0.99999976,2.186994e-07,0
14349,0.9999982,1.7481539e-06,0
14350,0.9999999,9.490302e-08,0
14351,1.0,4.125904e-09,0
14352,0.9999999,6.1788036e-08,0
14353,1.0,6.254414e-09,0
14354,0.999982,1.804991e-05,0
14355,1.0,5.0067883e-10,0
14356,1.0,4.908633e-08,0
14357,0.99999714,2.8087768e-06,0
14358,1.0,3.385e-09,0
14359,0.999997,2.9864016e-06,0
14360,0.99999607,3.8956928e-06,0
14361,1.0,3.0373154e-10,0
14362,1.0,1.6203733e-11,0
14363,0.9999999,1.0496576e-07,0
14364,1.0,7.807571e-11,0
14365,1.0,6.9752137e-09,0
14366,1.0,4.29465e-09,0
14367,1.0,1.6597703e-08,0
14368,1.0,1.16684795e-08,0
14369,1.0,1.783284e-08,0
14370,0.9999999,9.144351e-08,0
14371,0.99999845,1.5405443e-06,0
14372,1.0,1.1912399e-09,0
14373,1.0,3.0618263e-10,0
14374,1.0,1.2752337e-08,0
14375,1.0,4.8644877e-10,0
14376,1.0,6.0650474e-10,0
14377,0.9999999,1.6866356e-07,0
14378,1.0,2.2900866e-09,0
14379,1.0,6.699829e-12,0
14380,1.0,2.4731932e-11,0
14381,1.0,2.4078124e-09,0
14382,1.0,1.677388e-09,0
14383,1.0,4.5120764e-08,0
14384,1.0,3.0723537e-08,0
14385,1.0,3.4132133e-10,0
14386,0.9999962,3.7756122e-06,0
14387,1.0,1.8320474e-08,0
14388,1.0,1.1567803e-09,0
14389,1.0,6.458349e-11,0
14390,1.0,1.199081e-10,0
14391,1.0,3.4424148e-12,0
14392,1.0,4.2763706e-10,0
14393,1.0,1.2407932e-09,0
14394,1.0,1.672308e-10,0
14395,1.0,3.6328388e-11,0
14396,1.0,2.5381046e-11,0
14397,1.0,4.239188e-12,0
14398,1.0,2.298669e-12,0
14399,1.0,1.8228029e-09,0
14400,1.0,3.442272e-11,0
14401,1.0,1.0919526e-14,0
14402,1.0,1.280747e-09,0
14403,1.0,9.890881e-10,0
14404,1.0,2.3612464e-12,0
14405,0.99999845,1.4959204e-06,0
14406,1.0,3.37475e-09,0
14407,1.0,4.4323836e-11,0
14408,1.0,2.5904978e-09,0
14409,1.0,1.927991e-12,0
14410,1.0,8.772559e-12,0
14411,1.0,3.132878e-12,0
14412,1.0,7.5661734e-11,0
14413,1.0,7.270828e-10,0
14414,1.0,3.1957262e-10,0
14415,0.9999999,7.115613e-08,0
14416,0.99999905,1.0024404e-06,0
14417,1.0,1.8469842e-11,0
14418,1.0,5.4621754e-08,0
14419,1.0,1.2361492e-09,0
14420,1.0,2.166844e-11,0
14421,1.0,5.3225393e-09,0
14422,1.0,1.5222165e-12,0
14423,1.0,1.846587e-10,0
14424,1.0,5.6346195e-11,0
14425,1.0,2.0042203e-08,0
14426,1.0,1.0395119e-08,0
14427,1.0,4.2282586e-10,0
14428,1.0,4.5976825e-12,0
14429,1.0,3.4188297e-10,0
14430,1.0,1.6258391e-13,0
14431,1.0,9.570463e-09,0
14432,0.99999964,3.0614967e-07,0
14433,1.0,6.6302486e-10,0
14434,1.0,1.1771211e-13,0
14435,1.0,2.2988118e-10,0
14436,0.99999976,2.467249e-07,0
14437,1.0,5.0465193e-10,0
14438,1.0,2.845397e-10,0
14439,1.0,2.3671044e-08,0
14440,1.0,4.2441645e-08,0
14441,1.0,5.8637792e-09,0
14442,1.0,5.1330545e-10,0
14443,1.0,2.2145281e-09,0
14444,1.0,4.2656662e-10,0
14445,1.0,1.3888496e-08,0
14446,1.0,3.8115727e-10,0
14447,0.9999999,6.847836e-08,0
14448,1.0,1.2720611e-08,0
14449,1.0,1.895874e-13,0
14450,1.0,1.7115656e-12,0
14451,1.0,1.675388e-11,0
14452,1.0,9.9578096e-11,0
14453,1.0,3.89733e-09,0
14454,1.0,1.05597e-09,0
14455,1.0,1.4748603e-11,0
14456,1.0,1.396174e-09,0
14457,1.0,1.1984603e-08,0
14458,1.0,6.9282295e-11,0
14459,1.0,6.3601296e-10,0
14460,1.0,7.2011894e-09,0
14461,1.0,1.3788287e-10,0
14462,1.0,7.160839e-09,0
14463,1.0,1.11449884e-10,0
14464,1.0,5.1569273e-11,0
14465,1.0,1.0064568e-10,0
14466,1.0,1.04670664e-11,0
14467,1.0,1.0185198e-08,0
14468,1.0,4.0172764e-11,0
14469,1.0,1.6675859e-08,0
14470,1.0,1.192968e-09,0
14471,1.0,4.6497364e-10,0
14472,1.0,8.117629e-11,0
14473,1.0,2.6744823e-10,0
14474,1.0,1.5901301e-11,0
14475,1.0,1.119306e-08,0
14476,1.0,1.9126853e-11,0
14477,1.0,3.2830765e-09,0
14478,1.0,2.530781e-11,0
14479,1.0,5.2644474e-08,0
14480,1.0,5.915763e-11,0
14481,1.0,1.16885e-09,0
14482,1.0,8.712343e-09,0
14483,1.0,1.6584334e-10,0
14484,1.0,4.0274362e-10,0
14485,1.0,6.830324e-10,0
14486,1.0,5.3054683e-10,0
14487,1.0,8.656319e-10,0
14488,1.0,9.99893e-09,0
14489,1.0,3.3199477e-08,0
14490,1.0,2.0413704e-11,0
14491,1.0,1.836869e-08,0
14492,1.0,3.0180303e-12,0
14493,1.0,3.6447642e-10,0
14494,1.0,1.7380306e-09,0
14495,1.0,4.443953e-12,0
14496,1.0,3.298981e-10,0
14497,1.0,6.016472e-10,0
14498,1.0,1.0440593e-10,0
14499,1.0,2.373757e-10,0
14500,1.0,8.100933e-09,0
14501,1.0,3.033919e-12,0
14502,1.0,1.0320536e-09,0
14503,1.0,5.710434e-10,0
14504,1.0,1.0829984e-10,0
14505,1.0,6.6689734e-09,0
14506,1.0,8.0097884e-10,0
14507,1.0,4.8201507e-08,0
14508,1.0,1.07410845e-08,0
14509,1.0,1.0414702e-09,0
14510,1.0,2.246753e-12,0
14511,1.0,1.7545963e-11,0
14512,1.0,2.0351493e-08,0
14513,1.0,2.5665272e-09,0
14514,1.0,1.8910718e-08,0
14515,1.0,7.862149e-10,0
14516,1.0,1.0289618e-09,0
14517,1.0,4.0199285e-11,0
14518,1.0,7.943254e-11,0
14519,1.0,1.4991851e-09,0
14520,1.0,1.8344678e-11,0
14521,1.0,1.7686428e-09,0
14522,1.0,3.8216603e-11,0
14523,1.0,5.6572556e-11,0
14524,1.0,2.8382934e-12,0
14525,1.0,1.7267533e-09,0
14526,1.0,2.8756355e-09,0
14527,1.0,4.5889414e-11,0
14528,1.0,2.0877344e-09,0
14529,1.0,1.1227237e-10,0
14530,1.0,1.5304358e-11,0
14531,1.0,6.4331976e-14,0
14532,1.0,2.6312472e-09,0
14533,1.0,5.2184075e-09,0
14534,1.0,2.7055744e-10,0
14535,1.0,4.538371e-10,0
14536,1.0,1.1094166e-11,0
14537,1.0,2.5404077e-09,0
14538,1.0,1.8419404e-10,0
14539,1.0,1.4229122e-10,0
14540,1.0,1.15471646e-10,0
14541,1.0,5.2160186e-13,0
14542,1.0,3.9626056e-11,0
14543,1.0,2.740881e-12,0
14544,1.0,1.5347593e-11,0
14545,0.99999964,3.263506e-07,0
14546,1.0,5.615632e-10,0
14547,1.0,2.1995158e-10,0
14548,1.0,2.9138556e-11,0
14549,1.0,3.2310803e-09,0
14550,1.0,1.2973964e-10,0
14551,1.0,7.670306e-09,0
14552,0.9999999,1.7681016e-07,0
14553,1.0,4.0213548e-11,0
14554,1.0,3.0348326e-09,0
14555,1.0,1.1924152e-09,0
14556,1.0,1.0201441e-10,0
14557,1.0,1.1587501e-09,0
14558,1.0,3.77109e-11,0
14559,1.0,2.3563088e-10,0
14560,1.0,1.4558911e-11,0
14561,1.0,1.1850067e-11,0
14562,1.0,1.8695279e-09,0
14563,1.0,6.514555e-11,0
14564,1.0,2.1391795e-10,0
14565,1.0,9.9495696e-11,0
14566,0.9999988,1.1374257e-06,0
14567,1.0,9.896438e-12,0
14568,1.0,3.1109568e-10,0
14569,1.0,9.090416e-10,0
14570,1.0,1.1017271e-13,0
14571,1.0,2.2115206e-11,0
14572,1.0,6.758514e-11,0
14573,1.0,3.809812e-11,0
14574,1.0,6.8169483e-09,0
14575,1.0,3.920854e-09,0
14576,1.0,2.9633743e-11,0
14577,1.0,8.055564e-11,0
14578,1.0,2.691894e-09,0
14579,1.0,2.4168225e-08,0
14580,1.0,7.1990196e-09,0
14581,1.0,2.9099277e-12,0
14582,1.0,4.3448094e-09,0
14583,0.9999999,1.006178e-07,0
14584,1.0,2.1269546e-13,0
14585,0.9999999,1.048793e-07,0
14586,1.0,5.9400074e-10,0
14587,1.0,1.8346762e-09,0
14588,1.0,5.551073e-11,0
14589,1.0,2.3260159e-10,0
14590,1.0,5.515678e-10,0
14591,1.0,1.8398748e-11,0
14592,1.0,1.5392218e-10,0
14593,1.0,7.632916e-09,0
14594,1.0,1.1236605e-09,0
14595,1.0,1.0869287e-13,0
14596,0.9999999,9.704172e-08,0
14597,1.0,5.076747e-10,0
14598,1.0,8.581542e-09,0
14599,1.0,4.3239823e-10,0
14600,1.0,1.505984e-08,0
14601,1.0,3.8136623e-09,0
14602,1.0,5.485465e-09,0
14603,1.0,5.4207767e-11,0
14604,1.0,1.458992e-09,0
14605,1.0,6.340314e-10,0
14606,1.0,2.5584368e-10,0
14607,1.0,2.6454847e-08,0
14608,0.9999999,1.7756888e-07,0
14609,0.9999999,7.694928e-08,0
14610,1.0,4.6395243e-09,0
14611,1.0,2.6877152e-11,0
14612,1.0,1.7813471e-11,0
14613,1.0,1.4875013e-09,0
14614,1.0,2.0616077e-11,0
14615,1.0,8.362892e-11,0
14616,1.0,4.0507175e-10,0
14617,1.0,8.5362845e-10,0
14618,1.0,2.0004687e-09,0
14619,1.0,1.2135996e-10,0
14620,1.0,5.0846324e-11,0
14621,1.0,3.8516603e-09,0
14622,1.0,3.258174e-09,0
14623,1.0,2.0325236e-11,0
14624,1.0,2.1037714e-09,0
14625,1.0,2.2925613e-08,0
14626,1.0,4.227714e-12,0
14627,1.0,4.854576e-11,0
14628,1.0,8.4615835e-11,0
14629,0.99999964,3.5050832e-07,0
14630,1.0,1.9466144e-08,0
14631,1.0,2.2698479e-09,0
14632,1.0,4.2620552e-10,0
14633,1.0,1.5158144e-11,0
14634,1.0,2.9961023e-09,0
14635,1.0,2.6515103e-09,0
14636,1.0,4.454614e-11,0
14637,0.9999999,6.778172e-08,0
14638,1.0,2.9069017e-10,0
14639,1.0,1.4093099e-10,0
14640,1.0,4.3464568e-10,0
14641,1.0,9.941001e-10,0
14642,1.0,4.811156e-09,0
14643,1.0,2.3743638e-10,0
14644,1.0,8.842355e-09,0
14645,1.0,5.8886634e-08,0
14646,0.99999964,3.3913742e-07,0
14647,1.0,5.250398e-12,0
14648,0.9999999,1.3618833e-07,0
14649,0.9999999,1.2169228e-07,0
14650,1.0,5.084843e-12,0
14651,1.0,6.631994e-10,0
14652,1.0,9.863306e-09,0
14653,1.0,4.8752483e-08,0
14654,1.0,1.3444102e-08,0
14655,1.0,1.2701016e-09,0
14656,1.0,5.663264e-09,0
14657,1.0,1.2177269e-10,0
14658,1.0,3.0141244e-08,0
14659,1.0,3.730673e-09,0
14660,1.0,4.1785198e-10,0
14661,1.0,3.35181e-09,0
14662,1.0,5.2161237e-11,0
14663,1.0,3.2284793e-17,0
14664,1.0,1.4851534e-10,0
14665,1.0,1.8264371e-08,0
14666,0.9999999,1.5023295e-07,0
14667,1.0,8.2170504e-10,0
14668,1.0,5.5220175e-09,0
14669,1.0,1.917113e-10,0
14670,1.0,1.3854727e-09,0
14671,1.0,4.281253e-09,0
14672,1.0,5.6322187e-09,0
14673,1.0,5.4042233e-09,0
14674,1.0,4.2618767e-10,0
14675,1.0,1.89311e-09,0
14676,1.0,4.5235045e-11,0
14677,1.0,3.0290697e-11,0
14678,1.0,2.4529254e-12,0
14679,1.0,8.345881e-09,0
14680,1.0,2.1752418e-11,0
14681,1.0,6.4770016e-11,0
14682,1.0,4.7264135e-09,0
14683,1.0,5.453873e-10,0
14684,1.0,1.2780394e-11,0
14685,1.0,4.1200003e-08,0
14686,1.0,2.672886e-10,0
14687,1.0,3.500846e-10,0
14688,1.0,1.6069565e-08,0
14689,1.0,9.070988e-09,0
14690,1.0,5.6990166e-11,0
14691,1.0,1.8755719e-08,0
14692,1.0,5.1918848e-11,0
14693,1.0,8.625767e-09,0
14694,1.0,9.164086e-11,0
14695,1.0,1.174097e-08,0
14696,1.0,3.894851e-11,0
14697,1.0,2.7368642e-08,0
14698,1.0,5.935353e-10,0
14699,1.0,8.255192e-10,0
14700,1.0,1.35700295e-08,0
14701,1.0,1.0209607e-08,0
14702,1.0,1.7240834e-10,0
14703,1.0,2.4712754e-10,0
14704,1.0,7.99004e-11,0
14705,1.0,3.473998e-11,0
14706,1.0,1.7306465e-10,0
14707,1.0,1.0872341e-08,0
14708,1.0,1.7686093e-09,0
14709,1.0,1.7359161e-10,0
14710,0.99999976,1.8376703e-07,0
14711,1.0,2.2364992e-09,0
14712,1.0,4.6646087e-09,0
14713,1.0,4.1975414e-09,0
14714,1.0,1.1949947e-09,0
14715,0.9999987,1.2965068e-06,0
14716,1.0,2.4528413e-08,0
14717,1.0,1.8090965e-10,0
14718,1.0,9.752807e-12,0
14719,1.0,4.133714e-11,0
14720,1.0,6.777955e-11,0
14721,1.0,3.1173852e-09,0
14722,1.0,3.1404992e-09,0
14723,1.0,6.168951e-11,0
14724,1.0,4.564678e-09,0
14725,1.0,1.20305454e-08,0
14726,1.0,3.5189384e-08,0
14727,1.0,1.017087e-08,0
14728,1.0,1.3522321e-10,0
14729,1.0,2.9322906e-09,0
14730,1.0,1.2191132e-08,0
14731,1.0,8.680198e-09,0
14732,1.0,1.0111773e-09,0
14733,1.0,1.6709752e-10,0
14734,1.0,3.508052e-10,0
14735,1.0,6.690849e-09,0
14736,1.0,1.4532513e-09,0
14737,1.0,1.7923656e-11,0
14738,1.0,3.207604e-10,0
14739,1.0,1.4875873e-08,0
14740,1.0,8.1728474e-10,0
14741,1.0,9.629894e-10,0
14742,1.0,2.2423415e-10,0
14743,1.0,3.2226222e-10,0
14744,1.0,2.0648424e-11,0
14745,1.0,9.197817e-10,0
14746,1.0,1.3786453e-09,0
14747,1.0,7.160446e-12,0
14748,1.0,5.259045e-09,0
14749,1.0,7.770074e-11,0
14750,0.9999999,6.913468e-08,0
14751,1.0,2.8726877e-08,0
14752,1.0,7.969835e-09,0
14753,1.0,1.92917e-10,0
14754,1.0,4.5291553e-09,0
14755,1.0,6.370051e-09,0
14756,1.0,1.6526501e-08,0
14757,1.0,8.361098e-09,0
14758,1.0,7.597381e-11,0
14759,1.0,1.3451926e-08,0
14760,1.0,1.6348018e-08,0
14761,1.0,1.6510046e-09,0
14762,1.0,3.7905482e-10,0
14763,1.0,5.570358e-10,0
14764,0.9999999,8.795429e-08,0
14765,1.0,5.7202305e-11,0
14766,0.9999999,9.980927e-08,0
14767,1.0,4.9614552e-09,0
14768,1.0,1.37985925e-11,0
14769,1.0,2.495784e-10,0
14770,1.0,5.889713e-10,0
14771,1.0,3.945463e-11,0
14772,0.9999989,1.1064977e-06,0
14773,0.99999666,3.3168196e-06,0
14774,1.0,2.4655339e-08,0
14775,1.0,5.657779e-09,0
14776,1.0,3.2378275e-10,0
14777,1.0,5.550452e-10,0
14778,1.0,2.160228e-08,0
14779,0.99999905,9.0029386e-07,0
14780,1.0,5.4017885e-10,0
14781,1.0,3.1422607e-09,0
14782,1.0,4.3863597e-09,0
14783,1.0,5.5803677e-09,0
14784,1.0,3.0029088e-10,0
14785,1.0,8.1695745e-10,0
14786,0.99999976,2.4389982e-07,0
14787,1.0,2.779803e-09,0
14788,1.0,2.4246936e-09,0
14789,1.0,1.1958618e-08,0
14790,1.0,1.6327732e-08,0
14791,1.0,1.6747825e-09,0
14792,1.0,5.903465e-11,0
14793,1.0,6.175526e-09,0
14794,1.0,3.2085845e-09,0
14795,1.0,7.525652e-09,0
14796,1.0,6.983561e-09,0
14797,1.0,2.459672e-08,0
14798,0.9999999,1.4068291e-07,0
14799,1.0,2.5730378e-08,0
14800,1.0,2.6350944e-09,0
14801,0.9999999,1.2146376e-07,0
14802,1.0,2.4773987e-08,0
14803,0.9999999,7.266315e-08,0
14804,1.0,5.561231e-09,0
14805,1.0,1.4441034e-08,0
14806,1.0,3.8679224e-09,0
14807,0.99999976,2.4595414e-07,0
14808,1.0,1.635275e-09,0
14809,1.0,3.0383873e-10,0
14810,1.0,3.9755115e-08,0
14811,1.0,7.621663e-11,0
14812,1.0,1.6905463e-10,0
14813,0.9999999,6.247012e-08,0
14814,1.0,2.7578745e-10,0
14815,1.0,3.504143e-12,0
14816,1.0,4.8451824e-13,0
14817,1.0,2.3884639e-09,0
14818,1.0,2.5890357e-09,0
14819,1.0,1.2231239e-08,0
14820,1.0,5.940911e-11,0
14821,0.9999999,9.788569e-08,0
14822,1.0,5.5229026e-09,0
14823,1.0,4.8643548e-11,0
14824,1.0,3.7523122e-08,0
14825,0.99999976,2.1328185e-07,0
14826,1.0,5.230402e-10,0
14827,1.0,1.9173234e-08,0
14828,1.0,5.1568736e-09,0
14829,1.0,4.187741e-11,0
14830,1.0,3.2009133e-09,0
14831,0.9999995,5.201905e-07,0
14832,0.99999976,2.9662016e-07,0
14833,1.0,4.677293e-10,0
14834,1.0,5.615421e-09,0
14835,1.0,1.1876848e-09,0
14836,0.99999976,2.6136377e-07,0
14837,1.0,9.044748e-12,0
14838,1.0,1.3097186e-10,0
14839,1.0,3.6407953e-11,0
14840,1.0,3.8021173e-11,0
14841,1.0,3.5023606e-11,0
14842,1.0,1.4622681e-13,0
14843,1.0,7.973271e-09,0
14844,1.0,4.4232253e-09,0
14845,1.0,4.574727e-13,0
14846,1.0,1.2389162e-08,0
14847,1.0,1.4086998e-10,0
14848,1.0,3.4098249e-09,0
14849,1.0,2.437718e-10,0
14850,1.0,1.3141295e-11,0
14851,1.0,6.9345385e-10,0
14852,0.99999964,3.4642707e-07,0
14853,1.0,7.559304e-12,0
14854,1.0,3.9970735e-12,0
14855,1.0,2.3445823e-09,0
14856,1.0,2.2233812e-10,0
14857,1.0,4.8627404e-11,0
14858,1.0,1.0944616e-09,0
14859,0.99999976,2.693925e-07,0
14860,1.0,7.216393e-10,0
14861,1.0,5.20785e-12,0
14862,1.0,2.0112124e-12,0
14863,1.0,3.4188603e-11,0
14864,1.0,1.7971777e-12,0
14865,1.0,1.1650839e-09,0
14866,1.0,1.2878647e-10,0
14867,1.0,3.4220637e-11,0
14868,1.0,7.0443057e-10,0
14869,1.0,3.8614784e-10,0
14870,1.0,1.0372432e-10,0
14871,1.0,2.2148926e-08,0
14872,1.0,5.9255254e-09,0
14873,1.0,1.2810534e-11,0
14874,1.0,6.4426287e-10,0
14875,1.0,1.4158235e-08,0
14876,1.0,2.3088746e-10,0
14877,1.0,2.6627345e-10,0
14878,1.0,9.012267e-09,0
14879,1.0,1.5556836e-12,0
14880,1.0,9.773645e-12,0
14881,1.0,5.497691e-12,0
14882,1.0,2.0246875e-12,0
14883,1.0,2.0719912e-11,0
14884,1.0,1.2464861e-09,0
14885,1.0,9.53657e-09,0
14886,1.0,8.0549026e-11,0
14887,1.0,6.7687145e-12,0
14888,1.0,5.6883304e-11,0
14889,1.0,1.0383443e-09,0
14890,0.99999976,2.9116057e-07,0
14891,1.0,1.2113709e-09,0
14892,1.0,1.5697307e-09,0
14893,1.0,2.9775273e-11,0
14894,1.0,5.574091e-13,0
14895,1.0,2.3017544e-11,0
14896,1.0,1.8649245e-11,0
14897,1.0,3.0054875e-10,0
14898,1.0,2.2325631e-11,0
14899,1.0,1.0598537e-10,0
14900,1.0,2.8260525e-12,0
14901,1.0,5.9487437e-08,0
14902,1.0,3.7987318e-11,0
14903,1.0,5.7728412e-11,0
14904,1.0,3.0671234e-09,0
14905,1.0,1.0978413e-11,0
14906,1.0,6.339334e-10,0
14907,1.0,1.2643019e-11,0
14908,1.0,9.440141e-10,0
14909,1.0,5.1425617e-13,0
14910,1.0,3.624917e-13,0
14911,1.0,3.7013723e-09,0
14912,0.9999944,5.572692e-06,0
14913,1.0,8.8838897e-13,0
14914,1.0,4.1207013e-11,0
14915,1.0,4.156497e-12,0
14916,1.0,1.258455e-08,0
14917,1.0,8.286455e-11,0
14918,1.0,1.12167395e-08,0
14919,1.0,4.199697e-12,0
14920,1.0,5.968718e-10,0
14921,1.0,3.1773922e-12,0
14922,1.0,1.4339102e-11,0
14923,1.0,4.1643074e-11,0
14924,1.0,4.266738e-11,0
14925,1.0,2.642494e-12,0
14926,1.0,4.3257162e-13,0
14927,1.0,3.078696e-11,0
14928,1.0,9.218532e-12,0
14929,1.0,4.06655e-13,0
14930,1.0,1.8789215e-10,0
14931,1.0,4.5630084e-12,0
14932,1.0,2.770877e-10,0
14933,1.0,3.660214e-11,0
14934,1.0,4.7241525e-12,0
14935,1.0,7.265556e-11,0
14936,0.9999999,1.1082259e-07,0
14937,1.0,1.053419e-13,0
14938,1.0,5.809217e-10,0
14939,1.0,8.382607e-09,0
14940,1.0,1.8452975e-11,0
14941,1.0,9.283176e-13,0
14942,1.0,9.655486e-12,0
14943,1.0,5.1350004e-11,0
14944,1.0,6.203475e-11,0
14945,1.0,7.442647e-12,0
14946,1.0,8.5432356e-11,0
14947,1.0,3.0356794e-08,0
14948,1.0,4.7745596e-10,0
14949,1.0,3.2381813e-09,0
14950,1.0,1.3190632e-12,0
14951,0.9999982,1.7603734e-06,0
14952,1.0,1.1304066e-08,0
14953,1.0,8.6044666e-10,0
14954,0.9999976,2.408118e-06,0
14955,1.0,1.8487625e-09,0
14956,1.0,2.778907e-09,0
14957,0.9999999,6.054004e-08,0
14958,1.0,1.0675236e-12,0
14959,1.0,1.3773477e-08,0
14960,1.0,3.4634317e-15,0
14961,1.0,5.157768e-13,0
14962,1.0,4.9581745e-12,0
14963,1.0,6.5239425e-11,0
14964,1.0,3.359056e-12,0
14965,1.0,2.1078962e-13,0
14966,1.0,1.2270961e-12,0
14967,1.0,5.4904025e-14,0
14968,1.0,4.841211e-09,0
14969,1.0,2.9350872e-10,0
14970,1.0,1.1400696e-13,0
14971,1.0,2.7763853e-09,0
14972,1.0,2.1015867e-12,0
14973,1.0,3.6996656e-12,0
14974,1.0,2.173822e-12,0
14975,1.0,8.262194e-12,0
14976,1.0,1.3998999e-08,0
14977,1.0,1.4418491e-12,0
14978,1.0,2.4309983e-11,0
14979,1.0,4.906669e-11,0
14980,1.0,9.789298e-12,0
14981,1.0,6.68898e-11,0
14982,1.0,3.2578846e-11,0
14983,1.0,1.0709472e-13,0
14984,1.0,1.8888953e-11,0
14985,1.0,3.3887673e-12,0
14986,1.0,1.2642457e-12,0
14987,0.9999987,1.3143717e-06,0
14988,1.0,6.2664526e-12,0
14989,1.0,2.1577294e-11,0
14990,1.0,1.3204019e-09,0
14991,1.0,3.731649e-12,0
14992,1.0,4.9287607e-14,0
14993,1.0,1.0170884e-09,0
14994,1.0,3.198769e-14,0
14995,1.0,2.7867983e-10,0
14996,1.0,5.282466e-10,0
14997,1.0,2.959474e-13,0
14998,1.0,8.437127e-13,0
14999,1.0,6.401023e-13,0
15000,1.0,5.4793736e-11,0
15001,1.0,1.7282558e-09,0
15002,1.0,4.491004e-13,0
15003,1.0,7.292918e-12,0
15004,1.0,7.33515e-11,0
15005,1.0,1.4206437e-12,0
15006,0.9999982,1.7407807e-06,0
15007,1.0,1.10887986e-10,0
15008,1.0,4.806288e-08,0
15009,1.0,3.1271339e-09,0
15010,1.0,2.7922335e-12,0
15011,1.0,1.2310281e-11,0
15012,1.0,1.7412226e-09,0
15013,1.0,3.6709288e-13,0
15014,0.99999976,1.9176751e-07,0
15015,1.0,2.9832933e-10,0
15016,1.0,3.9109097e-14,0
15017,1.0,1.8019866e-08,0
15018,1.0,1.4197714e-12,0
15019,1.0,2.7590946e-14,0
15020,1.0,2.988772e-10,0
15021,1.0,3.9225477e-11,0
15022,1.0,1.7516729e-12,0
15023,1.0,1.1364965e-12,0
15024,1.0,3.3071933e-12,0
15025,1.0,4.904774e-13,0
15026,1.0,4.960833e-08,0
15027,1.0,2.7065433e-11,0
15028,1.0,1.7921894e-13,0
15029,1.0,7.569193e-14,0
15030,1.0,1.9959388e-11,0
15031,1.0,2.003527e-13,0
15032,1.0,3.8514872e-11,0
15033,1.0,4.3097356e-11,0
15034,1.0,9.8495725e-11,0
15035,0.9999982,1.7847628e-06,0
15036,1.0,3.548901e-11,0
15037,1.0,5.2776472e-12,0
15038,1.0,1.1234701e-12,0
15039,1.0,1.8917934e-12,0
15040,1.0,5.531175e-10,0
15041,1.0,1.062388e-13,0
15042,1.0,1.0096687e-08,0
15043,1.0,6.489661e-12,0
15044,1.0,5.624618e-09,0
15045,1.0,1.2071299e-08,0
15046,1.0,1.79641e-12,0
15047,1.0,1.8488119e-09,0
15048,1.0,1.14206e-11,0
15049,1.0,3.0628704e-11,0
15050,1.0,2.8057107e-10,0
15051,1.0,6.5234135e-13,0
15052,1.0,7.901084e-14,0
15053,1.0,2.1470135e-12,0
15054,1.0,7.8330814e-10,0
15055,1.0,1.8407593e-11,0
15056,1.0,3.068333e-10,0
15057,1.0,5.3886187e-13,0
15058,1.0,2.172471e-12,0
15059,1.0,1.6436193e-11,0
15060,1.0,3.6948368e-11,0
15061,1.0,5.7054497e-13,0
15062,1.0,9.3543895e-11,0
15063,0.9999999,1.17924365e-07,0
15064,1.0,8.297613e-09,0
15065,1.0,1.591069e-09,0
15066,1.0,1.112059e-10,0
15067,1.0,1.2358644e-12,0
15068,1.0,5.2107087e-13,0
15069,1.0,1.6090336e-11,0
15070,1.0,7.4395077e-09,0
15071,0.9999995,4.1842185e-07,0
15072,1.0,6.875044e-12,0
15073,1.0,3.5863792e-12,0
15074,0.9999974,2.6151238e-06,0
15075,0.9999994,5.4661194e-07,0
15076,1.0,2.5966616e-09,0
15077,1.0,1.2887301e-13,0
15078,1.0,1.5660747e-11,0
15079,1.0,2.6526585e-09,0
15080,1.0,1.2918238e-13,0
15081,1.0,3.1657532e-12,0
15082,1.0,1.2675881e-11,0
15083,1.0,2.2086614e-12,0
15084,1.0,8.020282e-12,0
15085,1.0,4.873225e-14,0
15086,1.0,2.4221364e-10,0
15087,0.99999964,3.501585e-07,0
15088,0.9999994,5.4472343e-07,0
15089,1.0,1.591815e-10,0
15090,0.9999999,6.784794e-08,0
15091,1.0,4.6035177e-12,0
15092,1.0,6.0485045e-10,0
15093,0.99999976,2.0404163e-07,0
15094,1.0,2.8596176e-11,0
15095,1.0,4.57194e-11,0
15096,1.0,5.1602067e-10,0
15097,0.99999547,4.4758885e-06,0
15098,1.0,4.8046764e-11,0
15099,1.0,6.4620604e-14,0
15100,1.0,2.033589e-12,0
15101,0.9999999,6.218055e-08,0
15102,1.0,1.0410884e-10,0
15103,1.0,2.2940845e-11,0
15104,1.0,4.0835794e-13,0
15105,1.0,5.914378e-10,0
15106,0.99999917,8.51153e-07,0
15107,0.9999999,9.153617e-08,0
15108,1.0,4.250345e-12,0
15109,1.0,5.1381354e-11,0
15110,1.0,1.216797e-12,0
15111,1.0,5.850984e-10,0
15112,1.0,1.2517844e-10,0
15113,1.0,6.1534436e-13,0
15114,1.0,9.0305445e-12,0
15115,1.0,1.3042529e-12,0
15116,1.0,4.0770481e-10,0
15117,1.0,6.952719e-11,0
15118,1.0,2.5176038e-11,0
15119,1.0,3.8741263e-12,0
15120,1.0,2.007225e-10,0
15121,1.0,4.0648786e-11,0
15122,0.9999999,1.253217e-07,0
15123,1.0,2.042601e-11,0
15124,1.0,1.4759134e-14,0
15125,1.0,9.15525e-10,0
15126,1.0,1.5817888e-09,0
15127,1.0,3.9056678e-11,0
15128,1.0,2.7057767e-13,0
15129,1.0,7.6435353e-13,0
15130,0.9999989,1.016038e-06,0
15131,1.0,6.440288e-12,0
15132,1.0,3.3602114e-11,0
15133,1.0,3.5640735e-12,0
15134,1.0,3.883337e-12,0
15135,1.0,2.7298125e-14,0
15136,1.0,8.2061813e-10,0
15137,0.9999982,1.7503726e-06,0
15138,1.0,2.5349779e-12,0
15139,1.0,5.971413e-11,0
15140,0.9999949,5.154854e-06,0
15141,1.0,4.928481e-13,0
15142,1.0,7.8072476e-10,0
15143,1.0,1.9600677e-12,0
15144,1.0,6.74523e-09,0
15145,1.0,7.93701e-12,0
15146,1.0,1.036504e-09,0
15147,1.0,4.0705626e-09,0
15148,1.0,1.3344738e-13,0
15149,1.0,2.3618241e-11,0
15150,1.0,7.828222e-15,0
15151,1.0,5.483299e-13,0
15152,0.9999993,6.750303e-07,0
15153,1.0,2.2080866e-10,0
15154,1.0,4.991576e-08,0
15155,1.0,7.4544426e-11,0
15156,1.0,3.1953665e-10,0
15157,1.0,3.4157285e-13,0
15158,1.0,2.6584515e-10,0
15159,1.0,1.187671e-13,0
15160,1.0,4.4475743e-12,0
15161,0.99999774,2.2372913e-06,0
15162,1.0,4.4306155e-08,0
15163,0.9999994,5.3958615e-07,0
15164,1.0,1.5672544e-08,0
15165,1.0,1.5717655e-12,0
15166,1.0,7.586918e-13,0
15167,1.0,9.3903565e-11,0
15168,1.0,2.062602e-08,0
15169,0.9999994,5.6828515e-07,0
15170,1.0,3.3943166e-09,0
15171,0.9999827,1.7262e-05,0
15172,1.0,4.657245e-10,0
15173,0.99999964,3.6222312e-07,0
15174,1.0,1.6224344e-13,0
15175,1.0,8.059076e-09,0
15176,0.99999833,1.7151725e-06,0
15177,1.0,4.9367533e-12,0
15178,1.0,7.640381e-11,0
15179,1.0,1.862946e-13,0
15180,1.0,1.5148063e-14,0
15181,1.0,4.485055e-09,0
15182,0.9999969,3.0553708e-06,0
15183,1.0,3.323793e-12,0
15184,1.0,1.4306587e-08,0
15185,1.0,6.608687e-09,0
15186,1.0,5.8880646e-13,0
15187,1.0,3.4710687e-12,0
15188,0.9999999,1.4842549e-07,0
15189,0.9999999,1.7789873e-07,0
15190,1.0,2.098044e-14,0
15191,1.0,1.6628623e-09,0
15192,1.0,1.4523326e-11,0
15193,1.0,2.8746025e-14,0
15194,1.0,1.47329e-13,0
15195,1.0,2.1217037e-09,0
15196,1.0,3.0272053e-14,0
15197,1.0,2.0348251e-10,0
15198,1.0,1.8908663e-08,0
15199,0.99999964,3.0948743e-07,0
15200,0.9999993,7.716591e-07,0
15201,0.9999999,1.7359649e-07,0
15202,1.0,2.8471046e-08,0
15203,1.0,1.6719437e-11,0
15204,1.0,1.7731394e-12,0
15205,1.0,4.3868443e-13,0
15206,1.0,4.969354e-09,0
15207,1.0,6.6758963e-09,0
15208,0.99999964,3.8883405e-07,0
15209,0.99999774,2.300579e-06,0
15210,0.9999999,9.648251e-08,0
15211,1.0,1.664604e-13,0
15212,1.0,1.746438e-09,0
15213,1.0,9.78743e-12,0
15214,0.9999958,4.150539e-06,0
15215,1.0,4.1687166e-08,0
15216,1.0,7.760858e-12,0
15217,0.9999993,7.524398e-07,0
15218,1.0,2.8180006e-08,0
15219,1.0,3.5884803e-08,0
15220,1.0,4.5962093e-12,0
15221,1.0,7.2010518e-09,0
15222,1.0,3.032538e-11,0
15223,1.0,3.641323e-11,0
15224,0.9999851,1.4891968e-05,0
15225,0.9999479,5.2144555e-05,0
15226,1.0,6.857358e-10,0
15227,1.0,3.910994e-09,0
15228,1.0,1.3927058e-09,0
15229,0.9999999,7.917656e-08,0
15230,1.0,2.5515536e-08,0
15231,1.0,2.0497822e-11,0
15232,1.0,3.6018516e-08,0
15233,1.0,5.886745e-11,0
15234,1.0,2.3530895e-13,0
15235,1.0,5.634561e-09,0
15236,1.0,4.2449672e-11,0
15237,1.0,3.2265933e-11,0
15238,1.0,2.9887877e-11,0
15239,0.99999964,3.764011e-07,0
15240,1.0,3.08248e-11,0
15241,0.9999994,6.323918e-07,0
15242,1.0,3.1122345e-09,0
15243,1.0,2.10982e-12,0
15244,0.99999905,9.0670875e-07,0
15245,1.0,1.9822073e-09,0
15246,1.0,1.2663991e-11,0
15247,0.9999999,1.7465162e-07,0
15248,1.0,6.1799326e-09,0
15249,1.0,1.4889207e-09,0
15250,1.0,8.6610386e-11,0
15251,1.0,9.505407e-09,0
15252,0.9999995,4.763994e-07,0
15253,1.0,1.8059024e-08,0
15254,1.0,3.7001988e-10,0
15255,0.9999895,1.0452006e-05,0
15256,1.0,1.8861386e-10,0
15257,1.0,9.846886e-11,0
15258,1.0,8.690998e-13,0
15259,1.0,2.1467758e-12,0
15260,1.0,3.6454875e-10,0
15261,1.0,4.1090385e-11,0
15262,1.0,9.445031e-12,0
15263,1.0,6.329065e-14,0
15264,1.0,5.1280313e-11,0
15265,1.0,2.310695e-13,0
15266,1.0,2.2329465e-11,0
15267,0.9999999,7.093796e-08,0
15268,1.0,2.4543084e-10,0
15269,1.0,8.903775e-12,0
15270,0.9999999,6.920196e-08,0
15271,0.99999535,4.6737805e-06,0
15272,0.99999964,4.090497e-07,0
15273,1.0,1.417454e-10,0
15274,0.9999995,5.047834e-07,0
15275,0.99999785,2.1396445e-06,0
15276,0.9999999,8.281537e-08,0
15277,0.99999905,9.699654e-07,0
15278,0.9999982,1.7733275e-06,0
15279,1.0,3.6489378e-10,0
15280,0.99999905,9.857965e-07,0
15281,1.0,3.2633874e-08,0
15282,1.0,7.123747e-12,0
15283,0.9999932,6.819292e-06,0
15284,1.0,9.552973e-09,0
15285,0.9999962,3.8070107e-06,0
15286,0.9999989,1.0663149e-06,0
15287,0.9999999,7.708354e-08,0
15288,1.0,4.501707e-09,0
15289,0.99999917,8.123044e-07,0
15290,0.9999931,6.914476e-06,0
15291,1.0,3.77177e-09,0
15292,1.0,9.0982694e-11,0
15293,1.0,1.9265152e-10,0
15294,1.0,7.9195067e-10,0
15295,1.0,8.270701e-10,0
15296,1.0,4.9081907e-09,0
15297,1.0,9.655684e-13,0
15298,0.9999472,5.2801715e-05,0
15299,1.0,1.2328486e-08,0
15300,1.0,8.791534e-09,0
15301,1.0,1.4575762e-13,0
15302,1.0,1.3244331e-12,0
15303,1.0,1.05426125e-13,0
15304,1.0,1.04483965e-11,0
15305,1.0,1.6409426e-13,0
15306,0.9999999,1.2219562e-07,0
15307,0.99999785,2.1574422e-06,0
15308,1.0,1.4945935e-10,0
15309,0.9999999,1.1372604e-07,0
15310,0.99999976,2.6111064e-07,0
15311,1.0,3.7636728e-08,0
15312,1.0,1.28399575e-08,0
15313,0.99999917,8.1199613e-07,0
15314,1.0,8.095182e-14,0
15315,1.0,2.0085242e-09,0
15316,0.9999999,1.4094881e-07,0
15317,0.99999976,2.9592115e-07,0
15318,1.0,5.8045573e-09,0
15319,1.0,3.489836e-08,0
15320,1.0,3.64755e-08,0
15321,1.0,6.3663586e-09,0
15322,1.0,9.881948e-09,0
15323,1.0,5.7126943e-08,0
15324,1.0,1.8835843e-08,0
15325,1.0,5.738161e-08,0
15326,1.0,2.8494297e-08,0
15327,0.99999917,8.427134e-07,0
15328,1.0,3.5849825e-09,0
15329,1.0,2.3876272e-08,0
15330,0.9999999,6.799874e-08,0
15331,1.0,7.8598e-09,0
15332,0.9999999,9.482124e-08,0
15333,1.0,3.0160554e-09,0
15334,0.99999964,3.21991e-07,0
15335,1.0,2.1030604e-10,0
15336,1.0,2.5892012e-11,0
15337,0.99999964,3.7492003e-07,0
15338,1.0,5.938577e-11,0
15339,1.0,2.1878694e-08,0
15340,1.0,1.5130883e-10,0
15341,1.0,2.3238873e-10,0
15342,0.9999999,6.689627e-08,0
15343,1.0,9.584048e-10,0
15344,1.0,5.8866956e-09,0
15345,1.0,2.3044333e-08,0
15346,1.0,5.4063186e-08,0
15347,0.9999974,2.6043967e-06,0
15348,0.99999964,3.2850141e-07,0
15349,1.0,1.4385666e-08,0
15350,0.9999994,6.436316e-07,0
15351,1.0,2.2404198e-08,0
15352,0.9998416,0.00015842926,0
15353,1.0,4.2069712e-11,0
15354,1.0,2.1200885e-10,0
15355,0.99999964,4.032741e-07,0
15356,1.0,4.4064428e-09,0
15357,1.0,7.623992e-14,0
15358,1.0,5.0709015e-10,0
15359,1.0,3.2193045e-10,0
15360,1.0,1.548875e-11,0
15361,1.0,3.119184e-11,0
15362,0.99999964,3.0610298e-07,0
15363,1.0,5.6839795e-08,0
15364,1.0,3.2521406e-08,0
15365,0.99999917,7.975584e-07,0
15366,0.9999994,5.8373905e-07,0
15367,0.9999989,1.1107458e-06,0
15368,1.0,8.883145e-09,0
15369,0.99999833,1.6863748e-06,0
15370,0.9999999,1.0959666e-07,0
15371,1.0,2.1112655e-08,0
15372,0.9999999,7.707619e-08,0
15373,1.0,6.394925e-12,0
15374,1.0,2.8934253e-11,0
15375,1.0,5.9179797e-17,0
15376,1.0,8.8445654e-20,0
15377,1.0,1.7232668e-19,0
15378,1.0,4.236115e-09,0
15379,1.0,7.6863894e-16,0
15380,1.0,8.961984e-18,0
15381,1.0,1.4831479e-19,0
15382,1.0,1.8354397e-16,0
15383,1.0,1.4612482e-16,0
15384,1.0,3.280235e-09,0
15385,1.0,2.2022972e-08,0
15386,1.0,3.72335e-17,0
15387,1.0,6.7231465e-14,0
15388,1.0,1.6290048e-21,0
15389,1.0,5.4923734e-17,0
15390,1.0,1.1726772e-17,0
15391,1.0,2.697268e-18,0
15392,1.0,1.0085838e-18,0
15393,1.0,1.1590109e-09,0
15394,1.0,3.181071e-17,0
15395,1.0,9.160335e-21,0
15396,1.0,7.9933726e-16,0
15397,1.0,1.5532161e-13,0
15398,1.0,4.591083e-16,0
15399,1.0,2.1916185e-17,0
15400,1.0,1.3447131e-15,0
15401,1.0,5.9916626e-19,0
15402,1.0,4.82776e-08,0
15403,1.0,2.0650382e-12,0
15404,1.0,5.2237766e-16,0
15405,1.0,5.441141e-15,0
15406,1.0,6.756884e-20,0
15407,1.0,1.1642617e-17,0
15408,1.0,1.0466356e-17,0
15409,1.0,8.149519e-20,0
15410,1.0,2.8325966e-17,0
15411,1.0,7.135556e-18,0
15412,1.0,4.4004507e-18,0
15413,1.0,2.1427757e-19,0
15414,1.0,4.2188282e-20,0
15415,1.0,7.2384404e-20,0
15416,1.0,5.721056e-20,0
15417,1.0,1.3720501e-17,0
15418,1.0,2.4867363e-18,0
15419,1.0,1.9378132e-15,0
15420,1.0,9.701454e-19,0
15421,1.0,1.4068174e-18,0
15422,1.0,4.360743e-12,0
15423,1.0,5.6622406e-12,0
15424,1.0,7.531401e-15,0
15425,1.0,1.0808114e-17,0
15426,1.0,5.873941e-17,0
15427,1.0,5.198151e-17,0
15428,1.0,8.620385e-21,0
15429,1.0,1.4687151e-15,0
15430,1.0,3.5985116e-17,0
15431,1.0,2.4951665e-09,0
15432,1.0,1.933519e-19,0
15433,1.0,1.4082799e-15,0
15434,1.0,3.4280415e-11,0
15435,1.0,7.169752e-16,0
15436,1.0,1.1245744e-08,0
15437,1.0,2.4583211e-23,0
15438,1.0,1.3643208e-09,0
15439,1.0,2.8211266e-22,0
15440,1.0,1.04652675e-19,0
15441,1.0,2.8287001e-16,0
15442,1.0,3.0435279e-09,0
15443,1.0,1.2345052e-08,0
15444,1.0,5.67036e-22,0
15445,1.0,1.082273e-15,0
15446,1.0,2.7438974e-17,0
15447,1.0,1.2561821e-11,0
15448,1.0,1.06261706e-13,0
15449,1.0,6.2284543e-15,0
15450,1.0,2.3804009e-20,0
15451,1.0,1.1270155e-20,0
15452,1.0,2.1221e-17,0
15453,1.0,5.437882e-23,0
15454,1.0,4.7469363e-14,0
15455,1.0,1.0875829e-15,0
15456,1.0,2.0366042e-09,0
15457,1.0,3.7084866e-21,0
15458,1.0,4.716713e-17,0
15459,1.0,2.9155857e-14,0
15460,1.0,1.361783e-17,0
15461,1.0,2.4454473e-11,0
15462,1.0,7.120211e-13,0
15463,1.0,3.249794e-17,0
15464,1.0,1.5623318e-13,0
15465,1.0,3.7528474e-20,0
15466,1.0,2.021528e-15,0
15467,1.0,2.1666533e-19,0
15468,1.0,3.4902393e-21,0
15469,1.0,1.7039271e-16,0
15470,1.0,1.3225133e-10,0
15471,1.0,2.5773431e-21,0
15472,1.0,7.3035376e-20,0
15473,1.0,9.7063246e-11,0
15474,1.0,8.479492e-13,0
15475,1.0,1.8381063e-19,0
15476,1.0,1.8399036e-10,0
15477,1.0,8.034076e-20,0
15478,1.0,3.6877287e-17,0
15479,1.0,2.7656515e-16,0
15480,1.0,2.2740993e-20,0
15481,1.0,1.5930861e-12,0
15482,1.0,1.3027335e-16,0
15483,1.0,6.693748e-20,0
15484,1.0,8.2455745e-22,0
15485,1.0,1.2939813e-17,0
15486,1.0,2.5318473e-19,0
15487,1.0,7.698273e-16,0
15488,1.0,1.7275147e-16,0
15489,1.0,5.9037704e-18,0
15490,1.0,3.4456384e-17,0
15491,1.0,9.575167e-10,0
15492,1.0,7.532769e-18,0
15493,1.0,9.285839e-12,0
15494,1.0,2.4603608e-20,0
15495,1.0,8.096381e-19,0
15496,1.0,6.0532118e-18,0
15497,1.0,2.3024809e-17,0
15498,1.0,2.4585095e-15,0
15499,1.0,1.0174336e-17,0
15500,1.0,4.8355205e-15,0
15501,1.0,2.2678664e-16,0
15502,1.0,2.7563815e-17,0
15503,1.0,1.2384912e-15,0
15504,1.0,1.9449622e-20,0
15505,1.0,2.1379023e-18,0
15506,1.0,3.351288e-19,0
15507,1.0,2.0975206e-17,0
15508,1.0,1.9221912e-14,0
15509,1.0,1.1684363e-15,0
15510,1.0,7.59098e-18,0
15511,1.0,3.4903314e-14,0
15512,1.0,2.1371381e-16,0
15513,1.0,2.7606948e-18,0
15514,1.0,1.1415774e-17,0
15515,1.0,2.7653008e-14,0
15516,1.0,1.2216307e-17,0
15517,1.0,1.2674552e-22,0
15518,1.0,7.6150025e-16,0
15519,1.0,1.2811683e-11,0
15520,1.0,1.6191998e-18,0
15521,1.0,8.83607e-12,0
15522,1.0,1.7198357e-15,0
15523,1.0,2.1461224e-18,0
15524,1.0,1.1786367e-18,0
15525,1.0,2.411201e-19,0
15526,1.0,2.605154e-17,0
15527,1.0,1.0546886e-15,0
15528,1.0,9.656873e-22,0
15529,1.0,4.242379e-14,0
15530,1.0,4.00031e-22,0
15531,1.0,3.7742303e-17,0
15532,1.0,3.9545678e-13,0
15533,0.9999999,1.0731096e-07,0
15534,1.0,7.7714363e-19,0
15535,1.0,6.631479e-20,0
15536,1.0,8.934038e-16,0
15537,1.0,6.2150924e-15,0
15538,1.0,1.1606078e-17,0
15539,1.0,8.8939574e-21,0
15540,1.0,1.2006283e-17,0
15541,1.0,2.3977464e-18,0
15542,0.9999999,9.9929274e-08,0
15543,1.0,1.8770872e-14,0
15544,1.0,5.195033e-08,0
15545,1.0,1.389074e-09,0
15546,1.0,5.30026e-21,0
15547,1.0,1.4395844e-20,0
15548,1.0,2.3994703e-15,0
15549,1.0,3.5766e-14,0
15550,1.0,3.5246328e-09,0
15551,1.0,5.8654986e-10,0
15552,1.0,7.839555e-21,0
15553,1.0,3.398651e-20,0
15554,1.0,1.6890851e-19,0
15555,1.0,7.242336e-12,0
15556,1.0,1.91702e-08,0
15557,1.0,5.134486e-13,0
15558,1.0,1.7588875e-16,0
15559,1.0,3.5957318e-14,0
15560,1.0,2.0226077e-15,0
15561,1.0,4.723142e-09,0
15562,1.0,6.2615815e-11,0
15563,1.0,1.3268823e-17,0
15564,1.0,6.19393e-16,0
15565,1.0,2.5517433e-12,0
15566,1.0,1.8103664e-14,0
15567,1.0,1.30013635e-17,0
15568,1.0,1.8864225e-14,0
15569,1.0,1.3279479e-10,0
15570,1.0,2.0720298e-08,0
15571,1.0,8.024068e-18,0
15572,1.0,4.0648995e-16,0
15573,1.0,8.14938e-16,0
15574,1.0,5.9318673e-21,0
15575,1.0,3.715208e-16,0
15576,0.99999976,1.9871014e-07,0
15577,1.0,1.9976348e-10,0
15578,1.0,1.1379452e-20,0
15579,1.0,2.6824382e-20,0
15580,1.0,2.3355871e-14,0
15581,1.0,1.8601017e-17,0
15582,1.0,4.725141e-17,0
15583,1.0,2.9282587e-18,0
15584,1.0,4.6183006e-20,0
15585,1.0,4.07073e-18,0
15586,1.0,2.3315907e-21,0
15587,1.0,1.8304096e-19,0
15588,1.0,1.3556297e-11,0
15589,1.0,3.5346186e-08,0
15590,1.0,1.5043006e-17,0
15591,0.9999999,1.3353944e-07,0
15592,1.0,6.0809707e-15,0
15593,1.0,7.1426574e-20,0
15594,1.0,3.599967e-17,0
15595,1.0,4.1274704e-09,0
15596,1.0,1.20964345e-17,0
15597,1.0,9.638299e-20,0
15598,1.0,2.1204804e-18,0
15599,1.0,1.6835336e-19,0
15600,1.0,5.39728e-09,0
15601,1.0,1.3436619e-15,0
15602,1.0,1.9718905e-16,0
15603,1.0,1.7065051e-21,0
15604,0.9999999,7.2671746e-08,0
15605,1.0,7.734851e-19,0
15606,1.0,1.9919136e-20,0
15607,1.0,2.947868e-21,0
15608,0.9999999,1.3573853e-07,0
15609,1.0,1.131265e-08,0
15610,1.0,1.5174008e-17,0
15611,1.0,1.2144001e-11,0
15612,1.0,1.405144e-18,0
15613,1.0,9.486853e-18,0
15614,1.0,2.6421148e-13,0
15615,1.0,2.4084013e-08,0
15616,1.0,1.8942089e-08,0
15617,1.0,2.0024458e-17,0
15618,1.0,7.249691e-19,0
15619,1.0,2.541034e-08,0
15620,1.0,4.300598e-14,0
15621,1.0,2.686069e-23,0
15622,1.0,3.7783013e-20,0
15623,1.0,1.03775974e-10,0
15624,1.0,1.3039305e-18,0
15625,1.0,1.7185083e-18,0
15626,1.0,1.9013861e-20,0
15627,1.0,2.221835e-20,0
15628,1.0,9.205774e-20,0
15629,1.0,4.1273782e-19,0
15630,1.0,1.09704035e-17,0
15631,1.0,1.2513262e-17,0
15632,1.0,2.4528648e-19,0
15633,1.0,1.9700364e-13,0
15634,1.0,2.6172952e-18,0
15635,1.0,2.9311456e-08,0
15636,1.0,8.255919e-17,0
15637,1.0,8.090982e-18,0
15638,1.0,3.3297785e-11,0
15639,1.0,5.478378e-12,0
15640,1.0,5.542632e-18,0
15641,1.0,9.368993e-19,0
15642,1.0,2.303036e-08,0
15643,1.0,3.2522884e-16,0
15644,1.0,1.8169875e-14,0
15645,1.0,1.3581923e-18,0
15646,1.0,2.6276592e-18,0
15647,1.0,2.6084417e-20,0
15648,1.0,3.8098404e-19,0
15649,1.0,1.0358922e-15,0
15650,1.0,8.399986e-17,0
15651,1.0,4.68836e-21,0
15652,1.0,1.8981622e-19,0
15653,1.0,4.3743598e-10,0
15654,1.0,3.941461e-15,0
15655,1.0,1.7728373e-17,0
15656,1.0,3.1607995e-16,0
15657,1.0,2.3892616e-20,0
15658,1.0,3.4804078e-17,0
15659,1.0,8.5665016e-19,0
15660,1.0,3.092738e-19,0
15661,1.0,3.559518e-18,0
15662,1.0,1.09351464e-16,0
15663,1.0,7.1668205e-10,0
15664,1.0,1.6955915e-20,0
15665,1.0,5.592397e-17,0
15666,1.0,5.97125e-16,0
15667,1.0,1.0800942e-17,0
15668,1.0,6.787845e-13,0
15669,1.0,2.6932911e-09,0
15670,1.0,4.3768285e-18,0
15671,1.0,9.152878e-17,0
15672,1.0,2.3148269e-18,0
15673,1.0,8.0530294e-22,0
15674,1.0,2.6424322e-13,0
15675,1.0,3.0441854e-19,0
15676,1.0,1.0608175e-08,0
15677,1.0,3.8317025e-19,0
15678,1.0,1.5858995e-10,0
15679,1.0,5.490012e-15,0
15680,1.0,5.9063523e-21,0
15681,1.0,1.3288035e-15,0
15682,1.0,9.450163e-24,0
15683,1.0,6.1082837e-09,0
15684,1.0,4.6476668e-08,0
15685,1.0,3.272043e-09,0
15686,1.0,1.775768e-17,0
15687,1.0,6.6011133e-21,0
15688,1.0,3.3222177e-14,0
15689,1.0,2.674716e-18,0
15690,1.0,2.979426e-14,0
15691,1.0,1.4476773e-12,0
15692,1.0,2.339979e-18,0
15693,1.0,2.900348e-15,0
15694,1.0,3.995061e-16,0
15695,1.0,5.252085e-14,0
15696,1.0,1.2486683e-20,0
15697,1.0,6.1714906e-19,0
15698,1.0,2.560366e-17,0
15699,1.0,3.2122899e-16,0
15700,1.0,1.0556806e-19,0
15701,1.0,3.1469125e-18,0
15702,0.999998,2.0400655e-06,0
15703,1.0,2.2424694e-14,0
15704,1.0,6.878285e-19,0
15705,1.0,2.5761497e-09,0
15706,1.0,3.7243038e-16,0
15707,1.0,1.4250164e-11,0
15708,1.0,4.1556907e-11,0
15709,1.0,5.1607976e-21,0
15710,1.0,7.4665753e-16,0
15711,1.0,3.899539e-16,0
15712,1.0,1.1857103e-14,0
15713,1.0,3.6357983e-15,0
15714,1.0,4.1025915e-12,0
15715,1.0,2.7503346e-15,0
15716,1.0,6.594382e-13,0
15717,1.0,7.3319835e-20,0
15718,1.0,6.3097544e-18,0
15719,1.0,2.5743434e-08,0
15720,1.0,3.9573907e-20,0
15721,1.0,6.365431e-18,0
15722,1.0,1.3766665e-13,0
15723,1.0,6.922795e-20,0
15724,1.0,2.6340049e-16,0
15725,1.0,1.7043357e-17,0
15726,1.0,2.2784236e-20,0
15727,1.0,2.7075458e-18,0
15728,1.0,5.966072e-19,0
15729,1.0,6.773094e-19,0
15730,1.0,8.2883624e-16,0
15731,1.0,2.5164154e-13,0
15732,1.0,1.1957745e-09,0
15733,1.0,2.6131863e-17,0
15734,1.0,4.985721e-09,0
15735,1.0,2.4558732e-13,0
15736,1.0,2.9641725e-14,0
15737,1.0,1.0674342e-08,0
15738,1.0,1.9528427e-20,0
15739,1.0,4.39351e-24,0
15740,1.0,1.7877276e-20,0
15741,1.0,1.2251327e-14,0
15742,1.0,1.7111317e-08,0
15743,1.0,2.7560213e-19,0
15744,1.0,4.9825586e-19,0
15745,1.0,3.4102941e-16,0
15746,1.0,5.2090428e-08,0
15747,1.0,7.348094e-17,0
15748,1.0,6.7817656e-16,0
15749,1.0,5.222434e-19,0
15750,1.0,1.013501e-11,0
15751,1.0,1.682788e-20,0
15752,1.0,9.588324e-18,0
15753,1.0,2.0507422e-09,0
15754,1.0,2.8933456e-20,0
15755,1.0,1.0466891e-14,0
15756,1.0,8.7120374e-18,0
15757,1.0,1.3244564e-15,0
15758,1.0,1.4297367e-08,0
15759,1.0,1.014025e-15,0
15760,1.0,3.455576e-17,0
15761,0.9999995,4.6956802e-07,0
15762,1.0,2.2119378e-15,0
15763,1.0,1.5171835e-21,0
15764,1.0,5.8997035e-08,0
15765,1.0,1.01208944e-10,0
15766,1.0,2.4530284e-08,0
15767,0.9999999,1.0100139e-07,0
15768,1.0,1.0634684e-21,0
15769,1.0,7.942477e-12,0
15770,1.0,6.061117e-17,0
15771,1.0,2.6941658e-08,0
15772,1.0,4.5579063e-14,0
15773,1.0,1.4264282e-14,0
15774,1.0,8.611255e-12,0
15775,1.0,3.4053022e-16,0
15776,1.0,1.917705e-18,0
15777,1.0,7.8624256e-16,0
15778,1.0,1.0861093e-18,0
15779,1.0,1.833624e-08,0
15780,1.0,5.182458e-14,0
15781,1.0,1.4304386e-18,0
15782,1.0,3.5047738e-18,0
15783,1.0,2.0049854e-15,0
15784,0.9999999,1.1490672e-07,0
15785,1.0,6.757914e-13,0
15786,0.99999964,3.9847887e-07,0
15787,1.0,5.6167506e-16,0
15788,1.0,1.7742735e-15,0
15789,1.0,2.257972e-10,0
15790,1.0,7.383248e-16,0
15791,1.0,1.1374626e-14,0
15792,1.0,9.537142e-11,0
15793,1.0,1.3912077e-10,0
15794,1.0,5.20612e-09,0
15795,1.0,2.95306e-11,0
15796,1.0,1.3734706e-15,0
15797,1.0,9.8882016e-14,0
15798,1.0,2.837848e-13,0
15799,1.0,2.258643e-11,0
15800,1.0,7.07304e-13,0
15801,1.0,7.4475036e-12,0
15802,0.9999999,1.4433274e-07,0
15803,1.0,8.777644e-09,0
15804,1.0,1.3215527e-10,0
15805,1.0,6.947884e-10,0
15806,1.0,9.658866e-10,0
15807,1.0,2.8619037e-15,0
15808,1.0,1.4287519e-09,0
15809,1.0,1.2960611e-17,0
15810,1.0,4.3438045e-10,0
15811,1.0,6.036541e-10,0
15812,1.0,3.5629824e-14,0
15813,1.0,9.331305e-09,0
15814,1.0,1.4302261e-10,0
15815,1.0,3.604984e-09,0
15816,1.0,7.690332e-09,0
15817,1.0,6.5156014e-10,0
15818,1.0,8.320792e-11,0
15819,1.0,1.0684396e-17,0
15820,1.0,6.780755e-09,0
15821,1.0,1.038317e-08,0
15822,1.0,2.987332e-09,0
15823,0.9999999,6.4403864e-08,0
15824,1.0,9.396238e-10,0
15825,1.0,1.3957146e-11,0
15826,1.0,1.4836632e-11,0
15827,1.0,3.5045072e-10,0
15828,1.0,1.0097608e-20,0
15829,1.0,9.595023e-10,0
15830,1.0,8.498047e-13,0
15831,1.0,1.9501047e-11,0
15832,1.0,2.3664551e-11,0
15833,1.0,2.794342e-09,0
15834,1.0,1.4737258e-09,0
15835,1.0,1.5393647e-15,0
15836,1.0,2.7974748e-11,0
15837,1.0,7.947369e-09,0
15838,1.0,2.6098397e-09,0
15839,1.0,3.0855185e-09,0
15840,1.0,4.516061e-09,0
15841,0.99999976,2.1567745e-07,0
15842,1.0,4.443757e-09,0
15843,1.0,3.7118413e-21,0
15844,1.0,1.912615e-12,0
15845,1.0,7.087144e-15,0
15846,1.0,1.3970076e-13,0
15847,1.0,2.3100653e-09,0
15848,1.0,5.474382e-18,0
15849,0.9999994,5.8841607e-07,0
15850,1.0,3.0891484e-11,0
15851,1.0,1.086562e-09,0
15852,1.0,3.2419203e-09,0
15853,0.9999987,1.2758757e-06,0
15854,1.0,6.217246e-09,0
15855,1.0,7.614551e-09,0
15856,1.0,1.2676002e-15,0
15857,1.0,4.580811e-10,0
15858,1.0,1.2456235e-09,0
15859,1.0,1.11801395e-10,0
15860,1.0,2.0761406e-15,0
15861,1.0,3.1199207e-08,0
15862,1.0,3.4126042e-12,0
15863,1.0,4.315938e-15,0
15864,1.0,9.232403e-11,0
15865,1.0,2.8653738e-10,0
15866,1.0,1.6892192e-09,0
15867,1.0,1.1043971e-09,0
15868,1.0,7.88207e-11,0
15869,1.0,6.00192e-16,0
15870,1.0,3.3722276e-09,0
15871,1.0,7.2308604e-10,0
15872,1.0,4.720368e-09,0
15873,1.0,7.748658e-15,0
15874,1.0,9.243433e-11,0
15875,1.0,2.8501363e-08,0
15876,1.0,1.6430292e-12,0
15877,1.0,1.656012e-10,0
15878,1.0,3.583641e-10,0
15879,1.0,3.048255e-10,0
15880,1.0,2.582178e-11,0
15881,1.0,2.6148012e-10,0
15882,1.0,3.950369e-13,0
15883,1.0,3.3419478e-16,0
15884,1.0,1.7514443e-10,0
15885,1.0,6.375052e-11,0
15886,1.0,1.4178224e-09,0
15887,0.9999976,2.437687e-06,0
15888,1.0,9.966436e-11,0
15889,1.0,4.2602224e-12,0
15890,1.0,1.6120242e-09,0
15891,1.0,7.458205e-09,0
15892,1.0,2.0851665e-10,0
15893,1.0,1.2522817e-09,0
15894,1.0,1.6206471e-09,0
15895,1.0,7.2598154e-09,0
15896,1.0,2.3594042e-09,0
15897,1.0,2.112662e-09,0
15898,1.0,2.5240178e-11,0
15899,1.0,5.406669e-12,0
15900,1.0,3.8110535e-08,0
15901,1.0,1.243017e-10,0
15902,1.0,7.7000647e-16,0
15903,1.0,1.9548128e-10,0
15904,1.0,8.7326685e-10,0
15905,1.0,3.385381e-09,0
15906,0.9999964,3.614092e-06,0
15907,1.0,3.2099955e-11,0
15908,1.0,1.5904115e-08,0
15909,1.0,3.2924596e-08,0
15910,1.0,3.0599523e-10,0
15911,1.0,1.4697306e-10,0
15912,1.0,3.2170946e-10,0
15913,1.0,1.4858114e-09,0
15914,1.0,1.0258057e-15,0
15915,1.0,5.0234397e-11,0
15916,1.0,3.7548606e-08,0
15917,1.0,7.728268e-13,0
15918,1.0,1.1128623e-19,0
15919,1.0,7.833795e-11,0
15920,1.0,1.126414e-12,0
15921,1.0,4.7676953e-11,0
15922,1.0,3.3992256e-10,0
15923,1.0,1.2980894e-10,0
15924,1.0,4.671686e-21,0
15925,1.0,5.824984e-10,0
15926,1.0,4.801402e-09,0
15927,1.0,2.0270039e-14,0
15928,1.0,1.1667474e-09,0
15929,1.0,2.1739426e-08,0
15930,1.0,5.8686798e-09,0
15931,1.0,9.774247e-11,0
15932,1.0,4.4800743e-11,0
15933,1.0,1.0097313e-10,0
15934,1.0,6.9605415e-09,0
15935,1.0,8.6976565e-11,0
15936,1.0,3.2309815e-09,0
15937,1.0,2.5296682e-17,0
15938,1.0,3.9040013e-10,0
15939,1.0,2.1786362e-09,0
15940,1.0,8.079324e-18,0
15941,0.99999976,2.6142607e-07,0
15942,1.0,3.5689075e-21,0
15943,1.0,1.1625584e-08,0
15944,1.0,3.2640501e-10,0
15945,1.0,6.354876e-11,0
15946,1.0,1.0680812e-09,0
15947,1.0,3.489373e-14,0
15948,1.0,3.9968207e-09,0
15949,1.0,4.7691937e-12,0
15950,1.0,4.425588e-09,0
15951,1.0,3.83832e-09,0
15952,1.0,4.448491e-08,0
15953,1.0,3.4902567e-11,0
15954,1.0,4.5533514e-11,0
15955,1.0,1.2943e-09,0
15956,1.0,3.032029e-11,0
15957,1.0,6.2673916e-10,0
15958,1.0,1.0129933e-10,0
15959,1.0,1.2790826e-08,0
15960,1.0,1.9060946e-10,0
15961,1.0,3.5886498e-09,0
15962,1.0,2.6069615e-11,0
15963,1.0,1.9295314e-13,0
15964,1.0,2.273279e-17,0
15965,1.0,2.4796047e-17,0
15966,1.0,8.3354764e-13,0
15967,0.9999999,7.147251e-08,0
15968,1.0,9.883304e-13,0
15969,1.0,2.403718e-10,0
15970,1.0,1.8029774e-15,0
15971,1.0,1.992358e-09,0
15972,1.0,3.5745254e-11,0
15973,0.9999999,6.168312e-08,0
15974,1.0,5.355557e-08,0
15975,1.0,1.5754823e-11,0
15976,1.0,9.4411166e-17,0
15977,1.0,1.7006384e-08,0
15978,1.0,6.5391474e-09,0
15979,1.0,1.0881797e-09,0
15980,1.0,3.352496e-08,0
15981,1.0,4.3595025e-09,0
15982,1.0,2.814642e-09,0
15983,1.0,4.6352666e-18,0
15984,1.0,3.7708734e-19,0
15985,1.0,4.6828234e-08,0
15986,1.0,3.04664e-17,0
15987,1.0,5.923966e-09,0
15988,1.0,1.5756423e-10,0
15989,1.0,8.782475e-11,0
15990,1.0,2.4634087e-16,0
15991,1.0,3.0022917e-09,0
15992,1.0,3.804421e-20,0
15993,1.0,6.7028144e-10,0
15994,1.0,8.429881e-11,0
15995,1.0,1.0969695e-09,0
15996,1.0,1.7606525e-09,0
15997,1.0,6.316631e-10,0
15998,1.0,2.7566302e-12,0
15999,1.0,2.090461e-08,0
16000,1.0,3.4661125e-09,0
16001,1.0,1.0493404e-09,0
16002,1.0,1.192927e-09,0
16003,1.0,1.4827255e-09,0
16004,1.0,4.011896e-21,0
16005,1.0,5.816282e-09,0
16006,1.0,2.107393e-10,0
16007,1.0,8.4743464e-14,0
16008,1.0,2.843715e-10,0
16009,1.0,2.062443e-17,0
16010,0.99999964,3.8175654e-07,0
16011,1.0,2.2354852e-08,0
16012,0.99999964,3.8658158e-07,0
16013,1.0,1.0284644e-11,0
16014,1.0,1.8418626e-18,0
16015,1.0,7.042456e-09,0
16016,1.0,4.3970143e-09,0
16017,1.0,3.3437992e-11,0
16018,1.0,6.245128e-09,0
16019,1.0,1.5687645e-12,0
16020,1.0,3.6989585e-09,0
16021,1.0,2.5733955e-12,0
16022,1.0,2.0371405e-09,0
16023,1.0,7.271993e-10,0
16024,1.0,7.574147e-14,0
16025,1.0,2.6811323e-10,0
16026,1.0,6.138532e-17,0
16027,1.0,7.313583e-10,0
16028,0.9999999,9.342064e-08,0
16029,1.0,1.843079e-10,0
16030,1.0,1.0916679e-09,0
16031,1.0,1.7498099e-08,0
16032,1.0,1.1059979e-19,0
16033,1.0,3.1406155e-11,0
16034,1.0,3.202488e-17,0
16035,1.0,1.6928293e-08,0
16036,1.0,3.961746e-10,0
16037,1.0,1.1380198e-11,0
16038,1.0,1.5328767e-09,0
16039,1.0,8.084897e-12,0
16040,1.0,2.656965e-11,0
16041,1.0,5.5103795e-17,0
16042,1.0,1.1988261e-08,0
16043,1.0,3.553498e-12,0
16044,1.0,1.3726144e-11,0
16045,1.0,3.8581693e-08,0
16046,1.0,5.4827918e-15,0
16047,1.0,3.8378528e-16,0
16048,1.0,2.133239e-10,0
16049,1.0,3.03722e-08,0
16050,1.0,2.1047658e-10,0
16051,1.0,6.2408906e-16,0
16052,1.0,2.01605e-10,0
16053,1.0,1.5231075e-09,0
16054,0.99999976,2.3407681e-07,0
16055,1.0,2.9955752e-10,0
16056,1.0,1.2619131e-13,0
16057,1.0,5.9114114e-10,0
16058,1.0,2.595076e-10,0
16059,1.0,4.058077e-11,0
16060,1.0,1.0014122e-08,0
16061,1.0,2.1540969e-16,0
16062,1.0,7.095444e-09,0
16063,1.0,4.0379205e-21,0
16064,1.0,6.3897515e-13,0
16065,1.0,1.3956388e-09,0
16066,1.0,2.651702e-13,0
16067,1.0,9.498883e-09,0
16068,1.0,2.850483e-09,0
16069,1.0,4.3286327e-08,0
16070,1.0,2.9186198e-09,0
16071,1.0,4.417515e-10,0
16072,1.0,1.0763915e-11,0
16073,1.0,9.739803e-10,0
16074,1.0,1.778514e-09,0
16075,1.0,4.920593e-16,0
16076,1.0,3.0219846e-10,0
16077,1.0,1.1461069e-09,0
16078,1.0,4.768492e-09,0
16079,1.0,3.7363537e-10,0
16080,1.0,1.3687614e-14,0
16081,1.0,9.232544e-11,0
16082,1.0,1.2227741e-08,0
16083,1.0,5.4516596e-13,0
16084,1.0,2.0865013e-08,0
16085,1.0,1.1110785e-08,0
16086,1.0,2.242339e-12,0
16087,1.0,2.3486227e-10,0
16088,1.0,2.301916e-12,0
16089,1.0,3.3041971e-09,0
16090,1.0,4.8851653e-14,0
16091,1.0,5.2265886e-08,0
16092,1.0,4.622689e-09,0
16093,1.0,3.1843573e-08,0
16094,1.0,4.6067639e-10,0
16095,1.0,4.3472362e-10,0
16096,1.0,2.0970301e-08,0
16097,1.0,1.3092133e-11,0
16098,1.0,6.346666e-10,0
16099,1.0,2.1758652e-10,0
16100,1.0,1.3835323e-12,0
16101,1.0,1.4944558e-11,0
16102,1.0,8.091966e-19,0
16103,1.0,2.919835e-12,0
16104,1.0,2.9161287e-08,0
16105,1.0,4.166315e-16,0
16106,0.9999994,5.402133e-07,0
16107,1.0,3.9158593e-10,0
16108,1.0,1.6860837e-13,0
16109,1.0,1.3016682e-12,0
16110,1.0,6.152104e-10,0
16111,1.0,3.1414695e-09,0
16112,1.0,1.4904728e-08,0
16113,1.0,4.2514346e-18,0
16114,1.0,1.9173003e-09,0
16115,1.0,1.6915776e-11,0
16116,1.0,5.2924883e-11,0
16117,1.0,7.3665457e-10,0
16118,1.0,7.287437e-09,0
16119,1.0,6.498638e-13,0
16120,1.0,1.1205133e-11,0
16121,1.0,3.7021717e-08,0
16122,1.0,9.963854e-18,0
16123,0.9999999,7.451596e-08,0
16124,1.0,2.1982796e-09,0
16125,1.0,9.475367e-11,0
16126,1.0,1.7271065e-08,0
16127,1.0,2.2532565e-14,0
16128,1.0,6.754444e-10,0
16129,1.0,1.4500519e-11,0
16130,1.0,8.476469e-09,0
16131,1.0,4.2955193e-16,0
16132,1.0,4.4845566e-10,0
16133,1.0,1.09315924e-10,0
16134,1.0,1.1678632e-12,0
16135,1.0,1.8038454e-10,0
16136,0.9999902,9.763089e-06,0
16137,1.0,3.9255923e-08,0
16138,1.0,1.3626479e-10,0
16139,1.0,7.22209e-11,0
16140,1.0,1.15735796e-10,0
16141,1.0,6.1469196e-10,0
16142,1.0,4.52552e-09,0
16143,1.0,1.5206901e-12,0
16144,1.0,2.1569733e-10,0
16145,1.0,6.0861926e-15,0
16146,1.0,1.6951442e-10,0
16147,1.0,4.7304622e-09,0
16148,1.0,3.0158925e-10,0
16149,1.0,4.891698e-08,0
16150,1.0,2.4374915e-09,0
16151,0.9999999,7.2058775e-08,0
16152,1.0,1.1336857e-13,0
16153,1.0,3.666258e-11,0
16154,1.0,1.5436553e-10,0
16155,1.0,4.441095e-17,0
16156,1.0,1.5801483e-09,0
16157,1.0,5.2555794e-15,0
16158,1.0,4.0453614e-09,0
16159,1.0,1.0673048e-10,0
16160,1.0,5.8870496e-22,0
16161,1.0,7.0678047e-10,0
16162,1.0,8.051738e-15,0
16163,1.0,3.4863616e-09,0
16164,1.0,1.8339598e-08,0
16165,1.0,2.0508308e-18,0
16166,1.0,3.233763e-12,0
16167,1.0,3.0326783e-10,0
16168,1.0,8.681108e-09,0
16169,1.0,2.8589703e-10,0
16170,0.9999999,1.385186e-07,0
16171,1.0,3.752286e-14,0
16172,1.0,1.2489183e-09,0
16173,1.0,7.531611e-09,0
16174,1.0,3.644666e-18,0
16175,1.0,5.0750307e-11,0
16176,1.0,5.4555196e-09,0
16177,1.0,4.6818677e-08,0
16178,1.0,2.5157016e-12,0
16179,1.0,1.9136666e-15,0
16180,1.0,6.554032e-09,0
16181,1.0,3.1099463e-15,0
16182,1.0,3.928457e-10,0
16183,1.0,4.6070734e-09,0
16184,1.0,1.4350701e-15,0
16185,1.0,2.643273e-10,0
16186,1.0,5.5846296e-08,0
16187,1.0,9.9919266e-14,0
16188,1.0,3.097578e-12,0
16189,1.0,3.2282475e-12,0
16190,1.0,1.2867704e-09,0
16191,1.0,1.8765977e-13,0
16192,1.0,6.3896693e-16,0
16193,1.0,1.835792e-10,0
16194,1.0,1.184068e-09,0
16195,1.0,2.6910687e-12,0
16196,1.0,1.5058212e-18,0
16197,0.99999964,3.1242504e-07,0
16198,1.0,2.4182876e-09,0
16199,1.0,5.9245764e-09,0
16200,1.0,2.515312e-09,0
16201,1.0,2.8559919e-08,0
16202,1.0,1.9082991e-10,0
16203,1.0,8.3097096e-10,0
16204,1.0,6.221326e-09,0
16205,1.0,1.6228477e-11,0
16206,1.0,6.778734e-10,0
16207,1.0,1.4707225e-11,0
16208,1.0,1.8114426e-08,0
16209,1.0,1.543615e-09,0
16210,0.9999999,8.821268e-08,0
16211,1.0,3.389647e-08,0
16212,1.0,1.4826702e-11,0
16213,1.0,1.3314562e-09,0
16214,1.0,2.0098609e-10,0
16215,0.9999999,1.4582368e-07,0
16216,1.0,6.77054e-18,0
16217,1.0,1.0187403e-10,0
16218,1.0,6.0613464e-10,0
16219,1.0,2.7499533e-10,0
16220,1.0,1.1025725e-20,0
16221,1.0,2.3953255e-09,0
16222,0.99999964,3.3799827e-07,0
16223,1.0,1.6914721e-10,0
16224,0.99999774,2.2265378e-06,0
16225,1.0,1.96676e-08,0
16226,1.0,1.5173374e-09,0
16227,1.0,8.929665e-11,0
16228,1.0,2.0588815e-10,0
16229,1.0,1.5777278e-08,0
16230,1.0,6.979872e-09,0
16231,1.0,1.7696815e-10,0
16232,0.9999999,9.468046e-08,0
16233,1.0,3.919197e-15,0
16234,1.0,2.2265139e-09,0
16235,1.0,3.9519424e-10,0
16236,1.0,2.2265973e-18,0
16237,1.0,2.225995e-10,0
16238,1.0,2.9101857e-10,0
16239,1.0,1.01439964e-16,0
16240,1.0,6.0842145e-09,0
16241,1.0,1.0561331e-09,0
16242,1.0,2.320643e-08,0
16243,1.0,4.418939e-10,0
16244,1.0,3.955195e-09,0
16245,1.0,1.8867846e-08,0
16246,1.0,1.2616371e-08,0
16247,1.0,8.409542e-09,0
16248,1.0,1.5165783e-18,0
16249,1.0,4.6687767e-08,0
16250,1.0,3.3862737e-08,0
16251,1.0,1.7042229e-12,0
16252,1.0,3.4143138e-10,0
16253,1.0,6.8575146e-10,0
16254,1.0,6.1525527e-09,0
16255,1.0,5.272281e-17,0
16256,1.0,5.6085558e-14,0
16257,1.0,2.1351757e-11,0
16258,1.0,7.712115e-09,0
16259,1.0,4.6615635e-18,0
16260,1.0,3.5228637e-10,0
16261,1.0,1.330593e-09,0
16262,1.0,1.1978284e-10,0
16263,1.0,1.2844349e-18,0
16264,1.0,4.156939e-13,0
16265,1.0,2.9914677e-15,0
16266,1.0,5.7647432e-11,0
16267,1.0,2.5514467e-08,0
16268,1.0,1.0935086e-08,0
16269,1.0,5.0980355e-14,0
16270,1.0,1.8647263e-10,0
16271,1.0,4.406535e-09,0
16272,0.9999999,1.1607375e-07,0
16273,1.0,3.284647e-10,0
16274,1.0,6.8251054e-09,0
16275,0.9999999,1.276546e-07,0
16276,1.0,1.5203712e-08,0
16277,1.0,1.826067e-09,0
16278,1.0,7.241207e-11,0
16279,1.0,8.241782e-19,0
16280,1.0,3.4538437e-13,0
16281,1.0,4.2608525e-10,0
16282,1.0,4.0846215e-10,0
16283,1.0,3.48509e-10,0
16284,1.0,3.08929e-11,0
16285,1.0,6.0318067e-15,0
16286,1.0,9.048191e-10,0
16287,1.0,1.6218707e-10,0
16288,1.0,1.3849587e-11,0
16289,1.0,1.031047e-15,0
16290,1.0,1.9994971e-08,0
16291,1.0,2.7455904e-08,0
16292,1.0,1.9180107e-12,0
16293,1.0,5.2551073e-08,0
16294,1.0,5.785079e-10,0
16295,1.0,9.2642775e-11,0
16296,1.0,2.6566027e-09,0
16297,1.0,3.338834e-19,0
16298,1.0,6.1272304e-10,0
16299,1.0,1.0530575e-09,0
16300,0.99999976,2.968443e-07,0
16301,1.0,7.1421347e-10,0
16302,1.0,6.1005803e-15,0
16303,1.0,8.2659087e-17,0
16304,1.0,5.9456324e-09,0
16305,1.0,1.4741255e-12,0
16306,1.0,3.4017826e-09,0
16307,1.0,7.5626336e-16,0
16308,0.99999976,2.5573428e-07,0
16309,1.0,9.693434e-10,0
16310,1.0,1.9833797e-09,0
16311,1.0,5.120464e-12,0
16312,0.99999845,1.5558373e-06,0
16313,1.0,4.0837955e-14,0
16314,1.0,5.732095e-10,0
16315,1.0,1.0006523e-08,0
16316,1.0,1.9975015e-10,0
16317,1.0,1.5102115e-09,0
16318,1.0,1.9146704e-08,0
16319,1.0,5.3021944e-16,0
16320,1.0,7.368784e-09,0
16321,1.0,4.6044446e-10,0
16322,1.0,8.8538045e-11,0
16323,1.0,1.2857798e-08,0
16324,1.0,4.363648e-08,0
16325,1.0,2.7448913e-10,0
16326,1.0,3.2248345e-18,0
16327,1.0,5.9366363e-16,0
16328,1.0,6.0667016e-10,0
16329,1.0,8.45027e-09,0
16330,1.0,1.3539204e-13,0
16331,1.0,6.1469896e-10,0
16332,1.0,6.374758e-12,0
16333,1.0,6.9298087e-09,0
16334,1.0,1.1169872e-09,0
16335,1.0,1.6051392e-09,0
16336,0.99999964,3.5774232e-07,0
16337,1.0,5.3273537e-09,0
16338,1.0,7.742912e-11,0
16339,0.99999785,2.2048605e-06,0
16340,1.0,5.4377343e-09,0
16341,0.99999905,9.915537e-07,0
16342,1.0,5.7752265e-09,0
16343,1.0,1.0579189e-10,0
16344,1.0,1.3544403e-08,0
16345,1.0,8.756052e-10,0
16346,1.0,1.2214976e-10,0
16347,1.0,7.98855e-10,0
16348,1.0,1.9171516e-08,0
16349,1.0,3.2300353e-11,0
16350,1.0,1.520527e-09,0
16351,1.0,1.9744746e-10,0
16352,1.0,1.5642851e-09,0
16353,1.0,1.7430044e-12,0
16354,1.0,3.6819928e-10,0
16355,1.0,1.15237256e-11,0
16356,1.0,3.6914927e-10,0
16357,1.0,2.2646824e-11,0
16358,1.0,2.67429e-09,0
16359,1.0,1.0891924e-10,0
16360,1.0,2.3660093e-10,0
16361,1.0,3.6039197e-12,0
16362,1.0,2.2671598e-10,0
16363,1.0,2.3022277e-08,0
16364,1.0,4.9444293e-10,0
16365,1.0,1.6318765e-08,0
16366,1.0,2.414697e-09,0
16367,1.0,4.891546e-09,0
16368,1.0,3.0340292e-12,0
16369,1.0,4.645203e-08,0
16370,1.0,1.9628916e-09,0
16371,1.0,3.4572647e-09,0
16372,0.9999999,1.1236508e-07,0
16373,1.0,5.75667e-10,0
16374,1.0,2.314405e-09,0
16375,1.0,4.533798e-12,0
16376,1.0,3.93091e-09,0
16377,1.0,1.3110646e-08,0
16378,1.0,6.214988e-18,0
16379,1.0,1.0247211e-10,0
16380,1.0,3.4545472e-10,0
16381,1.0,7.833219e-09,0
16382,1.0,2.2325376e-11,0
16383,1.0,2.0893636e-09,0
16384,1.0,1.3045026e-18,0
16385,1.0,1.9033765e-18,0
16386,1.0,8.222267e-11,0
16387,1.0,3.7153644e-08,0
16388,1.0,7.382238e-15,0
16389,1.0,1.2083808e-08,0
16390,1.0,5.379795e-10,0
16391,1.0,5.798003e-14,0
16392,1.0,2.3410938e-19,0
16393,1.0,9.772443e-10,0
16394,1.0,1.3465048e-11,0
16395,1.0,1.2633022e-10,0
16396,1.0,3.8284455e-11,0
16397,1.0,1.2369549e-18,0
16398,1.0,8.561245e-11,0
16399,1.0,5.953263e-11,0
16400,1.0,3.5283648e-21,0
16401,1.0,2.8541408e-15,0
16402,1.0,1.4387075e-18,0
16403,1.0,1.1996712e-10,0
16404,1.0,3.0595348e-12,0
16405,1.0,4.7394526e-11,0
16406,1.0,5.1571323e-08,0
16407,1.0,6.6789844e-11,0
16408,1.0,4.837454e-09,0
16409,1.0,2.7296386e-08,0
16410,0.9999993,7.473686e-07,0
16411,0.99999845,1.5158968e-06,0
16412,1.0,1.7714703e-11,0
16413,0.99999976,2.7480536e-07,0
16414,1.0,5.313231e-08,0
16415,1.0,2.373318e-10,0
16416,1.0,2.4345133e-09,0
16417,1.0,2.9992254e-08,0
16418,1.0,1.3232709e-13,0
16419,0.9999968,3.2152195e-06,0
16420,1.0,2.222459e-08,0
16421,1.0,8.091756e-10,0
16422,0.9999962,3.77074e-06,0
16423,0.9999993,7.2866885e-07,0
16424,1.0,2.1450028e-09,0
16425,1.0,1.41877265e-08,0
16426,1.0,1.406931e-09,0
16427,1.0,1.8538763e-08,0
16428,0.9999993,7.4454573e-07,0
16429,1.0,1.2538184e-09,0
16430,1.0,2.6245545e-10,0
16431,1.0,1.1002992e-09,0
16432,0.99999976,2.287286e-07,0
16433,0.9999987,1.3006158e-06,0
16434,1.0,2.6843572e-09,0
16435,0.9999995,4.790656e-07,0
16436,0.9999963,3.6868707e-06,0
16437,0.9999999,9.762577e-08,0
16438,1.0,3.3164604e-08,0
16439,0.99999785,2.1722078e-06,0
16440,0.99999845,1.5290426e-06,0
16441,0.9999995,4.8643716e-07,0
16442,0.99999774,2.2757547e-06,0
16443,0.9999975,2.480343e-06,0
16444,1.0,1.4305474e-11,0
16445,1.0,2.4731048e-10,0
16446,1.0,7.586332e-11,0
16447,1.0,2.9237168e-10,0
16448,1.0,7.657483e-10,0
16449,0.9999999,1.170962e-07,0
16450,0.9999939,6.0723382e-06,0
16451,0.9999933,6.722154e-06,0
16452,1.0,3.5332768e-12,0
16453,1.0,2.2110652e-11,0
16454,1.0,2.1061733e-12,0
16455,1.0,5.5919803e-13,0
16456,1.0,1.855329e-13,0
16457,1.0,3.2635238e-12,0
16458,1.0,1.3650281e-10,0
16459,1.0,4.184913e-08,0
16460,1.0,4.6566457e-12,0
16461,1.0,6.252099e-13,0
16462,0.99999726,2.7763397e-06,0
16463,1.0,1.3979446e-11,0
16464,1.0,6.9528515e-11,0
16465,1.0,2.1072129e-13,0
16466,1.0,2.0076453e-11,0
16467,1.0,5.588407e-10,0
16468,1.0,1.0031809e-11,0
16469,1.0,1.7483785e-12,0
16470,1.0,1.6330501e-12,0
16471,0.99999297,7.0567908e-06,0
16472,1.0,1.490079e-10,0
16473,1.0,8.005424e-09,0
16474,1.0,1.6906528e-10,0
16475,0.99999785,2.1196315e-06,0
16476,1.0,8.711109e-10,0
16477,1.0,1.912338e-08,0
16478,0.9999989,1.0352163e-06,0
16479,0.9999932,6.774954e-06,0
16480,0.99999976,2.469634e-07,0
16481,1.0,5.0615262e-11,0
16482,0.9999995,4.7172475e-07,0
16483,1.0,3.964651e-09,0
16484,0.9999999,1.2940347e-07,0
16485,1.0,1.6613951e-08,0
16486,0.99999964,3.0416783e-07,0
16487,1.0,4.6118675e-08,0
16488,1.0,5.880759e-09,0
16489,1.0,1.2887679e-08,0
16490,1.0,2.6620263e-08,0
16491,0.9999981,1.8517792e-06,0
16492,1.0,1.5405803e-08,0
16493,0.99999976,2.3355504e-07,0
16494,1.0,1.7211164e-10,0
16495,0.9999993,7.719086e-07,0
16496,0.9999937,6.271945e-06,0
16497,1.0,3.9279435e-12,0
16498,1.0,4.675467e-09,0
16499,0.9999583,4.176826e-05,0
16500,1.0,2.1834671e-08,0
16501,1.0,3.0111762e-12,0
16502,1.0,2.7648435e-13,0
16503,1.0,1.3476965e-08,0
16504,1.0,1.5481402e-10,0
16505,1.0,1.1628012e-10,0
16506,1.0,6.924959e-13,0
16507,1.0,1.1715802e-12,0
16508,1.0,1.9634689e-12,0
16509,0.9999989,1.0219718e-06,0
16510,1.0,6.4605175e-11,0
16511,1.0,3.2033667e-10,0
16512,1.0,1.881517e-11,0
16513,1.0,3.6831777e-11,0
16514,1.0,2.4999837e-12,0
16515,0.99999964,3.146893e-07,0
16516,0.9999999,1.3547974e-07,0
16517,1.0,1.489086e-12,0
16518,0.99999917,8.608741e-07,0
16519,1.0,1.1902841e-12,0
16520,1.0,3.04828e-09,0
16521,1.0,4.2418797e-09,0
16522,0.9999999,1.2778419e-07,0
16523,0.9999987,1.2605122e-06,0
16524,1.0,1.1902416e-11,0
16525,1.0,2.1342586e-08,0
16526,0.99999964,3.0345913e-07,0
16527,1.0,1.2933443e-10,0
16528,0.99999976,2.0817318e-07,0
16529,0.9999982,1.8107124e-06,0
16530,0.99997354,2.6414711e-05,0
16531,0.9999999,6.036869e-08,0
16532,0.99999905,9.984218e-07,0
16533,0.9999995,4.319577e-07,0
16534,1.0,6.2726505e-11,0
16535,0.99999464,5.3348067e-06,0
16536,1.0,2.0034634e-08,0
16537,1.0,4.3219622e-10,0
16538,0.9999769,2.3130586e-05,0
16539,1.0,1.8634696e-08,0
16540,0.99999964,4.071714e-07,0
16541,1.0,1.915478e-15,0
16542,1.0,4.843194e-10,0
16543,0.9999995,4.5486667e-07,0
16544,1.0,5.0269172e-08,0
16545,0.9999994,6.027861e-07,0
16546,1.0,7.211794e-11,0
16547,1.0,1.4640074e-12,0
16548,1.0,5.103253e-13,0
16549,1.0,1.0910783e-10,0
16550,1.0,2.0589245e-14,0
16551,1.0,1.6144934e-11,0
16552,1.0,6.451642e-10,0
16553,1.0,2.5384873e-11,0
16554,1.0,2.9298303e-13,0
16555,1.0,1.6462539e-12,0
16556,1.0,3.3825667e-09,0
16557,1.0,2.07095e-09,0
16558,1.0,6.6658795e-10,0
16559,0.9999988,1.133775e-06,0
16560,0.9999995,5.0246314e-07,0
16561,0.99999976,2.1732778e-07,0
16562,0.9999999,1.00745304e-07,0
16563,0.9999999,8.165563e-08,0
16564,1.0,3.7807932e-10,0
16565,1.0,1.13842644e-10,0
16566,1.0,1.6470973e-10,0
16567,0.9999995,4.865105e-07,0
16568,1.0,3.2449514e-09,0
16569,1.0,2.7244994e-08,0
16570,1.0,1.7213037e-10,0
16571,0.9999999,1.384317e-07,0
16572,0.99999964,3.5245077e-07,0
16573,0.99999464,5.325423e-06,0
16574,0.99999964,3.9502663e-07,0
16575,0.9999963,3.6435422e-06,0
16576,1.0,8.633071e-10,0
16577,0.99999833,1.7064242e-06,0
16578,1.0,1.4019405e-13,0
16579,0.9999974,2.6794432e-06,0
16580,0.99999917,8.1477003e-07,0
16581,1.0,9.5003685e-09,0
16582,1.0,3.089965e-09,0
16583,1.0,7.4383872e-09,0
16584,1.0,1.3163157e-09,0
16585,1.0,7.7976146e-11,0
16586,0.999997,2.9480163e-06,0
16587,0.9999963,3.6389754e-06,0
16588,1.0,4.1773904e-09,0
16589,1.0,2.3430489e-09,0
16590,0.9999987,1.2754693e-06,0
16591,0.9999994,6.290307e-07,0
16592,0.9999999,8.932608e-08,0
16593,0.99999976,2.526387e-07,0
16594,0.99999976,2.9732368e-07,0
16595,0.9999995,4.9700486e-07,0
16596,0.99999905,9.184377e-07,0
16597,0.99999774,2.2531576e-06,0
16598,0.9999999,1.5937343e-07,0
16599,1.0,4.6395464e-11,0
16600,1.0,1.4413103e-08,0
16601,0.99999833,1.6798322e-06,0
16602,1.0,8.210099e-09,0
16603,1.0,6.51166e-11,0
16604,1.0,5.8434475e-09,0
16605,0.9999981,1.8713573e-06,0
16606,0.9999981,1.9323336e-06,0
16607,0.9999968,3.203748e-06,0
16608,1.0,2.2809333e-08,0
16609,0.9999981,1.928898e-06,0
16610,1.0,8.3856727e-10,0
16611,0.9999987,1.314936e-06,0
16612,0.9999999,1.7371143e-07,0
16613,1.0,4.0303408e-10,0
16614,1.0,2.1931129e-08,0
16615,1.0,1.5729427e-10,0
16616,1.0,1.0151755e-09,0
16617,0.99999714,2.886259e-06,0
16618,1.0,3.5321368e-09,0
16619,0.99999344,6.5528807e-06,0
16620,1.0,3.9419673e-10,0
16621,1.0,1.4966432e-08,0
16622,1.0,3.7559886e-10,0
16623,1.0,1.0232122e-12,0
16624,0.99999356,6.4934584e-06,0
16625,1.0,3.481175e-11,0
16626,1.0,1.6036894e-12,0
16627,1.0,6.174e-11,0
16628,1.0,2.841576e-12,0
16629,0.9999989,1.1207542e-06,0
16630,1.0,1.8418276e-14,0
16631,1.0,1.3559156e-09,0
16632,1.0,4.9370122e-14,0
16633,1.0,1.116797e-10,0
16634,1.0,1.0968245e-14,0
16635,1.0,6.194651e-12,0
16636,1.0,4.7543267e-08,0
16637,1.0,2.737073e-08,0
16638,1.0,3.14256e-13,0
16639,1.0,1.5670817e-11,0
16640,1.0,1.8007771e-12,0
16641,0.99999976,2.3061641e-07,0
16642,1.0,1.0122271e-09,0
16643,1.0,2.418615e-09,0
16644,1.0,6.377232e-14,0
16645,1.0,3.2839658e-09,0
16646,1.0,2.1424154e-12,0
16647,1.0,8.085338e-10,0
16648,0.9999964,3.5674416e-06,0
16649,1.0,6.5956095e-11,0
16650,0.9999995,4.4363065e-07,0
16651,1.0,2.7120692e-10,0
16652,1.0,2.1363957e-09,0
16653,1.0,8.3764323e-10,0
16654,1.0,2.3390534e-12,0
16655,1.0,1.5507008e-12,0
16656,1.0,1.5991169e-12,0
16657,1.0,1.9370217e-08,0
16658,1.0,4.118656e-12,0
16659,0.99999857,1.4785855e-06,0
16660,1.0,6.865259e-11,0
16661,0.99999225,7.800534e-06,0
16662,0.9999995,4.3446047e-07,0
16663,1.0,1.5875308e-10,0
16664,1.0,7.599026e-09,0
16665,1.0,2.0245253e-12,0
16666,1.0,2.5600453e-12,0
16667,1.0,2.9636456e-11,0
16668,1.0,6.114992e-11,0
16669,1.0,4.389303e-10,0
16670,1.0,3.690289e-10,0
16671,0.9999994,6.0330365e-07,0
16672,0.9999982,1.8158274e-06,0
16673,1.0,1.0576047e-09,0
16674,0.9999994,6.0881064e-07,0
16675,0.9999988,1.1558324e-06,0
16676,1.0,1.9797503e-10,0
16677,0.9999944,5.6511985e-06,0
16678,1.0,4.2865906e-12,0
16679,0.9999999,1.1328979e-07,0
16680,1.0,4.650231e-11,0
16681,0.99999845,1.5009706e-06,0
16682,0.99999964,4.0630485e-07,0
16683,1.0,6.97143e-11,0
16684,1.0,1.2959032e-09,0
16685,1.0,1.47581645e-08,0
16686,1.0,5.9103035e-11,0
16687,0.99999714,2.8171733e-06,0
16688,1.0,2.6085032e-11,0
16689,1.0,2.6549726e-12,0
16690,1.0,2.1663385e-12,0
16691,1.0,2.5983773e-08,0
16692,1.0,1.1181535e-12,0
16693,1.0,5.646925e-12,0
16694,1.0,4.6019066e-14,0
16695,1.0,2.1664606e-10,0
16696,1.0,6.457656e-12,0
16697,1.0,1.6709106e-11,0
16698,1.0,1.146632e-12,0
16699,1.0,5.1715366e-14,0
16700,0.99998295,1.7040244e-05,0
16701,1.0,7.946322e-13,0
16702,1.0,3.6944877e-13,0
16703,1.0,6.034369e-09,0
16704,1.0,7.0692263e-12,0
16705,1.0,1.9380694e-10,0
16706,1.0,1.1092553e-12,0
16707,1.0,9.8990295e-11,0
16708,1.0,1.6869187e-11,0
16709,1.0,1.9928988e-08,0
16710,0.9999995,4.3420368e-07,0
16711,0.99999857,1.4106313e-06,0
16712,1.0,8.7366834e-14,0
16713,1.0,2.0497333e-09,0
16714,0.99999917,8.4433435e-07,0
16715,0.99999964,3.4600447e-07,0
16716,1.0,1.540966e-11,0
16717,1.0,1.8326029e-12,0
16718,0.9999989,1.080841e-06,0
16719,1.0,9.591755e-12,0
16720,1.0,3.4555112e-09,0
16721,1.0,1.2247107e-09,0
16722,0.99999905,9.648505e-07,0
16723,1.0,3.2480163e-13,0
16724,1.0,3.7133439e-09,0
16725,1.0,2.8573211e-08,0
16726,1.0,7.034263e-10,0
16727,1.0,1.738475e-09,0
16728,1.0,1.1440303e-12,0
16729,1.0,8.526509e-09,0
16730,1.0,8.804909e-09,0
16731,1.0,4.188176e-13,0
16732,1.0,5.4238845e-09,0
16733,1.0,1.556675e-12,0
16734,1.0,1.819397e-11,0
16735,1.0,4.8471334e-09,0
16736,1.0,1.526516e-13,0
16737,1.0,5.1897713e-09,0
16738,1.0,2.4176787e-09,0
16739,1.0,4.077262e-12,0
16740,0.99999857,1.3847016e-06,0
16741,1.0,1.9057174e-09,0
16742,1.0,2.0296387e-10,0
16743,0.99999976,2.7139328e-07,0
16744,0.99999833,1.638514e-06,0
16745,1.0,1.11729705e-11,0
16746,0.9999999,8.0242614e-08,0
16747,1.0,2.4088445e-10,0
16748,1.0,2.5506084e-09,0
16749,1.0,4.194088e-11,0
16750,0.999992,8.006121e-06,0
16751,1.0,9.30808e-11,0
16752,1.0,2.9464792e-10,0
16753,0.99999714,2.8733864e-06,0
16754,1.0,2.832861e-10,0
16755,1.0,1.4657175e-08,0
16756,1.0,9.4481445e-09,0
16757,1.0,6.1524496e-12,0
16758,1.0,4.2272764e-13,0
16759,1.0,8.47387e-12,0
16760,1.0,3.6845478e-11,0
16761,1.0,4.7622262e-14,0
16762,1.0,7.725354e-12,0
16763,1.0,2.1523281e-11,0
16764,1.0,8.843614e-14,0
16765,1.0,1.6525097e-10,0
16766,0.99999857,1.4469881e-06,0
16767,1.0,5.6407486e-11,0
16768,0.9999999,6.317384e-08,0
16769,1.0,1.8750817e-12,0
16770,1.0,2.1305875e-14,0
16771,1.0,3.926196e-13,0
16772,1.0,4.2763826e-12,0
16773,1.0,3.3656267e-10,0
16774,1.0,4.164342e-10,0
16775,1.0,3.5716885e-12,0
16776,1.0,4.1308548e-10,0
16777,0.9999937,6.325369e-06,0
16778,0.99999666,3.3225435e-06,0
16779,1.0,4.2133212e-08,0
16780,1.0,2.658065e-11,0
16781,1.0,1.2018154e-09,0
16782,0.99999964,3.6427738e-07,0
16783,1.0,1.6714789e-10,0
16784,1.0,3.085833e-11,0
16785,0.9999999,1.7164638e-07,0
16786,0.9999999,1.3075538e-07,0
16787,1.0,1.3028314e-11,0
16788,0.9999517,4.8309194e-05,0
16789,1.0,5.36484e-08,0
16790,0.9999999,7.5524156e-08,0
16791,1.0,5.0195492e-08,0
16792,1.0,4.7948556e-10,0
16793,0.9999981,1.9336276e-06,0
16794,0.9999982,1.7889071e-06,0
16795,1.0,3.4078873e-09,0
16796,1.0,7.0195774e-09,0
16797,0.9999999,8.037051e-08,0
16798,1.0,2.0917221e-11,0
16799,0.9999862,1.3780677e-05,0
16800,1.0,5.6327495e-11,0
16801,1.0,8.981088e-09,0
16802,1.0,1.8594326e-08,0
16803,0.99999166,8.358871e-06,0
16804,1.0,2.955926e-09,0
16805,0.9999975,2.5478978e-06,0
16806,1.0,5.1910826e-11,0
16807,1.0,2.8383723e-10,0
16808,0.9999982,1.8051055e-06,0
16809,1.0,2.928547e-12,0
16810,0.9999542,4.572966e-05,0
16811,0.99999976,2.3653718e-07,0
16812,0.9999968,3.2005476e-06,0
16813,1.0,9.2616546e-09,0
16814,0.99999785,2.2013244e-06,0
16815,0.9999999,1.7782342e-07,0
16816,1.0,1.1362549e-10,0
16817,0.99999845,1.5052107e-06,0
16818,0.9999981,1.8498869e-06,0
16819,0.99999857,1.4364796e-06,0
16820,1.0,3.467979e-08,0
16821,0.99999845,1.4947267e-06,0
16822,1.0,2.4294213e-08,0
16823,0.9999999,1.5366162e-07,0
16824,0.9999753,2.4721825e-05,0
16825,1.0,7.0975554e-09,0
16826,0.99997926,2.0726027e-05,0
16827,0.99999917,8.818213e-07,0
16828,1.0,4.322848e-12,0
16829,1.0,1.3641314e-12,0
16830,0.99999833,1.6473116e-06,0
16831,0.9999944,5.6364083e-06,0
16832,0.9999995,4.4148746e-07,0
16833,1.0,1.2569097e-09,0
16834,0.9999989,1.0328624e-06,0
16835,0.99999964,3.363218e-07,0
16836,1.0,1.8753779e-09,0
16837,0.99999976,2.546702e-07,0
16838,1.0,3.2617447e-08,0
16839,0.99999845,1.493631e-06,0
16840,0.99999964,3.3285014e-07,0
16841,1.0,3.2542326e-11,0
16842,1.0,1.7974076e-08,0
16843,0.99999976,2.2268173e-07,0
16844,0.9999999,7.464157e-08,0
16845,0.9999999,1.6554806e-07,0
16846,1.0,8.729467e-11,0
16847,0.9999999,9.030871e-08,0
16848,1.0,5.900279e-11,0
16849,0.9999937,6.3487937e-06,0
16850,1.0,1.4094685e-10,0
16851,1.0,2.349362e-10,0
16852,0.99995375,4.6208006e-05,0
16853,1.0,8.572797e-11,0
16854,1.0,3.4544062e-08,0
16855,1.0,3.6480607e-10,0
16856,1.0,7.5948595e-11,0
16857,1.0,1.562598e-08,0
16858,1.0,3.7235337e-10,0
16859,1.0,4.4950703e-11,0
16860,0.9999403,5.9727834e-05,0
16861,0.9999976,2.4095584e-06,0
16862,1.0,1.3585916e-10,0
16863,0.9999999,7.806317e-08,0
16864,0.9999975,2.4763654e-06,0
16865,0.9999999,1.3352123e-07,0
16866,0.9999987,1.2589996e-06,0
16867,1.0,3.7674415e-09,0
16868,0.999956,4.400085e-05,0
16869,1.0,2.2844556e-08,0
16870,1.0,1.1627047e-08,0
16871,1.0,8.088392e-10,0
16872,1.0,1.5040893e-08,0
16873,0.99999857,1.4642752e-06,0
16874,0.99999976,1.8407766e-07,0
16875,0.9999958,4.1288927e-06,0
16876,0.9999993,7.6181846e-07,0
16877,1.0,6.7287634e-11,0
16878,1.0,3.6568966e-09,0
16879,1.0,3.1037335e-09,0
16880,1.0,4.4660355e-09,0
16881,1.0,5.440307e-09,0
16882,1.0,1.4691567e-09,0
16883,1.0,5.322476e-10,0
16884,1.0,1.1298241e-09,0
16885,1.0,2.0402679e-08,0
16886,1.0,1.5699472e-08,0
16887,0.99989533,0.00010468204,0
16888,1.0,6.170963e-11,0
16889,1.0,1.4696724e-09,0
16890,1.0,1.2309154e-11,0
16891,1.0,3.0504552e-09,0
16892,1.0,4.6342336e-10,0
16893,1.0,1.3110832e-10,0
16894,0.9999999,8.028226e-08,0
16895,1.0,2.3196561e-08,0
16896,1.0,3.262037e-08,0
16897,1.0,3.4649574e-08,0
16898,1.0,1.48044e-12,0
16899,1.0,3.26756e-08,0
16900,1.0,2.0722717e-11,0
16901,0.9999999,8.289533e-08,0
16902,0.99996305,3.7001733e-05,0
16903,1.0,3.7517642e-10,0
16904,1.0,2.0021034e-08,0
16905,1.0,7.4618156e-10,0
16906,1.0,1.1688042e-11,0
16907,0.9999958,4.1513704e-06,0
16908,1.0,3.7096679e-10,0
16909,1.0,1.3881821e-08,0
16910,0.99999845,1.5307613e-06,0
16911,0.9999999,9.5919745e-08,0
16912,1.0,6.6675165e-11,0
16913,0.99999964,3.0844524e-07,0
16914,1.0,1.2609082e-08,0
16915,0.9999999,1.6061423e-07,0
16916,0.9999999,1.1214583e-07,0
16917,1.0,3.3340652e-09,0
16918,0.99999976,2.5893246e-07,0
16919,0.99999964,4.0382483e-07,0
16920,1.0,3.0812723e-09,0
16921,0.9999994,6.4022106e-07,0
16922,1.0,5.4508806e-09,0
16923,1.0,6.314725e-11,0
16924,0.99999905,1.0017886e-06,0
16925,0.99999833,1.6544499e-06,0
16926,0.9999999,6.01891e-08,0
16927,1.0,1.0374649e-10,0
16928,1.0,6.4489636e-09,0
16929,1.0,2.1809603e-09,0
16930,1.0,4.3107162e-10,0
16931,1.0,7.5673035e-10,0
16932,1.0,3.3487318e-08,0
16933,1.0,1.9188333e-09,0
16934,1.0,3.3790103e-11,0
16935,1.0,8.265804e-12,0
16936,1.0,1.4397173e-11,0
16937,0.99999964,3.7721034e-07,0
16938,1.0,5.3581495e-09,0
16939,0.9999999,1.4949691e-07,0
16940,1.0,2.8714315e-09,0
16941,1.0,1.4550707e-09,0
16942,1.0,3.7326567e-10,0
16943,0.99999976,1.8209417e-07,0
16944,1.0,1.5030066e-10,0
16945,1.0,6.890108e-10,0
16946,0.9999957,4.252882e-06,0
16947,1.0,2.2376343e-09,0
16948,1.0,3.067916e-11,0
16949,1.0,2.4857945e-09,0
16950,1.0,7.829586e-10,0
16951,1.0,6.2278795e-09,0
16952,1.0,9.595964e-12,0
16953,0.9999974,2.6051769e-06,0
16954,1.0,3.088676e-08,0
16955,0.9999999,7.428989e-08,0
16956,1.0,5.500612e-10,0
16957,1.0,3.6511516e-10,0
16958,0.9999988,1.1787258e-06,0
16959,1.0,1.1070213e-08,0
16960,1.0,8.065873e-09,0
16961,1.0,1.2489968e-13,0
16962,0.99999964,4.1325384e-07,0
16963,0.9999993,7.6072797e-07,0
16964,1.0,1.3615392e-09,0
16965,1.0,1.9490023e-09,0
16966,0.9999918,8.25574e-06,0
16967,1.0,2.6969562e-09,0
16968,0.9999964,3.546691e-06,0
16969,0.9999999,1.0623771e-07,0
16970,0.9999927,7.3166007e-06,0
16971,1.0,4.913668e-10,0
16972,1.0,8.5759046e-11,0
16973,1.0,5.384602e-09,0
16974,0.9999969,3.1249765e-06,0
16975,0.99999106,8.890444e-06,0
16976,1.0,2.8760539e-08,0
16977,1.0,1.4530213e-09,0
16978,0.99998736,1.2581435e-05,0
16979,1.0,4.4279375e-08,0
16980,0.99999964,3.9233208e-07,0
16981,1.0,8.3681934e-10,0
16982,1.0,1.3687571e-09,0
16983,1.0,2.2343163e-09,0
16984,0.99996495,3.5089786e-05,0
16985,1.0,2.1399928e-09,0
16986,1.0,5.4583055e-10,0
16987,1.0,1.4452378e-09,0
16988,1.0,2.1271496e-09,0
16989,1.0,1.0431268e-08,0
16990,1.0,3.558789e-08,0
16991,1.0,3.3645982e-11,0
16992,0.9999999,8.214723e-08,0
16993,0.9999999,1.6712549e-07,0
16994,1.0,1.0126794e-08,0
16995,0.99999976,2.8696874e-07,0
16996,1.0,2.1849043e-08,0
16997,1.0,5.9855104e-10,0
16998,0.9999988,1.1365224e-06,0
16999,1.0,4.6571036e-10,0
17000,1.0,8.724973e-11,0
17001,1.0,3.9867498e-08,0
17002,0.9999988,1.2109923e-06,0
17003,0.99999976,2.5578598e-07,0
17004,0.9999863,1.3705762e-05,0
17005,1.0,1.4323297e-08,0
17006,0.99999654,3.4649422e-06,0
17007,0.99999976,2.1504138e-07,0
17008,1.0,8.865655e-10,0
17009,1.0,7.0473067e-09,0
17010,0.9999994,5.803968e-07,0
17011,1.0,1.0244553e-10,0
17012,0.9999999,9.208761e-08,0
17013,1.0,2.344047e-08,0
17014,1.0,3.6503058e-12,0
17015,1.0,3.3089e-10,0
17016,1.0,5.0686997e-09,0
17017,0.9999987,1.3586341e-06,0
17018,0.99999785,2.0996952e-06,0
17019,0.9999999,1.0521972e-07,0
17020,1.0,4.999875e-08,0
17021,0.99999845,1.6016253e-06,0
17022,1.0,1.712026e-08,0
17023,0.99999905,9.797999e-07,0
17024,1.0,6.9652426e-09,0
17025,1.0,1.9576177e-11,0
17026,1.0,1.6877989e-09,0
17027,1.0,1.1720093e-12,0
17028,1.0,3.19473e-08,0
17029,0.99999917,8.9390994e-07,0
17030,0.99999964,3.1385431e-07,0
17031,1.0,1.1614585e-09,0
17032,1.0,8.728343e-09,0
17033,0.9999999,1.00106114e-07,0
17034,1.0,1.2500766e-09,0
17035,0.9999999,8.0445204e-08,0
17036,0.9999999,7.605424e-08,0
17037,0.99999595,4.0053574e-06,0
17038,1.0,4.1757833e-08,0
17039,1.0,5.767268e-09,0
17040,1.0,1.0748991e-09,0
17041,1.0,1.9487958e-11,0
17042,0.9999995,4.4946057e-07,0
17043,1.0,2.8939484e-08,0
17044,0.9999716,2.8317774e-05,0
17045,0.9999969,3.153742e-06,0
17046,1.0,1.67169e-09,0
17047,0.99999976,2.740004e-07,0
17048,1.0,5.7111527e-10,0
17049,0.9999999,1.16602536e-07,0
17050,1.0,1.2946827e-09,0
17051,0.99999905,9.4446136e-07,0
17052,0.9999999,1.4004506e-07,0
17053,0.9999999,1.6558059e-07,0
17054,1.0,2.0445666e-10,0
17055,1.0,2.0785532e-08,0
17056,1.0,6.3273786e-09,0
17057,1.0,1.7803644e-12,0
17058,1.0,4.1410573e-09,0
17059,1.0,4.7477297e-08,0
17060,1.0,3.2224454e-09,0
17061,1.0,1.4343856e-08,0
17062,1.0,4.9395865e-09,0
17063,1.0,9.528369e-09,0
17064,0.9999982,1.8316687e-06,0
17065,1.0,1.0149994e-09,0
17066,0.99999166,8.287624e-06,0
17067,1.0,1.781625e-08,0
17068,1.0,1.7537062e-11,0
17069,1.0,4.284709e-09,0
17070,0.9999976,2.3547805e-06,0
17071,0.9999993,7.259568e-07,0
17072,0.99998426,1.575375e-05,0
17073,1.0,6.919454e-09,0
17074,0.99998736,1.2611877e-05,0
17075,1.0,7.984894e-10,0
17076,0.99999726,2.7349392e-06,0
17077,1.0,7.162621e-11,0
17078,1.0,2.7849917e-10,0
17079,1.0,1.7774694e-09,0
17080,1.0,2.623167e-11,0
17081,1.0,5.1094798e-08,0
17082,0.99999297,6.9762664e-06,0
17083,0.9999999,7.695206e-08,0
17084,1.0,4.7140443e-12,0
17085,0.99999976,2.1012707e-07,0
17086,1.0,5.069016e-10,0
17087,1.0,2.8060014e-09,0
17088,1.0,6.550976e-11,0
17089,0.9999999,1.2397251e-07,0
17090,1.0,3.1150477e-10,0
17091,0.99999976,1.9318016e-07,0
17092,1.0,3.4432755e-08,0
17093,1.0,3.6433065e-09,0
17094,0.9999999,1.0480551e-07,0
17095,1.0,3.1844333e-10,0
17096,0.9999999,1.15980356e-07,0
17097,1.0,2.5781504e-09,0
17098,1.0,2.9246106e-09,0
17099,1.0,5.938741e-09,0
17100,0.9999995,4.4530537e-07,0
17101,0.9999994,6.025274e-07,0
17102,0.99999964,3.6424439e-07,0
17103,1.0,1.1439584e-08,0
17104,0.9999999,8.8571454e-08,0
17105,1.0,1.6065023e-09,0
17106,0.9999999,7.098885e-08,0
17107,0.9999906,9.4035195e-06,0
17108,1.0,4.1110752e-08,0
17109,1.0,5.25828e-10,0
17110,0.9999999,6.091602e-08,0
17111,1.0,8.5176675e-09,0
17112,1.0,5.669533e-09,0
17113,1.0,5.308855e-08,0
17114,1.0,6.2817285e-10,0
17115,1.0,1.15837e-09,0
17116,0.9999958,4.1456456e-06,0
17117,0.9999901,9.937606e-06,0
17118,1.0,6.58811e-09,0
17119,0.9999999,1.0917439e-07,0
17120,1.0,2.7434797e-09,0
17121,0.9999999,1.2007786e-07,0
17122,1.0,1.0577494e-10,0
17123,0.9999653,3.4640067e-05,0
17124,1.0,5.2493015e-10,0
17125,1.0,2.0490025e-09,0
17126,1.0,1.0727634e-08,0
17127,1.0,3.024525e-08,0
17128,1.0,2.3714083e-10,0
17129,1.0,2.9346128e-09,0
17130,0.99998915,1.0904846e-05,0
17131,0.9999999,7.862877e-08,0
17132,1.0,4.357258e-09,0
17133,1.0,2.6301445e-08,0
17134,1.0,2.0448475e-10,0
17135,1.0,6.653555e-11,0
17136,1.0,4.930134e-10,0
17137,1.0,2.521857e-11,0
17138,1.0,1.9781736e-09,0
17139,1.0,1.1376657e-08,0
17140,1.0,7.431983e-11,0
17141,1.0,6.751089e-12,0
17142,1.0,7.414228e-11,0
17143,1.0,2.5845041e-11,0
17144,1.0,6.9175464e-11,0
17145,1.0,4.909054e-12,0
17146,1.0,4.193992e-11,0
17147,1.0,1.8722603e-10,0
17148,1.0,1.336422e-10,0
17149,1.0,4.1770556e-09,0
17150,0.9999999,6.059757e-08,0
17151,1.0,5.5873195e-10,0
17152,1.0,2.2856095e-09,0
17153,1.0,3.0011107e-10,0
17154,1.0,3.785866e-10,0
17155,0.99999976,2.4476032e-07,0
17156,1.0,5.9854305e-10,0
17157,1.0,3.3633775e-08,0
17158,1.0,4.2641186e-11,0
17159,1.0,7.471261e-09,0
17160,1.0,2.9399194e-12,0
17161,1.0,3.779766e-08,0
17162,1.0,2.8764566e-10,0
17163,1.0,6.67014e-10,0
17164,1.0,8.40191e-09,0
17165,1.0,8.353016e-09,0
17166,1.0,3.931866e-11,0
17167,1.0,1.7323878e-09,0
17168,1.0,1.150997e-08,0
17169,1.0,1.3679681e-10,0
17170,1.0,6.126947e-11,0
17171,1.0,1.007458e-09,0
17172,0.999998,2.0011241e-06,0
17173,1.0,5.2265407e-11,0
17174,1.0,2.1663007e-09,0
17175,1.0,3.0760932e-09,0
17176,1.0,1.4990221e-09,0
17177,1.0,3.3151226e-10,0
17178,1.0,9.965192e-09,0
17179,1.0,3.1125726e-09,0
17180,1.0,1.27393365e-11,0
17181,1.0,6.229548e-11,0
17182,1.0,1.12090295e-10,0
17183,0.9999999,7.53387e-08,0
17184,1.0,1.2437638e-10,0
17185,0.9999999,7.598116e-08,0
17186,1.0,1.3042137e-11,0
17187,1.0,2.2280604e-09,0
17188,1.0,4.0053163e-08,0
17189,1.0,7.898377e-09,0
17190,1.0,8.4315255e-10,0
17191,1.0,7.480101e-09,0
17192,0.99999976,2.5622396e-07,0
17193,1.0,6.0390026e-11,0
17194,1.0,5.124553e-10,0
17195,1.0,3.573914e-10,0
17196,1.0,7.509592e-09,0
17197,1.0,5.9373504e-12,0
17198,1.0,3.5000786e-10,0
17199,1.0,1.3070109e-10,0
17200,1.0,3.128424e-08,0
17201,1.0,7.1987416e-10,0
17202,1.0,2.2084878e-09,0
17203,1.0,6.237366e-09,0
17204,1.0,1.1900833e-10,0
17205,1.0,1.3556548e-12,0
17206,1.0,2.3476263e-08,0
17207,1.0,3.433753e-08,0
17208,1.0,3.697401e-12,0
17209,1.0,1.2975324e-10,0
17210,1.0,9.2906843e-10,0
17211,1.0,2.6062184e-09,0
17212,1.0,6.562172e-10,0
17213,1.0,3.5379557e-09,0
17214,0.9999999,9.333995e-08,0
17215,1.0,5.8412553e-08,0
17216,1.0,5.7803776e-11,0
17217,1.0,9.532953e-12,0
17218,1.0,7.791871e-12,0
17219,0.9999999,1.445912e-07,0
17220,1.0,3.413949e-10,0
17221,1.0,1.4316283e-11,0
17222,1.0,3.0328437e-08,0
17223,1.0,1.0371646e-09,0
17224,1.0,4.256951e-11,0
17225,1.0,3.4004966e-10,0
17226,1.0,4.578778e-09,0
17227,1.0,3.322209e-08,0
17228,1.0,2.9313469e-08,0
17229,1.0,1.3895264e-10,0
17230,1.0,4.392957e-09,0
17231,1.0,4.1603065e-11,0
17232,1.0,6.736712e-11,0
17233,1.0,1.0805101e-10,0
17234,0.99999905,9.0574514e-07,0
17235,1.0,4.0971626e-09,0
17236,1.0,1.0292273e-08,0
17237,1.0,7.4025325e-10,0
17238,1.0,2.843227e-10,0
17239,1.0,3.0671396e-10,0
17240,1.0,5.8642907e-10,0
17241,1.0,1.3804925e-09,0
17242,1.0,2.0530308e-10,0
17243,1.0,5.4265797e-11,0
17244,1.0,5.166578e-10,0
17245,1.0,6.1820014e-11,0
17246,0.9999999,1.6886442e-07,0
17247,1.0,2.6015462e-08,0
17248,1.0,2.2712152e-10,0
17249,1.0,1.121128e-09,0
17250,1.0,7.914076e-09,0
17251,1.0,1.2614825e-09,0
17252,1.0,4.392306e-08,0
17253,1.0,4.0952308e-10,0
17254,1.0,4.5724593e-09,0
17255,1.0,2.9918505e-11,0
17256,1.0,8.743198e-11,0
17257,1.0,3.6327694e-11,0
17258,1.0,1.667803e-11,0
17259,1.0,5.117247e-10,0
17260,1.0,1.9889344e-08,0
17261,1.0,1.934738e-10,0
17262,1.0,3.4567769e-09,0
17263,1.0,1.1983414e-08,0
17264,1.0,8.24509e-10,0
17265,1.0,3.5868637e-09,0
17266,1.0,5.983247e-11,0
17267,1.0,2.974539e-09,0
17268,1.0,4.1162295e-12,0
17269,1.0,2.3196371e-09,0
17270,1.0,2.9111215e-08,0
17271,1.0,6.7210095e-09,0
17272,1.0,8.002969e-12,0
17273,1.0,4.9608686e-09,0
17274,1.0,1.3138733e-08,0
17275,1.0,1.0713283e-11,0
17276,1.0,4.011184e-10,0
17277,0.9999995,4.9674424e-07,0
17278,1.0,2.879697e-09,0
17279,1.0,1.9360584e-11,0
17280,1.0,9.6096056e-09,0
17281,1.0,5.1053606e-11,0
17282,1.0,2.089223e-10,0
17283,1.0,2.2529044e-10,0
17284,1.0,4.3149936e-10,0
17285,1.0,2.4492486e-10,0
17286,1.0,1.2706665e-12,0
17287,1.0,1.1801703e-08,0
17288,1.0,1.4474365e-09,0
17289,1.0,6.3235785e-09,0
17290,1.0,4.4139267e-10,0
17291,1.0,1.280654e-09,0
17292,1.0,1.3765807e-08,0
17293,1.0,9.806229e-12,0
17294,1.0,8.600894e-09,0
17295,1.0,1.46119845e-08,0
17296,0.99999964,4.0989633e-07,0
17297,0.9999999,8.063999e-08,0
17298,1.0,1.7533729e-10,0
17299,1.0,4.6060656e-08,0
17300,1.0,3.5343685e-12,0
17301,1.0,6.9287406e-12,0
17302,1.0,1.4967489e-08,0
17303,1.0,1.6627353e-09,0
17304,1.0,1.0911189e-08,0
17305,1.0,1.1335392e-12,0
17306,1.0,1.5728004e-08,0
17307,1.0,6.953621e-11,0
17308,0.99999976,1.7943528e-07,0
17309,1.0,2.022453e-08,0
17310,0.9999999,1.5547353e-07,0
17311,1.0,1.3444498e-10,0
17312,0.99999976,1.9636569e-07,0
17313,1.0,1.8909313e-08,0
17314,1.0,3.9439268e-08,0
17315,1.0,1.4640976e-11,0
17316,1.0,2.4645182e-08,0
17317,1.0,5.2031147e-08,0
17318,1.0,7.903127e-12,0
17319,1.0,2.0856499e-08,0
17320,1.0,4.2382062e-10,0
17321,1.0,4.235043e-08,0
17322,1.0,2.7750684e-08,0
17323,1.0,4.6222213e-09,0
17324,1.0,1.1607714e-10,0
17325,0.9999999,6.286253e-08,0
17326,1.0,1.920231e-10,0
17327,1.0,5.521377e-12,0
17328,1.0,1.8745062e-08,0
17329,1.0,7.127304e-13,0
17330,1.0,1.0583473e-09,0
17331,1.0,1.29162006e-08,0
17332,1.0,8.293096e-11,0
17333,1.0,7.998003e-10,0
17334,1.0,8.964043e-09,0
17335,1.0,4.9872646e-08,0
17336,1.0,3.497474e-11,0
17337,1.0,1.7580158e-08,0
17338,1.0,4.5754017e-08,0
17339,1.0,1.633541e-10,0
17340,1.0,1.3134768e-09,0
17341,1.0,2.9332906e-10,0
17342,0.9999988,1.248409e-06,0
17343,1.0,4.340958e-09,0
17344,1.0,1.899936e-09,0
17345,1.0,7.731435e-10,0
17346,1.0,1.8340822e-08,0
17347,1.0,4.8556275e-09,0
17348,1.0,7.218513e-10,0
17349,1.0,1.2585787e-10,0
17350,1.0,2.0460979e-08,0
17351,1.0,3.3922145e-08,0
17352,1.0,1.6216519e-09,0
17353,1.0,1.5695929e-09,0
17354,1.0,2.5053575e-09,0
17355,1.0,2.8853875e-09,0
17356,1.0,5.479269e-11,0
17357,1.0,4.3032876e-11,0
17358,1.0,2.9951768e-09,0
17359,1.0,1.9955897e-10,0
17360,1.0,1.6020408e-09,0
17361,1.0,2.0401044e-08,0
17362,1.0,4.636609e-11,0
17363,0.9999999,1.0871765e-07,0
17364,1.0,1.6149546e-12,0
17365,1.0,5.405285e-09,0
17366,1.0,2.1429489e-10,0
17367,1.0,1.4892565e-08,0
17368,1.0,6.315752e-10,0
17369,1.0,9.041821e-11,0
17370,1.0,6.6538663e-09,0
17371,1.0,2.8989508e-10,0
17372,1.0,1.18114984e-08,0
17373,1.0,7.491877e-10,0
17374,1.0,2.996855e-10,0
17375,1.0,6.046702e-11,0
17376,0.99999964,3.8162983e-07,0
17377,0.99999976,2.210953e-07,0
17378,1.0,3.433289e-11,0
17379,1.0,1.9298804e-10,0
17380,1.0,1.3734656e-11,0
17381,1.0,6.814536e-11,0
17382,1.0,9.330339e-10,0
17383,1.0,4.413567e-09,0
17384,1.0,7.721609e-09,0
17385,1.0,3.026488e-11,0
17386,1.0,9.721555e-11,0
17387,1.0,4.714472e-10,0
17388,1.0,6.3036687e-10,0
17389,1.0,2.1298187e-11,0
17390,1.0,1.7801795e-10,0
17391,1.0,8.538219e-11,0
17392,1.0,3.3219742e-12,0
17393,1.0,6.158044e-10,0
17394,1.0,1.2739397e-09,0
17395,1.0,9.265348e-09,0
17396,1.0,3.364948e-09,0
17397,1.0,7.787291e-17,0
17398,0.9999994,6.150596e-07,0
17399,1.0,1.7283843e-09,0
17400,1.0,1.5233892e-13,0
17401,1.0,2.121039e-10,0
17402,1.0,1.2327358e-08,0
17403,1.0,6.6066757e-15,0
17404,1.0,2.0702698e-10,0
17405,1.0,3.420103e-09,0
17406,1.0,4.709376e-10,0
17407,1.0,1.5753704e-08,0
17408,1.0,2.4878542e-08,0
17409,1.0,4.8157647e-09,0
17410,1.0,8.537405e-11,0
17411,1.0,3.8910986e-09,0
17412,1.0,2.0265672e-10,0
17413,1.0,2.4109188e-09,0
17414,1.0,2.0975863e-08,0
17415,1.0,5.7068235e-12,0
17416,1.0,7.8630115e-12,0
17417,1.0,4.0931867e-09,0
17418,1.0,5.566832e-10,0
17419,1.0,2.5762985e-08,0
17420,1.0,2.6430901e-11,0
17421,0.99999547,4.473115e-06,0
17422,1.0,4.682328e-10,0
17423,1.0,2.6590094e-10,0
17424,1.0,2.6289058e-08,0
17425,1.0,4.6877424e-10,0
17426,1.0,2.8682623e-09,0
17427,1.0,2.4970899e-09,0
17428,1.0,1.1072789e-08,0
17429,1.0,1.4325967e-09,0
17430,1.0,8.039201e-11,0
17431,1.0,2.5974904e-08,0
17432,1.0,4.632533e-08,0
17433,1.0,3.231945e-08,0
17434,1.0,2.7886184e-09,0
17435,1.0,3.5258413e-10,0
17436,1.0,8.504551e-09,0
17437,1.0,8.418388e-12,0
17438,1.0,1.6186134e-10,0
17439,1.0,1.2873479e-08,0
17440,1.0,1.2989717e-09,0
17441,1.0,5.113908e-11,0
17442,1.0,1.1282741e-08,0
17443,1.0,1.4161793e-09,0
17444,1.0,5.7258198e-11,0
17445,1.0,3.192167e-11,0
17446,1.0,1.3369867e-08,0
17447,1.0,3.984497e-09,0
17448,1.0,5.3109937e-11,0
17449,1.0,8.22204e-09,0
17450,1.0,4.0086925e-09,0
17451,1.0,6.8225114e-10,0
17452,1.0,1.53856e-08,0
17453,1.0,4.419729e-11,0
17454,1.0,1.3761206e-09,0
17455,1.0,2.713066e-11,0
17456,1.0,3.0778127e-09,0
17457,1.0,1.3622829e-08,0
17458,1.0,2.2532053e-10,0
17459,1.0,1.8196757e-10,0
17460,1.0,2.8950303e-08,0
17461,1.0,2.7447682e-12,0
17462,0.9999995,4.5768766e-07,0
17463,1.0,1.7802313e-09,0
17464,0.9999999,6.574718e-08,0
17465,1.0,3.5639072e-10,0
17466,1.0,3.444312e-09,0
17467,0.9999161,8.3911495e-05,0
17468,1.0,3.4364993e-11,0
17469,1.0,1.6162451e-09,0
17470,1.0,1.1193437e-09,0
17471,1.0,3.0527367e-09,0
17472,1.0,2.6683475e-10,0
17473,1.0,6.903611e-12,0
17474,1.0,1.5789546e-10,0
17475,1.0,3.229246e-08,0
17476,1.0,1.2608673e-08,0
17477,1.0,3.3037748e-09,0
17478,1.0,3.5708767e-09,0
17479,1.0,5.0236557e-09,0
17480,1.0,1.3380085e-10,0
17481,1.0,2.1510921e-08,0
17482,1.0,2.8097913e-10,0
17483,1.0,4.5362443e-09,0
17484,1.0,3.2854587e-08,0
17485,1.0,1.548976e-10,0
17486,0.9999999,6.456856e-08,0
17487,1.0,4.0792827e-09,0
17488,1.0,2.0290368e-08,0
17489,1.0,3.4749628e-09,0
17490,1.0,4.019344e-12,0
17491,1.0,6.4227006e-11,0
17492,1.0,8.617113e-10,0
17493,1.0,2.1300474e-10,0
17494,1.0,4.593565e-11,0
17495,1.0,2.0239879e-09,0
17496,1.0,1.392818e-08,0
17497,1.0,1.449987e-09,0
17498,1.0,1.6355152e-09,0
17499,1.0,1.7364866e-09,0
17500,1.0,1.6149992e-10,0
17501,1.0,1.2765594e-09,0
17502,1.0,1.5117571e-08,0
17503,1.0,2.375844e-11,0
17504,1.0,5.9237283e-13,0
17505,1.0,7.718133e-13,0
17506,1.0,2.8266178e-09,0
17507,0.99999976,1.9721153e-07,0
17508,1.0,8.026944e-11,0
17509,1.0,5.7284958e-11,0
17510,0.99999976,2.504619e-07,0
17511,1.0,5.1886655e-08,0
17512,0.9999987,1.3105915e-06,0
17513,1.0,2.6286673e-10,0
17514,0.9999988,1.1554312e-06,0
17515,1.0,9.509274e-12,0
17516,1.0,1.5079483e-10,0
17517,0.99999917,7.909941e-07,0
17518,0.9999999,1.09020824e-07,0
17519,0.99999976,2.707323e-07,0
17520,1.0,1.2566274e-08,0
17521,1.0,1.1511425e-11,0
17522,1.0,1.3144241e-09,0
17523,1.0,4.054677e-09,0
17524,1.0,4.6031147e-08,0
17525,1.0,5.33339e-10,0
17526,1.0,1.10959915e-10,0
17527,1.0,1.8577228e-13,0
17528,1.0,2.660006e-08,0
17529,0.9999999,1.4581198e-07,0
17530,0.99999976,1.9752004e-07,0
17531,1.0,1.6372192e-09,0
17532,1.0,9.897514e-12,0
17533,1.0,1.4204295e-12,0
17534,1.0,1.0654896e-08,0
17535,1.0,5.255748e-12,0
17536,1.0,1.7105088e-11,0
17537,1.0,4.6070842e-12,0
17538,1.0,3.0325296e-09,0
17539,1.0,2.805823e-10,0
17540,1.0,1.2480836e-11,0
17541,0.9999989,1.1149006e-06,0
17542,0.9999999,7.479691e-08,0
17543,0.9999988,1.2246036e-06,0
17544,0.99999774,2.3231134e-06,0
17545,1.0,3.1520448e-09,0
17546,1.0,9.381554e-10,0
17547,1.0,4.6372045e-10,0
17548,0.99999964,3.3033925e-07,0
17549,0.9999995,4.364534e-07,0
17550,0.9999981,1.8576727e-06,0
17551,1.0,3.8453382e-10,0
17552,1.0,2.8427635e-08,0
17553,1.0,3.2473117e-12,0
17554,1.0,9.251758e-11,0
17555,1.0,1.1184235e-10,0
17556,1.0,1.2135544e-12,0
17557,1.0,1.2168736e-08,0
17558,1.0,1.1589993e-10,0
17559,1.0,2.1160042e-10,0
17560,1.0,1.9295794e-09,0
17561,1.0,8.8643075e-09,0
17562,1.0,5.4201043e-11,0
17563,1.0,2.9933543e-13,0
17564,1.0,1.0802494e-12,0
17565,1.0,4.9910062e-11,0
17566,1.0,1.9831432e-11,0
17567,1.0,7.938082e-09,0
17568,1.0,2.6757696e-09,0
17569,1.0,4.2435957e-09,0
17570,0.99999976,2.488569e-07,0
17571,1.0,3.5612808e-12,0
17572,1.0,7.1964074e-10,0
17573,1.0,2.8561958e-10,0
17574,1.0,6.2308648e-12,0
17575,1.0,2.7954735e-08,0
17576,1.0,6.66931e-11,0
17577,1.0,2.3553e-12,0
17578,1.0,3.204551e-11,0
17579,1.0,4.8014836e-13,0
17580,1.0,9.156268e-09,0
17581,1.0,3.1541811e-12,0
17582,1.0,1.6175765e-10,0
17583,0.9999999,7.183427e-08,0
17584,1.0,2.0982904e-08,0
17585,1.0,3.3301324e-12,0
17586,1.0,1.3914996e-10,0
17587,1.0,7.903243e-13,0
17588,0.99999976,2.1579595e-07,0
17589,1.0,4.756703e-08,0
17590,0.9999999,1.03767206e-07,0
17591,1.0,2.1636506e-08,0
17592,1.0,1.5296172e-09,0
17593,1.0,4.723142e-09,0
17594,1.0,1.1603331e-10,0
17595,1.0,4.281365e-10,0
17596,1.0,2.2984073e-11,0
17597,1.0,4.061159e-11,0
17598,1.0,1.4044462e-12,0
17599,1.0,9.64317e-09,0
17600,1.0,4.095817e-10,0
17601,1.0,2.6506023e-11,0
17602,1.0,1.13024375e-10,0
17603,1.0,2.2442434e-08,0
17604,1.0,3.2739031e-09,0
17605,1.0,2.748185e-11,0
17606,1.0,1.883411e-09,0
17607,1.0,5.5822864e-12,0
17608,1.0,2.5404042e-08,0
17609,1.0,2.8636388e-12,0
17610,1.0,2.8183823e-08,0
17611,1.0,1.6886169e-09,0
17612,1.0,5.340085e-11,0
17613,1.0,5.225945e-10,0
17614,0.9999993,7.3927674e-07,0
17615,1.0,2.233825e-10,0
17616,1.0,2.6532364e-08,0
17617,1.0,2.9256775e-08,0
17618,1.0,4.6445625e-09,0
17619,1.0,2.4132111e-08,0
17620,1.0,2.0510267e-10,0
17621,1.0,1.1394751e-11,0
17622,1.0,1.7021197e-10,0
17623,1.0,3.1349003e-11,0
17624,1.0,3.178975e-08,0
17625,1.0,9.507102e-11,0
17626,1.0,3.2680465e-08,0
17627,1.0,5.5453983e-12,0
17628,1.0,2.3212937e-08,0
17629,1.0,1.6055656e-08,0
17630,1.0,2.4935368e-11,0
17631,1.0,1.1878246e-10,0
17632,1.0,6.070009e-11,0
17633,1.0,7.550571e-12,0
17634,1.0,4.7680526e-10,0
17635,1.0,4.3168133e-10,0
17636,1.0,1.5037758e-09,0
17637,1.0,4.816649e-08,0
17638,0.99999976,2.1199497e-07,0
17639,1.0,2.440101e-09,0
17640,1.0,1.5350953e-08,0
17641,1.0,1.510135e-11,0
17642,1.0,3.730045e-10,0
17643,1.0,1.6818073e-11,0
17644,1.0,5.3145865e-09,0
17645,1.0,3.3713288e-08,0
17646,1.0,1.6517605e-09,0
17647,1.0,5.533884e-11,0
17648,1.0,3.6405386e-11,0
17649,1.0,1.0081235e-08,0
17650,1.0,1.2691378e-09,0
17651,1.0,2.695232e-10,0
17652,1.0,2.0896615e-10,0
17653,1.0,9.361793e-12,0
17654,1.0,4.559544e-09,0
17655,1.0,4.6524135e-11,0
17656,1.0,4.0926054e-11,0
17657,1.0,1.05464e-08,0
17658,1.0,7.013087e-09,0
17659,1.0,4.9645954e-10,0
17660,1.0,6.822177e-09,0
17661,1.0,2.791384e-10,0
17662,1.0,5.820205e-11,0
17663,1.0,9.9500255e-11,0
17664,1.0,2.7100654e-08,0
17665,1.0,7.869651e-10,0
17666,1.0,1.0389702e-09,0
17667,1.0,8.150504e-11,0
17668,1.0,3.6325477e-11,0
17669,0.9999999,1.2705583e-07,0
17670,1.0,3.5930947e-09,0
17671,1.0,1.7234249e-11,0
17672,1.0,1.7116915e-10,0
17673,1.0,1.1000915e-09,0
17674,1.0,2.481125e-12,0
17675,1.0,3.5092803e-08,0
17676,0.9999987,1.2973701e-06,0
17677,1.0,2.0325636e-10,0
17678,1.0,1.1670945e-09,0
17679,1.0,2.2655734e-10,0
17680,1.0,9.609385e-13,0
17681,1.0,4.2489366e-11,0
17682,1.0,1.8407962e-09,0
17683,1.0,1.3198008e-08,0
17684,1.0,6.5236434e-11,0
17685,1.0,1.3345879e-10,0
17686,1.0,9.689515e-10,0
17687,1.0,3.6685353e-09,0
17688,1.0,1.30085684e-08,0
17689,1.0,2.622938e-10,0
17690,1.0,2.0219572e-10,0
17691,1.0,6.560654e-11,0
17692,1.0,5.6948328e-11,0
17693,1.0,5.126271e-11,0
17694,1.0,2.3813143e-08,0
17695,1.0,1.2980759e-08,0
17696,1.0,1.913198e-09,0
17697,1.0,4.184887e-09,0
17698,1.0,9.751504e-12,0
17699,1.0,3.9973402e-12,0
17700,1.0,1.0543203e-08,0
17701,1.0,5.6624944e-10,0
17702,1.0,3.889941e-09,0
17703,1.0,1.31952e-10,0
17704,1.0,1.1742084e-09,0
17705,0.99999964,3.734288e-07,0
17706,1.0,8.365376e-12,0
17707,1.0,1.00938955e-08,0
17708,1.0,9.889373e-10,0
17709,1.0,9.494377e-12,0
17710,1.0,1.2824922e-09,0
17711,1.0,7.7379e-09,0
17712,1.0,6.0099686e-10,0
17713,1.0,1.3436559e-09,0
17714,1.0,8.3499213e-10,0
17715,1.0,5.88433e-08,0
17716,1.0,1.3708995e-09,0
17717,1.0,1.6875099e-12,0
17718,1.0,4.001682e-08,0
17719,1.0,4.804065e-10,0
17720,0.99999964,3.1969097e-07,0
17721,1.0,9.927307e-09,0
17722,0.99999976,2.7251085e-07,0
17723,1.0,1.1676089e-09,0
17724,1.0,2.318263e-08,0
17725,1.0,1.9672328e-08,0
17726,1.0,3.0983511e-09,0
17727,1.0,3.5590066e-08,0
17728,1.0,1.2917838e-10,0
17729,1.0,4.787904e-09,0
17730,1.0,8.978279e-09,0
17731,1.0,4.6142583e-09,0
17732,1.0,2.2298352e-11,0
17733,1.0,1.3057465e-08,0
17734,1.0,1.7071153e-08,0
17735,1.0,1.013717e-12,0
17736,1.0,1.8637512e-11,0
17737,1.0,9.882174e-09,0
17738,0.9999999,8.835446e-08,0
17739,1.0,1.751268e-09,0
17740,1.0,1.0265174e-09,0
17741,1.0,5.343522e-10,0
17742,1.0,1.0776868e-09,0
17743,1.0,2.5725935e-10,0
17744,1.0,3.6815853e-10,0
17745,1.0,1.0367374e-09,0
17746,1.0,1.186457e-10,0
17747,1.0,4.991292e-11,0
17748,1.0,4.6532347e-09,0
17749,1.0,4.6556778e-12,0
17750,1.0,1.9217854e-09,0
17751,0.99999976,2.4794178e-07,0
17752,0.9999999,1.0528898e-07,0
17753,0.99999905,9.4262026e-07,0
17754,1.0,6.2407577e-09,0
17755,1.0,7.4419204e-09,0
17756,0.99999976,2.1565751e-07,0
17757,0.99999976,2.3373684e-07,0
17758,0.9999993,6.949665e-07,0
17759,1.0,2.2096401e-11,0
17760,1.0,2.0866234e-13,0
17761,1.0,4.2726086e-08,0
17762,0.9999999,1.1535964e-07,0
17763,1.0,2.208553e-11,0
17764,0.9999949,5.1099646e-06,0
17765,1.0,4.1675797e-08,0
17766,0.9999999,1.3878623e-07,0
17767,1.0,3.8070807e-11,0
17768,1.0,9.987865e-11,0
17769,1.0,3.3369692e-11,0
17770,1.0,8.819968e-13,0
17771,1.0,9.606251e-13,0
17772,1.0,8.6594726e-14,0
17773,1.0,1.5119666e-13,0
17774,1.0,2.309422e-09,0
17775,0.99999774,2.3044788e-06,0
17776,0.9999995,5.3585e-07,0
17777,0.99999833,1.7189617e-06,0
17778,0.9998971,0.000102828184,0
17779,1.0,7.30594e-11,0
17780,1.0,3.8542633e-12,0
17781,1.0,4.3354e-08,0
17782,0.99999917,8.6474955e-07,0
17783,1.0,2.4101692e-13,0
17784,0.999997,2.9256803e-06,0
17785,0.99999976,1.8499492e-07,0
17786,1.0,4.3035034e-10,0
17787,1.0,1.8641704e-11,0
17788,1.0,1.0809879e-11,0
17789,1.0,3.3868755e-11,0
17790,1.0,1.3304001e-09,0
17791,1.0,2.7429392e-10,0
17792,1.0,1.3177161e-11,0
17793,0.99999964,4.1235228e-07,0
17794,1.0,1.7598207e-08,0
17795,1.0,1.0062087e-11,0
17796,1.0,3.009237e-11,0
17797,0.9999993,7.2729006e-07,0
17798,0.9999995,4.9213173e-07,0
17799,0.99999845,1.5101813e-06,0
17800,0.9999999,1.5613787e-07,0
17801,1.0,1.723637e-09,0
17802,0.9999999,8.280368e-08,0
17803,0.9999776,2.2363087e-05,0
17804,1.0,1.2603281e-09,0
17805,0.9999968,3.1612517e-06,0
17806,0.99999905,9.4794353e-07,0
17807,1.0,1.8124743e-10,0
17808,1.0,2.1622386e-09,0
17809,1.0,2.9619335e-11,0
17810,1.0,5.451525e-09,0
17811,1.0,1.4390701e-10,0
17812,1.0,2.885788e-10,0
17813,1.0,1.3461072e-14,0
17814,1.0,1.4398286e-09,0
17815,1.0,2.5023403e-12,0
17816,1.0,3.746235e-11,0
17817,1.0,7.476086e-11,0
17818,1.0,1.412491e-10,0
17819,0.99999905,9.628146e-07,0
17820,1.0,1.2817928e-09,0
17821,1.0,3.2788322e-10,0
17822,1.0,3.2957234e-10,0
17823,0.99999726,2.788636e-06,0
17824,1.0,7.50743e-09,0
17825,1.0,6.925524e-10,0
17826,1.0,7.730601e-12,0
17827,1.0,2.3876123e-09,0
17828,1.0,4.9014054e-10,0
17829,1.0,8.634952e-09,0
17830,1.0,1.537938e-08,0
17831,1.0,1.0717327e-08,0
17832,1.0,3.4359129e-09,0
17833,1.0,1.9950692e-09,0
17834,1.0,2.4404664e-11,0
17835,1.0,4.5944087e-10,0
17836,1.0,8.258358e-10,0
17837,1.0,1.1145541e-10,0
17838,1.0,9.0459995e-10,0
17839,1.0,9.19291e-09,0
17840,1.0,8.152269e-09,0
17841,1.0,1.7202927e-10,0
17842,1.0,1.0599295e-12,0
17843,1.0,1.1842842e-10,0
17844,0.999998,2.0308935e-06,0
17845,1.0,8.833681e-11,0
17846,1.0,2.7294376e-14,0
17847,1.0,1.7311699e-08,0
17848,1.0,4.544263e-13,0
17849,1.0,1.9745236e-10,0
17850,1.0,3.5916912e-12,0
17851,1.0,1.7306069e-10,0
17852,1.0,1.2179638e-10,0
17853,1.0,2.010576e-08,0
17854,0.9999999,1.4066642e-07,0
17855,1.0,7.7398435e-14,0
17856,1.0,2.199461e-14,0
17857,0.9999995,4.836658e-07,0
17858,1.0,6.510893e-10,0
17859,1.0,3.2735921e-12,0
17860,1.0,4.6240846e-08,0
17861,0.999998,2.0191594e-06,0
17862,1.0,1.8022993e-12,0
17863,1.0,3.1071049e-12,0
17864,1.0,5.3429376e-11,0
17865,1.0,6.101996e-09,0
17866,0.9999999,8.976313e-08,0
17867,0.99996746,3.2536125e-05,0
17868,0.9999999,1.3347909e-07,0
17869,1.0,5.009956e-08,0
17870,0.99999774,2.2843024e-06,0
17871,1.0,4.0747903e-08,0
17872,0.9999999,1.1094632e-07,0
17873,0.9999999,6.702565e-08,0
17874,1.0,5.9060984e-08,0
17875,1.0,4.145998e-12,0
17876,0.9999999,1.4881951e-07,0
17877,1.0,1.6617348e-15,0
17878,1.0,2.2391194e-17,0
17879,1.0,1.6806285e-17,0
17880,1.0,1.5360654e-11,0
17881,1.0,1.4066412e-09,0
17882,1.0,2.6361431e-18,0
17883,1.0,3.8310405e-10,0
17884,1.0,2.2500621e-17,0
17885,1.0,4.4975438e-17,0
17886,1.0,2.0249681e-17,0
17887,1.0,3.5230727e-17,0
17888,1.0,2.9002095e-19,0
17889,1.0,6.212267e-24,0
17890,1.0,1.5315129e-19,0
17891,1.0,1.9436621e-22,0
17892,1.0,6.17137e-20,0
17893,1.0,8.319477e-14,0
17894,1.0,2.2284117e-14,0
17895,1.0,2.9958088e-14,0
17896,1.0,3.0522602e-16,0
17897,1.0,4.5657193e-18,0
17898,1.0,2.4083432e-18,0
17899,1.0,2.5557829e-22,0
17900,1.0,4.023809e-19,0
17901,1.0,6.3435385e-19,0
17902,1.0,1.5160988e-17,0
17903,1.0,4.618856e-16,0
17904,1.0,1.0567932e-18,0
17905,1.0,1.6017354e-09,0
17906,1.0,2.5951573e-16,0
17907,1.0,7.215062e-20,0
17908,1.0,4.6575406e-13,0
17909,1.0,2.4133369e-18,0
17910,1.0,1.0264492e-12,0
17911,1.0,1.2952456e-17,0
17912,1.0,1.5003808e-09,0
17913,1.0,5.6197456e-18,0
17914,1.0,6.028647e-18,0
17915,1.0,5.0474837e-13,0
17916,1.0,1.4216579e-19,0
17917,1.0,3.1942962e-20,0
17918,1.0,8.053319e-19,0
17919,1.0,1.4361709e-15,0
17920,1.0,8.1915503e-16,0
17921,1.0,3.727494e-20,0
17922,1.0,2.2571201e-17,0
17923,1.0,3.2892685e-17,0
17924,1.0,1.00761526e-17,0
17925,1.0,3.227038e-10,0
17926,1.0,2.0835626e-19,0
17927,1.0,3.482535e-23,0
17928,1.0,4.1782935e-19,0
17929,1.0,1.2982984e-16,0
17930,1.0,1.0074308e-17,0
17931,1.0,3.672751e-16,0
17932,1.0,1.8778537e-10,0
17933,1.0,4.14778e-11,0
17934,1.0,3.629986e-18,0
17935,1.0,3.112315e-18,0
17936,1.0,1.3131643e-08,0
17937,0.9999999,7.382376e-08,0
17938,1.0,8.636052e-21,0
17939,1.0,7.993277e-17,0
17940,1.0,1.4414982e-18,0
17941,1.0,1.0016516e-18,0
17942,1.0,1.3256616e-19,0
17943,1.0,2.1358705e-20,0
17944,1.0,1.024299e-10,0
17945,1.0,8.506118e-14,0
17946,1.0,1.5587466e-15,0
17947,1.0,4.3326335e-14,0
17948,1.0,1.18946545e-11,0
17949,1.0,6.8795743e-18,0
17950,1.0,1.8809163e-16,0
17951,1.0,5.9508067e-16,0
17952,1.0,1.4787609e-08,0
17953,1.0,5.917451e-20,0
17954,1.0,1.9619562e-16,0
17955,1.0,3.4350977e-18,0
17956,1.0,8.68695e-14,0
17957,1.0,5.948217e-17,0
17958,1.0,8.8979805e-17,0
17959,1.0,2.5670835e-18,0
17960,1.0,1.5982247e-18,0
17961,1.0,9.029398e-14,0
17962,1.0,9.0045294e-14,0
17963,1.0,1.3270328e-19,0
17964,1.0,1.7238997e-17,0
17965,1.0,1.8759273e-18,0
17966,1.0,2.4225295e-21,0
17967,1.0,1.6798209e-17,0
17968,1.0,6.719808e-23,0
17969,1.0,8.993741e-16,0
17970,1.0,2.029858e-15,0
17971,1.0,3.956851e-18,0
17972,1.0,5.2880215e-21,0
17973,1.0,7.12197e-15,0
17974,1.0,3.2097805e-15,0
17975,1.0,1.5015485e-17,0
17976,1.0,9.759247e-19,0
17977,1.0,1.077851e-17,0
17978,1.0,7.302624e-11,0
17979,0.99999976,1.8846289e-07,0
17980,1.0,4.903221e-17,0
17981,1.0,3.4685202e-16,0
17982,1.0,3.4851418e-22,0
17983,1.0,3.8941006e-15,0
17984,1.0,4.5234435e-15,0
17985,1.0,5.830906e-22,0
17986,1.0,1.8592495e-18,0
17987,1.0,2.3812403e-13,0
17988,1.0,1.4178262e-15,0
17989,1.0,1.0237422e-14,0
17990,1.0,3.2682435e-17,0
17991,1.0,1.9373214e-19,0
17992,1.0,3.13597e-19,0
17993,1.0,1.6699344e-20,0
17994,1.0,3.728235e-19,0
17995,1.0,6.946785e-21,0
17996,1.0,1.1588495e-13,0
17997,1.0,1.9144178e-16,0
17998,1.0,1.0133906e-15,0
17999,1.0,2.340627e-21,0
18000,1.0,9.235025e-15,0
18001,1.0,5.8043786e-17,0
18002,1.0,7.758403e-19,0
18003,1.0,3.2679196e-17,0
18004,1.0,9.845844e-13,0
18005,1.0,6.9489193e-17,0
18006,1.0,1.723175e-11,0
18007,1.0,1.1448625e-11,0
18008,1.0,2.6796515e-16,0
18009,1.0,1.5546676e-14,0
18010,1.0,1.1698941e-16,0
18011,1.0,2.653493e-13,0
18012,1.0,1.21404e-09,0
18013,1.0,4.2639287e-16,0
18014,1.0,1.9990814e-08,0
18015,1.0,1.9608479e-17,0
18016,1.0,2.9984272e-14,0
18017,1.0,3.1665265e-12,0
18018,1.0,5.8683916e-08,0
18019,1.0,5.5103374e-17,0
18020,1.0,3.7010757e-09,0
18021,1.0,2.844715e-09,0
18022,1.0,2.8495178e-11,0
18023,1.0,6.868195e-14,0
18024,0.9999999,1.00943424e-07,0
18025,1.0,1.4453254e-10,0
18026,1.0,6.157045e-14,0
18027,1.0,4.302618e-17,0
18028,1.0,8.751982e-09,0
18029,1.0,7.534123e-17,0
18030,1.0,6.274426e-17,0
18031,1.0,3.2537736e-11,0
18032,1.0,1.8335284e-17,0
18033,1.0,8.14002e-18,0
18034,1.0,4.1549825e-16,0
18035,1.0,1.4426056e-12,0
18036,1.0,5.668037e-10,0
18037,1.0,2.2193499e-08,0
18038,1.0,3.9605336e-08,0
18039,1.0,9.472128e-12,0
18040,1.0,2.313372e-09,0
18041,0.9999999,1.1307412e-07,0
18042,1.0,2.277751e-08,0
18043,1.0,1.4527974e-08,0
18044,0.9999999,6.36153e-08,0
18045,1.0,2.036784e-08,0
18046,1.0,4.245109e-09,0
18047,0.99999964,3.7789877e-07,0
18048,0.99999976,2.0038003e-07,0
18049,1.0,4.894738e-09,0
18050,0.9999999,1.5713019e-07,0
18051,1.0,1.2472031e-11,0
18052,1.0,4.2696513e-08,0
18053,1.0,2.9049063e-10,0
18054,1.0,3.503682e-08,0
18055,1.0,3.3099876e-09,0
18056,1.0,5.175963e-12,0
18057,0.9999999,8.1083556e-08,0
18058,1.0,1.4368747e-08,0
18059,1.0,4.9472455e-08,0
18060,0.9999999,1.5634842e-07,0
18061,0.9999999,8.649214e-08,0
18062,1.0,4.6695426e-08,0
18063,1.0,1.671639e-09,0
18064,1.0,1.0204988e-09,0
18065,1.0,4.206125e-09,0
18066,1.0,2.9846706e-10,0
18067,0.99999964,3.8759788e-07,0
18068,1.0,3.6077183e-11,0
18069,1.0,2.4174054e-10,0
18070,1.0,3.816738e-10,0
18071,1.0,1.6085673e-11,0
18072,1.0,2.5407232e-16,0
18073,1.0,4.583097e-19,0
18074,1.0,1.0824287e-17,0
18075,0.9999943,5.689755e-06,0
18076,1.0,3.5736595e-15,0
18077,1.0,1.9097495e-16,0
18078,1.0,2.1205924e-19,0
18079,1.0,4.1678453e-14,0
18080,0.9999999,8.548073e-08,0
18081,1.0,3.417282e-19,0
18082,1.0,8.501624e-18,0
18083,1.0,1.4014717e-18,0
18084,1.0,2.720064e-09,0
18085,1.0,1.0249622e-20,0
18086,1.0,6.0903e-16,0
18087,1.0,1.5598141e-19,0
18088,1.0,3.2457925e-17,0
18089,1.0,1.4182373e-15,0
18090,1.0,1.1801122e-11,0
18091,1.0,2.652012e-23,0
18092,1.0,1.5359353e-20,0
18093,1.0,1.29432845e-11,0
18094,1.0,9.390973e-17,0
18095,1.0,8.994344e-19,0
18096,0.9999995,5.185193e-07,0
18097,1.0,1.1985475e-15,0
18098,1.0,7.479929e-13,0
18099,1.0,1.9649313e-22,0
18100,1.0,1.31522114e-17,0
18101,1.0,4.4383514e-17,0
18102,1.0,2.8094385e-17,0
18103,1.0,1.6351537e-16,0
18104,1.0,9.0951335e-10,0
18105,1.0,2.5676764e-14,0
18106,1.0,1.2191073e-10,0
18107,1.0,2.2829553e-21,0
18108,1.0,4.9962842e-18,0
18109,1.0,7.7025576e-17,0
18110,1.0,5.4311345e-19,0
18111,1.0,3.1268859e-15,0
18112,1.0,7.309067e-17,0
18113,1.0,5.7787387e-21,0
18114,1.0,9.800275e-21,0
18115,1.0,1.3906796e-14,0
18116,1.0,4.2091658e-13,0
18117,1.0,3.079624e-11,0
18118,1.0,7.3405786e-19,0
18119,1.0,2.7871503e-17,0
18120,1.0,7.2290967e-17,0
18121,1.0,2.6484185e-19,0
18122,1.0,1.1684904e-14,0
18123,1.0,3.9804143e-11,0
18124,1.0,3.0558958e-08,0
18125,1.0,7.2291865e-15,0
18126,1.0,1.5350816e-18,0
18127,1.0,1.0994554e-21,0
18128,1.0,3.894199e-18,0
18129,1.0,2.0492508e-18,0
18130,1.0,7.150141e-16,0
18131,1.0,8.30952e-21,0
18132,1.0,2.6993238e-20,0
18133,1.0,1.3921786e-11,0
18134,1.0,8.757853e-18,0
18135,1.0,4.551623e-15,0
18136,1.0,1.753766e-08,0
18137,1.0,9.925615e-18,0
18138,1.0,1.5175172e-16,0
18139,1.0,6.4279077e-15,0
18140,1.0,5.0472235e-17,0
18141,1.0,6.291017e-15,0
18142,1.0,3.1587984e-16,0
18143,1.0,1.4532489e-16,0
18144,1.0,2.260454e-10,0
18145,1.0,7.006547e-17,0
18146,1.0,3.405872e-17,0
18147,1.0,5.6507652e-18,0
18148,1.0,1.2637105e-12,0
18149,1.0,1.7977707e-16,0
18150,1.0,1.8774165e-18,0
18151,1.0,4.2099623e-16,0
18152,1.0,6.1369757e-13,0
18153,1.0,4.9862727e-09,0
18154,1.0,1.4985796e-12,0
18155,1.0,1.5891246e-17,0
18156,1.0,4.7297147e-20,0
18157,1.0,1.5819326e-14,0
18158,1.0,9.952154e-18,0
18159,1.0,5.1062564e-15,0
18160,1.0,2.7141463e-16,0
18161,1.0,6.0943405e-17,0
18162,1.0,8.4542046e-20,0
18163,1.0,5.4792943e-17,0
18164,1.0,5.027302e-15,0
18165,1.0,1.5989682e-11,0
18166,1.0,2.9975958e-19,0
18167,1.0,5.951576e-17,0
18168,1.0,3.2194877e-18,0
18169,1.0,7.509071e-18,0
18170,1.0,1.282325e-18,0
18171,1.0,1.0773788e-16,0
18172,1.0,3.636738e-17,0
18173,1.0,1.3972772e-16,0
18174,1.0,4.7101194e-11,0
18175,1.0,7.82221e-18,0
18176,1.0,5.2209786e-12,0
18177,1.0,9.3569514e-20,0
18178,1.0,4.53643e-11,0
18179,1.0,2.5108651e-08,0
18180,1.0,4.1643203e-20,0
18181,1.0,1.8149808e-19,0
18182,1.0,8.0887615e-14,0
18183,1.0,4.601132e-15,0
18184,1.0,3.475041e-21,0
18185,1.0,5.4511373e-10,0
18186,1.0,5.120803e-17,0
18187,1.0,1.6324389e-13,0
18188,0.9999999,8.4709775e-08,0
18189,1.0,4.0532665e-18,0
18190,1.0,4.925625e-09,0
18191,1.0,8.2928093e-19,0
18192,1.0,1.8125403e-17,0
18193,1.0,1.6042599e-10,0
18194,1.0,2.056942e-18,0
18195,1.0,1.8595965e-11,0
18196,1.0,3.8359693e-21,0
18197,1.0,2.005475e-15,0
18198,1.0,9.064266e-19,0
18199,1.0,8.3361155e-16,0
18200,1.0,2.2346007e-10,0
18201,1.0,9.872672e-18,0
18202,1.0,3.2692785e-17,0
18203,1.0,1.6612533e-11,0
18204,1.0,3.407103e-19,0
18205,0.9999999,1.3519141e-07,0
18206,1.0,1.8297999e-14,0
18207,1.0,5.798268e-18,0
18208,1.0,1.2777816e-10,0
18209,1.0,3.4267923e-15,0
18210,1.0,6.7549356e-17,0
18211,1.0,6.8337636e-14,0
18212,1.0,1.2328672e-16,0
18213,1.0,7.998036e-17,0
18214,1.0,5.891312e-09,0
18215,1.0,2.9108815e-20,0
18216,1.0,3.1377546e-14,0
18217,1.0,2.8350708e-18,0
18218,1.0,2.3545723e-12,0
18219,1.0,6.82539e-17,0
18220,1.0,1.3538802e-15,0
18221,1.0,5.164538e-14,0
18222,1.0,1.4051226e-18,0
18223,1.0,5.7524765e-14,0
18224,1.0,9.311567e-17,0
18225,1.0,9.036478e-18,0
18226,1.0,8.886675e-19,0
18227,1.0,3.2786263e-21,0
18228,1.0,7.510454e-16,0
18229,1.0,5.631096e-11,0
18230,1.0,7.419663e-18,0
18231,1.0,1.138973e-15,0
18232,1.0,7.9648e-14,0
18233,1.0,5.482854e-15,0
18234,1.0,9.715488e-12,0
18235,1.0,5.9522376e-16,0
18236,1.0,3.1109193e-15,0
18237,1.0,1.4350405e-18,0
18238,1.0,1.2268542e-21,0
18239,1.0,1.4687561e-09,0
18240,1.0,3.0323917e-16,0
18241,1.0,7.0691564e-09,0
18242,1.0,2.7555673e-13,0
18243,1.0,8.834627e-18,0
18244,1.0,1.844806e-21,0
18245,1.0,1.8144548e-19,0
18246,1.0,5.143417e-16,0
18247,1.0,1.4978886e-15,0
18248,1.0,1.6002045e-14,0
18249,1.0,4.747412e-12,0
18250,1.0,1.6925555e-11,0
18251,0.99999976,2.1230532e-07,0
18252,1.0,4.196663e-08,0
18253,1.0,1.5283213e-18,0
18254,1.0,1.1539812e-17,0
18255,1.0,5.8714384e-15,0
18256,1.0,5.5721843e-18,0
18257,1.0,2.7912628e-13,0
18258,1.0,1.4866905e-16,0
18259,1.0,3.0758058e-20,0
18260,1.0,5.159521e-20,0
18261,1.0,1.1157151e-18,0
18262,1.0,2.1618328e-18,0
18263,1.0,2.978771e-15,0
18264,1.0,7.7297553e-17,0
18265,1.0,8.292748e-11,0
18266,1.0,4.4555706e-09,0
18267,1.0,8.3533006e-17,0
18268,1.0,9.364849e-19,0
18269,1.0,4.6592427e-22,0
18270,1.0,4.1907667e-16,0
18271,1.0,7.387555e-17,0
18272,1.0,1.09158076e-16,0
18273,0.9999993,6.743431e-07,0
18274,1.0,5.301408e-15,0
18275,1.0,7.776725e-09,0
18276,1.0,1.1789735e-19,0
18277,1.0,4.662168e-18,0
18278,1.0,2.057946e-11,0
18279,1.0,1.3276202e-19,0
18280,1.0,6.0752434e-15,0
18281,1.0,2.5177841e-20,0
18282,1.0,2.8233654e-15,0
18283,1.0,9.946233e-18,0
18284,1.0,6.7790905e-19,0
18285,1.0,7.864751e-12,0
18286,1.0,5.6041844e-17,0
18287,1.0,1.8068362e-19,0
18288,1.0,3.7475133e-19,0
18289,1.0,1.5909678e-18,0
18290,1.0,1.6743959e-13,0
18291,1.0,9.880853e-17,0
18292,1.0,3.2592387e-19,0
18293,1.0,1.0939458e-21,0
18294,1.0,1.9506725e-16,0
18295,1.0,1.811641e-14,0
18296,1.0,1.3905226e-11,0
18297,1.0,7.668516e-18,0
18298,1.0,6.981638e-14,0
18299,1.0,2.0248412e-09,0
18300,1.0,7.0680486e-17,0
18301,1.0,7.319391e-17,0
18302,1.0,2.5003816e-14,0
18303,1.0,9.704356e-16,0
18304,1.0,4.9029166e-19,0
18305,1.0,2.5249223e-19,0
18306,1.0,2.0376849e-16,0
18307,1.0,1.6441474e-17,0
18308,0.9999999,7.069658e-08,0
18309,1.0,8.583548e-18,0
18310,1.0,4.3942633e-17,0
18311,1.0,2.194879e-19,0
18312,1.0,8.271639e-12,0
18313,1.0,8.242958e-16,0
18314,1.0,1.8318785e-17,0
18315,1.0,1.7305487e-16,0
18316,1.0,2.5770514e-11,0
18317,1.0,2.7440586e-14,0
18318,1.0,1.036397e-17,0
18319,1.0,8.7218506e-17,0
18320,1.0,9.497861e-18,0
18321,1.0,9.360639e-18,0
18322,1.0,6.198211e-15,0
18323,1.0,1.0460203e-18,0
18324,1.0,2.3978757e-17,0
18325,1.0,1.2564913e-11,0
18326,0.9999999,6.52012e-08,0
18327,1.0,2.1209744e-10,0
18328,1.0,5.438568e-15,0
18329,0.9999989,1.031084e-06,0
18330,1.0,1.0807084e-13,0
18331,1.0,3.7683073e-15,0
18332,0.9999994,5.5691737e-07,0
18333,1.0,1.311438e-18,0
18334,1.0,6.19491e-20,0
18335,1.0,1.9179056e-15,0
18336,1.0,1.7602596e-13,0
18337,1.0,2.8333505e-19,0
18338,1.0,2.1345687e-11,0
18339,1.0,9.061765e-14,0
18340,1.0,2.937064e-10,0
18341,1.0,2.0931047e-13,0
18342,1.0,3.677379e-15,0
18343,0.9999995,5.176715e-07,0
18344,1.0,3.1240697e-09,0
18345,1.0,1.3727405e-18,0
18346,1.0,1.48866866e-08,0
18347,1.0,2.9996199e-12,0
18348,1.0,4.6533385e-10,0
18349,1.0,8.01683e-15,0
18350,1.0,5.9927712e-15,0
18351,1.0,6.4114376e-19,0
18352,1.0,4.696262e-10,0
18353,1.0,7.103048e-18,0
18354,1.0,2.9396877e-17,0
18355,1.0,1.1265695e-18,0
18356,1.0,3.6416524e-17,0
18357,1.0,3.0552058e-17,0
18358,1.0,5.9285734e-18,0
18359,1.0,7.8901513e-10,0
18360,1.0,4.3487595e-15,0
18361,1.0,7.5627726e-10,0
18362,1.0,5.367234e-16,0
18363,1.0,7.543918e-20,0
18364,1.0,2.8406786e-18,0
18365,1.0,7.226153e-15,0
18366,1.0,7.9945395e-14,0
18367,1.0,4.50464e-15,0
18368,1.0,8.913531e-19,0
18369,1.0,5.2016447e-16,0
18370,1.0,3.3857818e-16,0
18371,1.0,1.5967151e-16,0
18372,1.0,4.1679226e-15,0
18373,1.0,8.596046e-15,0
18374,1.0,6.274905e-17,0
18375,1.0,3.055065e-14,0
18376,1.0,1.7232631e-08,0
18377,1.0,1.2594009e-16,0
18378,1.0,7.270066e-21,0
18379,1.0,1.39422736e-11,0
18380,1.0,7.37691e-17,0
18381,1.0,3.0152e-19,0
18382,1.0,1.2645689e-12,0
18383,1.0,1.4486166e-08,0
18384,1.0,6.441086e-16,0
18385,1.0,1.963494e-13,0
18386,1.0,3.5787824e-11,0
18387,1.0,1.0292302e-10,0
18388,1.0,2.8641162e-18,0
18389,1.0,2.2853508e-14,0
18390,1.0,1.9661288e-09,0
18391,1.0,6.58163e-20,0
18392,1.0,4.3508688e-14,0
18393,1.0,2.0255742e-10,0
18394,1.0,5.271293e-18,0
18395,1.0,9.4506245e-18,0
18396,1.0,1.00931996e-16,0
18397,1.0,2.6736634e-12,0
18398,1.0,8.824482e-12,0
18399,1.0,1.0208749e-12,0
18400,1.0,6.157042e-15,0
18401,1.0,5.303064e-16,0
18402,1.0,5.772912e-17,0
18403,1.0,2.3169565e-10,0
18404,1.0,2.0246108e-19,0
18405,1.0,3.5127772e-11,0
18406,1.0,2.1729809e-08,0
18407,1.0,9.1376464e-14,0
18408,1.0,3.2201162e-13,0
18409,1.0,7.8932684e-21,0
18410,1.0,2.1036426e-17,0
18411,1.0,2.0783458e-13,0
18412,1.0,2.3001006e-18,0
18413,1.0,3.5015816e-17,0
18414,1.0,1.1855475e-14,0
18415,1.0,4.7465178e-11,0
18416,1.0,7.428299e-11,0
18417,1.0,1.7444504e-13,0
18418,1.0,9.809411e-19,0
18419,1.0,3.0995205e-17,0
18420,1.0,3.445381e-10,0
18421,0.9999999,1.222427e-07,0
18422,1.0,1.5734224e-18,0
18423,1.0,2.798359e-16,0
18424,1.0,8.7630935e-12,0
18425,1.0,1.9033205e-16,0
18426,1.0,1.0868513e-18,0
18427,1.0,1.1637859e-18,0
18428,1.0,3.0367002e-22,0
18429,1.0,7.262684e-16,0
18430,1.0,9.312977e-12,0
18431,1.0,5.009372e-12,0
18432,1.0,4.0545018e-19,0
18433,1.0,3.3261247e-17,0
18434,1.0,1.6264155e-21,0
18435,1.0,2.3848046e-16,0
18436,1.0,2.3979135e-16,0
18437,1.0,1.056729e-10,0
18438,1.0,1.7320007e-17,0
18439,1.0,8.795483e-11,0
18440,1.0,2.1393475e-17,0
18441,1.0,4.033101e-14,0
18442,1.0,4.931492e-16,0
18443,1.0,5.353765e-21,0
18444,1.0,7.8601286e-13,0
18445,1.0,6.5895098e-15,0
18446,1.0,7.1417636e-11,0
18447,1.0,1.1534419e-14,0
18448,1.0,1.13209045e-14,0
18449,0.99999917,8.79744e-07,0
18450,1.0,1.4280356e-16,0
18451,1.0,1.485772e-16,0
18452,1.0,1.8285589e-13,0
18453,1.0,4.573675e-15,0
18454,1.0,2.0944274e-16,0
18455,1.0,8.2892476e-16,0
18456,1.0,7.4180325e-15,0
18457,1.0,3.49755e-17,0
18458,1.0,1.2104627e-21,0
18459,1.0,7.7529597e-19,0
18460,1.0,1.369275e-15,0
18461,1.0,5.9461494e-18,0
18462,1.0,5.893828e-17,0
18463,1.0,1.2937911e-21,0
18464,1.0,1.26832e-16,0
18465,1.0,1.5561087e-15,0
18466,1.0,4.3077046e-19,0
18467,1.0,8.971699e-18,0
18468,1.0,2.3726613e-18,0
18469,1.0,2.0132334e-21,0
18470,1.0,5.928922e-15,0
18471,1.0,3.751578e-14,0
18472,1.0,2.7676933e-20,0
18473,1.0,1.1875067e-15,0
18474,1.0,3.3737382e-17,0
18475,1.0,1.0658787e-10,0
18476,1.0,8.6963695e-17,0
18477,1.0,7.4197234e-17,0
18478,1.0,7.2824897e-09,0
18479,1.0,1.0164387e-13,0
18480,1.0,4.1866467e-15,0
18481,1.0,8.786155e-20,0
18482,1.0,3.5570173e-12,0
18483,1.0,7.0392255e-11,0
18484,1.0,4.44479e-17,0
18485,1.0,1.6710921e-15,0
18486,1.0,1.451636e-17,0
18487,1.0,7.2876894e-16,0
18488,1.0,4.6448954e-18,0
18489,1.0,3.836826e-17,0
18490,1.0,3.2514087e-08,0
18491,1.0,9.396444e-12,0
18492,1.0,3.8328675e-14,0
18493,1.0,1.0542704e-11,0
18494,1.0,7.255211e-15,0
18495,1.0,9.430821e-17,0
18496,1.0,5.6694906e-16,0
18497,1.0,4.388108e-13,0
18498,1.0,1.3417756e-17,0
18499,1.0,4.26788e-10,0
18500,1.0,3.880929e-09,0
18501,1.0,7.618872e-11,0
18502,1.0,6.2648193e-22,0
18503,1.0,2.2795648e-18,0
18504,1.0,2.1080009e-13,0
18505,1.0,8.05507e-19,0
18506,0.9999999,1.011921e-07,0
18507,1.0,2.0643447e-20,0
18508,1.0,2.9031074e-13,0
18509,1.0,4.289345e-09,0
18510,1.0,7.3728795e-19,0
18511,1.0,6.137648e-15,0
18512,1.0,3.7052636e-13,0
18513,1.0,1.159758e-17,0
18514,1.0,2.8554457e-09,0
18515,1.0,3.5317634e-18,0
18516,1.0,5.852138e-16,0
18517,1.0,3.7727188e-17,0
18518,1.0,3.0897546e-19,0
18519,1.0,8.8887736e-20,0
18520,1.0,1.0200796e-18,0
18521,1.0,6.0223484e-18,0
18522,0.99999976,2.0856844e-07,0
18523,1.0,3.6212848e-19,0
18524,1.0,4.445566e-11,0
18525,1.0,1.0021102e-18,0
18526,1.0,4.8115766e-17,0
18527,1.0,5.7571155e-19,0
18528,1.0,3.8140804e-22,0
18529,0.99999964,3.646507e-07,0
18530,1.0,1.2811425e-13,0
18531,1.0,4.6711535e-20,0
18532,1.0,2.1045186e-16,0
18533,1.0,1.0591162e-21,0
18534,1.0,1.7632602e-13,0
18535,1.0,1.8119933e-18,0
18536,1.0,4.7265443e-18,0
18537,1.0,1.4825393e-16,0
18538,1.0,6.1084186e-18,0
18539,1.0,1.0650157e-20,0
18540,1.0,5.1925963e-19,0
18541,1.0,4.8200613e-18,0
18542,1.0,2.8095027e-17,0
18543,1.0,1.0166907e-13,0
18544,1.0,2.6020257e-17,0
18545,1.0,5.355841e-16,0
18546,1.0,1.6181327e-13,0
18547,1.0,2.6959822e-18,0
18548,1.0,7.320517e-22,0
18549,1.0,6.788516e-10,0
18550,1.0,3.4488055e-18,0
18551,1.0,2.1105401e-16,0
18552,1.0,1.8195643e-14,0
18553,1.0,5.820115e-19,0
18554,1.0,2.5620648e-18,0
18555,1.0,1.0161325e-09,0
18556,1.0,1.1756333e-17,0
18557,1.0,2.5907418e-19,0
18558,1.0,2.1603584e-17,0
18559,0.9999999,1.03288556e-07,0
18560,1.0,7.1779865e-13,0
18561,1.0,1.8605276e-17,0
18562,1.0,1.2099475e-18,0
18563,1.0,5.578835e-09,0
18564,1.0,2.2847101e-14,0
18565,1.0,1.9954609e-17,0
18566,1.0,4.53188e-19,0
18567,1.0,5.2365054e-16,0
18568,1.0,8.5698084e-14,0
18569,1.0,5.081569e-11,0
18570,1.0,3.7565723e-12,0
18571,1.0,3.234024e-11,0
18572,1.0,7.339115e-21,0
18573,1.0,1.1130927e-17,0
18574,1.0,5.665359e-13,0
18575,1.0,3.5049112e-16,0
18576,1.0,4.4245782e-15,0
18577,1.0,2.212154e-18,0
18578,1.0,2.0745088e-16,0
18579,1.0,1.4654175e-17,0
18580,1.0,4.8111153e-18,0
18581,0.99999964,3.1820753e-07,0
18582,1.0,1.763547e-12,0
18583,1.0,3.119484e-17,0
18584,1.0,1.6329043e-15,0
18585,1.0,2.1769888e-15,0
18586,1.0,2.5593563e-20,0
18587,1.0,2.9995504e-20,0
18588,1.0,9.398683e-16,0
18589,1.0,2.7295263e-10,0
18590,1.0,2.1593553e-15,0
18591,1.0,1.6300582e-10,0
18592,0.9999943,5.757078e-06,0
18593,1.0,9.098354e-19,0
18594,1.0,4.2584116e-19,0
18595,1.0,3.2599773e-16,0
18596,1.0,1.4246669e-17,0
18597,1.0,6.1975855e-11,0
18598,1.0,4.26726e-18,0
18599,1.0,7.566424e-21,0
18600,1.0,2.3576326e-16,0
18601,1.0,1.01706005e-19,0
18602,1.0,1.6513586e-15,0
18603,1.0,2.8046936e-18,0
18604,1.0,2.8182848e-16,0
18605,1.0,1.6461437e-16,0
18606,1.0,3.793593e-10,0
18607,1.0,1.2705564e-10,0
18608,1.0,3.9970945e-13,0
18609,1.0,5.846339e-15,0
18610,1.0,4.0082217e-15,0
18611,1.0,3.4101158e-10,0
18612,1.0,3.6432475e-11,0
18613,1.0,5.0056866e-19,0
18614,1.0,5.9021797e-23,0
18615,1.0,9.7234e-09,0
18616,1.0,1.5586007e-19,0
18617,1.0,5.266768e-19,0
18618,1.0,5.14699e-16,0
18619,1.0,9.5655074e-11,0
18620,1.0,7.851749e-10,0
18621,1.0,1.4633352e-15,0
18622,1.0,1.3812416e-15,0
18623,1.0,1.0339988e-08,0
18624,1.0,8.899204e-09,0
18625,1.0,3.339634e-13,0
18626,1.0,1.11852316e-11,0
18627,1.0,9.410867e-19,0
18628,1.0,3.6209783e-13,0
18629,1.0,3.430444e-21,0
18630,1.0,9.692431e-11,0
18631,1.0,6.0276134e-10,0
18632,1.0,1.5199705e-20,0
18633,1.0,3.5618132e-18,0
18634,1.0,1.8359635e-10,0
18635,1.0,2.7024147e-20,0
18636,1.0,3.5616987e-10,0
18637,1.0,5.958869e-13,0
18638,1.0,1.3240566e-16,0
18639,1.0,1.0435589e-15,0
18640,0.9999963,3.7400941e-06,0
18641,1.0,3.085928e-18,0
18642,1.0,2.5328887e-13,0
18643,1.0,3.5211456e-09,0
18644,0.99968755,0.0003124713,0
18645,1.0,1.0718191e-18,0
18646,1.0,7.657659e-21,0
18647,1.0,1.504259e-11,0
18648,1.0,2.1382937e-18,0
18649,1.0,4.5134336e-13,0
18650,1.0,4.3003955e-13,0
18651,1.0,1.436675e-15,0
18652,1.0,1.4617077e-13,0
18653,1.0,4.7175453e-15,0
18654,1.0,5.720257e-17,0
18655,1.0,6.665834e-16,0
18656,1.0,1.2198525e-16,0
18657,1.0,1.3497837e-18,0
18658,1.0,1.7253303e-21,0
18659,1.0,8.838022e-20,0
18660,1.0,5.796966e-17,0
18661,1.0,6.1828815e-16,0
18662,1.0,1.2967872e-11,0
18663,1.0,1.9278004e-15,0
18664,1.0,1.4043188e-18,0
18665,1.0,1.07233336e-20,0
18666,1.0,2.2759293e-21,0
18667,1.0,3.63967e-15,0
18668,1.0,3.0210717e-19,0
18669,1.0,3.0526942e-14,0
18670,1.0,5.4600205e-15,0
18671,1.0,4.0381467e-16,0
18672,1.0,8.578109e-12,0
18673,1.0,3.727659e-08,0
18674,1.0,9.550107e-10,0
18675,1.0,2.0868912e-12,0
18676,0.99999976,2.547115e-07,0
18677,1.0,2.1488377e-11,0
18678,1.0,2.9213115e-08,0
18679,1.0,2.271904e-10,0
18680,1.0,4.3753733e-12,0
18681,1.0,1.1643707e-13,0
18682,1.0,9.160966e-13,0
18683,1.0,2.047273e-08,0
18684,1.0,1.7375417e-11,0
18685,1.0,5.982931e-10,0
18686,1.0,3.2757144e-13,0
18687,1.0,2.7829553e-12,0
18688,1.0,1.2431958e-12,0
18689,1.0,1.1422037e-11,0
18690,1.0,3.4614134e-10,0
18691,1.0,7.474913e-12,0
18692,1.0,1.4458099e-11,0
18693,1.0,4.768939e-12,0
18694,1.0,3.1108867e-13,0
18695,1.0,1.5700749e-13,0
18696,1.0,1.741734e-13,0
18697,1.0,8.729996e-12,0
18698,1.0,7.017468e-11,0
18699,1.0,6.5377946e-11,0
18700,1.0,3.1624752e-09,0
18701,0.999998,2.0412467e-06,0
18702,1.0,5.432954e-13,0
18703,1.0,1.648374e-09,0
18704,1.0,5.995688e-11,0
18705,1.0,1.0767853e-12,0
18706,1.0,7.6800233e-10,0
18707,1.0,1.4904486e-10,0
18708,1.0,1.1253789e-12,0
18709,1.0,6.619087e-11,0
18710,1.0,1.512447e-11,0
18711,1.0,7.6097874e-13,0
18712,1.0,1.3051095e-11,0
18713,1.0,5.009733e-13,0
18714,1.0,1.7217854e-11,0
18715,1.0,1.4022261e-10,0
18716,1.0,1.47364e-11,0
18717,1.0,1.6437024e-09,0
18718,1.0,1.2324511e-12,0
18719,1.0,3.5352502e-13,0
18720,1.0,2.9702482e-12,0
18721,1.0,8.152202e-14,0
18722,1.0,1.8186232e-11,0
18723,1.0,3.2546174e-11,0
18724,1.0,5.955117e-10,0
18725,1.0,4.794787e-12,0
18726,1.0,1.4405069e-13,0
18727,1.0,5.0531866e-13,0
18728,1.0,6.961627e-10,0
18729,1.0,5.806301e-11,0
18730,1.0,9.127532e-09,0
18731,1.0,3.482173e-10,0
18732,1.0,1.1838602e-09,0
18733,1.0,5.0375853e-10,0
18734,1.0,2.2869164e-10,0
18735,1.0,4.8868947e-12,0
18736,1.0,9.47985e-11,0
18737,0.9999999,9.3033705e-08,0
18738,1.0,2.311656e-13,0
18739,1.0,1.6657165e-12,0
18740,1.0,5.4937673e-13,0
18741,1.0,6.6082074e-13,0
18742,1.0,7.8494133e-10,0
18743,1.0,8.1954776e-11,0
18744,1.0,7.204789e-09,0
18745,1.0,1.4509074e-10,0
18746,1.0,3.7001e-10,0
18747,1.0,1.3224258e-09,0
18748,1.0,3.1915319e-12,0
18749,1.0,3.9655887e-09,0
18750,1.0,1.3104926e-11,0
18751,1.0,6.6821226e-10,0
18752,1.0,5.5269694e-13,0
18753,0.99999976,1.9055008e-07,0
18754,1.0,5.0679308e-11,0
18755,1.0,3.5822126e-10,0
18756,1.0,6.30571e-11,0
18757,1.0,3.140737e-10,0
18758,1.0,6.88141e-11,0
18759,0.9999988,1.1763002e-06,0
18760,1.0,7.70548e-10,0
18761,1.0,2.4200188e-12,0
18762,1.0,5.4686114e-14,0
18763,1.0,4.9637356e-13,0
18764,0.9999999,1.03125565e-07,0
18765,1.0,4.8440692e-11,0
18766,1.0,2.4870284e-12,0
18767,1.0,1.3533724e-10,0
18768,1.0,4.0944168e-11,0
18769,1.0,4.4817663e-11,0
18770,1.0,8.341107e-09,0
18771,1.0,1.1191127e-10,0
18772,1.0,8.6809753e-13,0
18773,1.0,1.2343203e-10,0
18774,1.0,1.4979946e-11,0
18775,1.0,5.336173e-12,0
18776,1.0,6.192528e-11,0
18777,1.0,3.0451273e-11,0
18778,1.0,2.2425553e-10,0
18779,1.0,4.2050017e-09,0
18780,1.0,4.7029275e-08,0
18781,1.0,1.2616352e-11,0
18782,1.0,3.606851e-11,0
18783,1.0,2.940762e-11,0
18784,1.0,1.4320004e-10,0
18785,1.0,4.599276e-13,0
18786,1.0,2.8957786e-10,0
18787,1.0,1.7372354e-09,0
18788,0.99999547,4.530533e-06,0
18789,1.0,7.815535e-09,0
18790,1.0,5.0939857e-09,0
18791,1.0,2.1564057e-10,0
18792,1.0,2.240799e-09,0
18793,1.0,4.3645468e-08,0
18794,1.0,9.71338e-11,0
18795,0.99999976,2.2317349e-07,0
18796,0.9999994,5.9202813e-07,0
18797,1.0,5.687585e-10,0
18798,1.0,7.1457754e-13,0
18799,1.0,1.4676164e-09,0
18800,1.0,5.8692393e-09,0
18801,1.0,1.0616127e-12,0
18802,1.0,6.502082e-10,0
18803,1.0,7.854382e-11,0
18804,1.0,1.1807555e-12,0
18805,1.0,6.600936e-10,0
18806,1.0,1.4495348e-11,0
18807,1.0,1.9393784e-10,0
18808,0.9999999,1.0014087e-07,0
18809,1.0,6.2565675e-11,0
18810,0.99999917,8.914564e-07,0
18811,0.99999976,2.5058185e-07,0
18812,1.0,9.411874e-11,0
18813,1.0,1.0644049e-08,0
18814,1.0,1.5637725e-12,0
18815,1.0,5.4306903e-11,0
18816,1.0,1.2993998e-10,0
18817,1.0,3.8114348e-10,0
18818,1.0,3.0707834e-08,0
18819,0.9999993,6.9715844e-07,0
18820,1.0,2.7375607e-10,0
18821,1.0,4.1803975e-08,0
18822,1.0,2.8120462e-08,0
18823,1.0,2.5238684e-11,0
18824,1.0,2.630921e-09,0
18825,1.0,2.033252e-08,0
18826,1.0,2.4944836e-11,0
18827,1.0,8.4659215e-12,0
18828,1.0,5.6659863e-09,0
18829,1.0,7.1827494e-10,0
18830,0.9999999,9.031957e-08,0
18831,0.9999999,7.679722e-08,0
18832,1.0,6.2074603e-12,0
18833,1.0,8.3360575e-11,0
18834,1.0,4.0024178e-10,0
18835,1.0,6.3444663e-09,0
18836,1.0,1.7067263e-10,0
18837,1.0,9.328033e-12,0
18838,1.0,2.4268101e-11,0
18839,1.0,8.132422e-09,0
18840,1.0,1.5130398e-13,0
18841,1.0,8.754053e-09,0
18842,1.0,2.0081747e-10,0
18843,1.0,2.3509758e-10,0
18844,1.0,8.578031e-11,0
18845,1.0,3.1922374e-09,0
18846,1.0,6.549467e-10,0
18847,1.0,3.345632e-10,0
18848,1.0,5.1645315e-09,0
18849,1.0,3.784651e-11,0
18850,1.0,1.0674336e-09,0
18851,1.0,1.2489933e-11,0
18852,1.0,5.204598e-10,0
18853,1.0,1.7960753e-11,0
18854,1.0,5.866928e-11,0
18855,1.0,2.5219089e-08,0
18856,1.0,2.6308808e-09,0
18857,1.0,1.0997469e-10,0
18858,1.0,7.4161416e-10,0
18859,1.0,4.868476e-11,0
18860,1.0,2.5864002e-09,0
18861,1.0,3.464974e-10,0
18862,0.9999993,7.426396e-07,0
18863,1.0,1.5180922e-10,0
18864,1.0,1.0192369e-08,0
18865,1.0,1.5331515e-09,0
18866,1.0,3.0762923e-09,0
18867,1.0,1.4978998e-08,0
18868,1.0,2.399798e-09,0
18869,1.0,5.4870766e-09,0
18870,1.0,3.9144723e-09,0
18871,1.0,5.278659e-10,0
18872,1.0,2.4369397e-08,0
18873,1.0,4.3281656e-10,0
18874,1.0,1.295897e-11,0
18875,1.0,2.5551856e-09,0
18876,1.0,1.248988e-08,0
18877,0.9999994,5.952182e-07,0
18878,1.0,4.0208353e-10,0
18879,1.0,5.61371e-08,0
18880,1.0,4.5940207e-11,0
18881,1.0,5.4787886e-11,0
18882,1.0,1.660516e-10,0
18883,1.0,2.081454e-11,0
18884,1.0,4.394281e-09,0
18885,1.0,2.6721494e-08,0
18886,1.0,2.9694e-11,0
18887,1.0,9.037864e-09,0
18888,1.0,3.8130908e-11,0
18889,0.99999833,1.7015167e-06,0
18890,1.0,6.20328e-09,0
18891,1.0,1.396632e-09,0
18892,1.0,1.2223997e-10,0
18893,1.0,2.7653344e-09,0
18894,1.0,2.342184e-11,0
18895,1.0,2.1284239e-09,0
18896,1.0,3.5555527e-08,0
18897,1.0,1.2690837e-10,0
18898,1.0,1.5774382e-09,0
18899,1.0,1.10016805e-11,0
18900,1.0,8.3344875e-10,0
18901,1.0,9.626511e-11,0
18902,1.0,1.1693718e-09,0
18903,1.0,7.962355e-10,0
18904,1.0,4.655083e-08,0
18905,1.0,2.183595e-09,0
18906,1.0,1.9744266e-09,0
18907,1.0,7.662198e-11,0
18908,1.0,8.741568e-10,0
18909,1.0,4.421768e-08,0
18910,1.0,1.1605372e-09,0
18911,1.0,5.0546934e-08,0
18912,1.0,7.5409325e-11,0
18913,1.0,8.6398244e-10,0
18914,1.0,8.585675e-11,0
18915,1.0,2.9156433e-09,0
18916,1.0,3.827011e-09,0
18917,0.9999999,1.4637402e-07,0
18918,1.0,2.9293137e-11,0
18919,1.0,2.5629157e-10,0
18920,1.0,4.514958e-09,0
18921,1.0,9.123228e-10,0
18922,1.0,1.5727725e-09,0
18923,1.0,1.8721354e-10,0
18924,1.0,4.3475324e-11,0
18925,1.0,1.7642739e-08,0
18926,1.0,1.3700363e-10,0
18927,0.99999964,3.1829433e-07,0
18928,1.0,6.1939015e-10,0
18929,1.0,5.9402594e-09,0
18930,1.0,1.6119679e-10,0
18931,1.0,3.1325648e-10,0
18932,1.0,3.3054812e-10,0
18933,0.9999999,1.3482652e-07,0
18934,1.0,1.1722386e-10,0
18935,1.0,8.161262e-09,0
18936,0.9999999,1.5518646e-07,0
18937,1.0,1.4815035e-10,0
18938,1.0,1.4403174e-09,0
18939,1.0,4.266059e-09,0
18940,1.0,4.0352353e-09,0
18941,1.0,2.064353e-12,0
18942,1.0,3.9610377e-09,0
18943,1.0,1.2096922e-09,0
18944,1.0,6.6471656e-10,0
18945,0.9999993,7.3376714e-07,0
18946,1.0,6.0872757e-10,0
18947,1.0,5.3300747e-10,0
18948,1.0,3.1227962e-08,0
18949,1.0,7.409486e-09,0
18950,0.9999999,6.2091424e-08,0
18951,1.0,7.444128e-11,0
18952,1.0,9.139309e-09,0
18953,1.0,1.06000035e-08,0
18954,1.0,3.2735116e-08,0
18955,1.0,1.3383963e-10,0
18956,1.0,6.271254e-10,0
18957,1.0,3.949413e-09,0
18958,1.0,1.6997522e-09,0
18959,1.0,1.2673622e-09,0
18960,1.0,1.0585168e-09,0
18961,0.9999974,2.680062e-06,0
18962,1.0,8.650575e-10,0
18963,1.0,4.4301608e-11,0
18964,0.9999999,1.1886922e-07,0
18965,1.0,6.606784e-09,0
18966,1.0,2.102965e-09,0
18967,1.0,1.2765551e-08,0
18968,1.0,2.6473485e-11,0
18969,1.0,4.8845483e-11,0
18970,1.0,4.995983e-09,0
18971,1.0,6.18926e-10,0
18972,1.0,2.582986e-11,0
18973,1.0,3.0412978e-10,0
18974,1.0,1.1716222e-09,0
18975,1.0,2.4460764e-08,0
18976,1.0,3.7906837e-11,0
18977,1.0,4.6394537e-09,0
18978,1.0,5.1651594e-10,0
18979,1.0,1.5453884e-09,0
18980,1.0,3.6729725e-10,0
18981,1.0,2.9998648e-09,0
18982,1.0,2.2762732e-09,0
18983,1.0,4.8021687e-10,0
18984,1.0,2.8549868e-10,0
18985,1.0,2.9206176e-10,0
18986,1.0,2.1765875e-10,0
18987,1.0,7.342737e-11,0
18988,1.0,3.3233686e-08,0
18989,1.0,2.4834486e-09,0
18990,1.0,2.1013424e-08,0
18991,1.0,9.5309954e-11,0
18992,1.0,8.192602e-11,0
18993,0.9999999,7.5435324e-08,0
18994,0.9999999,6.187979e-08,0
18995,1.0,1.7799895e-10,0
18996,1.0,7.777937e-10,0
18997,1.0,3.946092e-09,0
18998,1.0,5.745054e-10,0
18999,0.9999989,1.0963017e-06,0
19000,0.9999999,6.394473e-08,0
19001,1.0,2.3611161e-08,0
19002,1.0,4.291131e-08,0
19003,1.0,1.891237e-09,0
19004,1.0,1.4085475e-09,0
19005,1.0,1.0631382e-09,0
19006,1.0,2.088476e-08,0
19007,1.0,4.127575e-08,0
19008,1.0,2.4370546e-09,0
19009,1.0,5.6757077e-10,0
19010,1.0,8.767574e-12,0
19011,1.0,8.805967e-09,0
19012,1.0,8.3891444e-10,0
19013,0.9999999,8.400633e-08,0
19014,1.0,5.191992e-08,0
19015,1.0,2.0681721e-08,0
19016,1.0,2.1329023e-09,0
19017,1.0,2.3059107e-08,0
19018,1.0,6.0847455e-10,0
19019,1.0,1.3086954e-09,0
19020,1.0,1.3643208e-09,0
19021,1.0,1.1894038e-08,0
19022,1.0,4.223862e-08,0
19023,1.0,2.891303e-10,0
19024,1.0,4.0167958e-10,0
19025,1.0,1.5678525e-08,0
19026,1.0,2.1577058e-10,0
19027,1.0,6.8735365e-12,0
19028,1.0,1.0928424e-10,0
19029,1.0,1.0492943e-09,0
19030,1.0,8.152763e-10,0
19031,1.0,2.1044428e-08,0
19032,1.0,1.951876e-11,0
19033,1.0,6.336865e-11,0
19034,1.0,1.5200254e-09,0
19035,1.0,2.3888364e-10,0
19036,1.0,9.916988e-10,0
19037,1.0,5.9234915e-09,0
19038,1.0,1.1229754e-08,0
19039,0.99999976,2.3015261e-07,0
19040,1.0,7.481339e-10,0
19041,1.0,2.7674871e-09,0
19042,1.0,3.9910235e-09,0
19043,1.0,2.6737847e-09,0
19044,1.0,1.90573e-11,0
19045,1.0,1.0053234e-09,0
19046,1.0,4.5780332e-10,0
19047,1.0,1.2074763e-10,0
19048,1.0,5.957779e-09,0
19049,1.0,2.3514568e-09,0
19050,1.0,1.1566027e-11,0
19051,1.0,1.9542258e-08,0
19052,1.0,7.4616446e-10,0
19053,1.0,1.2870919e-09,0
19054,1.0,1.0926011e-09,0
19055,1.0,3.6507777e-09,0
19056,1.0,1.3569504e-09,0
19057,1.0,1.2759508e-09,0
19058,1.0,1.3952202e-10,0
19059,1.0,2.955451e-10,0
19060,1.0,9.88989e-12,0
19061,1.0,3.060806e-09,0
19062,1.0,1.6535281e-10,0
19063,1.0,2.7659475e-08,0
19064,1.0,1.514886e-08,0
19065,1.0,2.915934e-08,0
19066,1.0,3.69545e-11,0
19067,1.0,3.3311776e-10,0
19068,1.0,9.415339e-11,0
19069,1.0,5.5359294e-12,0
19070,1.0,1.2941099e-09,0
19071,1.0,2.0919925e-08,0
19072,1.0,1.5354868e-09,0
19073,1.0,2.4638848e-11,0
19074,1.0,1.8225873e-09,0
19075,1.0,2.6506669e-08,0
19076,1.0,8.1034635e-10,0
19077,1.0,1.0506286e-08,0
19078,1.0,1.708916e-09,0
19079,1.0,2.35784e-08,0
19080,1.0,1.3299613e-09,0
19081,1.0,4.8047864e-11,0
19082,1.0,1.897599e-10,0
19083,1.0,2.7306943e-09,0
19084,1.0,5.5183325e-09,0
19085,1.0,2.8060397e-12,0
19086,1.0,4.4753243e-08,0
19087,1.0,3.4904434e-11,0
19088,1.0,9.698729e-09,0
19089,1.0,3.7459275e-11,0
19090,1.0,2.5444095e-08,0
19091,1.0,9.813204e-09,0
19092,0.9999999,7.656482e-08,0
19093,1.0,1.1499892e-09,0
19094,0.99999976,1.8918121e-07,0
19095,1.0,6.980411e-11,0
19096,1.0,5.010775e-09,0
19097,1.0,9.565146e-10,0
19098,1.0,1.4947168e-09,0
19099,1.0,1.7417268e-10,0
19100,1.0,1.8505617e-09,0
19101,1.0,4.8154156e-09,0
19102,1.0,4.4562481e-10,0
19103,1.0,7.3512564e-11,0
19104,1.0,4.101872e-08,0
19105,1.0,3.5653381e-12,0
19106,1.0,3.967922e-11,0
19107,1.0,2.7979885e-10,0
19108,0.9999999,7.925165e-08,0
19109,1.0,1.2156163e-08,0
19110,1.0,2.1935188e-08,0
19111,1.0,5.1476334e-10,0
19112,1.0,4.1723697e-11,0
19113,1.0,4.2010093e-09,0
19114,1.0,1.3108632e-10,0
19115,0.99999905,9.760062e-07,0
19116,1.0,1.5020186e-09,0
19117,1.0,2.6615744e-08,0
19118,1.0,4.6065177e-10,0
19119,1.0,2.2403225e-11,0
19120,1.0,1.4624189e-09,0
19121,1.0,3.6710513e-11,0
19122,1.0,6.984602e-12,0
19123,1.0,1.7061843e-08,0
19124,1.0,6.584627e-10,0
19125,0.99999976,1.7926251e-07,0
19126,1.0,2.578851e-11,0
19127,1.0,4.1510825e-10,0
19128,1.0,6.168991e-13,0
19129,1.0,6.988707e-12,0
19130,1.0,6.547831e-10,0
19131,1.0,2.0635983e-11,0
19132,1.0,1.8694199e-10,0
19133,1.0,2.6479657e-10,0
19134,1.0,3.4479402e-09,0
19135,1.0,6.6688197e-13,0
19136,1.0,2.6934783e-11,0
19137,1.0,3.6829761e-10,0
19138,1.0,5.143744e-11,0
19139,1.0,1.4391882e-10,0
19140,1.0,1.5437496e-10,0
19141,1.0,4.4164403e-12,0
19142,1.0,8.395575e-11,0
19143,1.0,2.0611278e-11,0
19144,1.0,2.6358835e-09,0
19145,1.0,4.6074203e-11,0
19146,1.0,2.735739e-10,0
19147,1.0,1.43120515e-11,0
19148,1.0,6.337521e-10,0
19149,1.0,5.514284e-12,0
19150,1.0,5.6698077e-11,0
19151,1.0,1.0657695e-09,0
19152,1.0,2.2087806e-11,0
19153,1.0,5.4692197e-09,0
19154,1.0,3.7298953e-10,0
19155,1.0,1.9382088e-11,0
19156,1.0,1.4097367e-11,0
19157,1.0,1.6195965e-09,0
19158,1.0,2.3784252e-10,0
19159,1.0,2.7165525e-10,0
19160,1.0,1.5512497e-10,0
19161,1.0,1.3896748e-10,0
19162,1.0,9.1900966e-11,0
19163,1.0,6.9267956e-09,0
19164,1.0,5.7025016e-09,0
19165,1.0,5.4127904e-11,0
19166,1.0,5.509054e-10,0
19167,1.0,1.6612708e-09,0
19168,1.0,8.290091e-11,0
19169,1.0,1.0119028e-09,0
19170,1.0,1.251351e-08,0
19171,1.0,1.2088491e-11,0
19172,1.0,1.2121936e-09,0
19173,1.0,1.3534034e-10,0
19174,1.0,2.4780235e-11,0
19175,1.0,1.4528114e-08,0
19176,1.0,1.0421811e-10,0
19177,1.0,5.454107e-08,0
19178,1.0,1.7898195e-12,0
19179,1.0,1.2345086e-10,0
19180,1.0,8.427036e-11,0
19181,1.0,1.8798166e-11,0
19182,1.0,1.7451061e-09,0
19183,0.9999999,1.0197253e-07,0
19184,1.0,7.531564e-10,0
19185,1.0,4.2702048e-08,0
19186,0.999997,2.9560288e-06,0
19187,1.0,6.124952e-10,0
19188,1.0,3.2721723e-10,0
19189,1.0,1.2093934e-11,0
19190,1.0,7.391175e-10,0
19191,1.0,8.2209576e-13,0
19192,1.0,9.602895e-10,0
19193,1.0,2.7645879e-11,0
19194,1.0,2.5582786e-08,0
19195,1.0,8.826531e-13,0
19196,1.0,2.5802875e-11,0
19197,1.0,1.1577603e-13,0
19198,1.0,2.7721969e-11,0
19199,1.0,2.4663216e-10,0
19200,1.0,1.5158194e-12,0
19201,1.0,3.766721e-10,0
19202,1.0,5.4841026e-10,0
19203,0.99999964,3.0621686e-07,0
19204,1.0,2.0393633e-10,0
19205,1.0,7.464345e-11,0
19206,1.0,2.283778e-10,0
19207,1.0,1.5495959e-11,0
19208,1.0,2.2671598e-10,0
19209,1.0,3.2674976e-12,0
19210,1.0,8.691475e-10,0
19211,1.0,1.888292e-09,0
19212,1.0,1.7773186e-11,0
19213,1.0,6.2707395e-10,0
19214,1.0,1.1248716e-10,0
19215,1.0,1.5976537e-08,0
19216,1.0,1.794993e-11,0
19217,1.0,8.472383e-12,0
19218,1.0,4.3488368e-10,0
19219,1.0,1.7636287e-11,0
19220,1.0,3.845969e-10,0
19221,1.0,4.4378907e-11,0
19222,1.0,4.7192085e-12,0
19223,1.0,4.596306e-12,0
19224,1.0,7.640781e-13,0
19225,0.9999975,2.5252698e-06,0
19226,1.0,9.556776e-10,0
19227,1.0,2.527949e-11,0
19228,1.0,8.6677644e-11,0
19229,1.0,1.11362874e-08,0
19230,1.0,1.9667935e-12,0
19231,1.0,3.507876e-11,0
19232,1.0,1.4171169e-09,0
19233,1.0,1.7154801e-09,0
19234,1.0,9.004719e-10,0
19235,0.99999964,3.0899372e-07,0
19236,0.99999523,4.744548e-06,0
19237,1.0,8.580743e-12,0
19238,0.9999995,4.994842e-07,0
19239,1.0,8.1458915e-14,0
19240,0.999998,2.0456666e-06,0
19241,0.9999981,1.9111442e-06,0
19242,0.99999976,2.7079116e-07,0
19243,1.0,6.619246e-09,0
19244,0.99999964,3.1321562e-07,0
19245,1.0,1.1097283e-10,0
19246,1.0,5.083823e-09,0
19247,1.0,2.428995e-08,0
19248,1.0,4.9816784e-10,0
19249,0.99999964,4.0341294e-07,0
19250,0.9999993,7.199653e-07,0
19251,1.0,2.0815276e-09,0
19252,1.0,1.9932408e-08,0
19253,1.0,2.2084974e-08,0
19254,1.0,4.900025e-09,0
19255,0.9999989,1.063526e-06,0
19256,0.9999999,1.4235957e-07,0
19257,0.99999917,8.6185645e-07,0
19258,1.0,1.841315e-10,0
19259,1.0,1.631713e-10,0
19260,0.9999999,9.472995e-08,0
19261,0.9999993,7.471192e-07,0
19262,1.0,5.5702365e-08,0
19263,1.0,1.1430941e-09,0
19264,0.99999547,4.4751973e-06,0
19265,1.0,1.7310905e-08,0
19266,0.99999964,3.2017945e-07,0
19267,1.0,2.9093451e-08,0
19268,0.99999976,2.670107e-07,0
19269,0.99999976,2.2632958e-07,0
19270,1.0,5.469379e-08,0
19271,1.0,6.1240555e-09,0
19272,1.0,2.2178243e-10,0
19273,0.9993886,0.0006113764,0
19274,1.0,1.9300781e-11,0
19275,0.9999993,7.550959e-07,0
19276,1.0,5.7625477e-10,0
19277,0.9999988,1.1770342e-06,0
19278,0.99999905,9.0097586e-07,0
19279,0.9999999,8.2680735e-08,0
19280,1.0,6.561026e-12,0
19281,1.0,1.5972612e-11,0
19282,0.99999857,1.4519853e-06,0
19283,0.9999876,1.24157705e-05,0
19284,0.9999999,9.434318e-08,0
19285,0.9999981,1.8607118e-06,0
19286,1.0,9.8015214e-11,0
19287,1.0,6.6373684e-11,0
19288,1.0,6.1714753e-09,0
19289,0.99999154,8.416826e-06,0
19290,0.999998,2.0075963e-06,0
19291,0.99999845,1.5095779e-06,0
19292,0.99998987,1.01695805e-05,0
19293,0.9999993,7.55093e-07,0
19294,1.0,5.7787462e-11,0
19295,1.0,1.8261845e-10,0
19296,0.99999905,9.867041e-07,0
19297,0.99999917,8.3707846e-07,0
19298,1.0,2.5075055e-08,0
19299,0.99999535,4.672582e-06,0
19300,0.99999917,8.3536867e-07,0
19301,1.0,2.4431362e-10,0
19302,1.0,5.919332e-10,0
19303,0.9999999,1.663698e-07,0
19304,1.0,1.0818888e-08,0
19305,1.0,5.6544134e-09,0
19306,1.0,3.3979828e-09,0
19307,1.0,1.1003071e-10,0
19308,0.99999976,2.2195492e-07,0
19309,1.0,2.7469915e-10,0
19310,0.99999964,4.1443784e-07,0
19311,0.9999995,5.3327193e-07,0
19312,1.0,6.397392e-11,0
19313,0.99999976,1.905817e-07,0
19314,0.99999774,2.2397312e-06,0
19315,0.99999905,9.147837e-07,0
19316,1.0,3.8859915e-11,0
19317,0.99999976,2.306329e-07,0
19318,0.9999833,1.6655582e-05,0
19319,1.0,2.519494e-13,0
19320,0.99999774,2.2338331e-06,0
19321,0.9999995,4.828782e-07,0
19322,0.9999999,1.4780554e-07,0
19323,0.99999917,8.0001445e-07,0
19324,1.0,9.96207e-10,0
19325,0.9999994,6.5397245e-07,0
19326,0.9999987,1.2714542e-06,0
19327,1.0,2.296234e-11,0
19328,0.99998474,1.528002e-05,0
19329,1.0,6.375271e-11,0
19330,0.99999774,2.2939364e-06,0
19331,1.0,1.4383552e-12,0
19332,1.0,5.7125736e-12,0
19333,1.0,1.967821e-09,0
19334,1.0,1.1533484e-08,0
19335,0.9999963,3.7182544e-06,0
19336,0.9999993,7.115789e-07,0
19337,0.9999976,2.349621e-06,0
19338,0.9999944,5.625035e-06,0
19339,1.0,1.54424e-08,0
19340,0.86953944,0.1304605,0
19341,0.9999888,1.1255034e-05,0
19342,0.99999976,2.5054385e-07,0
19343,0.9999999,9.276562e-08,0
19344,1.0,7.4604385e-09,0
19345,1.0,4.2946965e-10,0
19346,0.9991854,0.00081464456,0
19347,0.9999994,6.041189e-07,0
19348,0.9999995,4.9785496e-07,0
19349,1.0,1.652505e-08,0
19350,0.9999982,1.8156475e-06,0
19351,1.0,2.1509329e-11,0
19352,0.99999845,1.5153736e-06,0
19353,0.9999933,6.6968155e-06,0
19354,1.0,7.8662743e-10,0
19355,0.99997747,2.2534266e-05,0
19356,0.9999938,6.1887863e-06,0
19357,1.0,4.824639e-08,0
19358,1.0,4.3805235e-09,0
19359,1.0,6.7258277e-10,0
19360,1.0,3.2616934e-09,0
19361,1.0,2.7599162e-10,0
19362,1.0,3.655134e-08,0
19363,1.0,4.1537613e-09,0
19364,1.0,3.92551e-08,0
19365,1.0,3.7841747e-11,0
19366,1.0,3.13282e-11,0
19367,0.99999976,2.712538e-07,0
19368,1.0,4.656946e-09,0
19369,1.0,3.2078774e-11,0
19370,1.0,2.015795e-11,0
19371,1.0,3.2979717e-08,0
19372,1.0,2.0559836e-08,0
19373,0.9999964,3.5210378e-06,0
19374,0.99999976,1.8100374e-07,0
19375,0.999997,2.9513753e-06,0
19376,0.9999999,6.1699474e-08,0
19377,1.0,5.443646e-10,0
19378,0.9999863,1.373024e-05,0
19379,1.0,7.4522005e-10,0
19380,1.0,3.2820247e-09,0
19381,0.9999975,2.4919016e-06,0
19382,0.99999523,4.7431045e-06,0
19383,0.99999404,6.0127195e-06,0
19384,1.0,3.982218e-09,0
19385,0.9999863,1.370988e-05,0
19386,1.0,4.792134e-09,0
19387,0.9999976,2.3979633e-06,0
19388,0.99999833,1.666957e-06,0
19389,0.999995,5.0028266e-06,0
19390,0.9999999,6.382897e-08,0
19391,1.0,1.8867656e-09,0
19392,1.0,5.5661525e-10,0
19393,0.9999927,7.287951e-06,0
19394,0.9999949,5.0730864e-06,0
19395,1.0,8.445354e-13,0
19396,1.0,2.0406483e-09,0
19397,0.9999999,8.257058e-08,0
19398,0.99999774,2.2595957e-06,0
19399,0.9999999,8.710701e-08,0
19400,1.0,3.3656394e-10,0
19401,1.0,3.278657e-10,0
19402,1.0,1.0075651e-10,0
19403,0.99999976,1.848013e-07,0
19404,1.0,1.7075582e-08,0
19405,1.0,8.946185e-11,0
19406,1.0,1.8240253e-11,0
19407,0.99966824,0.00033179007,0
19408,1.0,2.4937725e-09,0
19409,1.0,1.8918476e-08,0
19410,1.0,1.9704764e-09,0
19411,1.0,1.3435886e-10,0
19412,1.0,2.2540199e-08,0
19413,0.9999989,1.0184574e-06,0
19414,1.0,9.330975e-11,0
19415,0.9999995,4.4293736e-07,0
19416,0.9999999,8.7295966e-08,0
19417,0.9999993,7.103286e-07,0
19418,1.0,3.4246987e-09,0
19419,1.0,3.0123242e-09,0
19420,0.9999999,1.5430571e-07,0
19421,1.0,2.9747926e-10,0
19422,1.0,3.643468e-12,0
19423,1.0,8.492356e-10,0
19424,1.0,5.0961553e-08,0
19425,1.0,1.9935496e-11,0
19426,1.0,3.092083e-08,0
19427,0.99999833,1.6978112e-06,0
19428,1.0,7.1912796e-09,0
19429,0.99999964,3.7996946e-07,0
19430,0.99999964,3.8193352e-07,0
19431,0.99999666,3.2843013e-06,0
19432,1.0,4.240774e-08,0
19433,1.0,1.2998839e-09,0
19434,0.99999726,2.7157578e-06,0
19435,1.0,3.5153776e-11,0
19436,0.99999976,2.0712778e-07,0
19437,0.9999993,7.0689424e-07,0
19438,1.0,8.267002e-12,0
19439,0.99999976,2.4000929e-07,0
19440,0.9999999,9.233613e-08,0
19441,1.0,4.3751154e-08,0
19442,1.0,5.4736578e-08,0
19443,1.0,1.7647458e-11,0
19444,1.0,5.2479804e-10,0
19445,0.9999999,1.2043293e-07,0
19446,1.0,1.085806e-12,0
19447,0.999997,3.0142737e-06,0
19448,0.99999225,7.744541e-06,0
19449,1.0,4.7156192e-08,0
19450,0.9999963,3.7087066e-06,0
19451,1.0,5.547051e-11,0
19452,0.99999976,1.845924e-07,0
19453,1.0,2.9945468e-10,0
19454,0.9999701,2.991388e-05,0
19455,1.0,1.0352391e-10,0
19456,0.9999975,2.5251109e-06,0
19457,1.0,1.387255e-09,0
19458,1.0,4.3937977e-08,0
19459,1.0,1.3474252e-10,0
19460,1.0,1.36723705e-11,0
19461,1.0,5.2152633e-09,0
19462,1.0,2.2361814e-11,0
19463,1.0,8.0585556e-12,0
19464,0.99999905,9.176252e-07,0
19465,1.0,3.5565153e-12,0
19466,1.0,2.988903e-10,0
19467,0.9999914,8.554598e-06,0
19468,1.0,1.9538511e-10,0
19469,0.99999404,6.0151683e-06,0
19470,1.0,4.639306e-08,0
19471,1.0,8.915051e-10,0
19472,1.0,4.479295e-08,0
19473,1.0,4.993204e-08,0
19474,0.9999963,3.7531536e-06,0
19475,1.0,6.6250083e-12,0
19476,1.0,3.4472365e-09,0
19477,1.0,3.533102e-08,0
19478,0.99999714,2.8103361e-06,0
19479,1.0,2.1643254e-10,0
19480,0.99999726,2.788636e-06,0
19481,0.99999976,2.0183862e-07,0
19482,0.9999999,9.406737e-08,0
19483,0.99999976,1.9604798e-07,0
19484,0.99999166,8.402527e-06,0
19485,0.999995,5.0391754e-06,0
19486,0.9997069,0.00029302176,0
19487,0.9999999,1.0068441e-07,0
19488,0.9999988,1.1661315e-06,0
19489,0.9999999,7.564265e-08,0
19490,0.99999046,9.535311e-06,0
19491,0.9999999,8.70454e-08,0
19492,0.9999999,1.1920705e-07,0
19493,0.9999999,1.5495574e-07,0
19494,1.0,5.5748434e-10,0
19495,1.0,1.4017394e-10,0
19496,0.9999999,1.0095633e-07,0
19497,0.9999999,8.964524e-08,0
19498,1.0,9.892245e-09,0
19499,0.9999987,1.2686443e-06,0
19500,1.0,1.6332342e-08,0
19501,0.9999362,6.373328e-05,0
19502,1.0,2.623291e-08,0
19503,1.0,4.529254e-11,0
19504,1.0,9.772965e-10,0
19505,1.0,3.238294e-08,0
19506,1.0,6.5430155e-09,0
19507,1.0,1.1834431e-12,0
19508,1.0,1.0863671e-09,0
19509,1.0,4.0655013e-10,0
19510,0.99995697,4.3028205e-05,0
19511,1.0,2.2431187e-11,0
19512,0.99999964,3.80818e-07,0
19513,0.99999833,1.6848043e-06,0
19514,0.999995,4.9818445e-06,0
19515,1.0,5.752247e-10,0
19516,0.99999666,3.3834056e-06,0
19517,1.0,1.0310286e-09,0
19518,1.0,1.6166396e-09,0
19519,0.9999999,8.068953e-08,0
19520,0.9999999,1.1262385e-07,0
19521,0.99999666,3.3022066e-06,0
19522,1.0,9.617114e-11,0
19523,0.9999999,6.893388e-08,0
19524,1.0,6.3115886e-09,0
19525,1.0,1.6075199e-09,0
19526,1.0,1.4830658e-08,0
19527,1.0,1.3018359e-10,0
19528,1.0,4.29457e-08,0
19529,0.9999995,5.1532237e-07,0
19530,1.0,1.2245945e-08,0
19531,1.0,3.1143617e-08,0
19532,0.9994906,0.0005094075,0
19533,0.9999715,2.8467672e-05,0
19534,1.0,1.0243376e-11,0
19535,1.0,6.1163886e-12,0
19536,0.9999994,6.367916e-07,0
19537,1.0,2.1465149e-11,0
19538,1.0,1.1394328e-09,0
19539,0.99999714,2.8422487e-06,0
19540,1.0,3.90926e-11,0
19541,1.0,1.0036206e-12,0
19542,1.0,1.3837238e-10,0
19543,1.0,5.0899672e-08,0
19544,1.0,6.6533965e-09,0
19545,1.0,3.2945796e-10,0
19546,1.0,2.7075389e-08,0
19547,1.0,7.866773e-09,0
19548,0.9999974,2.6287264e-06,0
19549,0.9999964,3.6152364e-06,0
19550,0.99999905,9.798691e-07,0
19551,1.0,6.2403616e-10,0
19552,1.0,1.5339288e-10,0
19553,0.99999547,4.54331e-06,0
19554,0.9999999,7.1674286e-08,0
19555,0.9999994,6.489129e-07,0
19556,1.0,1.3399953e-10,0
19557,1.0,1.9531376e-08,0
19558,1.0,8.097584e-12,0
19559,1.0,2.4015516e-09,0
19560,1.0,2.0359353e-10,0
19561,1.0,4.6278585e-09,0
19562,1.0,3.979166e-09,0
19563,0.9999777,2.234595e-05,0
19564,1.0,4.573079e-09,0
19565,1.0,2.0319085e-10,0
19566,1.0,1.211417e-09,0
19567,0.9999993,7.5714456e-07,0
19568,0.99999917,8.487812e-07,0
19569,1.0,4.025459e-08,0
19570,1.0,1.2826422e-08,0
19571,1.0,4.1059775e-10,0
19572,1.0,7.280687e-12,0
19573,1.0,2.0032266e-08,0
19574,0.9999994,6.3133245e-07,0
19575,0.99996865,3.1386284e-05,0
19576,1.0,5.637503e-10,0
19577,1.0,1.698405e-08,0
19578,1.0,2.9236624e-09,0
19579,1.0,1.6813712e-11,0
19580,1.0,4.9870525e-09,0
19581,1.0,1.8303088e-11,0
19582,1.0,9.36236e-09,0
19583,1.0,1.7003359e-09,0
19584,1.0,1.224895e-13,0
19585,1.0,1.9719115e-10,0
19586,1.0,9.4366445e-11,0
19587,1.0,5.4136806e-10,0
19588,1.0,1.1647023e-08,0
19589,0.9999981,1.9494219e-06,0
19590,1.0,1.5610653e-10,0
19591,0.9999995,4.8479774e-07,0
19592,0.9999999,1.3607811e-07,0
19593,1.0,5.025362e-09,0
19594,0.9999999,1.3048768e-07,0
19595,0.9999963,3.7321452e-06,0
19596,1.0,2.9167571e-08,0
19597,0.99999857,1.3747593e-06,0
19598,1.0,1.746438e-09,0
19599,1.0,1.7322522e-09,0
19600,0.9999993,7.067641e-07,0
19601,0.9999999,9.339195e-08,0
19602,0.99997663,2.3359911e-05,0
19603,1.0,6.991903e-13,0
19604,1.0,3.4578402e-08,0
19605,0.9999999,1.0813796e-07,0
19606,1.0,9.654561e-13,0
19607,1.0,1.2962698e-08,0
19608,1.0,5.012753e-13,0
19609,1.0,3.471205e-10,0
19610,0.99999976,2.551749e-07,0
19611,1.0,6.9492856e-11,0
19612,1.0,3.137679e-09,0
19613,1.0,1.4783534e-10,0
19614,0.9999999,7.8498246e-08,0
19615,1.0,1.059875e-08,0
19616,0.99998796,1.2041944e-05,0
19617,0.9999999,1.0759892e-07,0
19618,0.9999707,2.9328316e-05,0
19619,1.0,1.07492415e-08,0
19620,1.0,4.3766296e-10,0
19621,0.999995,4.9549594e-06,0
19622,1.0,3.3173905e-08,0
19623,0.99999964,3.01095e-07,0
19624,1.0,1.3753892e-08,0
19625,1.0,3.596415e-08,0
19626,0.999998,2.0819075e-06,0
19627,1.0,4.1330145e-10,0
19628,1.0,1.0329561e-08,0
19629,1.0,4.1488544e-08,0
19630,1.0,4.8452032e-12,0
19631,1.0,1.4860231e-10,0
19632,1.0,5.3978204e-11,0
19633,0.9999969,3.0582335e-06,0
19634,1.0,3.339182e-09,0
19635,1.0,8.2203303e-13,0
19636,1.0,8.409205e-13,0
19637,1.0,9.989165e-10,0
19638,0.9999956,4.392927e-06,0
19639,0.99999976,2.115805e-07,0
19640,1.0,1.04093986e-13,0
19641,0.9999995,5.20245e-07,0
19642,1.0,1.0264278e-08,0
19643,1.0,5.044462e-13,0
19644,0.99999917,8.555655e-07,0
19645,1.0,1.8494174e-10,0
19646,1.0,1.5187322e-10,0
19647,1.0,4.457379e-10,0
19648,1.0,2.156984e-08,0
19649,0.999998,1.9900365e-06,0
19650,1.0,5.3793897e-08,0
19651,1.0,4.013989e-08,0
19652,1.0,7.232387e-11,0
19653,1.0,1.1779905e-09,0
19654,0.9999393,6.0729137e-05,0
19655,1.0,8.4908014e-10,0
19656,1.0,2.3828308e-09,0
19657,1.0,3.2933894e-08,0
19658,0.9999999,7.3733986e-08,0
19659,1.0,2.96446e-11,0
19660,0.9999995,5.1572897e-07,0
19661,1.0,8.530149e-10,0
19662,1.0,1.8110685e-09,0
19663,1.0,1.2508762e-08,0
19664,0.9999999,6.0800176e-08,0
19665,0.9999999,6.771594e-08,0
19666,0.9999999,6.4586295e-08,0
19667,1.0,4.678797e-08,0
19668,1.0,4.704838e-08,0
19669,0.99999774,2.2886265e-06,0
19670,1.0,2.4462896e-09,0
19671,1.0,1.0218047e-11,0
19672,0.99999535,4.678548e-06,0
19673,0.9999764,2.3577608e-05,0
19674,1.0,5.5205587e-11,0
19675,1.0,5.1613356e-11,0
19676,1.0,9.3093e-12,0
19677,1.0,2.6342437e-10,0
19678,0.99999833,1.6219689e-06,0
19679,1.0,1.5602898e-12,0
19680,1.0,1.5708553e-11,0
19681,0.9999995,5.257003e-07,0
19682,1.0,4.2348264e-11,0
19683,1.0,5.0493263e-08,0
19684,1.0,5.3111806e-13,0
19685,0.9999995,5.357703e-07,0
19686,1.0,5.8006535e-08,0
19687,0.9999851,1.4890888e-05,0
19688,0.9999796,2.0390371e-05,0
19689,0.99999964,3.5109477e-07,0
19690,0.9999722,2.7758852e-05,0
19691,1.0,2.5990017e-08,0
19692,0.9999943,5.7767e-06,0
19693,1.0,1.4644083e-10,0
19694,1.0,1.6715571e-08,0
19695,0.9999976,2.3820926e-06,0
19696,1.0,3.2121253e-08,0
19697,1.0,7.362935e-10,0
19698,1.0,1.4235535e-09,0
19699,0.9999913,8.702349e-06,0
19700,0.99999976,2.9149675e-07,0
19701,0.999977,2.2991375e-05,0
19702,1.0,1.689311e-11,0
19703,0.9999846,1.539343e-05,0
19704,1.0,4.690354e-10,0
19705,0.9999994,5.8776214e-07,0
19706,1.0,7.895232e-12,0
19707,1.0,5.951938e-10,0
19708,1.0,7.384003e-10,0
19709,1.0,5.6253175e-12,0
19710,0.99999976,2.0333145e-07,0
19711,1.0,5.3357056e-08,0
19712,1.0,6.3714e-09,0
19713,0.9999999,6.967823e-08,0
19714,0.9999995,5.3127906e-07,0
19715,1.0,5.252319e-09,0
19716,0.9999995,4.748518e-07,0
19717,0.99999714,2.8590878e-06,0
19718,1.0,1.4101274e-10,0
19719,1.0,2.226133e-08,0
19720,0.99999976,2.1949798e-07,0
19721,0.99999964,3.9960307e-07,0
19722,0.99999213,7.8192725e-06,0
19723,1.0,1.6386767e-11,0
19724,0.9999943,5.779764e-06,0
19725,1.0,5.15772e-09,0
19726,1.0,1.2436584e-08,0
19727,0.99999976,1.8577778e-07,0
19728,0.999995,4.9758805e-06,0
19729,0.9999993,6.810595e-07,0
19730,1.0,1.3546153e-09,0
19731,0.99999976,2.7154812e-07,0
19732,1.0,2.869774e-08,0
19733,1.0,1.1150798e-09,0
19734,1.0,2.8446032e-11,0
19735,0.9999994,6.0346935e-07,0
19736,1.0,2.6567267e-11,0
19737,1.0,2.7796107e-10,0
19738,1.0,7.2351956e-09,0
19739,1.0,4.505076e-12,0
19740,1.0,1.1957243e-09,0
19741,0.9999993,7.6754014e-07,0
19742,1.0,5.2029165e-08,0
19743,1.0,2.0340975e-08,0
19744,1.0,4.043311e-08,0
19745,1.0,6.9316297e-10,0
19746,1.0,1.2868244e-09,0
19747,1.0,1.201674e-08,0
19748,1.0,5.3199736e-12,0
19749,1.0,1.8224264e-10,0
19750,1.0,5.4098233e-09,0
19751,1.0,8.1885754e-10,0
19752,1.0,2.6456284e-10,0
19753,1.0,5.156608e-09,0
19754,1.0,4.3012163e-09,0
19755,1.0,9.42284e-09,0
19756,1.0,3.048908e-09,0
19757,1.0,1.5023081e-09,0
19758,0.9999989,1.0543996e-06,0
19759,1.0,4.7498467e-09,0
19760,1.0,1.0031246e-09,0
19761,1.0,2.2933225e-08,0
19762,1.0,2.8427716e-10,0
19763,1.0,1.192758e-10,0
19764,1.0,3.1886452e-10,0
19765,1.0,2.7268896e-09,0
19766,1.0,1.9432822e-09,0
19767,1.0,4.3442046e-09,0
19768,1.0,9.194209e-09,0
19769,1.0,9.239449e-11,0
19770,1.0,4.8242068e-08,0
19771,1.0,2.0516069e-09,0
19772,1.0,3.8064332e-08,0
19773,1.0,2.9503144e-10,0
19774,1.0,1.7574854e-09,0
19775,1.0,1.2895116e-10,0
19776,1.0,3.1088038e-10,0
19777,1.0,1.1240184e-09,0
19778,1.0,1.04493285e-08,0
19779,1.0,1.0176071e-08,0
19780,1.0,1.4643364e-09,0
19781,1.0,2.419006e-10,0
19782,1.0,4.451459e-09,0
19783,0.99999976,2.42092e-07,0
19784,1.0,2.4256004e-09,0
19785,1.0,2.3951885e-09,0
19786,1.0,4.127212e-12,0
19787,1.0,2.7005853e-09,0
19788,1.0,5.743189e-11,0
19789,1.0,7.299895e-11,0
19790,1.0,1.9275427e-08,0
19791,1.0,5.8473835e-09,0
19792,1.0,2.5035389e-08,0
19793,1.0,1.9173627e-09,0
19794,1.0,1.2576897e-08,0
19795,1.0,1.2959014e-08,0
19796,1.0,3.286988e-08,0
19797,1.0,4.4033928e-09,0
19798,1.0,7.6824846e-10,0
19799,1.0,1.6933692e-11,0
19800,1.0,5.689405e-11,0
19801,1.0,1.2767809e-09,0
19802,1.0,6.626326e-11,0
19803,1.0,9.567755e-10,0
19804,1.0,1.9256317e-08,0
19805,1.0,7.713645e-09,0
19806,1.0,1.3985148e-08,0
19807,0.99999964,3.1193974e-07,0
19808,1.0,1.07409754e-13,0
19809,1.0,3.8610968e-09,0
19810,1.0,1.2650798e-09,0
19811,1.0,1.7136783e-09,0
19812,1.0,2.3128591e-10,0
19813,1.0,8.588009e-09,0
19814,1.0,4.906106e-08,0
19815,1.0,1.6788668e-09,0
19816,1.0,6.5459455e-10,0
19817,1.0,2.4453542e-11,0
19818,1.0,2.9458189e-08,0
19819,1.0,8.230964e-10,0
19820,1.0,2.3291604e-09,0
19821,1.0,7.7381324e-10,0
19822,1.0,7.696476e-10,0
19823,1.0,1.2135144e-13,0
19824,1.0,1.0679636e-08,0
19825,1.0,1.3024202e-09,0
19826,1.0,1.0621261e-14,0
19827,1.0,7.5674916e-10,0
19828,1.0,1.326562e-08,0
19829,1.0,1.09453735e-08,0
19830,1.0,9.752598e-09,0
19831,1.0,3.9589834e-09,0
19832,1.0,1.0114115e-11,0
19833,1.0,1.7468227e-11,0
19834,1.0,2.649254e-10,0
19835,1.0,3.0824832e-09,0
19836,1.0,2.015825e-08,0
19837,1.0,9.452109e-09,0
19838,1.0,7.301227e-12,0
19839,1.0,1.5279348e-09,0
19840,1.0,1.784553e-12,0
19841,1.0,1.46054e-09,0
19842,1.0,4.6539247e-10,0
19843,0.99999976,2.7470318e-07,0
19844,1.0,6.18066e-10,0
19845,1.0,7.0045072e-12,0
19846,1.0,3.9287436e-09,0
19847,1.0,3.2342015e-08,0
19848,1.0,2.540828e-10,0
19849,0.9999999,7.827025e-08,0
19850,1.0,5.80093e-08,0
19851,1.0,8.395723e-10,0
19852,1.0,2.6820716e-11,0
19853,1.0,3.2641715e-08,0
19854,1.0,9.233323e-10,0
19855,1.0,1.447433e-10,0
19856,0.9999999,6.5245985e-08,0
19857,1.0,8.76862e-10,0
19858,1.0,1.20992825e-08,0
19859,1.0,3.398715e-09,0
19860,1.0,6.3870838e-09,0
19861,1.0,1.0506166e-08,0
19862,1.0,6.2358674e-09,0
19863,1.0,2.4041136e-09,0
19864,1.0,8.923579e-09,0
19865,1.0,2.0204394e-09,0
19866,1.0,8.132433e-10,0
19867,1.0,8.2506585e-10,0
19868,1.0,2.01274e-08,0
19869,1.0,4.5048964e-08,0
19870,1.0,2.4836272e-10,0
19871,1.0,3.8197622e-13,0
19872,1.0,4.0509648e-10,0
19873,1.0,4.0024966e-09,0
19874,1.0,6.61171e-10,0
19875,1.0,7.911826e-09,0
19876,1.0,8.1577095e-10,0
19877,1.0,1.9445437e-08,0
19878,1.0,3.8062353e-09,0
19879,1.0,1.2946957e-08,0
19880,1.0,1.6477517e-09,0
19881,1.0,1.9692713e-08,0
19882,1.0,1.869467e-13,0
19883,1.0,1.4914532e-09,0
19884,1.0,8.047954e-09,0
19885,1.0,5.1601823e-08,0
19886,1.0,2.2474024e-10,0
19887,1.0,6.491078e-10,0
19888,1.0,2.3682264e-10,0
19889,1.0,4.635482e-09,0
19890,1.0,7.1068006e-11,0
19891,1.0,3.4365176e-08,0
19892,1.0,1.8900154e-08,0
19893,1.0,5.9674286e-11,0
19894,1.0,1.5724553e-12,0
19895,1.0,2.5987686e-12,0
19896,1.0,5.970562e-10,0
19897,1.0,1.8935406e-08,0
19898,1.0,9.385034e-12,0
19899,1.0,6.499763e-10,0
19900,1.0,5.818768e-09,0
19901,1.0,2.2268507e-08,0
19902,1.0,4.914455e-10,0
19903,1.0,1.1120468e-09,0
19904,1.0,4.8975185e-10,0
19905,1.0,9.734864e-10,0
19906,1.0,1.0347111e-08,0
19907,1.0,6.464703e-09,0
19908,0.9999999,1.3382426e-07,0
19909,1.0,3.7788555e-09,0
19910,1.0,1.1184463e-11,0
19911,1.0,3.8983317e-10,0
19912,0.9999999,8.322835e-08,0
19913,1.0,1.7369892e-10,0
19914,1.0,7.3631323e-10,0
19915,1.0,1.9596005e-08,0
19916,1.0,4.2916612e-09,0
19917,1.0,3.1334523e-08,0
19918,1.0,6.336965e-10,0
19919,1.0,3.839228e-09,0
19920,0.9999999,9.065318e-08,0
19921,1.0,4.5292392e-10,0
19922,0.9999999,8.367243e-08,0
19923,1.0,2.5565994e-09,0
19924,1.0,1.4993275e-10,0
19925,1.0,2.0591773e-09,0
19926,1.0,2.2836062e-08,0
19927,0.9999999,1.4566633e-07,0
19928,1.0,3.062755e-10,0
19929,1.0,7.0632122e-09,0
19930,1.0,7.9558315e-09,0
19931,1.0,9.570968e-10,0
19932,1.0,2.804546e-09,0
19933,1.0,3.7019865e-09,0
19934,1.0,5.8657843e-08,0
19935,1.0,2.3176991e-10,0
19936,1.0,5.0924335e-08,0
19937,1.0,6.072166e-10,0
19938,1.0,6.223317e-10,0
19939,1.0,1.7660415e-08,0
19940,1.0,1.06926e-08,0
19941,1.0,2.1246356e-09,0
19942,1.0,4.09503e-09,0
19943,1.0,1.4380173e-09,0
19944,1.0,5.6279414e-10,0
19945,1.0,3.0949137e-09,0
19946,1.0,8.993249e-11,0
19947,0.9999999,6.024883e-08,0
19948,1.0,1.6141378e-09,0
19949,1.0,2.4860551e-09,0
19950,1.0,4.1820463e-09,0
19951,1.0,1.8529395e-08,0
19952,0.9999999,7.380884e-08,0
19953,1.0,7.28949e-10,0
19954,1.0,2.5212548e-08,0
19955,1.0,1.4275124e-09,0
19956,1.0,2.1737745e-10,0
19957,1.0,2.433427e-09,0
19958,1.0,2.728548e-10,0
19959,1.0,3.1884355e-08,0
19960,1.0,1.09750165e-08,0
19961,1.0,1.5516558e-09,0
19962,1.0,1.0630171e-08,0
19963,1.0,9.865168e-09,0
19964,1.0,1.3111232e-10,0
19965,1.0,5.2471048e-08,0
19966,1.0,6.6717014e-11,0
19967,1.0,1.9511921e-10,0
19968,1.0,2.8644556e-10,0
19969,1.0,3.9557562e-11,0
19970,1.0,7.684756e-10,0
19971,1.0,5.525323e-10,0
19972,1.0,3.0567104e-09,0
19973,1.0,1.4001162e-08,0
19974,0.9999999,1.2591735e-07,0
19975,1.0,8.422509e-10,0
19976,1.0,2.1264923e-09,0
19977,0.99999714,2.8216525e-06,0
19978,1.0,1.1436399e-08,0
19979,1.0,2.5238627e-08,0
19980,1.0,9.726145e-09,0
19981,1.0,3.6989796e-09,0
19982,1.0,1.1702828e-08,0
19983,1.0,1.0069003e-10,0
19984,1.0,5.80719e-10,0
19985,1.0,6.488421e-09,0
19986,1.0,2.1132949e-09,0
19987,1.0,3.1436052e-08,0
19988,1.0,2.3904798e-08,0
19989,1.0,8.964744e-09,0
19990,1.0,2.4876394e-09,0
19991,1.0,3.3814815e-10,0
19992,1.0,2.0763014e-09,0
19993,1.0,7.0952133e-09,0
19994,0.9999999,1.3867324e-07,0
19995,1.0,1.2936954e-09,0
19996,1.0,3.5425593e-10,0
19997,1.0,4.8973896e-09,0
19998,1.0,1.2051583e-08,0
19999,1.0,1.3593759e-08,0
20000,1.0,8.573656e-09,0
20001,1.0,1.788522e-09,0
20002,1.0,2.8802313e-08,0
20003,1.0,1.3235412e-09,0
20004,1.0,8.421705e-10,0
20005,1.0,4.6400975e-10,0
20006,1.0,1.5620737e-08,0
20007,1.0,1.4319629e-09,0
20008,1.0,4.7164955e-10,0
20009,1.0,2.6421656e-09,0
20010,1.0,8.094416e-09,0
20011,1.0,9.544276e-11,0
20012,1.0,1.199617e-09,0
20013,1.0,9.934026e-10,0
20014,1.0,8.742623e-09,0
20015,1.0,8.753518e-09,0
20016,1.0,7.2723854e-09,0
20017,0.9999999,9.076079e-08,0
20018,1.0,2.3186542e-10,0
20019,1.0,9.286091e-11,0
20020,1.0,6.159504e-09,0
20021,1.0,2.6490168e-10,0
20022,1.0,1.5842268e-11,0
20023,1.0,1.1913938e-10,0
20024,1.0,3.1411e-08,0
20025,1.0,6.136181e-09,0
20026,1.0,1.0083292e-08,0
20027,1.0,1.0941313e-10,0
20028,1.0,4.2194653e-08,0
20029,1.0,1.2213452e-08,0
20030,1.0,3.2887378e-08,0
20031,0.9999993,6.656585e-07,0
20032,1.0,5.1523735e-08,0
20033,1.0,2.9599049e-08,0
20034,1.0,1.906092e-09,0
20035,0.9999999,6.0231486e-08,0
20036,1.0,1.4413397e-09,0
20037,1.0,8.295405e-11,0
20038,1.0,2.7689142e-08,0
20039,1.0,1.9075712e-10,0
20040,1.0,9.274205e-09,0
20041,1.0,1.0199749e-10,0
20042,1.0,9.3582087e-11,0
20043,1.0,6.7349326e-09,0
20044,1.0,5.5289524e-09,0
20045,1.0,1.00902e-08,0
20046,1.0,2.867998e-10,0
20047,1.0,1.1013097e-08,0
20048,1.0,3.5378476e-09,0
20049,1.0,3.7752085e-10,0
20050,1.0,2.2934861e-10,0
20051,1.0,3.4294016e-11,0
20052,1.0,8.712475e-09,0
20053,0.9999999,7.514137e-08,0
20054,1.0,5.6991203e-09,0
20055,1.0,1.0595006e-09,0
20056,1.0,2.8940418e-12,0
20057,1.0,3.7855485e-10,0
20058,0.9999999,7.125133e-08,0
20059,1.0,8.0991985e-10,0
20060,1.0,5.4060685e-09,0
20061,0.9999999,1.6133913e-07,0
20062,0.99999964,3.3025705e-07,0
20063,1.0,2.63198e-09,0
20064,1.0,1.0161171e-09,0
20065,1.0,8.326015e-11,0
20066,1.0,6.8259904e-09,0
20067,1.0,8.399251e-09,0
20068,1.0,7.864489e-10,0
20069,1.0,1.2995028e-08,0
20070,1.0,1.6662531e-09,0
20071,1.0,6.308772e-09,0
20072,1.0,6.6593766e-09,0
20073,1.0,2.050582e-09,0
20074,1.0,3.826414e-12,0
20075,1.0,5.331857e-09,0
20076,1.0,2.9106967e-10,0
20077,1.0,2.5520308e-08,0
20078,1.0,2.0077162e-09,0
20079,1.0,2.0937478e-09,0
20080,1.0,7.744603e-09,0
20081,1.0,5.295263e-08,0
20082,1.0,9.7101305e-09,0
20083,1.0,1.5964549e-10,0
20084,1.0,4.0055916e-08,0
20085,1.0,3.0266946e-08,0
20086,1.0,6.462394e-10,0
20087,1.0,3.3707162e-09,0
20088,1.0,2.3749515e-11,0
20089,1.0,1.8153086e-09,0
20090,1.0,9.322552e-09,0
20091,0.9999999,1.1488722e-07,0
20092,1.0,3.449078e-09,0
20093,1.0,3.2492075e-12,0
20094,1.0,2.4719682e-10,0
20095,1.0,5.079658e-08,0
20096,1.0,9.956072e-09,0
20097,1.0,5.1434847e-09,0
20098,1.0,2.079011e-10,0
20099,1.0,2.9160228e-08,0
20100,1.0,2.2680055e-08,0
20101,1.0,8.1284046e-13,0
20102,1.0,5.7125176e-09,0
20103,1.0,3.7146544e-09,0
20104,1.0,7.18745e-10,0
20105,1.0,1.6021509e-09,0
20106,1.0,6.0590617e-09,0
20107,1.0,2.417258e-10,0
20108,1.0,1.6851645e-09,0
20109,1.0,5.6930283e-08,0
20110,1.0,5.5902856e-09,0
20111,1.0,3.933698e-10,0
20112,1.0,2.593939e-09,0
20113,1.0,1.0333088e-08,0
20114,1.0,2.5514744e-09,0
20115,1.0,2.824501e-08,0
20116,0.9999999,5.981624e-08,0
20117,1.0,5.4751826e-08,0
20118,1.0,8.1732676e-10,0
20119,1.0,2.2313043e-10,0
20120,1.0,3.1051382e-08,0
20121,1.0,5.551677e-11,0
20122,1.0,1.7099113e-08,0
20123,1.0,3.7252565e-08,0
20124,1.0,2.6729216e-10,0
20125,1.0,3.5245589e-09,0
20126,0.9999999,1.1807989e-07,0
20127,1.0,3.858876e-08,0
20128,1.0,1.2834649e-11,0
20129,1.0,1.3860655e-08,0
20130,1.0,1.01270685e-11,0
20131,1.0,2.3943205e-09,0
20132,1.0,4.0692503e-09,0
20133,1.0,7.881642e-09,0
20134,1.0,1.7361586e-09,0
20135,1.0,3.9657964e-11,0
20136,1.0,2.0117028e-09,0
20137,1.0,1.1183968e-08,0
20138,1.0,9.964568e-12,0
20139,1.0,3.25638e-08,0
20140,1.0,8.350245e-09,0
20141,1.0,1.4975076e-09,0
20142,1.0,1.2070718e-09,0
20143,1.0,9.026116e-09,0
20144,1.0,4.5025955e-11,0
20145,1.0,6.362613e-11,0
20146,1.0,1.3884681e-08,0
20147,1.0,2.3012081e-09,0
20148,1.0,4.8055913e-08,0
20149,1.0,3.4801847e-08,0
20150,1.0,4.1442946e-10,0
20151,1.0,2.098831e-08,0
20152,1.0,3.524537e-10,0
20153,1.0,3.460816e-08,0
20154,1.0,1.1105319e-08,0
20155,1.0,2.7457395e-10,0
20156,1.0,4.521915e-12,0
20157,1.0,1.1807169e-09,0
20158,1.0,5.7035683e-09,0
20159,1.0,1.4014949e-08,0
20160,1.0,1.7176323e-08,0
20161,1.0,2.190851e-08,0
20162,1.0,1.3286243e-10,0
20163,1.0,4.2934026e-10,0
20164,1.0,1.3041561e-08,0
20165,1.0,3.0609595e-08,0
20166,1.0,4.98853e-08,0
20167,1.0,8.037427e-10,0
20168,1.0,2.9568281e-09,0
20169,1.0,1.0043388e-08,0
20170,1.0,2.9530423e-08,0
20171,1.0,8.564082e-12,0
20172,1.0,6.151173e-11,0
20173,0.9999999,7.2051215e-08,0
20174,1.0,1.3556925e-10,0
20175,0.9999999,9.908186e-08,0
20176,1.0,6.6895223e-09,0
20177,1.0,2.6773327e-08,0
20178,1.0,3.6523673e-08,0
20179,1.0,9.764319e-10,0
20180,1.0,1.5898298e-11,0
20181,1.0,1.6422546e-09,0
20182,1.0,1.7877094e-10,0
20183,1.0,5.8994276e-10,0
20184,1.0,3.0546123e-09,0
20185,1.0,9.1567225e-09,0
20186,1.0,3.7966878e-08,0
20187,1.0,6.7270717e-10,0
20188,1.0,7.842107e-11,0
20189,1.0,1.465881e-10,0
20190,0.9999999,9.749831e-08,0
20191,1.0,4.729865e-10,0
20192,1.0,3.1823444e-10,0
20193,0.9999999,6.514999e-08,0
20194,1.0,6.1002736e-09,0
20195,1.0,4.855656e-09,0
20196,0.9999999,6.084902e-08,0
20197,1.0,4.6390863e-11,0
20198,1.0,3.216912e-09,0
20199,1.0,1.2425926e-10,0
20200,1.0,4.1488622e-08,0
20201,1.0,5.3090315e-10,0
20202,1.0,1.1567416e-11,0
20203,0.9999999,1.2074078e-07,0
20204,1.0,5.438857e-08,0
20205,0.9999999,1.4566037e-07,0
20206,1.0,1.0957322e-08,0
20207,1.0,1.8547093e-10,0
20208,0.9999999,6.5479746e-08,0
20209,1.0,1.5383567e-09,0
20210,1.0,8.320831e-09,0
20211,1.0,1.0587125e-13,0
20212,1.0,4.544411e-09,0
20213,1.0,2.2311723e-10,0
20214,0.99999976,2.772223e-07,0
20215,1.0,2.085423e-08,0
20216,1.0,3.4467038e-09,0
20217,1.0,1.5545263e-09,0
20218,1.0,3.5784926e-09,0
20219,0.9999999,1.5406897e-07,0
20220,1.0,8.891324e-11,0
20221,1.0,4.6315938e-09,0
20222,1.0,1.2757884e-08,0
20223,1.0,8.725755e-11,0
20224,1.0,4.1231643e-10,0
20225,1.0,1.5027343e-10,0
20226,1.0,4.215624e-10,0
20227,1.0,2.4603851e-08,0
20228,1.0,4.6011677e-11,0
20229,1.0,4.136029e-09,0
20230,1.0,7.953374e-09,0
20231,1.0,4.8997467e-08,0
20232,1.0,4.672935e-09,0
20233,1.0,1.6872976e-08,0
20234,1.0,2.055469e-09,0
20235,1.0,2.5899977e-10,0
20236,0.9999999,6.684066e-08,0
20237,1.0,1.1103709e-08,0
20238,1.0,1.3428412e-09,0
20239,0.99999964,4.0296732e-07,0
20240,1.0,5.345576e-08,0
20241,1.0,2.1245961e-08,0
20242,1.0,1.8284717e-09,0
20243,1.0,4.822164e-12,0
20244,1.0,2.4529054e-09,0
20245,1.0,1.0706859e-09,0
20246,1.0,1.32125155e-08,0
20247,1.0,5.7154786e-10,0
20248,0.9999994,5.5991666e-07,0
20249,1.0,1.1522139e-08,0
20250,1.0,1.3967814e-09,0
20251,1.0,1.4583047e-09,0
20252,1.0,2.1694928e-09,0
20253,1.0,6.8758808e-09,0
20254,1.0,2.2019262e-09,0
20255,1.0,4.539927e-11,0
20256,1.0,4.933147e-09,0
20257,1.0,3.0104243e-08,0
20258,1.0,3.0731138e-09,0
20259,0.9999999,1.5149385e-07,0
20260,1.0,1.2749656e-09,0
20261,1.0,8.28785e-10,0
20262,1.0,3.338085e-10,0
20263,1.0,3.5567363e-10,0
20264,1.0,4.7298332e-08,0
20265,1.0,6.213594e-09,0
20266,1.0,3.3659894e-08,0
20267,1.0,1.5510677e-08,0
20268,1.0,1.0062774e-08,0
20269,1.0,5.238577e-11,0
20270,1.0,6.64804e-10,0
20271,1.0,5.382156e-10,0
20272,1.0,1.9344004e-08,0
20273,1.0,1.4617885e-13,0
20274,1.0,1.8240585e-09,0
20275,1.0,2.1067923e-08,0
20276,0.9999999,1.05529836e-07,0
20277,1.0,2.1369715e-08,0
20278,1.0,9.97675e-10,0
20279,1.0,1.0327807e-08,0
20280,1.0,1.204473e-09,0
20281,1.0,2.8195046e-09,0
20282,0.9999999,1.0615932e-07,0
20283,1.0,2.770034e-08,0
20284,1.0,4.4497277e-09,0
20285,0.9999999,1.1382087e-07,0
20286,1.0,1.5237003e-09,0
20287,1.0,8.614455e-09,0
20288,1.0,4.9564085e-11,0
20289,1.0,1.6212716e-09,0
20290,1.0,1.8516455e-09,0
20291,1.0,1.4860891e-09,0
20292,1.0,6.760145e-09,0
20293,1.0,1.5142497e-09,0
20294,1.0,7.072528e-09,0
20295,1.0,3.195129e-10,0
20296,1.0,2.7780962e-09,0
20297,0.9999999,1.0386621e-07,0
20298,1.0,4.198016e-08,0
20299,1.0,2.8016733e-10,0
20300,1.0,2.50696e-12,0
20301,1.0,2.700316e-10,0
20302,1.0,1.0263093e-10,0
20303,1.0,2.1157943e-10,0
20304,0.9999999,1.0133097e-07,0
20305,1.0,1.0602464e-09,0
20306,1.0,1.9905422e-09,0
20307,0.9999999,6.256815e-08,0
20308,1.0,2.1445681e-10,0
20309,1.0,7.602433e-09,0
20310,1.0,1.1510091e-10,0
20311,1.0,1.2188754e-09,0
20312,1.0,2.6942171e-08,0
20313,1.0,7.571866e-10,0
20314,1.0,2.4017131e-08,0
20315,1.0,6.5377264e-09,0
20316,0.9999999,1.2062925e-07,0
20317,1.0,2.1978814e-09,0
20318,1.0,9.1237673e-10,0
20319,1.0,1.8391617e-08,0
20320,1.0,8.823587e-09,0
20321,0.99999964,3.2153744e-07,0
20322,1.0,3.0958006e-08,0
20323,1.0,9.755198e-10,0
20324,1.0,8.7865715e-09,0
20325,1.0,2.0213422e-08,0
20326,1.0,6.225279e-09,0
20327,1.0,1.5073511e-09,0
20328,0.9999999,6.687305e-08,0
20329,1.0,4.184332e-11,0
20330,1.0,3.8018436e-10,0
20331,1.0,2.587519e-10,0
20332,1.0,1.0972714e-08,0
20333,1.0,2.3923224e-08,0
20334,1.0,2.228002e-08,0
20335,1.0,1.6569545e-09,0
20336,1.0,3.1079914e-10,0
20337,1.0,4.3278192e-10,0
20338,1.0,7.3347652e-09,0
20339,1.0,1.4467051e-09,0
20340,1.0,1.69049e-08,0
20341,1.0,3.629518e-09,0
20342,1.0,2.466318e-09,0
20343,1.0,6.4185306e-09,0
20344,1.0,3.835556e-08,0
20345,1.0,2.0555944e-09,0
20346,1.0,5.575615e-08,0
20347,0.99999976,2.5204093e-07,0
20348,1.0,1.1501851e-08,0
20349,1.0,6.144789e-09,0
20350,1.0,8.0267337e-10,0
20351,1.0,2.9608788e-10,0
20352,1.0,7.0715567e-09,0
20353,1.0,4.335428e-10,0
20354,1.0,2.4260734e-08,0
20355,1.0,1.967483e-09,0
20356,1.0,1.4606906e-09,0
20357,1.0,5.1859942e-08,0
20358,0.9999999,6.598714e-08,0
20359,1.0,2.6135073e-08,0
20360,1.0,5.98708e-12,0
20361,1.0,4.6599514e-08,0
20362,1.0,2.7255451e-11,0
20363,1.0,2.0469156e-10,0
20364,1.0,3.2935552e-10,0
20365,1.0,5.2884777e-09,0
20366,1.0,6.2147794e-09,0
20367,1.0,1.7087807e-11,0
20368,1.0,1.7250128e-08,0
20369,1.0,4.7907562e-08,0
20370,1.0,7.2765925e-12,0
20371,1.0,1.0634912e-09,0
20372,1.0,4.690034e-09,0
20373,1.0,2.421418e-08,0
20374,1.0,6.639781e-09,0
20375,1.0,1.1902672e-10,0
20376,1.0,2.976867e-12,0
20377,1.0,2.4199222e-08,0
20378,1.0,1.5158484e-08,0
20379,1.0,1.6572381e-10,0
20380,1.0,8.660717e-09,0
20381,1.0,1.8962583e-12,0
20382,1.0,4.606353e-09,0
20383,1.0,3.212018e-10,0
20384,0.9999999,6.628585e-08,0
20385,1.0,3.9401185e-10,0
20386,1.0,3.4099827e-08,0
20387,1.0,1.1296135e-08,0
20388,1.0,6.0891137e-09,0
20389,1.0,2.3880348e-10,0
20390,1.0,2.2702202e-09,0
20391,1.0,5.402317e-09,0
20392,1.0,1.8100257e-09,0
20393,1.0,7.4208256e-10,0
20394,0.9999999,6.140503e-08,0
20395,1.0,2.3591758e-08,0
20396,1.0,2.6568157e-09,0
20397,1.0,4.1250284e-10,0
20398,1.0,2.2159373e-11,0
20399,1.0,4.9209863e-09,0
20400,1.0,7.964752e-11,0
20401,1.0,4.268566e-09,0
20402,1.0,1.1438067e-10,0
20403,0.9999999,9.426224e-08,0
20404,1.0,3.6099736e-12,0
20405,1.0,4.8191184e-09,0
20406,1.0,4.2332395e-09,0
20407,0.99999976,2.017572e-07,0
20408,1.0,3.4633583e-08,0
20409,1.0,2.8302061e-12,0
20410,1.0,7.4666024e-09,0
20411,1.0,7.513729e-10,0
20412,1.0,1.7759844e-10,0
20413,1.0,1.7650883e-08,0
20414,1.0,3.7923726e-09,0
20415,1.0,7.9604226e-11,0
20416,1.0,7.4322104e-11,0
20417,1.0,1.1166681e-12,0
20418,1.0,4.9097115e-11,0
20419,0.9999999,7.562232e-08,0
20420,1.0,2.0581286e-09,0
20421,1.0,2.7159231e-08,0
20422,1.0,1.7947209e-09,0
20423,1.0,9.0073304e-10,0
20424,1.0,8.927762e-10,0
20425,1.0,1.6614767e-09,0
20426,1.0,1.861395e-08,0
20427,1.0,2.0215418e-09,0
20428,1.0,7.575871e-09,0
20429,1.0,9.056811e-09,0
20430,1.0,1.3255786e-11,0
20431,0.9999999,1.1331162e-07,0
20432,1.0,1.938795e-09,0
20433,1.0,5.8999515e-08,0
20434,1.0,9.101142e-09,0
20435,1.0,1.0921548e-10,0
20436,1.0,3.9917557e-12,0
20437,1.0,2.044392e-09,0
20438,1.0,1.615876e-08,0
20439,1.0,1.8267289e-09,0
20440,1.0,1.7984011e-09,0
20441,1.0,2.1871498e-10,0
20442,1.0,5.1625224e-09,0
20443,1.0,6.5948075e-10,0
20444,1.0,6.014174e-11,0
20445,1.0,1.616965e-11,0
20446,1.0,1.2895179e-08,0
20447,1.0,6.6175195e-12,0
20448,1.0,3.2361807e-09,0
20449,1.0,3.6534058e-08,0
20450,1.0,1.4052194e-10,0
20451,1.0,2.3822777e-08,0
20452,0.99999976,2.3108313e-07,0
20453,1.0,3.8653432e-08,0
20454,1.0,3.2546723e-08,0
20455,1.0,2.9843306e-09,0
20456,1.0,1.6697431e-09,0
20457,1.0,1.4838571e-09,0
20458,1.0,5.7431944e-09,0
20459,1.0,9.533673e-10,0
20460,1.0,3.6486474e-09,0
20461,1.0,1.9171067e-09,0
20462,1.0,2.6506491e-10,0
20463,1.0,3.915648e-11,0
20464,1.0,9.496382e-09,0
20465,1.0,2.9814573e-09,0
20466,1.0,9.5558335e-09,0
20467,1.0,8.961632e-09,0
20468,1.0,1.9489428e-09,0
20469,1.0,7.636956e-11,0
20470,1.0,3.8614527e-08,0
20471,1.0,8.159266e-10,0
20472,1.0,7.165122e-11,0
20473,1.0,5.4879874e-09,0
20474,0.9999987,1.2764671e-06,0
20475,1.0,1.8566038e-09,0
20476,1.0,2.9340768e-08,0
20477,1.0,4.6397814e-09,0
20478,1.0,2.0073765e-08,0
20479,1.0,1.3771053e-09,0
20480,1.0,2.1681453e-08,0
20481,1.0,6.531304e-10,0
20482,1.0,3.040963e-09,0
20483,1.0,7.8471596e-12,0
20484,1.0,3.262519e-10,0
20485,1.0,9.751403e-10,0
20486,1.0,2.198025e-08,0
20487,1.0,3.617577e-08,0
20488,1.0,1.0133474e-09,0
20489,1.0,5.6174315e-10,0
20490,1.0,3.1294252e-09,0
20491,1.0,4.3320165e-09,0
20492,1.0,8.194548e-09,0
20493,1.0,5.5271414e-08,0
20494,1.0,4.6328306e-09,0
20495,1.0,8.348807e-10,0
20496,1.0,1.4218766e-09,0
20497,1.0,7.800643e-09,0
20498,1.0,3.1024079e-09,0
20499,1.0,5.0476285e-09,0
20500,1.0,7.440089e-09,0
20501,1.0,5.059475e-09,0
20502,1.0,2.696344e-09,0
20503,1.0,1.1067004e-08,0
20504,1.0,2.9925042e-09,0
20505,1.0,3.1835423e-09,0
20506,1.0,1.5922994e-08,0
20507,1.0,1.4750025e-09,0
20508,1.0,1.6199989e-08,0
20509,1.0,2.2780975e-09,0
20510,1.0,6.362647e-12,0
20511,1.0,1.2641326e-08,0
20512,1.0,3.7219168e-09,0
20513,1.0,1.584181e-08,0
20514,1.0,3.8116166e-10,0
20515,1.0,5.3806084e-09,0
20516,1.0,1.2146052e-09,0
20517,1.0,3.4925264e-08,0
20518,1.0,3.4068717e-10,0
20519,1.0,1.7441485e-08,0
20520,1.0,4.3702255e-09,0
20521,1.0,2.2683603e-08,0
20522,1.0,1.5369666e-09,0
20523,1.0,2.732815e-09,0
20524,0.99999964,3.2545114e-07,0
20525,1.0,1.5379578e-09,0
20526,1.0,5.056079e-09,0
20527,1.0,4.9021138e-11,0
20528,1.0,1.5376372e-10,0
20529,1.0,1.5114383e-10,0
20530,1.0,2.8961018e-08,0
20531,1.0,1.0564399e-08,0
20532,1.0,1.48194035e-08,0
20533,1.0,5.617453e-10,0
20534,1.0,1.1871468e-11,0
20535,1.0,3.457423e-09,0
20536,1.0,6.239243e-10,0
20537,1.0,3.7068953e-10,0
20538,1.0,5.181342e-10,0
20539,1.0,8.947678e-09,0
20540,1.0,2.1244249e-09,0
20541,1.0,3.6399708e-10,0
20542,1.0,6.6049446e-09,0
20543,1.0,3.2384224e-09,0
20544,1.0,1.4411674e-08,0
20545,1.0,4.4504532e-11,0
20546,1.0,1.3408294e-09,0
20547,1.0,8.26511e-12,0
20548,1.0,5.020686e-09,0
20549,1.0,1.1562019e-10,0
20550,1.0,1.5107078e-08,0
20551,1.0,1.4651655e-10,0
20552,1.0,1.0173597e-10,0
20553,1.0,1.5402505e-09,0
20554,1.0,1.3736773e-08,0
20555,1.0,4.056199e-10,0
20556,1.0,8.017125e-10,0
20557,1.0,2.8268426e-10,0
20558,1.0,1.3255463e-10,0
20559,1.0,2.578491e-08,0
20560,1.0,1.1651528e-09,0
20561,1.0,3.777715e-10,0
20562,1.0,6.307557e-09,0
20563,1.0,2.7131893e-08,0
20564,0.9999999,6.132439e-08,0
20565,1.0,6.852151e-11,0
20566,1.0,9.2953055e-11,0
20567,1.0,1.8410184e-08,0
20568,1.0,6.7089284e-10,0
20569,1.0,6.652133e-11,0
20570,1.0,6.305741e-09,0
20571,1.0,3.2787695e-10,0
20572,1.0,6.550976e-11,0
20573,1.0,8.984403e-11,0
20574,1.0,1.7702199e-08,0
20575,1.0,2.7417169e-09,0
20576,1.0,2.4565212e-08,0
20577,1.0,1.4698435e-09,0
20578,1.0,1.0771238e-09,0
20579,1.0,4.3468344e-08,0
20580,1.0,3.3724254e-10,0
20581,1.0,9.03104e-09,0
20582,1.0,3.7067658e-11,0
20583,1.0,1.056242e-09,0
20584,1.0,1.558544e-08,0
20585,1.0,4.5830415e-09,0
20586,1.0,2.3143296e-09,0
20587,1.0,4.8590397e-08,0
20588,1.0,1.4559064e-09,0
20589,1.0,4.729476e-10,0
20590,1.0,2.5525566e-08,0
20591,1.0,2.351754e-08,0
20592,1.0,1.6562213e-09,0
20593,1.0,1.422063e-10,0
20594,1.0,4.2042436e-11,0
20595,1.0,1.9961923e-09,0
20596,1.0,2.6811323e-10,0
20597,1.0,1.2699713e-08,0
20598,1.0,4.1452117e-10,0
20599,1.0,6.131115e-09,0
20600,1.0,4.126931e-11,0
20601,1.0,5.1027543e-10,0
20602,1.0,5.210041e-10,0
20603,1.0,5.2183777e-09,0
20604,1.0,1.8922578e-13,0
20605,1.0,9.0418595e-10,0
20606,1.0,4.1473786e-10,0
20607,1.0,2.0558385e-08,0
20608,1.0,7.372924e-11,0
20609,1.0,1.3698069e-09,0
20610,1.0,7.997549e-09,0
20611,1.0,2.6443901e-08,0
20612,1.0,3.978204e-08,0
20613,1.0,1.3075276e-09,0
20614,1.0,1.3372582e-10,0
20615,1.0,1.1279416e-10,0
20616,1.0,2.9241208e-12,0
20617,1.0,4.2538993e-11,0
20618,1.0,6.809476e-09,0
20619,1.0,2.0647747e-08,0
20620,1.0,6.7890373e-09,0
20621,1.0,7.8828295e-09,0
20622,1.0,3.003287e-10,0
20623,1.0,1.1968492e-13,0
20624,1.0,9.940243e-10,0
20625,1.0,1.4742346e-09,0
20626,1.0,5.29913e-09,0
20627,1.0,1.0184557e-08,0
20628,1.0,2.6419095e-12,0
20629,1.0,4.890648e-10,0
20630,1.0,8.472517e-11,0
20631,1.0,2.750722e-08,0
20632,1.0,3.1154844e-08,0
20633,1.0,9.595499e-10,0
20634,1.0,5.7216304e-10,0
20635,1.0,3.1287626e-09,0
20636,1.0,1.8605006e-08,0
20637,1.0,2.8316092e-09,0
20638,1.0,1.9844164e-09,0
20639,1.0,8.2617094e-11,0
20640,0.9999999,7.642155e-08,0
20641,1.0,1.3043437e-10,0
20642,1.0,1.1162742e-08,0
20643,1.0,1.0249723e-08,0
20644,1.0,2.1761029e-09,0
20645,1.0,1.2814456e-09,0
20646,1.0,5.1881116e-08,0
20647,1.0,1.14247445e-10,0
20648,1.0,6.232674e-11,0
20649,1.0,2.5409518e-08,0
20650,1.0,2.900643e-10,0
20651,1.0,4.943896e-12,0
20652,1.0,2.9247763e-10,0
20653,1.0,9.823298e-09,0
20654,1.0,2.5005933e-09,0
20655,1.0,3.4308723e-08,0
20656,1.0,5.676306e-09,0
20657,0.9999999,8.596863e-08,0
20658,1.0,9.4516e-10,0
20659,1.0,9.9662084e-11,0
20660,1.0,4.3199373e-09,0
20661,0.9999999,6.245571e-08,0
20662,1.0,1.11831575e-08,0
20663,1.0,6.38279e-11,0
20664,1.0,6.437273e-10,0
20665,1.0,4.000766e-08,0
20666,1.0,6.142232e-10,0
20667,1.0,2.0667584e-10,0
20668,1.0,8.675067e-09,0
20669,1.0,4.746826e-11,0
20670,1.0,2.7390742e-11,0
20671,1.0,2.4881612e-09,0
20672,1.0,2.141275e-09,0
20673,1.0,1.45847805e-08,0
20674,1.0,6.281109e-09,0
20675,1.0,4.671279e-12,0
20676,1.0,1.8557434e-09,0
20677,1.0,1.9634758e-09,0
20678,1.0,4.511584e-09,0
20679,1.0,5.44974e-08,0
20680,1.0,1.4804019e-10,0
20681,1.0,4.2462817e-10,0
20682,1.0,7.762642e-10,0
20683,1.0,4.111826e-09,0
20684,1.0,5.8434113e-10,0
20685,1.0,7.973141e-11,0
20686,1.0,2.0373105e-10,0
20687,1.0,1.736239e-08,0
20688,1.0,2.3810328e-08,0
20689,1.0,5.7117516e-10,0
20690,1.0,3.1460268e-09,0
20691,1.0,1.0003355e-08,0
20692,1.0,8.6572105e-10,0
20693,1.0,3.552614e-10,0
20694,1.0,4.926487e-10,0
20695,1.0,1.8885513e-09,0
20696,1.0,2.4280847e-10,0
20697,1.0,8.143039e-09,0
20698,1.0,4.2297126e-09,0
20699,0.9999999,1.652799e-07,0
20700,1.0,4.6044994e-09,0
20701,1.0,3.5680716e-09,0
20702,1.0,1.2940458e-09,0
20703,1.0,9.268122e-09,0
20704,1.0,1.4363559e-09,0
20705,1.0,1.3670246e-09,0
20706,0.9999999,1.6661687e-07,0
20707,1.0,2.3902869e-09,0
20708,1.0,5.084131e-10,0
20709,1.0,3.500053e-13,0
20710,1.0,2.5026006e-10,0
20711,1.0,2.5283264e-10,0
20712,1.0,9.277951e-10,0
20713,1.0,1.2879907e-09,0
20714,1.0,7.1060073e-09,0
20715,1.0,5.1076715e-10,0
20716,1.0,3.4489905e-10,0
20717,1.0,2.6625292e-19,0
20718,0.9999999,8.848854e-08,0
20719,1.0,2.1769624e-09,0
20720,1.0,1.2026214e-11,0
20721,1.0,2.9343857e-11,0
20722,1.0,1.1925101e-10,0
20723,1.0,2.991257e-11,0
20724,1.0,2.430399e-12,0
20725,1.0,4.7276303e-09,0
20726,1.0,1.7333932e-12,0
20727,1.0,1.9812925e-09,0
20728,1.0,6.898892e-10,0
20729,1.0,1.974418e-10,0
20730,1.0,1.6855631e-09,0
20731,1.0,1.8432512e-10,0
20732,1.0,4.326263e-12,0
20733,1.0,4.324708e-10,0
20734,1.0,2.923488e-10,0
20735,1.0,1.2027528e-10,0
20736,1.0,2.5112181e-09,0
20737,1.0,3.5826995e-09,0
20738,1.0,1.9798048e-12,0
20739,0.9999989,1.052279e-06,0
20740,1.0,1.1453427e-08,0
20741,1.0,1.5469365e-13,0
20742,1.0,2.6092996e-11,0
20743,1.0,1.0262629e-09,0
20744,1.0,3.5308062e-11,0
20745,1.0,2.8038225e-10,0
20746,1.0,4.712647e-10,0
20747,1.0,8.821366e-09,0
20748,1.0,1.0907631e-08,0
20749,1.0,4.4389635e-12,0
20750,1.0,6.64534e-10,0
20751,1.0,1.7902217e-09,0
20752,0.9999987,1.3136298e-06,0
20753,1.0,1.0557168e-08,0
20754,1.0,2.5975138e-09,0
20755,1.0,7.0080994e-09,0
20756,1.0,7.7842294e-10,0
20757,1.0,1.8696027e-09,0
20758,1.0,2.5253987e-08,0
20759,1.0,2.4994187e-10,0
20760,1.0,1.218629e-09,0
20761,1.0,7.887112e-10,0
20762,1.0,1.2994087e-08,0
20763,0.9999999,1.0638695e-07,0
20764,1.0,1.3575077e-08,0
20765,1.0,1.48528505e-08,0
20766,1.0,1.5145213e-09,0
20767,1.0,2.991709e-10,0
20768,1.0,2.496754e-11,0
20769,1.0,1.5349665e-08,0
20770,1.0,1.1220745e-11,0
20771,1.0,1.9783442e-08,0
20772,1.0,6.791676e-10,0
20773,1.0,2.8995386e-09,0
20774,1.0,1.3732083e-08,0
20775,1.0,3.846693e-11,0
20776,1.0,7.6169036e-09,0
20777,1.0,6.7937656e-09,0
20778,1.0,1.5091238e-08,0
20779,1.0,3.0424616e-08,0
20780,1.0,5.764306e-10,0
20781,1.0,4.039037e-10,0
20782,1.0,5.041911e-10,0
20783,1.0,2.9664426e-09,0
20784,1.0,8.6068916e-11,0
20785,1.0,1.9643982e-08,0
20786,1.0,4.304763e-12,0
20787,1.0,1.16220185e-11,0
20788,1.0,7.0561396e-10,0
20789,1.0,5.303445e-10,0
20790,1.0,8.690394e-11,0
20791,1.0,1.6293565e-09,0
20792,1.0,1.7508615e-08,0
20793,1.0,1.6405757e-10,0
20794,1.0,2.0448844e-08,0
20795,1.0,1.1837062e-10,0
20796,1.0,1.317576e-10,0
20797,1.0,2.1522402e-09,0
20798,1.0,6.092247e-10,0
20799,1.0,2.440102e-12,0
20800,1.0,1.4861905e-10,0
20801,1.0,2.4095547e-08,0
20802,1.0,9.478775e-09,0
20803,1.0,2.8336782e-09,0
20804,1.0,2.736809e-10,0
20805,1.0,2.370564e-09,0
20806,1.0,1.3645074e-10,0
20807,1.0,4.5005653e-09,0
20808,1.0,1.0512059e-08,0
20809,0.99999285,7.1092886e-06,0
20810,1.0,6.3772687e-10,0
20811,1.0,6.769096e-10,0
20812,1.0,3.1001736e-08,0
20813,1.0,2.757697e-09,0
20814,1.0,3.6440364e-09,0
20815,1.0,9.853603e-09,0
20816,1.0,4.5245484e-11,0
20817,1.0,8.9454033e-10,0
20818,1.0,4.122618e-08,0
20819,1.0,5.425538e-10,0
20820,1.0,2.3918157e-12,0
20821,0.9999999,7.751759e-08,0
20822,1.0,1.9086178e-08,0
20823,1.0,1.4322888e-08,0
20824,0.9999999,1.10643064e-07,0
20825,1.0,5.4713823e-08,0
20826,1.0,4.176289e-10,0
20827,1.0,3.0278193e-09,0
20828,0.99999976,1.9662279e-07,0
20829,1.0,5.233648e-09,0
20830,1.0,3.862578e-09,0
20831,0.9999999,1.4023833e-07,0
20832,1.0,4.106371e-09,0
20833,1.0,4.80679e-09,0
20834,1.0,3.6986503e-08,0
20835,1.0,3.1337002e-10,0
20836,1.0,2.7504598e-08,0
20837,1.0,1.1125417e-08,0
20838,1.0,1.2798664e-11,0
20839,1.0,1.6891716e-12,0
20840,1.0,6.026142e-10,0
20841,1.0,2.7300834e-10,0
20842,1.0,1.4230134e-09,0
20843,1.0,2.1355332e-08,0
20844,1.0,1.5373155e-09,0
20845,1.0,7.491248e-10,0
20846,1.0,1.4266197e-09,0
20847,1.0,1.7509875e-09,0
20848,1.0,8.048077e-09,0
20849,1.0,9.357451e-09,0
20850,1.0,4.9682325e-10,0
20851,1.0,2.4047623e-11,0
20852,1.0,8.1352916e-09,0
20853,0.99999976,2.9382218e-07,0
20854,0.9999999,1.0378858e-07,0
20855,1.0,1.3264171e-09,0
20856,1.0,7.728224e-09,0
20857,1.0,1.4487492e-08,0
20858,1.0,1.4942387e-08,0
20859,1.0,9.967397e-09,0
20860,1.0,3.4533812e-10,0
20861,1.0,1.2358286e-09,0
20862,0.9999999,9.186534e-08,0
20863,1.0,2.0313826e-09,0
20864,1.0,1.2772449e-11,0
20865,1.0,1.3277927e-11,0
20866,1.0,2.3335325e-08,0
20867,1.0,2.0927246e-10,0
20868,1.0,7.591797e-09,0
20869,1.0,5.4991645e-10,0
20870,1.0,4.8140016e-09,0
20871,1.0,1.8370738e-10,0
20872,1.0,7.1455037e-09,0
20873,1.0,3.1108438e-10,0
20874,1.0,8.0933915e-10,0
20875,1.0,2.4793405e-09,0
20876,1.0,5.6940896e-09,0
20877,1.0,8.773326e-09,0
20878,1.0,8.2724e-11,0
20879,1.0,6.7665656e-10,0
20880,1.0,3.309023e-12,0
20881,1.0,8.84766e-11,0
20882,1.0,4.3434863e-08,0
20883,1.0,5.113113e-09,0
20884,1.0,9.161539e-10,0
20885,1.0,5.805363e-10,0
20886,1.0,2.5393491e-11,0
20887,1.0,1.9801052e-10,0
20888,1.0,6.5790307e-09,0
20889,1.0,2.2588919e-12,0
20890,1.0,1.5641344e-11,0
20891,1.0,1.3782022e-11,0
20892,1.0,5.3760562e-08,0
20893,0.99999964,3.6650792e-07,0
20894,1.0,2.2809061e-09,0
20895,1.0,7.793831e-09,0
20896,0.99999845,1.5065765e-06,0
20897,1.0,4.3953938e-10,0
20898,1.0,6.846958e-09,0
20899,0.99999964,3.3762265e-07,0
20900,0.99999785,2.1986136e-06,0
20901,1.0,2.1653483e-11,0
20902,1.0,3.5003207e-09,0
20903,1.0,2.3800693e-09,0
20904,1.0,4.8071724e-10,0
20905,1.0,1.5027228e-10,0
20906,1.0,1.7941475e-11,0
20907,1.0,9.766652e-09,0
20908,1.0,2.0825204e-09,0
20909,1.0,4.7646408e-11,0
20910,1.0,2.110604e-09,0
20911,1.0,1.9352083e-12,0
20912,1.0,4.4794787e-10,0
20913,1.0,2.5661917e-11,0
20914,1.0,3.8057507e-08,0
20915,1.0,1.094315e-10,0
20916,1.0,8.592073e-09,0
20917,1.0,6.5870887e-10,0
20918,1.0,5.121036e-10,0
20919,1.0,1.1070967e-09,0
20920,1.0,2.4165528e-10,0
20921,1.0,5.4411104e-11,0
20922,1.0,1.5371521e-08,0
20923,1.0,1.5504493e-12,0
20924,1.0,7.115793e-11,0
20925,1.0,7.6617634e-10,0
20926,1.0,5.624698e-11,0
20927,1.0,8.823809e-12,0
20928,0.9999999,1.0443395e-07,0
20929,0.99972695,0.00027299192,0
20930,1.0,1.6265998e-12,0
20931,1.0,2.0256959e-08,0
20932,1.0,9.734511e-10,0
20933,1.0,3.374383e-09,0
20934,1.0,3.029733e-08,0
20935,0.9999999,7.100456e-08,0
20936,1.0,3.5754003e-10,0
20937,0.99999917,8.785216e-07,0
20938,1.0,9.382918e-09,0
20939,1.0,2.440491e-10,0
20940,0.99999976,2.2011028e-07,0
20941,0.99999964,3.0464335e-07,0
20942,1.0,2.3151742e-08,0
20943,0.99999964,3.2188663e-07,0
20944,1.0,4.5589155e-10,0
20945,1.0,1.8782549e-10,0
20946,1.0,1.0243112e-09,0
20947,1.0,1.7399071e-10,0
20948,1.0,1.4392999e-11,0
20949,1.0,9.962241e-10,0
20950,1.0,1.659609e-08,0
20951,1.0,2.7004175e-11,0
20952,1.0,4.975326e-10,0
20953,1.0,1.0159059e-09,0
20954,1.0,5.253947e-11,0
20955,1.0,1.2216893e-09,0
20956,1.0,1.7152994e-10,0
20957,1.0,3.2922283e-11,0
20958,1.0,3.3616374e-13,0
20959,1.0,5.0936064e-09,0
20960,1.0,1.9963255e-09,0
20961,1.0,1.7277112e-10,0
20962,1.0,1.7294066e-09,0
20963,0.9999999,1.653953e-07,0
20964,1.0,2.9308507e-11,0
20965,1.0,4.540365e-09,0
20966,1.0,1.0063057e-09,0
20967,0.99999976,1.8895257e-07,0
20968,1.0,1.2441743e-10,0
20969,1.0,3.6191627e-09,0
20970,1.0,2.055031e-08,0
20971,1.0,7.7314016e-11,0
20972,1.0,5.336946e-12,0
20973,0.9999999,1.1644763e-07,0
20974,1.0,4.052576e-08,0
20975,1.0,2.4008942e-11,0
20976,1.0,2.5844166e-10,0
20977,1.0,5.8663713e-10,0
20978,0.9999999,7.30074e-08,0
20979,1.0,1.7165465e-10,0
20980,1.0,5.8136344e-08,0
20981,1.0,5.4269397e-12,0
20982,1.0,2.899534e-12,0
20983,1.0,1.2806864e-08,0
20984,1.0,2.4241492e-08,0
20985,1.0,4.5711313e-10,0
20986,0.99999976,2.2606727e-07,0
20987,1.0,2.6858895e-12,0
20988,1.0,4.5888213e-10,0
20989,0.9999999,6.1405736e-08,0
20990,1.0,8.1668595e-11,0
20991,1.0,2.9236888e-10,0
20992,1.0,5.044802e-08,0
20993,1.0,2.886999e-10,0
20994,1.0,6.0159666e-10,0
20995,1.0,2.7952336e-08,0
20996,0.9999999,1.0433242e-07,0
20997,1.0,8.750405e-11,0
20998,1.0,1.8057608e-12,0
20999,1.0,1.3856479e-08,0
21000,1.0,9.873998e-09,0
21001,1.0,7.3325657e-10,0
21002,1.0,2.4174497e-08,0
21003,1.0,1.6471359e-09,0
21004,1.0,2.7098183e-11,0
21005,1.0,6.3778044e-10,0
21006,1.0,4.2444398e-08,0
21007,1.0,1.0212172e-09,0
21008,1.0,2.2228552e-10,0
21009,0.9999999,1.07246095e-07,0
21010,1.0,1.7902695e-09,0
21011,1.0,1.4163379e-10,0
21012,1.0,4.197243e-10,0
21013,1.0,9.119796e-11,0
21014,1.0,7.8594503e-10,0
21015,1.0,1.00997495e-08,0
21016,1.0,2.5933207e-09,0
21017,0.99999976,2.9176093e-07,0
21018,1.0,3.355157e-08,0
21019,0.9999999,1.7829481e-07,0
21020,0.99999964,3.5039068e-07,0
21021,0.99999964,3.3992492e-07,0
21022,0.99999976,2.6077367e-07,0
21023,1.0,4.0897765e-09,0
21024,1.0,2.1388096e-09,0
21025,1.0,6.4552454e-11,0
21026,1.0,5.667935e-08,0
21027,1.0,5.960913e-10,0
21028,1.0,2.81781e-10,0
21029,1.0,1.3040715e-08,0
21030,1.0,2.8064615e-09,0
21031,0.99999976,1.8577954e-07,0
21032,0.9999999,1.4016076e-07,0
21033,1.0,5.335899e-08,0
21034,1.0,2.7621085e-09,0
21035,0.9999999,1.577175e-07,0
21036,0.99999905,9.59792e-07,0
21037,1.0,3.662189e-08,0
21038,0.9999999,7.246385e-08,0
21039,1.0,4.3006523e-08,0
21040,1.0,8.022746e-12,0
21041,1.0,1.7260724e-08,0
21042,0.9999999,1.5855811e-07,0
21043,0.9999999,1.16673284e-07,0
21044,1.0,1.3503325e-10,0
21045,1.0,1.3387799e-13,0
21046,1.0,5.2319182e-14,0
21047,1.0,6.1423797e-15,0
21048,0.9999999,6.822401e-08,0
21049,1.0,1.2973061e-08,0
21050,1.0,6.8724844e-09,0
21051,1.0,6.829829e-10,0
21052,1.0,3.9616857e-10,0
21053,1.0,6.8527154e-14,0
21054,1.0,1.2602301e-08,0
21055,1.0,3.6715396e-12,0
21056,1.0,1.5838825e-11,0
21057,1.0,1.318573e-08,0
21058,1.0,1.9486942e-16,0
21059,1.0,9.882428e-11,0
21060,1.0,5.937056e-12,0
21061,1.0,7.131454e-16,0
21062,1.0,2.330584e-15,0
21063,1.0,1.3239872e-14,0
21064,1.0,7.80953e-09,0
21065,1.0,6.194497e-16,0
21066,1.0,5.2670104e-11,0
21067,0.9999999,1.1648139e-07,0
21068,1.0,8.986297e-09,0
21069,1.0,1.0885994e-08,0
21070,1.0,1.210043e-13,0
21071,1.0,1.0806193e-14,0
21072,1.0,1.4363571e-15,0
21073,1.0,2.8017585e-14,0
21074,1.0,1.1953452e-10,0
21075,1.0,1.0316571e-22,0
21076,1.0,5.0182367e-12,0
21077,1.0,1.0635233e-17,0
21078,1.0,7.1556645e-09,0
21079,1.0,1.8951717e-14,0
21080,1.0,1.4245238e-12,0
21081,1.0,1.3010645e-09,0
21082,1.0,1.8997665e-23,0
21083,1.0,1.7767192e-14,0
21084,1.0,3.926112e-14,0
21085,1.0,3.044182e-10,0
21086,1.0,2.3568417e-08,0
21087,1.0,3.4678926e-12,0
21088,0.99995804,4.1932446e-05,0
21089,1.0,1.0855864e-20,0
21090,1.0,1.5448756e-09,0
21091,1.0,1.071999e-18,0
21092,1.0,9.300354e-16,0
21093,1.0,2.3011323e-10,0
21094,1.0,1.6016843e-08,0
21095,1.0,1.7858943e-20,0
21096,1.0,9.028379e-11,0
21097,1.0,1.029752e-11,0
21098,1.0,1.11604e-08,0
21099,1.0,2.3061303e-12,0
21100,1.0,8.1074985e-21,0
21101,1.0,2.3721964e-13,0
21102,1.0,3.338079e-10,0
21103,1.0,2.6338593e-12,0
21104,1.0,4.8286426e-16,0
21105,1.0,1.6164976e-13,0
21106,1.0,1.5580819e-21,0
21107,1.0,1.4276125e-10,0
21108,1.0,3.7960496e-16,0
21109,1.0,1.5470449e-14,0
21110,1.0,6.6813986e-13,0
21111,1.0,1.9022307e-17,0
21112,1.0,4.0449344e-14,0
21113,1.0,1.9653485e-17,0
21114,0.9999993,7.6458207e-07,0
21115,1.0,1.6915e-15,0
21116,1.0,2.0671517e-11,0
21117,1.0,4.340667e-17,0
21118,0.9999999,9.748194e-08,0
21119,1.0,1.4651178e-14,0
21120,1.0,5.528993e-17,0
21121,1.0,7.31764e-15,0
21122,1.0,9.422438e-18,0
21123,1.0,3.4390987e-17,0
21124,0.99999917,8.807161e-07,0
21125,1.0,4.871782e-19,0
21126,1.0,2.3131384e-20,0
21127,1.0,6.617358e-11,0
21128,1.0,6.500903e-14,0
21129,1.0,1.6370554e-11,0
21130,1.0,5.67289e-15,0
21131,1.0,1.893351e-10,0
21132,1.0,1.5721829e-15,0
21133,1.0,1.3870627e-19,0
21134,1.0,2.6318192e-13,0
21135,1.0,4.686027e-17,0
21136,1.0,2.400974e-13,0
21137,1.0,8.871236e-14,0
21138,1.0,3.7081065e-09,0
21139,1.0,3.6252126e-14,0
21140,1.0,1.9873082e-11,0
21141,1.0,1.3659035e-17,0
21142,1.0,2.7810631e-18,0
21143,1.0,3.0600178e-13,0
21144,1.0,2.845222e-11,0
21145,0.9999999,6.179228e-08,0
21146,1.0,1.972853e-09,0
21147,1.0,9.072084e-19,0
21148,1.0,7.033698e-18,0
21149,1.0,2.7292942e-16,0
21150,1.0,4.8952755e-18,0
21151,1.0,7.940815e-11,0
21152,1.0,1.296427e-17,0
21153,1.0,5.4053234e-10,0
21154,1.0,9.274278e-16,0
21155,1.0,1.414183e-11,0
21156,1.0,6.513182e-09,0
21157,1.0,1.0370614e-17,0
21158,1.0,2.447251e-09,0
21159,0.9999999,6.383493e-08,0
21160,0.9999999,1.0314759e-07,0
21161,1.0,2.8819483e-10,0
21162,1.0,4.5296066e-08,0
21163,1.0,1.05418145e-08,0
21164,1.0,2.1817033e-22,0
21165,1.0,5.3872482e-18,0
21166,1.0,3.1220005e-14,0
21167,1.0,3.7511824e-15,0
21168,1.0,9.8437046e-20,0
21169,1.0,5.841196e-13,0
21170,1.0,2.967142e-18,0
21171,1.0,3.877778e-16,0
21172,1.0,1.7147568e-17,0
21173,1.0,2.5837138e-12,0
21174,0.9999995,5.0611965e-07,0
21175,0.9999999,7.048506e-08,0
21176,1.0,3.1807345e-15,0
21177,1.0,1.6236891e-12,0
21178,1.0,4.8876257e-14,0
21179,1.0,1.783897e-15,0
21180,1.0,1.6102228e-21,0
21181,1.0,4.872561e-12,0
21182,1.0,1.1131361e-08,0
21183,1.0,3.1366438e-09,0
21184,1.0,4.618574e-16,0
21185,1.0,1.1046881e-16,0
21186,1.0,2.4501747e-09,0
21187,1.0,1.0639255e-16,0
21188,1.0,4.8314616e-16,0
21189,1.0,3.849376e-09,0
21190,1.0,4.4999638e-13,0
21191,1.0,8.880695e-15,0
21192,1.0,2.5905078e-09,0
21193,1.0,6.854519e-14,0
21194,1.0,5.965794e-13,0
21195,1.0,1.8365593e-17,0
21196,1.0,6.1708215e-11,0
21197,1.0,7.048072e-13,0
21198,1.0,3.3462803e-19,0
21199,1.0,1.0910971e-10,0
21200,1.0,1.1611265e-16,0
21201,0.99999917,8.518375e-07,0
21202,1.0,8.4613843e-16,0
21203,1.0,2.1124094e-08,0
21204,1.0,1.9765226e-08,0
21205,1.0,3.76095e-17,0
21206,1.0,6.5973206e-11,0
21207,1.0,2.0245005e-21,0
21208,1.0,6.685835e-13,0
21209,1.0,2.4861197e-18,0
21210,1.0,2.004962e-08,0
21211,1.0,9.566501e-09,0
21212,1.0,3.655699e-08,0
21213,1.0,7.3679314e-19,0
21214,1.0,5.3039626e-13,0
21215,1.0,1.2716214e-09,0
21216,1.0,6.438983e-13,0
21217,1.0,5.840385e-16,0
21218,1.0,3.0297386e-08,0
21219,1.0,3.1756126e-11,0
21220,1.0,3.9349402e-08,0
21221,0.9999993,7.387355e-07,0
21222,1.0,3.5259154e-10,0
21223,1.0,1.8189815e-10,0
21224,1.0,1.2861516e-17,0
21225,1.0,1.0130011e-21,0
21226,1.0,2.7862146e-17,0
21227,1.0,7.74604e-12,0
21228,1.0,4.1087203e-17,0
21229,1.0,3.331654e-14,0
21230,1.0,6.515985e-18,0
21231,1.0,3.9654675e-09,0
21232,1.0,3.064894e-10,0
21233,1.0,1.5144226e-17,0
21234,1.0,1.8335362e-16,0
21235,1.0,1.1229003e-12,0
21236,1.0,3.95744e-18,0
21237,1.0,1.2443847e-19,0
21238,1.0,3.7379567e-14,0
21239,1.0,3.4342358e-09,0
21240,0.9999999,1.2906588e-07,0
21241,1.0,1.0486104e-16,0
21242,1.0,3.2344236e-08,0
21243,1.0,1.4517543e-14,0
21244,1.0,8.906536e-10,0
21245,1.0,5.608497e-12,0
21246,1.0,3.423637e-11,0
21247,1.0,3.2482113e-15,0
21248,1.0,1.3745924e-15,0
21249,1.0,1.1052036e-14,0
21250,0.9999999,1.1532499e-07,0
21251,1.0,1.1964319e-16,0
21252,1.0,2.4634067e-10,0
21253,1.0,9.050052e-22,0
21254,1.0,1.6206582e-18,0
21255,1.0,1.2800592e-15,0
21256,1.0,2.3087846e-19,0
21257,1.0,8.809649e-12,0
21258,1.0,1.0711792e-11,0
21259,1.0,2.3362329e-18,0
21260,1.0,1.8146338e-20,0
21261,1.0,7.548129e-18,0
21262,0.9999999,6.2692145e-08,0
21263,1.0,2.2346153e-16,0
21264,1.0,1.7727913e-08,0
21265,1.0,1.2154071e-09,0
21266,1.0,4.226661e-18,0
21267,1.0,2.170594e-09,0
21268,1.0,8.864907e-11,0
21269,1.0,5.3706732e-09,0
21270,1.0,6.735456e-10,0
21271,1.0,8.254228e-11,0
21272,1.0,5.925609e-19,0
21273,1.0,2.2098823e-13,0
21274,1.0,1.1431671e-11,0
21275,1.0,3.6427285e-21,0
21276,1.0,4.894534e-16,0
21277,1.0,1.5106956e-09,0
21278,1.0,9.6823424e-11,0
21279,1.0,1.4356328e-09,0
21280,1.0,4.5546906e-14,0
21281,0.9999999,1.481322e-07,0
21282,1.0,1.2433562e-17,0
21283,1.0,1.0051094e-15,0
21284,1.0,7.0145737e-16,0
21285,1.0,8.15965e-11,0
21286,1.0,5.2956644e-09,0
21287,1.0,4.4488344e-10,0
21288,1.0,1.5544936e-09,0
21289,0.99999666,3.3104645e-06,0
21290,1.0,1.5170904e-14,0
21291,0.9999994,5.373744e-07,0
21292,1.0,1.5874173e-08,0
21293,1.0,1.6024806e-17,0
21294,1.0,5.7875412e-21,0
21295,0.99999976,2.1619063e-07,0
21296,1.0,1.4808218e-15,0
21297,1.0,6.911617e-17,0
21298,1.0,2.1157921e-12,0
21299,1.0,7.2213665e-13,0
21300,1.0,1.3962056e-17,0
21301,0.9999981,1.8554224e-06,0
21302,1.0,1.0502273e-09,0
21303,0.9999999,1.1168241e-07,0
21304,1.0,6.6187557e-16,0
21305,1.0,2.7072153e-18,0
21306,1.0,1.5310132e-08,0
21307,1.0,5.7531047e-13,0
21308,0.99998975,1.0267929e-05,0
21309,1.0,1.5566692e-12,0
21310,1.0,4.1987914e-20,0
21311,1.0,6.821456e-18,0
21312,1.0,2.0603311e-10,0
21313,1.0,6.1857724e-12,0
21314,1.0,3.614339e-21,0
21315,1.0,8.671176e-21,0
21316,1.0,4.9632524e-17,0
21317,1.0,5.88828e-16,0
21318,1.0,1.9716498e-16,0
21319,1.0,1.0623045e-14,0
21320,1.0,7.589134e-09,0
21321,1.0,4.9035368e-14,0
21322,1.0,1.0043238e-15,0
21323,1.0,2.0506445e-09,0
21324,1.0,1.3985357e-16,0
21325,1.0,2.6605792e-12,0
21326,1.0,1.260818e-10,0
21327,1.0,5.885021e-17,0
21328,1.0,3.921798e-08,0
21329,1.0,7.2254593e-09,0
21330,1.0,3.1215853e-13,0
21331,1.0,3.4563653e-18,0
21332,1.0,2.9740422e-11,0
21333,1.0,3.891555e-18,0
21334,1.0,2.7086203e-18,0
21335,1.0,1.1870002e-10,0
21336,1.0,4.3622064e-20,0
21337,1.0,5.933389e-08,0
21338,1.0,1.6234265e-15,0
21339,1.0,1.4539761e-15,0
21340,0.99999964,3.43663e-07,0
21341,1.0,2.0954008e-10,0
21342,1.0,2.9952382e-21,0
21343,1.0,4.2301623e-10,0
21344,1.0,2.1671144e-13,0
21345,1.0,3.2754716e-16,0
21346,1.0,1.4497234e-10,0
21347,1.0,1.4335038e-17,0
21348,1.0,4.0196546e-10,0
21349,1.0,7.088285e-21,0
21350,1.0,6.131226e-11,0
21351,1.0,1.21881654e-14,0
21352,1.0,3.3569135e-14,0
21353,1.0,2.3465883e-15,0
21354,1.0,1.0543544e-08,0
21355,1.0,2.4489027e-10,0
21356,1.0,2.0268935e-16,0
21357,1.0,3.2333684e-12,0
21358,1.0,9.328977e-12,0
21359,1.0,2.6440428e-15,0
21360,1.0,1.0040993e-12,0
21361,1.0,1.4415191e-12,0
21362,1.0,1.4004527e-08,0
21363,1.0,9.7293934e-20,0
21364,1.0,2.7120245e-16,0
21365,1.0,4.591322e-19,0
21366,1.0,2.1698873e-19,0
21367,1.0,2.3099782e-08,0
21368,1.0,1.0686817e-14,0
21369,1.0,4.2173006e-12,0
21370,1.0,1.41016e-17,0
21371,1.0,9.530292e-21,0
21372,1.0,8.662148e-14,0
21373,1.0,2.0605813e-15,0
21374,1.0,3.0521934e-14,0
21375,1.0,5.0985665e-08,0
21376,1.0,1.2006485e-14,0
21377,1.0,1.2610687e-09,0
21378,1.0,2.4449244e-19,0
21379,1.0,1.03218376e-16,0
21380,1.0,1.6800691e-19,0
21381,1.0,4.834029e-14,0
21382,1.0,4.8412907e-14,0
21383,1.0,3.3000482e-08,0
21384,1.0,6.2357628e-12,0
21385,1.0,1.7104593e-08,0
21386,1.0,3.7761197e-08,0
21387,1.0,4.491841e-14,0
21388,1.0,1.2173328e-09,0
21389,1.0,1.4485175e-15,0
21390,1.0,1.3446952e-19,0
21391,1.0,3.0750615e-12,0
21392,1.0,3.932843e-21,0
21393,1.0,7.6115546e-14,0
21394,1.0,3.383959e-10,0
21395,1.0,3.5692306e-08,0
21396,1.0,2.5163498e-08,0
21397,1.0,3.5944508e-17,0
21398,1.0,4.4461103e-18,0
21399,1.0,7.2177697e-10,0
21400,1.0,2.4179335e-12,0
21401,1.0,5.730581e-08,0
21402,1.0,1.3515725e-09,0
21403,1.0,3.3765505e-14,0
21404,1.0,2.5384958e-08,0
21405,0.9999999,6.545989e-08,0
21406,1.0,3.0536195e-18,0
21407,1.0,6.972899e-09,0
21408,1.0,1.0263182e-08,0
21409,1.0,9.804667e-10,0
21410,1.0,3.4033445e-14,0
21411,0.99999976,2.3510145e-07,0
21412,1.0,2.8686e-10,0
21413,1.0,3.028317e-12,0
21414,1.0,2.6932868e-12,0
21415,1.0,6.696666e-18,0
21416,1.0,2.840134e-20,0
21417,1.0,5.4130663e-12,0
21418,1.0,9.154455e-16,0
21419,1.0,8.895867e-19,0
21420,1.0,2.8912084e-18,0
21421,1.0,3.5378002e-13,0
21422,1.0,8.699192e-09,0
21423,1.0,7.265709e-11,0
21424,1.0,4.2508254e-11,0
21425,1.0,2.5146963e-14,0
21426,1.0,1.5850263e-09,0
21427,1.0,1.6373276e-14,0
21428,0.99999857,1.3869006e-06,0
21429,1.0,5.9752314e-18,0
21430,0.9999939,6.087571e-06,0
21431,1.0,4.4176895e-11,0
21432,1.0,1.5967129e-11,0
21433,1.0,2.1735828e-11,0
21434,1.0,8.476045e-10,0
21435,1.0,9.368075e-13,0
21436,1.0,9.427785e-09,0
21437,1.0,4.1234347e-16,0
21438,1.0,2.1223532e-11,0
21439,1.0,8.359183e-13,0
21440,0.99999964,4.0104314e-07,0
21441,1.0,6.484128e-09,0
21442,1.0,1.3528061e-08,0
21443,1.0,4.524702e-08,0
21444,0.9999962,3.7886257e-06,0
21445,1.0,9.6604135e-14,0
21446,1.0,4.7227313e-15,0
21447,1.0,4.497055e-13,0
21448,1.0,1.0988506e-08,0
21449,1.0,2.9954281e-09,0
21450,1.0,1.11725924e-14,0
21451,1.0,8.2251796e-16,0
21452,1.0,3.3888409e-18,0
21453,1.0,1.4332792e-10,0
21454,1.0,3.506228e-20,0
21455,1.0,1.14020175e-10,0
21456,1.0,1.6022409e-11,0
21457,1.0,8.595832e-19,0
21458,1.0,3.1634427e-15,0
21459,1.0,2.6080746e-19,0
21460,1.0,7.4345055e-19,0
21461,1.0,1.3418592e-11,0
21462,1.0,1.6825016e-17,0
21463,0.9999968,3.2575595e-06,0
21464,1.0,1.0479359e-21,0
21465,1.0,6.495534e-11,0
21466,1.0,1.0581581e-08,0
21467,1.0,3.34089e-16,0
21468,1.0,4.247168e-12,0
21469,1.0,3.9102428e-08,0
21470,0.9999988,1.1437804e-06,0
21471,1.0,1.04199466e-13,0
21472,1.0,1.7102831e-12,0
21473,1.0,2.8036695e-16,0
21474,1.0,1.453121e-09,0
21475,1.0,4.616797e-15,0
21476,1.0,5.3325636e-11,0
21477,1.0,2.857798e-10,0
21478,1.0,1.7707464e-12,0
21479,1.0,1.2576137e-18,0
21480,1.0,3.7299623e-16,0
21481,1.0,6.4751157e-21,0
21482,0.9999999,1.7467161e-07,0
21483,1.0,2.2852782e-09,0
21484,1.0,4.6080355e-11,0
21485,1.0,1.6363109e-20,0
21486,1.0,1.3030699e-11,0
21487,1.0,4.169235e-11,0
21488,1.0,1.073888e-14,0
21489,1.0,8.662409e-15,0
21490,1.0,4.899744e-09,0
21491,1.0,7.386838e-09,0
21492,1.0,1.1453645e-08,0
21493,1.0,1.7911327e-14,0
21494,1.0,4.8050572e-09,0
21495,1.0,1.3131354e-10,0
21496,1.0,2.4249368e-18,0
21497,1.0,7.563439e-13,0
21498,1.0,5.213198e-19,0
21499,1.0,4.871472e-09,0
21500,1.0,8.292345e-09,0
21501,1.0,5.863528e-18,0
21502,1.0,6.721105e-11,0
21503,1.0,2.645707e-08,0
21504,1.0,2.9082555e-17,0
21505,1.0,3.5462917e-17,0
21506,1.0,5.2622734e-10,0
21507,1.0,1.8880977e-09,0
21508,1.0,2.5297087e-08,0
21509,1.0,8.873498e-19,0
21510,1.0,1.279025e-14,0
21511,1.0,5.942456e-17,0
21512,1.0,2.1240505e-18,0
21513,1.0,3.757042e-10,0
21514,1.0,1.3766736e-18,0
21515,1.0,2.5439412e-10,0
21516,1.0,3.2151633e-13,0
21517,1.0,2.1383358e-17,0
21518,1.0,8.149202e-14,0
21519,1.0,3.9469646e-13,0
21520,1.0,4.9949123e-18,0
21521,1.0,2.8550115e-08,0
21522,1.0,1.8364921e-14,0
21523,1.0,1.4584659e-13,0
21524,1.0,2.1585444e-11,0
21525,1.0,1.3573296e-11,0
21526,1.0,3.899827e-21,0
21527,1.0,2.092163e-09,0
21528,1.0,3.827442e-09,0
21529,1.0,8.5493654e-11,0
21530,1.0,1.6324028e-19,0
21531,1.0,2.8120242e-16,0
21532,1.0,9.8395475e-18,0
21533,1.0,5.575909e-17,0
21534,0.99999666,3.281878e-06,0
21535,1.0,4.941886e-09,0
21536,1.0,1.5221923e-21,0
21537,1.0,1.42164955e-08,0
21538,1.0,9.716966e-13,0
21539,1.0,1.0023727e-13,0
21540,0.9999989,1.0595536e-06,0
21541,1.0,1.4412357e-16,0
21542,1.0,1.824017e-20,0
21543,1.0,4.5220392e-18,0
21544,1.0,1.2745338e-15,0
21545,1.0,2.0948674e-08,0
21546,1.0,5.6142215e-09,0
21547,1.0,4.6814277e-09,0
21548,1.0,4.5182754e-20,0
21549,1.0,7.9781654e-10,0
21550,1.0,6.2807e-17,0
21551,1.0,7.675581e-15,0
21552,1.0,1.2267797e-09,0
21553,1.0,8.455116e-18,0
21554,0.9999999,1.1831074e-07,0
21555,1.0,2.5477502e-16,0
21556,1.0,4.306203e-22,0
21557,1.0,2.2425226e-16,0
21558,1.0,5.8246485e-18,0
21559,1.0,8.1450164e-19,0
21560,1.0,4.880657e-18,0
21561,1.0,5.4133694e-18,0
21562,1.0,2.7611035e-08,0
21563,1.0,1.3979486e-09,0
21564,1.0,9.541222e-10,0
21565,1.0,1.0886122e-15,0
21566,1.0,2.3201984e-21,0
21567,1.0,8.992128e-16,0
21568,1.0,2.695934e-08,0
21569,1.0,1.6066032e-13,0
21570,1.0,6.2336426e-13,0
21571,1.0,3.2856636e-13,0
21572,0.9999999,1.3373953e-07,0
21573,0.99999845,1.5683316e-06,0
21574,1.0,1.0100205e-17,0
21575,1.0,2.1543364e-15,0
21576,1.0,3.5658166e-22,0
21577,1.0,2.765215e-19,0
21578,1.0,3.462731e-08,0
21579,1.0,2.544283e-16,0
21580,0.9999968,3.1663023e-06,0
21581,1.0,1.8073759e-17,0
21582,1.0,1.372197e-09,0
21583,1.0,3.5477268e-09,0
21584,1.0,3.0128486e-08,0
21585,1.0,1.0051604e-09,0
21586,1.0,4.3376744e-08,0
21587,1.0,1.6679005e-16,0
21588,1.0,4.052191e-15,0
21589,1.0,4.5938782e-12,0
21590,1.0,9.951214e-16,0
21591,1.0,1.316958e-10,0
21592,1.0,1.3256701e-14,0
21593,1.0,1.9798878e-12,0
21594,1.0,3.9325912e-12,0
21595,1.0,9.65491e-17,0
21596,1.0,6.0339934e-15,0
21597,1.0,1.0032798e-12,0
21598,1.0,7.247186e-16,0
21599,1.0,1.5686402e-18,0
21600,1.0,3.7244866e-17,0
21601,1.0,3.3862073e-09,0
21602,1.0,1.1503287e-10,0
21603,1.0,2.3518299e-16,0
21604,1.0,2.13398e-21,0
21605,1.0,1.4964086e-16,0
21606,1.0,6.922554e-21,0
21607,1.0,2.9641802e-09,0
21608,0.99999976,2.2759146e-07,0
21609,1.0,3.6025224e-17,0
21610,1.0,4.5401294e-21,0
21611,1.0,8.786813e-15,0
21612,1.0,3.5079034e-18,0
21613,1.0,5.7698984e-16,0
21614,1.0,9.984748e-17,0
21615,1.0,5.0001127e-12,0
21616,1.0,1.0764619e-10,0
21617,1.0,7.970424e-21,0
21618,1.0,4.745226e-10,0
21619,1.0,4.258294e-21,0
21620,1.0,1.1957949e-13,0
21621,1.0,4.9059e-08,0
21622,1.0,1.294578e-18,0
21623,1.0,1.6788033e-16,0
21624,1.0,1.6453529e-12,0
21625,1.0,2.4481702e-13,0
21626,1.0,5.924166e-10,0
21627,1.0,1.2231516e-16,0
21628,1.0,4.468425e-15,0
21629,1.0,8.2258633e-10,0
21630,1.0,2.542718e-18,0
21631,1.0,6.2095427e-09,0
21632,1.0,4.0864027e-08,0
21633,1.0,1.571186e-17,0
21634,1.0,4.6991485e-17,0
21635,1.0,1.8898568e-08,0
21636,1.0,6.876981e-17,0
21637,1.0,3.2688063e-16,0
21638,1.0,7.868844e-09,0
21639,1.0,1.2010053e-15,0
21640,1.0,2.0650063e-20,0
21641,0.9999999,9.998133e-08,0
21642,1.0,7.5290495e-14,0
21643,0.9999999,1.2453098e-07,0
21644,1.0,9.537244e-20,0
21645,1.0,7.751201e-15,0
21646,1.0,4.2634923e-11,0
21647,1.0,2.6086538e-10,0
21648,1.0,2.1093865e-11,0
21649,1.0,2.5789296e-11,0
21650,1.0,2.9521756e-15,0
21651,1.0,3.5400592e-18,0
21652,1.0,1.6721178e-16,0
21653,1.0,2.0453136e-08,0
21654,1.0,1.769552e-11,0
21655,1.0,1.3522492e-15,0
21656,1.0,1.04508655e-19,0
21657,1.0,9.098912e-11,0
21658,1.0,1.6194098e-18,0
21659,1.0,1.16845205e-11,0
21660,1.0,1.2757512e-13,0
21661,1.0,1.8893342e-08,0
21662,1.0,7.413235e-12,0
21663,1.0,1.4113149e-20,0
21664,1.0,3.5775794e-12,0
21665,1.0,2.840462e-18,0
21666,1.0,3.763484e-13,0
21667,1.0,5.1035714e-14,0
21668,1.0,1.1901549e-08,0
21669,1.0,2.3891087e-11,0
21670,1.0,1.8505605e-14,0
21671,1.0,3.814069e-09,0
21672,1.0,5.1219806e-11,0
21673,1.0,3.262108e-14,0
21674,1.0,8.371478e-11,0
21675,0.9999999,9.102084e-08,0
21676,1.0,2.293249e-11,0
21677,1.0,1.9760542e-09,0
21678,1.0,1.897668e-21,0
21679,1.0,1.7202259e-19,0
21680,1.0,1.5163096e-10,0
21681,1.0,5.5768192e-11,0
21682,1.0,8.9687275e-13,0
21683,1.0,4.5578108e-14,0
21684,1.0,4.5313957e-08,0
21685,1.0,5.833186e-11,0
21686,1.0,6.3363814e-11,0
21687,1.0,4.093916e-19,0
21688,1.0,1.0298007e-08,0
21689,1.0,1.2971568e-13,0
21690,1.0,1.985122e-15,0
21691,1.0,7.665566e-17,0
21692,1.0,2.0335844e-09,0
21693,1.0,4.9427435e-09,0
21694,1.0,6.5531348e-12,0
21695,1.0,4.3896467e-10,0
21696,1.0,1.4439749e-18,0
21697,1.0,1.6134525e-19,0
21698,1.0,1.95514e-11,0
21699,1.0,5.4611745e-12,0
21700,1.0,3.135021e-14,0
21701,1.0,6.586817e-16,0
21702,1.0,8.021738e-19,0
21703,1.0,1.5374444e-09,0
21704,1.0,8.8308915e-17,0
21705,1.0,2.3425636e-15,0
21706,1.0,2.429561e-15,0
21707,1.0,5.1347805e-20,0
21708,1.0,1.7117458e-11,0
21709,1.0,4.9132344e-11,0
21710,1.0,7.374507e-20,0
21711,1.0,9.169184e-20,0
21712,1.0,3.202097e-17,0
21713,1.0,3.2943157e-10,0
21714,1.0,5.0001418e-23,0
21715,1.0,7.017662e-13,0
21716,1.0,4.003995e-08,0
21717,1.0,1.6608206e-13,0
21718,1.0,2.2769191e-10,0
21719,1.0,2.7785694e-08,0
21720,1.0,2.2028201e-21,0
21721,1.0,2.095841e-17,0
21722,0.9999994,5.725249e-07,0
21723,1.0,3.0940465e-20,0
21724,1.0,3.4232386e-15,0
21725,1.0,1.6177259e-16,0
21726,1.0,4.5157653e-10,0
21727,1.0,3.3774812e-12,0
21728,1.0,1.6441407e-10,0
21729,1.0,3.0472862e-20,0
21730,1.0,1.0832047e-18,0
21731,1.0,5.649538e-10,0
21732,0.9999999,6.50375e-08,0
21733,1.0,2.7339786e-12,0
21734,1.0,1.3285162e-20,0
21735,1.0,4.4335374e-13,0
21736,1.0,2.1490307e-18,0
21737,1.0,2.0207066e-19,0
21738,1.0,2.5067313e-15,0
21739,1.0,5.42966e-13,0
21740,1.0,2.1450754e-10,0
21741,1.0,1.8599598e-17,0
21742,1.0,2.0746111e-09,0
21743,1.0,6.430564e-09,0
21744,1.0,8.608562e-12,0
21745,1.0,2.0837009e-16,0
21746,0.9999994,6.246548e-07,0
21747,1.0,2.879937e-10,0
21748,1.0,1.6545495e-22,0
21749,1.0,1.6981538e-10,0
21750,1.0,4.643405e-08,0
21751,1.0,1.0135976e-11,0
21752,1.0,1.3365809e-16,0
21753,1.0,3.891407e-18,0
21754,1.0,1.1356216e-11,0
21755,1.0,2.7323994e-08,0
21756,1.0,1.5141095e-11,0
21757,1.0,1.3580905e-08,0
21758,1.0,5.9776516e-13,0
21759,1.0,2.4189462e-10,0
21760,0.99999976,1.9137471e-07,0
21761,1.0,6.4524025e-11,0
21762,1.0,4.3955212e-13,0
21763,1.0,1.320203e-09,0
21764,1.0,6.04952e-10,0
21765,1.0,1.9820257e-09,0
21766,1.0,1.2734931e-16,0
21767,1.0,8.906031e-09,0
21768,1.0,4.5649495e-12,0
21769,1.0,5.9959318e-21,0
21770,1.0,6.240933e-10,0
21771,1.0,1.7249452e-10,0
21772,1.0,3.207065e-14,0
21773,1.0,4.7667176e-13,0
21774,1.0,1.1959859e-14,0
21775,1.0,1.34202805e-11,0
21776,1.0,1.5586744e-16,0
21777,0.99999654,3.4409366e-06,0
21778,1.0,5.654757e-17,0
21779,1.0,1.0168798e-15,0
21780,1.0,2.097732e-14,0
21781,1.0,3.6213932e-09,0
21782,1.0,8.952393e-12,0
21783,1.0,3.5999554e-16,0
21784,1.0,3.023384e-11,0
21785,1.0,1.3381259e-10,0
21786,1.0,4.1872443e-08,0
21787,1.0,9.5417076e-15,0
21788,1.0,2.8243688e-10,0
21789,1.0,4.182367e-08,0
21790,1.0,4.8444332e-17,0
21791,1.0,3.580802e-08,0
21792,1.0,3.6366567e-12,0
21793,1.0,2.2195993e-12,0
21794,1.0,2.4304187e-11,0
21795,1.0,5.343242e-19,0
21796,1.0,3.0962535e-13,0
21797,1.0,8.0816316e-19,0
21798,1.0,1.0370508e-11,0
21799,1.0,7.205584e-17,0
21800,1.0,8.3382364e-11,0
21801,1.0,5.1331556e-20,0
21802,1.0,3.655128e-15,0
21803,1.0,5.3174018e-14,0
21804,1.0,4.619497e-13,0
21805,1.0,5.2672516e-11,0
21806,1.0,9.543904e-20,0
21807,1.0,1.206051e-11,0
21808,1.0,3.7381604e-12,0
21809,1.0,5.6312045e-18,0
21810,1.0,1.5815635e-19,0
21811,1.0,1.5488717e-15,0
21812,1.0,1.0029261e-08,0
21813,1.0,3.3392024e-12,0
21814,1.0,5.823267e-12,0
21815,1.0,1.6303106e-13,0
21816,1.0,8.1577514e-15,0
21817,1.0,2.245122e-11,0
21818,0.9999999,1.2255062e-07,0
21819,1.0,7.511906e-11,0
21820,1.0,1.1379665e-13,0
21821,1.0,5.6333828e-15,0
21822,1.0,2.2925982e-14,0
21823,1.0,2.6076417e-08,0
21824,1.0,1.3535582e-10,0
21825,1.0,2.9794407e-08,0
21826,1.0,1.8652978e-15,0
21827,1.0,5.147805e-12,0
21828,1.0,1.1068129e-18,0
21829,1.0,1.4926744e-16,0
21830,1.0,2.1728927e-13,0
21831,1.0,1.6821675e-10,0
21832,1.0,2.246538e-16,0
21833,1.0,8.8012295e-17,0
21834,1.0,8.20336e-11,0
21835,1.0,8.3475615e-11,0
21836,1.0,4.6791077e-20,0
21837,1.0,6.314029e-14,0
21838,1.0,1.1085246e-10,0
21839,1.0,7.4854266e-16,0
21840,1.0,2.1812233e-12,0
21841,1.0,2.1865834e-09,0
21842,1.0,3.581777e-09,0
21843,1.0,7.7072786e-20,0
21844,1.0,5.7327756e-09,0
21845,1.0,1.4345786e-21,0
21846,1.0,5.850953e-09,0
21847,1.0,2.5580647e-15,0
21848,1.0,1.5262569e-13,0
21849,1.0,3.588098e-15,0
21850,1.0,1.3771098e-10,0
21851,1.0,9.725397e-14,0
21852,1.0,4.3484487e-13,0
21853,1.0,2.3425786e-10,0
21854,1.0,7.7106385e-18,0
21855,1.0,6.14605e-18,0
21856,1.0,8.481683e-15,0
21857,1.0,2.7569147e-08,0
21858,1.0,1.5268299e-10,0
21859,1.0,1.0658896e-20,0
21860,1.0,6.768275e-12,0
21861,1.0,1.5143575e-19,0
21862,1.0,4.6674393e-09,0
21863,1.0,4.4116874e-14,0
21864,1.0,1.053031e-10,0
21865,1.0,1.5488464e-17,0
21866,1.0,2.6661779e-19,0
21867,1.0,3.5214222e-16,0
21868,1.0,1.3943297e-13,0
21869,1.0,2.6651132e-17,0
21870,1.0,8.5190814e-20,0
21871,1.0,6.5045564e-12,0
21872,1.0,5.5287847e-16,0
21873,1.0,1.12675724e-13,0
21874,1.0,1.0541422e-10,0
21875,1.0,1.452336e-14,0
21876,1.0,2.0734386e-18,0
21877,1.0,2.5762525e-13,0
21878,0.99999833,1.6481916e-06,0
21879,1.0,9.551229e-19,0
21880,1.0,3.8461137e-11,0
21881,1.0,5.8236393e-10,0
21882,1.0,6.6071486e-13,0
21883,1.0,2.6066631e-11,0
21884,1.0,9.22185e-17,0
21885,1.0,1.0081674e-20,0
21886,1.0,2.7779504e-11,0
21887,1.0,4.8872534e-10,0
21888,1.0,1.6313959e-17,0
21889,1.0,1.6517643e-12,0
21890,1.0,8.202961e-09,0
21891,1.0,1.0425442e-15,0
21892,1.0,9.292762e-09,0
21893,1.0,2.1710818e-17,0
21894,1.0,4.1242703e-15,0
21895,1.0,5.684822e-09,0
21896,1.0,2.5061155e-18,0
21897,1.0,9.1407074e-23,0
21898,1.0,2.9662916e-19,0
21899,1.0,1.2132947e-09,0
21900,1.0,1.133254e-08,0
21901,1.0,2.165175e-11,0
21902,1.0,7.8263795e-09,0
21903,1.0,3.161269e-09,0
21904,1.0,1.7648804e-11,0
21905,0.9999993,7.08856e-07,0
21906,1.0,3.1991693e-08,0
21907,1.0,1.5433196e-14,0
21908,1.0,2.7256424e-16,0
21909,1.0,8.081818e-11,0
21910,1.0,1.2112557e-16,0
21911,1.0,5.2173455e-08,0
21912,1.0,5.2391656e-15,0
21913,1.0,1.2758015e-18,0
21914,1.0,8.6552454e-10,0
21915,1.0,2.9424057e-15,0
21916,1.0,4.0893626e-17,0
21917,1.0,2.0536946e-08,0
21918,1.0,1.7691102e-11,0
21919,1.0,2.2224314e-10,0
21920,1.0,1.5961427e-12,0
21921,1.0,1.0141663e-11,0
21922,1.0,2.9164954e-12,0
21923,1.0,1.0080369e-12,0
21924,1.0,3.5983552e-20,0
21925,1.0,4.6152757e-18,0
21926,1.0,9.777994e-11,0
21927,1.0,2.1597427e-11,0
21928,1.0,3.371685e-14,0
21929,1.0,2.2848527e-15,0
21930,1.0,3.1812554e-08,0
21931,1.0,1.8484124e-10,0
21932,1.0,1.0299586e-14,0
21933,1.0,1.2190153e-16,0
21934,1.0,2.20617e-11,0
21935,1.0,4.3091511e-19,0
21936,1.0,6.2548333e-16,0
21937,1.0,4.458478e-09,0
21938,1.0,5.5986617e-13,0
21939,1.0,1.5820367e-16,0
21940,1.0,2.4471875e-15,0
21941,1.0,2.3563491e-14,0
21942,1.0,2.426225e-09,0
21943,1.0,2.2215074e-10,0
21944,1.0,1.7189107e-15,0
21945,1.0,6.87965e-19,0
21946,1.0,7.149384e-14,0
21947,1.0,1.1822074e-11,0
21948,1.0,4.279686e-09,0
21949,1.0,1.5845113e-18,0
21950,1.0,9.173252e-18,0
21951,1.0,2.1308294e-12,0
21952,1.0,3.3622268e-17,0
21953,1.0,2.983938e-20,0
21954,1.0,3.37016e-11,0
21955,1.0,9.1838654e-17,0
21956,1.0,4.0127418e-19,0
21957,1.0,1.8857869e-13,0
21958,1.0,3.691096e-15,0
21959,1.0,8.994102e-12,0
21960,1.0,4.8230723e-13,0
21961,1.0,7.258835e-12,0
21962,1.0,1.2567898e-09,0
21963,1.0,1.7227034e-17,0
21964,1.0,7.632068e-10,0
21965,1.0,4.2772062e-16,0
21966,1.0,4.28967e-10,0
21967,1.0,2.6652832e-19,0
21968,1.0,2.1353231e-14,0
21969,1.0,1.2026288e-10,0
21970,1.0,2.9105869e-09,0
21971,1.0,1.0176535e-12,0
21972,1.0,8.7717983e-10,0
21973,1.0,9.318816e-17,0
21974,1.0,4.1557733e-17,0
21975,1.0,7.944492e-12,0
21976,1.0,1.0081774e-08,0
21977,1.0,6.577965e-20,0
21978,1.0,3.375898e-19,0
21979,1.0,1.8369086e-18,0
21980,0.9999999,7.088237e-08,0
21981,1.0,2.2716646e-11,0
21982,1.0,1.8142827e-18,0
21983,1.0,3.8137844e-17,0
21984,1.0,9.414355e-14,0
21985,1.0,4.8952233e-09,0
21986,1.0,3.931595e-15,0
21987,1.0,3.126458e-14,0
21988,1.0,6.7691234e-17,0
21989,1.0,1.6243371e-15,0
21990,1.0,2.620289e-09,0
21991,1.0,3.4878575e-13,0
21992,1.0,1.7810771e-09,0
21993,1.0,1.3752249e-18,0
21994,0.9999999,7.457013e-08,0
21995,1.0,2.137087e-18,0
21996,1.0,2.8420285e-14,0
21997,1.0,5.6003122e-11,0
21998,1.0,3.6394938e-09,0
21999,1.0,1.1801923e-20,0
22000,1.0,3.8105582e-16,0
22001,1.0,2.5690722e-18,0
22002,1.0,1.8630108e-12,0
22003,1.0,5.6248055e-11,0
22004,1.0,2.6209212e-11,0
22005,1.0,3.408201e-08,0
22006,1.0,2.2014224e-09,0
22007,1.0,7.110182e-17,0
22008,1.0,1.4917101e-19,0
22009,1.0,1.6268038e-09,0
22010,1.0,1.9090309e-10,0
22011,1.0,3.8747274e-18,0
22012,1.0,2.1805272e-17,0
22013,1.0,3.8907694e-10,0
22014,1.0,6.5412903e-10,0
22015,1.0,4.8070427e-18,0
22016,1.0,3.9686303e-09,0
22017,1.0,4.2313502e-13,0
22018,1.0,3.5184633e-11,0
22019,1.0,1.5083392e-18,0
22020,1.0,1.4310775e-10,0
22021,1.0,1.1701575e-16,0
22022,1.0,6.168169e-20,0
22023,1.0,1.2999739e-08,0
22024,1.0,1.6371185e-10,0
22025,1.0,1.117181e-09,0
22026,1.0,3.8956557e-10,0
22027,1.0,7.010165e-22,0
22028,1.0,1.6230959e-18,0
22029,1.0,3.424009e-15,0
22030,1.0,2.1445908e-08,0
22031,1.0,3.625365e-10,0
22032,1.0,1.54228e-15,0
22033,1.0,1.1210321e-12,0
22034,1.0,2.1458184e-19,0
22035,1.0,4.1158445e-16,0
22036,1.0,5.509686e-17,0
22037,1.0,1.7374481e-12,0
22038,1.0,2.13248e-16,0
22039,1.0,7.362503e-13,0
22040,1.0,2.778319e-09,0
22041,1.0,5.2257414e-19,0
22042,1.0,1.5332442e-10,0
22043,1.0,1.88687e-20,0
22044,1.0,1.4975399e-08,0
22045,1.0,1.0189295e-16,0
22046,1.0,5.404544e-16,0
22047,1.0,1.6502185e-08,0
22048,1.0,6.256513e-13,0
22049,1.0,1.7104227e-09,0
22050,1.0,1.3522557e-13,0
22051,1.0,4.4948646e-11,0
22052,1.0,7.9295646e-16,0
22053,1.0,1.4395815e-09,0
22054,1.0,2.438334e-16,0
22055,1.0,3.3254617e-19,0
22056,1.0,1.3006927e-16,0
22057,1.0,9.011232e-21,0
22058,1.0,7.683133e-09,0
22059,1.0,1.1032726e-17,0
22060,1.0,4.7154866e-18,0
22061,1.0,1.5089082e-19,0
22062,1.0,1.45411e-14,0
22063,1.0,3.361655e-10,0
22064,1.0,2.59547e-19,0
22065,1.0,9.138316e-20,0
22066,1.0,8.99963e-19,0
22067,1.0,5.945021e-16,0
22068,1.0,4.6775277e-09,0
22069,1.0,4.439497e-12,0
22070,1.0,1.5051684e-23,0
22071,1.0,2.4896514e-17,0
22072,1.0,1.0942562e-18,0
22073,1.0,3.7071278e-14,0
22074,1.0,2.7455677e-13,0
22075,1.0,4.3766054e-21,0
22076,1.0,1.4060477e-14,0
22077,1.0,1.507356e-10,0
22078,0.9999999,1.6204646e-07,0
22079,1.0,6.041906e-11,0
22080,1.0,3.178104e-14,0
22081,1.0,6.4129835e-10,0
22082,1.0,6.1172584e-10,0
22083,1.0,1.7216953e-20,0
22084,1.0,6.7317844e-17,0
22085,1.0,6.709348e-11,0
22086,1.0,1.0628425e-16,0
22087,1.0,3.6859446e-16,0
22088,1.0,1.473151e-11,0
22089,1.0,2.851456e-13,0
22090,1.0,2.2100751e-14,0
22091,1.0,2.322e-10,0
22092,1.0,1.4112487e-11,0
22093,1.0,1.4273365e-19,0
22094,1.0,1.3152356e-18,0
22095,1.0,1.0367834e-08,0
22096,1.0,1.2018395e-11,0
22097,1.0,3.980238e-12,0
22098,1.0,8.548063e-18,0
22099,1.0,2.003951e-17,0
22100,1.0,3.3090863e-12,0
22101,1.0,1.2911368e-16,0
22102,1.0,7.9215643e-13,0
22103,0.99999785,2.1769358e-06,0
22104,1.0,8.012033e-14,0
22105,0.99999964,3.2747423e-07,0
22106,1.0,8.210371e-19,0
22107,1.0,1.1913664e-10,0
22108,1.0,1.0663334e-19,0
22109,1.0,1.4634622e-17,0
22110,0.99999976,2.2967417e-07,0
22111,1.0,4.804572e-09,0
22112,1.0,2.1948362e-20,0
22113,1.0,7.921252e-23,0
22114,1.0,7.3020855e-21,0
22115,1.0,1.6538356e-08,0
22116,1.0,1.3421559e-15,0
22117,1.0,2.87868e-21,0
22118,1.0,6.291278e-16,0
22119,1.0,2.5992265e-18,0
22120,1.0,1.02558136e-10,0
22121,1.0,6.6472174e-17,0
22122,1.0,8.0922144e-11,0
22123,1.0,6.335762e-12,0
22124,1.0,3.6299335e-09,0
22125,1.0,5.3929653e-14,0
22126,1.0,1.2835451e-08,0
22127,1.0,5.2897835e-11,0
22128,1.0,4.365138e-19,0
22129,1.0,7.063266e-09,0
22130,1.0,8.735463e-11,0
22131,1.0,1.0017978e-16,0
22132,0.99999976,2.1553352e-07,0
22133,1.0,3.7989694e-12,0
22134,1.0,2.8033633e-13,0
22135,1.0,8.4999e-12,0
22136,1.0,1.1031012e-15,0
22137,1.0,2.7286433e-20,0
22138,1.0,5.822106e-14,0
22139,1.0,3.3371634e-13,0
22140,1.0,9.636287e-10,0
22141,1.0,7.050631e-23,0
22142,1.0,1.5534298e-20,0
22143,1.0,3.8549926e-15,0
22144,1.0,7.8653065e-12,0
22145,1.0,3.461435e-09,0
22146,1.0,5.0751277e-22,0
22147,1.0,1.7652351e-21,0
22148,1.0,6.7823324e-13,0
22149,1.0,2.2953774e-17,0
22150,1.0,4.176974e-10,0
22151,1.0,3.0754076e-12,0
22152,1.0,2.7843297e-20,0
22153,1.0,2.6193301e-20,0
22154,1.0,1.8028532e-08,0
22155,1.0,2.9571084e-10,0
22156,1.0,6.46791e-20,0
22157,1.0,1.0856168e-10,0
22158,1.0,4.194256e-11,0
22159,1.0,9.851832e-10,0
22160,1.0,2.5275378e-16,0
22161,1.0,1.943153e-12,0
22162,0.99997926,2.0693715e-05,0
22163,1.0,8.263216e-20,0
22164,1.0,2.5565103e-10,0
22165,0.9999999,6.995228e-08,0
22166,1.0,3.2173318e-15,0
22167,1.0,4.286428e-08,0
22168,1.0,5.0805763e-20,0
22169,1.0,1.937071e-18,0
22170,1.0,4.1844454e-14,0
22171,1.0,2.952079e-12,0
22172,1.0,2.7277844e-09,0
22173,1.0,1.0293214e-12,0
22174,1.0,5.5026805e-21,0
22175,1.0,5.2134645e-16,0
22176,1.0,1.4559141e-21,0
22177,1.0,8.746903e-18,0
22178,1.0,3.603721e-08,0
22179,1.0,1.6441688e-10,0
22180,1.0,1.1928863e-16,0
22181,1.0,5.777e-09,0
22182,1.0,3.927852e-09,0
22183,1.0,4.7901445e-19,0
22184,1.0,4.6255416e-11,0
22185,1.0,2.0240944e-18,0
22186,1.0,1.8078846e-11,0
22187,1.0,2.237862e-19,0
22188,1.0,3.5606817e-09,0
22189,1.0,2.8658437e-10,0
22190,1.0,2.8729998e-08,0
22191,1.0,1.927472e-20,0
22192,1.0,2.234137e-09,0
22193,1.0,1.3192374e-15,0
22194,1.0,3.503536e-15,0
22195,1.0,4.8193445e-18,0
22196,1.0,2.1049129e-15,0
22197,1.0,6.76552e-14,0
22198,1.0,1.525002e-10,0
22199,1.0,1.2239137e-10,0
22200,1.0,2.3832066e-14,0
22201,1.0,7.992409e-13,0
22202,1.0,5.6985254e-08,0
22203,1.0,5.688366e-10,0
22204,1.0,3.141122e-09,0
22205,1.0,4.4605374e-16,0
22206,1.0,4.965319e-16,0
22207,1.0,1.9390574e-13,0
22208,1.0,1.5468916e-10,0
22209,1.0,3.4521656e-16,0
22210,1.0,1.099129e-20,0
22211,1.0,1.6912342e-09,0
22212,1.0,1.3079111e-10,0
22213,1.0,1.0737384e-18,0
22214,1.0,1.3106579e-18,0
22215,1.0,5.339185e-20,0
22216,1.0,1.3238084e-17,0
22217,1.0,5.7589766e-10,0
22218,1.0,4.9533777e-10,0
22219,1.0,2.628746e-15,0
22220,1.0,4.5142237e-10,0
22221,1.0,3.0880289e-15,0
22222,1.0,2.173658e-18,0
22223,1.0,2.169107e-21,0
22224,1.0,1.8462716e-12,0
22225,1.0,4.1169143e-15,0
22226,1.0,3.2348614e-12,0
22227,1.0,3.153947e-08,0
22228,1.0,4.5413857e-17,0
22229,1.0,6.84802e-19,0
22230,1.0,1.3321192e-20,0
22231,1.0,7.831747e-15,0
22232,1.0,2.9006267e-10,0
22233,1.0,4.1182877e-19,0
22234,1.0,4.532844e-21,0
22235,1.0,1.6774755e-19,0
22236,1.0,4.5442036e-20,0
22237,1.0,1.5240607e-09,0
22238,0.9999999,7.99804e-08,0
22239,1.0,1.4787252e-18,0
22240,1.0,3.566775e-11,0
22241,1.0,5.458539e-16,0
22242,1.0,3.2609424e-19,0
22243,1.0,5.3913983e-19,0
22244,1.0,3.1663106e-11,0
22245,1.0,1.0012251e-08,0
22246,1.0,5.911752e-17,0
22247,1.0,1.0421622e-08,0
22248,1.0,2.7499378e-10,0
22249,1.0,1.30378095e-11,0
22250,1.0,3.1101234e-08,0
22251,1.0,2.1013043e-10,0
22252,1.0,1.2035858e-10,0
22253,1.0,3.0502064e-12,0
22254,1.0,6.8172173e-10,0
22255,1.0,2.07223e-13,0
22256,1.0,6.76571e-11,0
22257,1.0,8.5126885e-11,0
22258,1.0,6.079664e-10,0
22259,1.0,2.565607e-09,0
22260,1.0,3.7289011e-13,0
22261,1.0,1.2092886e-09,0
22262,1.0,3.8717662e-10,0
22263,1.0,2.545384e-09,0
22264,1.0,9.736861e-19,0
22265,1.0,1.7709933e-08,0
22266,1.0,4.91189e-09,0
22267,1.0,2.0445168e-09,0
22268,1.0,5.9158106e-10,0
22269,1.0,1.6399258e-09,0
22270,1.0,2.900689e-09,0
22271,1.0,1.1112819e-08,0
22272,1.0,1.9639337e-08,0
22273,1.0,3.8971718e-10,0
22274,1.0,8.101582e-09,0
22275,1.0,1.3961553e-09,0
22276,1.0,2.746596e-12,0
22277,1.0,1.3831341e-08,0
22278,1.0,4.9016863e-10,0
22279,1.0,1.5904889e-10,0
22280,1.0,1.1082364e-11,0
22281,1.0,2.6552687e-14,0
22282,1.0,4.1405473e-11,0
22283,1.0,1.1303068e-09,0
22284,1.0,1.1297966e-08,0
22285,1.0,8.674827e-11,0
22286,1.0,1.8179914e-08,0
22287,1.0,9.104419e-10,0
22288,1.0,4.597893e-12,0
22289,0.99999976,2.9152233e-07,0
22290,1.0,4.819865e-12,0
22291,1.0,6.136195e-12,0
22292,1.0,9.59058e-13,0
22293,1.0,9.773864e-09,0
22294,1.0,2.4349009e-11,0
22295,1.0,3.256956e-09,0
22296,1.0,7.740705e-09,0
22297,1.0,1.5120553e-14,0
22298,1.0,8.262434e-11,0
22299,1.0,1.09344235e-11,0
22300,1.0,2.1686311e-10,0
22301,1.0,1.8128789e-10,0
22302,1.0,2.7594927e-08,0
22303,1.0,8.1894695e-09,0
22304,1.0,7.5804415e-12,0
22305,1.0,1.2100717e-11,0
22306,1.0,4.7912604e-11,0
22307,0.9999999,8.058802e-08,0
22308,1.0,1.4559376e-08,0
22309,1.0,1.9999984e-10,0
22310,1.0,1.602276e-13,0
22311,1.0,1.7071193e-11,0
22312,1.0,1.2665506e-16,0
22313,1.0,1.3954904e-12,0
22314,1.0,2.5605704e-10,0
22315,1.0,3.9775436e-12,0
22316,1.0,1.6416063e-09,0
22317,0.99999607,3.9863125e-06,0
22318,1.0,4.02463e-08,0
22319,1.0,4.790294e-10,0
22320,1.0,1.3814401e-10,0
22321,1.0,6.920409e-15,0
22322,1.0,2.031833e-08,0
22323,1.0,2.967815e-11,0
22324,0.99999964,3.428662e-07,0
22325,1.0,3.4289368e-15,0
22326,1.0,2.3861964e-09,0
22327,1.0,2.5251086e-09,0
22328,1.0,8.3805557e-10,0
22329,1.0,2.1250084e-09,0
22330,1.0,4.9388063e-12,0
22331,1.0,9.201382e-13,0
22332,1.0,3.1149647e-10,0
22333,1.0,1.9069837e-08,0
22334,1.0,7.595085e-09,0
22335,1.0,2.803385e-13,0
22336,1.0,9.9521516e-11,0
22337,1.0,1.753076e-09,0
22338,1.0,4.7064644e-11,0
22339,1.0,6.975639e-13,0
22340,1.0,1.4940591e-08,0
22341,0.99999905,9.884569e-07,0
22342,1.0,8.8591504e-13,0
22343,0.9999976,2.3633274e-06,0
22344,1.0,2.356212e-16,0
22345,1.0,1.6665112e-08,0
22346,1.0,2.3467198e-10,0
22347,1.0,6.972683e-10,0
22348,1.0,1.0976267e-09,0
22349,1.0,1.1761702e-12,0
22350,1.0,8.846554e-13,0
22351,1.0,7.806625e-13,0
22352,1.0,7.945845e-11,0
22353,1.0,1.556949e-11,0
22354,1.0,5.8557785e-12,0
22355,1.0,2.6053633e-09,0
22356,1.0,1.12607085e-11,0
22357,1.0,2.6558705e-11,0
22358,1.0,3.0998984e-10,0
22359,1.0,3.798091e-09,0
22360,1.0,1.3156468e-11,0
22361,1.0,9.01967e-11,0
22362,1.0,7.0964146e-10,0
22363,1.0,4.159055e-10,0
22364,0.99999976,1.8212822e-07,0
22365,0.9999999,1.2910368e-07,0
22366,1.0,1.9734026e-09,0
22367,1.0,4.828413e-12,0
22368,1.0,9.139234e-10,0
22369,1.0,3.435885e-10,0
22370,1.0,8.595903e-14,0
22371,1.0,3.1016664e-10,0
22372,1.0,9.65603e-10,0
22373,1.0,5.3695257e-09,0
22374,1.0,6.7962594e-11,0
22375,1.0,1.0712737e-10,0
22376,1.0,2.8804373e-10,0
22377,1.0,7.1182366e-11,0
22378,1.0,3.8641122e-08,0
22379,1.0,6.2896683e-09,0
22380,1.0,7.5638145e-09,0
22381,1.0,2.4990639e-08,0
22382,1.0,4.710376e-09,0
22383,1.0,1.4446371e-09,0
22384,1.0,1.23242305e-08,0
22385,1.0,4.3727413e-10,0
22386,1.0,2.1609122e-08,0
22387,1.0,4.7097725e-17,0
22388,1.0,2.0267296e-10,0
22389,1.0,3.2704875e-10,0
22390,1.0,3.827049e-16,0
22391,1.0,3.0832124e-09,0
22392,1.0,4.1904358e-10,0
22393,1.0,2.7999667e-08,0
22394,1.0,6.559243e-10,0
22395,1.0,2.841846e-09,0
22396,1.0,2.353678e-09,0
22397,1.0,7.741701e-11,0
22398,0.9999999,9.85481e-08,0
22399,1.0,2.7078034e-11,0
22400,1.0,6.3993966e-10,0
22401,1.0,2.931548e-12,0
22402,1.0,1.361648e-17,0
22403,1.0,1.03206485e-10,0
22404,1.0,3.79251e-09,0
22405,1.0,9.639344e-09,0
22406,1.0,1.611761e-11,0
22407,1.0,2.5055535e-09,0
22408,1.0,9.1493484e-14,0
22409,1.0,2.5639948e-11,0
22410,1.0,8.180571e-09,0
22411,1.0,5.0414083e-11,0
22412,1.0,3.8730166e-09,0
22413,1.0,3.4910013e-08,0
22414,1.0,7.4971626e-11,0
22415,1.0,2.6458784e-08,0
22416,1.0,1.7397976e-10,0
22417,1.0,1.31464084e-11,0
22418,1.0,7.6939774e-11,0
22419,1.0,1.5065006e-16,0
22420,1.0,2.0361228e-09,0
22421,1.0,5.5770555e-10,0
22422,1.0,3.0380277e-14,0
22423,1.0,6.007161e-10,0
22424,1.0,3.1932177e-09,0
22425,1.0,3.0701757e-11,0
22426,1.0,1.3959955e-13,0
22427,1.0,5.7840143e-12,0
22428,1.0,1.7213224e-11,0
22429,1.0,4.0837328e-18,0
22430,1.0,2.2285365e-09,0
22431,1.0,1.5219075e-10,0
22432,1.0,6.7448304e-13,0
22433,1.0,1.9526525e-09,0
22434,1.0,3.3091292e-09,0
22435,0.9999999,1.6656905e-07,0
22436,1.0,9.5896756e-11,0
22437,1.0,2.8679466e-08,0
22438,1.0,1.8582518e-12,0
22439,1.0,2.6173404e-14,0
22440,1.0,1.5032668e-11,0
22441,0.99999607,3.9655188e-06,0
22442,0.9999989,1.0452458e-06,0
22443,1.0,8.22442e-10,0
22444,1.0,5.59851e-10,0
22445,1.0,7.65948e-11,0
22446,1.0,5.576715e-10,0
22447,1.0,1.0965531e-13,0
22448,1.0,1.4077264e-08,0
22449,0.9999999,1.3152729e-07,0
22450,1.0,3.0348573e-08,0
22451,1.0,3.0508451e-09,0
22452,1.0,1.19291395e-08,0
22453,0.9999999,1.0424629e-07,0
22454,1.0,1.8110581e-13,0
22455,1.0,3.5529904e-08,0
22456,1.0,5.9642053e-12,0
22457,1.0,5.0655526e-15,0
22458,1.0,1.7810743e-12,0
22459,1.0,9.091565e-09,0
22460,1.0,2.983881e-09,0
22461,1.0,1.06262386e-08,0
22462,1.0,1.0656603e-08,0
22463,1.0,1.5845902e-10,0
22464,1.0,1.5714059e-12,0
22465,1.0,5.963344e-11,0
22466,1.0,2.710545e-09,0
22467,1.0,5.665503e-12,0
22468,1.0,1.472677e-10,0
22469,1.0,1.843972e-10,0
22470,1.0,2.6591438e-08,0
22471,1.0,2.2363787e-10,0
22472,1.0,5.568021e-10,0
22473,1.0,1.891851e-12,0
22474,1.0,1.4680634e-10,0
22475,1.0,2.2481552e-19,0
22476,1.0,2.5056313e-08,0
22477,1.0,2.1255738e-11,0
22478,1.0,1.2057726e-11,0
22479,1.0,1.7107123e-10,0
22480,1.0,1.4553948e-10,0
22481,1.0,2.1144296e-11,0
22482,1.0,3.3383426e-12,0
22483,1.0,3.276838e-10,0
22484,1.0,1.3031141e-12,0
22485,1.0,5.591672e-09,0
22486,1.0,2.8300446e-08,0
22487,1.0,2.4030593e-09,0
22488,1.0,1.5733885e-08,0
22489,1.0,6.097176e-10,0
22490,1.0,1.7547512e-10,0
22491,1.0,7.68911e-10,0
22492,1.0,5.3672265e-11,0
22493,0.99999976,2.0834278e-07,0
22494,1.0,3.8132546e-09,0
22495,1.0,5.4121324e-10,0
22496,0.9999999,1.5539437e-07,0
22497,1.0,2.1233069e-09,0
22498,1.0,7.4680117e-13,0
22499,1.0,1.9415844e-10,0
22500,1.0,6.162746e-17,0
22501,1.0,3.1712667e-11,0
22502,1.0,2.537976e-13,0
22503,0.9999993,7.5341563e-07,0
22504,1.0,1.7462448e-09,0
22505,0.99999976,2.6038478e-07,0
22506,1.0,3.7502744e-11,0
22507,1.0,2.0074614e-11,0
22508,1.0,2.517096e-10,0
22509,1.0,3.594865e-08,0
22510,1.0,1.0807104e-13,0
22511,1.0,1.3749623e-11,0
22512,1.0,9.71151e-11,0
22513,1.0,1.5384125e-09,0
22514,1.0,2.4851715e-18,0
22515,1.0,1.1948516e-12,0
22516,1.0,1.4665857e-10,0
22517,1.0,1.7570287e-10,0
22518,1.0,7.544389e-10,0
22519,1.0,4.3638717e-12,0
22520,1.0,4.1318575e-09,0
22521,1.0,1.0609646e-09,0
22522,1.0,8.269016e-13,0
22523,0.9999999,1.0505949e-07,0
22524,1.0,7.645738e-09,0
22525,1.0,3.067733e-12,0
22526,1.0,9.364439e-15,0
22527,1.0,3.230119e-09,0
22528,1.0,1.6782609e-10,0
22529,1.0,4.5661187e-11,0
22530,1.0,4.042786e-12,0
22531,1.0,7.202734e-11,0
22532,1.0,1.0124886e-11,0
22533,1.0,8.414945e-10,0
22534,1.0,5.7814614e-10,0
22535,1.0,8.3865716e-13,0
22536,1.0,1.5606604e-10,0
22537,1.0,1.4303408e-10,0
22538,1.0,2.6755334e-10,0
22539,1.0,5.9463263e-12,0
22540,1.0,1.5025516e-09,0
22541,1.0,3.9201806e-09,0
22542,1.0,3.5151195e-13,0
22543,1.0,7.461904e-09,0
22544,1.0,3.2318673e-10,0
22545,1.0,1.4778317e-10,0
22546,1.0,1.6384867e-10,0
22547,1.0,4.5943187e-11,0
22548,1.0,1.2871753e-13,0
22549,1.0,2.0221557e-12,0
22550,1.0,2.6866682e-12,0
22551,1.0,2.6179576e-08,0
22552,1.0,1.0904364e-12,0
22553,1.0,7.0496255e-11,0
22554,1.0,3.4344845e-09,0
22555,1.0,1.366994e-08,0
22556,1.0,3.6068084e-08,0
22557,1.0,3.9818288e-10,0
22558,1.0,2.1666064e-09,0
22559,1.0,8.055695e-09,0
22560,1.0,1.2829295e-10,0
22561,1.0,9.101459e-12,0
22562,1.0,2.6193194e-13,0
22563,1.0,1.984597e-10,0
22564,1.0,4.863687e-11,0
22565,1.0,5.031881e-10,0
22566,1.0,6.4262415e-11,0
22567,1.0,6.6475166e-11,0
22568,1.0,4.516728e-11,0
22569,0.99999976,2.0304698e-07,0
22570,1.0,1.0771021e-11,0
22571,1.0,2.371316e-08,0
22572,1.0,3.4299676e-09,0
22573,1.0,2.9961158e-15,0
22574,1.0,1.268503e-10,0
22575,1.0,1.3350475e-08,0
22576,1.0,6.314358e-09,0
22577,1.0,4.169271e-09,0
22578,1.0,3.6921213e-09,0
22579,1.0,4.2513926e-15,0
22580,1.0,2.2942113e-11,0
22581,1.0,4.3172364e-16,0
22582,1.0,9.905116e-10,0
22583,0.9999938,6.2505446e-06,0
22584,1.0,1.2980832e-12,0
22585,1.0,2.0685746e-08,0
22586,1.0,2.6473612e-09,0
22587,1.0,1.0579664e-08,0
22588,1.0,4.885289e-13,0
22589,1.0,1.554553e-09,0
22590,1.0,3.3220109e-09,0
22591,1.0,1.1755427e-11,0
22592,1.0,2.969196e-15,0
22593,1.0,1.5489693e-11,0
22594,1.0,3.4378125e-10,0
22595,1.0,3.3469298e-20,0
22596,1.0,3.999431e-08,0
22597,1.0,9.591253e-10,0
22598,1.0,4.489043e-09,0
22599,0.99999976,1.9792583e-07,0
22600,1.0,7.146949e-09,0
22601,1.0,1.483301e-11,0
22602,1.0,1.2212733e-15,0
22603,1.0,1.4861577e-12,0
22604,1.0,7.172226e-09,0
22605,1.0,1.918707e-11,0
22606,1.0,4.219276e-10,0
22607,1.0,8.536396e-18,0
22608,1.0,1.2362868e-15,0
22609,1.0,4.2657534e-11,0
22610,1.0,1.2281855e-11,0
22611,1.0,5.253461e-09,0
22612,1.0,1.8166179e-09,0
22613,1.0,4.660871e-10,0
22614,1.0,1.1396458e-09,0
22615,1.0,9.140218e-12,0
22616,0.9999999,9.247714e-08,0
22617,1.0,5.0876225e-10,0
22618,1.0,1.6666201e-11,0
22619,1.0,3.5177423e-09,0
22620,1.0,3.6374442e-10,0
22621,1.0,6.995052e-09,0
22622,1.0,4.96619e-16,0
22623,1.0,4.4841848e-08,0
22624,1.0,1.1796549e-08,0
22625,1.0,5.371333e-15,0
22626,1.0,1.2440166e-08,0
22627,1.0,8.935322e-11,0
22628,1.0,2.1157529e-11,0
22629,1.0,2.9326543e-09,0
22630,1.0,1.024572e-11,0
22631,1.0,7.3916014e-13,0
22632,1.0,3.3383126e-11,0
22633,1.0,3.4460497e-11,0
22634,1.0,1.3488453e-09,0
22635,1.0,1.655818e-08,0
22636,0.9999999,8.636916e-08,0
22637,1.0,3.4266312e-10,0
22638,1.0,2.7855245e-09,0
22639,1.0,6.1187553e-09,0
22640,1.0,6.015095e-10,0
22641,1.0,3.0279521e-09,0
22642,1.0,5.302274e-09,0
22643,1.0,3.746932e-09,0
22644,0.9999999,7.7338015e-08,0
22645,1.0,2.223025e-10,0
22646,1.0,1.340674e-12,0
22647,1.0,3.2385608e-11,0
22648,1.0,4.929774e-11,0
22649,1.0,3.2027787e-11,0
22650,1.0,3.6508455e-10,0
22651,1.0,2.737804e-08,0
22652,1.0,3.8982255e-11,0
22653,1.0,1.001829e-11,0
22654,1.0,1.632433e-09,0
22655,1.0,8.517082e-09,0
22656,1.0,3.825276e-08,0
22657,1.0,1.2026627e-11,0
22658,1.0,3.103886e-10,0
22659,1.0,1.739592e-10,0
22660,1.0,2.2473575e-08,0
22661,1.0,2.5529592e-09,0
22662,1.0,2.3153332e-08,0
22663,1.0,4.7117102e-11,0
22664,1.0,6.022818e-11,0
22665,1.0,4.7446455e-18,0
22666,0.9999994,5.80652e-07,0
22667,1.0,3.8759836e-11,0
22668,1.0,2.5308367e-09,0
22669,1.0,9.868005e-10,0
22670,1.0,3.511546e-10,0
22671,1.0,3.338429e-10,0
22672,1.0,1.776306e-10,0
22673,1.0,3.5674846e-10,0
22674,1.0,4.2043902e-10,0
22675,1.0,3.9408773e-10,0
22676,1.0,6.3453376e-09,0
22677,1.0,3.982069e-15,0
22678,1.0,1.50223e-10,0
22679,1.0,3.0147062e-11,0
22680,1.0,3.6063472e-12,0
22681,1.0,3.374236e-12,0
22682,1.0,1.685665e-14,0
22683,1.0,9.897185e-10,0
22684,1.0,1.098424e-14,0
22685,1.0,2.3106721e-10,0
22686,1.0,2.968013e-11,0
22687,1.0,1.1189413e-11,0
22688,1.0,1.6201464e-09,0
22689,1.0,8.91483e-10,0
22690,1.0,1.6826905e-10,0
22691,1.0,3.390909e-11,0
22692,1.0,4.0811698e-11,0
22693,1.0,1.8315775e-10,0
22694,1.0,6.857431e-19,0
22695,1.0,4.13195e-10,0
22696,1.0,2.580818e-12,0
22697,1.0,9.775505e-09,0
22698,1.0,6.679141e-10,0
22699,1.0,7.1467436e-09,0
22700,1.0,8.74503e-19,0
22701,1.0,3.741258e-11,0
22702,0.99999976,2.8596176e-07,0
22703,1.0,1.7164516e-10,0
22704,1.0,5.781445e-08,0
22705,1.0,4.4697763e-13,0
22706,1.0,1.1896934e-13,0
22707,1.0,1.9608335e-09,0
22708,0.9999999,6.8812625e-08,0
22709,1.0,4.2918633e-10,0
22710,1.0,4.8455804e-09,0
22711,1.0,1.7606751e-10,0
22712,1.0,1.697916e-08,0
22713,1.0,3.2560038e-14,0
22714,1.0,3.0951381e-09,0
22715,1.0,1.020419e-09,0
22716,1.0,2.1051472e-10,0
22717,1.0,9.061814e-11,0
22718,0.9999999,8.494373e-08,0
22719,1.0,8.613268e-10,0
22720,1.0,1.2653785e-10,0
22721,1.0,1.4162731e-10,0
22722,1.0,3.6512335e-11,0
22723,1.0,2.6130784e-12,0
22724,1.0,2.5379427e-09,0
22725,1.0,2.4947927e-11,0
22726,1.0,9.307675e-10,0
22727,1.0,5.281839e-11,0
22728,1.0,1.5017952e-09,0
22729,1.0,1.4401319e-15,0
22730,1.0,2.6511484e-11,0
22731,1.0,1.2266977e-09,0
22732,1.0,4.1739095e-13,0
22733,1.0,2.5290692e-10,0
22734,1.0,7.3297306e-09,0
22735,1.0,1.0909393e-09,0
22736,1.0,3.3153606e-15,0
22737,1.0,1.5115051e-21,0
22738,1.0,5.638041e-10,0
22739,1.0,7.330174e-10,0
22740,0.99999976,2.3314155e-07,0
22741,0.99999976,1.975061e-07,0
22742,1.0,9.76526e-12,0
22743,1.0,1.1236588e-12,0
22744,1.0,4.366636e-12,0
22745,0.9999999,8.8351264e-08,0
22746,0.99999976,2.4574967e-07,0
22747,1.0,2.6304178e-10,0
22748,1.0,1.9147743e-10,0
22749,1.0,9.438043e-12,0
22750,1.0,3.7308986e-10,0
22751,1.0,2.070342e-09,0
22752,0.9999999,8.741777e-08,0
22753,1.0,3.9253337e-10,0
22754,1.0,1.124511e-14,0
22755,1.0,1.6757755e-10,0
22756,1.0,1.3710536e-13,0
22757,1.0,2.4535593e-10,0
22758,1.0,1.2127308e-08,0
22759,0.9999999,1.6800729e-07,0
22760,1.0,1.863809e-10,0
22761,1.0,1.6321075e-11,0
22762,1.0,8.881459e-11,0
22763,1.0,3.4011433e-11,0
22764,1.0,1.5785407e-08,0
22765,1.0,2.1362963e-18,0
22766,1.0,4.9037435e-10,0
22767,1.0,5.611539e-11,0
22768,1.0,3.947569e-08,0
22769,1.0,1.0453226e-10,0
22770,1.0,3.790371e-12,0
22771,1.0,2.3397291e-14,0
22772,1.0,3.078523e-09,0
22773,1.0,1.9355646e-10,0
22774,1.0,2.282968e-10,0
22775,1.0,8.51352e-14,0
22776,1.0,3.2514196e-09,0
22777,1.0,5.2273634e-09,0
22778,1.0,2.0679818e-09,0
22779,1.0,1.4126888e-12,0
22780,1.0,8.8600384e-11,0
22781,1.0,6.719753e-09,0
22782,1.0,2.213996e-09,0
22783,1.0,2.0836698e-08,0
22784,1.0,2.0707959e-13,0
22785,1.0,6.4414776e-09,0
22786,1.0,4.536746e-09,0
22787,1.0,3.648435e-11,0
22788,1.0,1.7790552e-11,0
22789,1.0,6.8943305e-13,0
22790,1.0,1.5435368e-11,0
22791,1.0,8.137157e-12,0
22792,1.0,3.91489e-09,0
22793,1.0,1.0341941e-08,0
22794,1.0,2.32298e-09,0
22795,1.0,1.7412393e-09,0
22796,1.0,1.7753122e-08,0
22797,1.0,2.4101666e-15,0
22798,1.0,2.0268194e-09,0
22799,1.0,1.35151135e-08,0
22800,1.0,6.368845e-14,0
22801,1.0,1.8162818e-09,0
22802,1.0,2.2912476e-10,0
22803,1.0,7.400788e-16,0
22804,1.0,2.4333202e-09,0
22805,0.9999995,5.213327e-07,0
22806,1.0,4.83779e-15,0
22807,1.0,2.0409326e-20,0
22808,1.0,1.04873e-09,0
22809,1.0,4.9132517e-19,0
22810,1.0,3.827566e-09,0
22811,1.0,2.2573983e-11,0
22812,1.0,2.3017142e-08,0
22813,1.0,4.0901862e-11,0
22814,1.0,9.40506e-10,0
22815,1.0,2.8980008e-13,0
22816,1.0,1.7208777e-09,0
22817,1.0,1.4057695e-13,0
22818,1.0,1.915952e-16,0
22819,1.0,2.7470244e-09,0
22820,0.99999976,2.541292e-07,0
22821,1.0,3.6046724e-14,0
22822,1.0,1.1005373e-15,0
22823,1.0,1.4168458e-10,0
22824,1.0,5.814681e-18,0
22825,1.0,8.784896e-09,0
22826,1.0,5.615589e-10,0
22827,1.0,1.1950677e-09,0
22828,1.0,2.311191e-11,0
22829,1.0,6.0999774e-22,0
22830,1.0,1.7897688e-19,0
22831,1.0,1.3425407e-14,0
22832,1.0,1.4329075e-10,0
22833,1.0,1.2546636e-08,0
22834,1.0,7.7963014e-16,0
22835,0.9999999,1.0378938e-07,0
22836,1.0,1.2898229e-08,0
22837,1.0,7.603216e-09,0
22838,1.0,3.4605439e-09,0
22839,1.0,6.21844e-10,0
22840,1.0,8.129394e-10,0
22841,1.0,1.757109e-10,0
22842,1.0,2.6103275e-09,0
22843,0.99999917,8.041749e-07,0
22844,1.0,6.81324e-10,0
22845,1.0,4.0789323e-13,0
22846,1.0,3.4542258e-13,0
22847,1.0,5.510446e-12,0
22848,1.0,8.353696e-14,0
22849,1.0,4.6019617e-13,0
22850,1.0,7.844029e-09,0
22851,1.0,1.2095422e-09,0
22852,1.0,6.599554e-13,0
22853,1.0,4.6869647e-10,0
22854,1.0,1.1016316e-11,0
22855,0.999998,2.0108885e-06,0
22856,0.9999969,3.1152465e-06,0
22857,1.0,4.366545e-08,0
22858,1.0,3.30775e-11,0
22859,1.0,8.568265e-12,0
22860,1.0,2.0794175e-08,0
22861,1.0,6.844931e-10,0
22862,1.0,1.735341e-09,0
22863,0.99999905,9.1849284e-07,0
22864,1.0,5.0258816e-08,0
22865,1.0,5.68528e-08,0
22866,1.0,4.33714e-10,0
22867,0.9999999,1.6899426e-07,0
22868,0.9999703,2.972673e-05,0
22869,0.9999988,1.1333706e-06,0
22870,0.9999759,2.4134604e-05,0
22871,0.9999957,4.247187e-06,0
22872,1.0,4.60074e-10,0
22873,0.9999993,7.21688e-07,0
22874,1.0,1.0708392e-09,0
22875,1.0,1.3232627e-10,0
22876,0.9999993,7.6984935e-07,0
22877,1.0,3.6551234e-10,0
22878,1.0,6.051891e-12,0
22879,1.0,9.365591e-13,0
22880,1.0,1.3775696e-10,0
22881,0.9999989,1.124954e-06,0
22882,1.0,3.2642573e-09,0
22883,1.0,9.414779e-12,0
22884,1.0,7.0916135e-13,0
22885,1.0,5.705648e-12,0
22886,1.0,4.352332e-13,0
22887,1.0,2.9076101e-11,0
22888,1.0,8.497005e-14,0
22889,1.0,4.1037026e-12,0
22890,1.0,6.617705e-13,0
22891,0.99999535,4.626926e-06,0
22892,1.0,9.619426e-11,0
22893,1.0,9.432644e-12,0
22894,1.0,2.8587205e-13,0
22895,1.0,8.9977664e-10,0
22896,1.0,1.7022404e-13,0
22897,1.0,1.3900169e-10,0
22898,1.0,1.1718065e-11,0
22899,1.0,6.4747873e-12,0
22900,1.0,1.6886263e-13,0
22901,1.0,1.9797972e-12,0
22902,1.0,3.534856e-11,0
22903,1.0,3.6066244e-11,0
22904,0.9999956,4.3982845e-06,0
22905,1.0,1.8737097e-11,0
22906,1.0,1.111443e-08,0
22907,1.0,1.4194054e-09,0
22908,1.0,4.310496e-13,0
22909,1.0,6.974585e-10,0
22910,0.9999999,1.5394825e-07,0
22911,0.99999917,8.9206014e-07,0
22912,1.0,5.5180934e-08,0
22913,0.9999969,3.08239e-06,0
22914,1.0,2.9268439e-12,0
22915,0.99999547,4.5623838e-06,0
22916,1.0,5.811622e-10,0
22917,1.0,7.6040824e-10,0
22918,0.99999964,3.0529165e-07,0
22919,0.99999976,2.575675e-07,0
22920,0.9999999,8.93087e-08,0
22921,0.99999964,3.555913e-07,0
22922,0.9999982,1.8372951e-06,0
22923,1.0,1.0909772e-12,0
22924,1.0,2.7394573e-10,0
22925,0.999997,3.0098129e-06,0
22926,0.99999535,4.695309e-06,0
22927,0.9999949,5.1622383e-06,0
22928,0.99999785,2.0953266e-06,0
22929,0.9999987,1.3027734e-06,0
22930,1.0,8.0353454e-13,0
22931,1.0,5.261922e-10,0
22932,0.99999905,9.539499e-07,0
22933,1.0,4.890827e-13,0
22934,0.9999987,1.3442277e-06,0
22935,1.0,7.0780424e-14,0
22936,1.0,4.812656e-11,0
22937,1.0,9.073807e-13,0
22938,1.0,3.4320713e-11,0
22939,1.0,1.0639051e-09,0
22940,1.0,4.6581202e-12,0
22941,1.0,6.517904e-13,0
22942,1.0,1.18743435e-11,0
22943,1.0,4.3116866e-10,0
22944,1.0,1.0034344e-09,0
22945,1.0,1.823914e-11,0
22946,1.0,1.3270552e-12,0
22947,1.0,1.8036217e-10,0
22948,1.0,1.0267367e-09,0
22949,1.0,8.253539e-10,0
22950,1.0,1.2328703e-11,0
22951,1.0,8.792896e-12,0
22952,1.0,3.281502e-11,0
22953,1.0,3.8772093e-08,0
22954,1.0,6.4627416e-13,0
22955,1.0,6.672571e-10,0
22956,0.9999999,9.2761546e-08,0
22957,1.0,6.08413e-10,0
22958,1.0,7.239737e-09,0
22959,1.0,9.62835e-10,0
22960,1.0,2.8470557e-08,0
22961,0.9999999,1.0758271e-07,0
22962,1.0,3.619076e-11,0
22963,1.0,3.881737e-12,0
22964,1.0,5.743367e-10,0
22965,1.0,1.3174548e-11,0
22966,1.0,3.525826e-11,0
22967,1.0,2.6792583e-12,0
22968,1.0,1.9791367e-12,0
22969,1.0,4.441244e-11,0
22970,1.0,7.101261e-10,0
22971,1.0,2.8140337e-10,0
22972,1.0,1.5531837e-09,0
22973,1.0,3.1919582e-12,0
22974,1.0,1.1792724e-08,0
22975,1.0,1.3428303e-10,0
22976,0.9999999,1.5318756e-07,0
22977,0.99999976,2.3543936e-07,0
22978,1.0,9.770099e-09,0
22979,1.0,2.2302215e-08,0
22980,1.0,5.610402e-12,0
22981,1.0,3.297289e-10,0
22982,1.0,2.5208076e-08,0
22983,1.0,2.8214105e-08,0
22984,1.0,6.5414185e-09,0
22985,1.0,4.0761248e-09,0
22986,1.0,4.0853582e-08,0
22987,0.9999949,5.16637e-06,0
22988,1.0,2.5035865e-08,0
22989,1.0,6.862418e-11,0
22990,1.0,1.6801272e-11,0
22991,0.99999547,4.5605525e-06,0
22992,1.0,5.342373e-09,0
22993,1.0,1.9874127e-09,0
22994,1.0,8.737405e-09,0
22995,1.0,4.1830334e-10,0
22996,1.0,3.0279303e-08,0
22997,1.0,1.5480797e-08,0
22998,1.0,7.536669e-13,0
22999,1.0,1.846507e-09,0
23000,1.0,7.788265e-11,0
23001,1.0,2.375221e-13,0
23002,0.99998724,1.275105e-05,0
23003,1.0,7.040044e-11,0
23004,1.0,2.7508047e-09,0
23005,1.0,2.8445584e-12,0
23006,1.0,8.861613e-14,0
23007,0.9999354,6.4626096e-05,0
23008,0.9999989,1.0600124e-06,0
23009,1.0,1.1781157e-10,0
23010,1.0,1.4344157e-08,0
23011,1.0,2.924882e-14,0
23012,1.0,6.218502e-13,0
23013,1.0,4.419817e-13,0
23014,1.0,1.7719914e-14,0
23015,1.0,4.5194466e-13,0
23016,0.9999939,6.0357684e-06,0
23017,1.0,1.0280844e-10,0
23018,0.9999752,2.4844769e-05,0
23019,1.0,1.5868352e-09,0
23020,1.0,4.0990384e-09,0
23021,1.0,1.8084287e-12,0
23022,1.0,4.272812e-08,0
23023,1.0,7.602835e-10,0
23024,0.9999999,9.641941e-08,0
23025,1.0,2.4247353e-09,0
23026,0.9999993,6.7850385e-07,0
23027,1.0,4.2442227e-11,0
23028,0.9999999,7.809399e-08,0
23029,0.9999646,3.542027e-05,0
23030,1.0,1.4234117e-10,0
23031,0.9999969,3.141848e-06,0
23032,1.0,7.354265e-09,0
23033,0.9999993,7.602754e-07,0
23034,0.99999785,2.1322664e-06,0
23035,1.0,1.3565901e-10,0
23036,0.9999671,3.2926702e-05,0
23037,0.9999975,2.525212e-06,0
23038,1.0,1.5595236e-10,0
23039,1.0,4.5003276e-08,0
23040,0.99998355,1.6483094e-05,0
23041,1.0,4.22611e-12,0
23042,1.0,7.799511e-09,0
23043,1.0,1.0811652e-11,0
23044,1.0,6.285312e-10,0
23045,0.9999871,1.2865649e-05,0
23046,1.0,6.06674e-09,0
23047,1.0,1.3752048e-09,0
23048,1.0,1.3998065e-08,0
23049,1.0,8.80328e-09,0
23050,1.0,1.2241875e-09,0
23051,1.0,7.275617e-13,0
23052,0.9999995,4.6647e-07,0
23053,1.0,1.0070156e-10,0
23054,0.9999999,1.0748979e-07,0
23055,1.0,5.5983413e-13,0
23056,1.0,2.1955402e-12,0
23057,1.0,1.09426435e-11,0
23058,1.0,5.9591045e-14,0
23059,1.0,3.5656635e-09,0
23060,1.0,8.470698e-13,0
23061,1.0,2.8315113e-13,0
23062,1.0,2.8416533e-11,0
23063,1.0,2.1969751e-10,0
23064,1.0,5.6600592e-12,0
23065,1.0,7.195608e-11,0
23066,1.0,6.1702184e-12,0
23067,0.9999982,1.7676628e-06,0
23068,1.0,7.23077e-12,0
23069,0.9999976,2.431351e-06,0
23070,0.9999951,4.83067e-06,0
23071,1.0,1.8426263e-13,0
23072,1.0,2.7264394e-11,0
23073,1.0,1.8131502e-08,0
23074,1.0,7.804333e-09,0
23075,1.0,1.3562375e-11,0
23076,1.0,6.9529445e-11,0
23077,1.0,1.5421053e-09,0
23078,1.0,9.242203e-10,0
23079,1.0,1.3281937e-10,0
23080,1.0,2.7986063e-11,0
23081,1.0,9.308075e-12,0
23082,1.0,1.3663311e-13,0
23083,0.99999976,2.3791904e-07,0
23084,1.0,1.7444004e-13,0
23085,1.0,4.1818028e-11,0
23086,1.0,1.0106783e-12,0
23087,1.0,8.399804e-11,0
23088,1.0,2.2400042e-09,0
23089,1.0,2.1991622e-11,0
23090,0.9999999,8.3189626e-08,0
23091,1.0,5.184599e-12,0
23092,1.0,3.0003737e-13,0
23093,1.0,7.798879e-11,0
23094,1.0,2.458068e-08,0
23095,1.0,4.104159e-11,0
23096,1.0,8.0307295e-14,0
23097,1.0,3.9938674e-11,0
23098,1.0,2.8889254e-11,0
23099,1.0,7.281229e-12,0
23100,0.99999595,4.106627e-06,0
23101,1.0,2.9156706e-13,0
23102,1.0,2.0456059e-12,0
23103,1.0,1.8518855e-13,0
23104,1.0,4.300547e-11,0
23105,1.0,2.2257866e-14,0
23106,1.0,8.763448e-15,0
23107,1.0,5.919341e-11,0
23108,1.0,6.280623e-11,0
23109,1.0,1.0185163e-11,0
23110,1.0,5.6535793e-14,0
23111,1.0,1.6899917e-14,0
23112,1.0,3.7936146e-10,0
23113,1.0,1.7100701e-13,0
23114,1.0,2.6809351e-12,0
23115,1.0,4.1082177e-10,0
23116,1.0,2.1382096e-13,0
23117,1.0,3.6721318e-10,0
23118,1.0,3.9505257e-10,0
23119,1.0,2.2624188e-12,0
23120,1.0,1.0520782e-12,0
23121,1.0,1.1159852e-11,0
23122,1.0,4.027507e-13,0
23123,1.0,6.725872e-12,0
23124,1.0,7.8714406e-13,0
23125,1.0,1.90542e-12,0
23126,1.0,9.828732e-13,0
23127,1.0,1.8556778e-11,0
23128,1.0,1.720981e-11,0
23129,1.0,1.5511047e-10,0
23130,1.0,6.462295e-10,0
23131,1.0,1.5205025e-11,0
23132,1.0,6.5524222e-12,0
23133,1.0,3.889977e-13,0
23134,1.0,1.0571951e-13,0
23135,1.0,4.229396e-10,0
23136,1.0,1.9656929e-10,0
23137,1.0,5.003591e-10,0
23138,0.9999995,5.009373e-07,0
23139,1.0,6.5741266e-09,0
23140,1.0,5.835584e-13,0
23141,1.0,7.6259415e-10,0
23142,1.0,1.6919769e-12,0
23143,0.9999974,2.6318166e-06,0
23144,1.0,4.070153e-08,0
23145,1.0,1.2499132e-11,0
23146,1.0,1.3240636e-13,0
23147,1.0,8.262804e-13,0
23148,1.0,2.4257726e-08,0
23149,1.0,1.7387793e-10,0
23150,1.0,8.780231e-11,0
23151,1.0,2.631828e-10,0
23152,0.9999988,1.1467107e-06,0
23153,0.999997,2.9239873e-06,0
23154,1.0,1.1884309e-08,0
23155,0.99999976,2.848121e-07,0
23156,1.0,2.5796736e-14,0
23157,1.0,3.5623764e-11,0
23158,1.0,6.0301796e-13,0
23159,1.0,1.6539207e-12,0
23160,1.0,4.250213e-13,0
23161,0.9999964,3.5236344e-06,0
23162,1.0,2.595567e-13,0
23163,1.0,1.4451345e-11,0
23164,1.0,3.0271389e-12,0
23165,1.0,2.6051595e-13,0
23166,1.0,5.3073207e-10,0
23167,0.99999654,3.5031724e-06,0
23168,1.0,1.0675414e-13,0
23169,1.0,3.6414707e-10,0
23170,0.99997497,2.5002233e-05,0
23171,1.0,1.742998e-08,0
23172,1.0,1.0992028e-08,0
23173,0.9999993,7.558885e-07,0
23174,0.99996233,3.7665242e-05,0
23175,0.9999969,3.0471417e-06,0
23176,1.0,2.6201916e-11,0
23177,0.99999976,2.7293166e-07,0
23178,1.0,9.190473e-13,0
23179,1.0,3.8070044e-13,0
23180,1.0,1.1048908e-08,0
23181,1.0,2.1815562e-12,0
23182,1.0,9.095763e-09,0
23183,1.0,1.9766778e-11,0
23184,1.0,6.187964e-13,0
23185,0.9999999,1.0992157e-07,0
23186,0.99999404,5.9600143e-06,0
23187,1.0,4.2105127e-14,0
23188,1.0,5.8426146e-08,0
23189,0.9999999,1.0320034e-07,0
23190,1.0,5.264916e-13,0
23191,1.0,5.0942256e-10,0
23192,1.0,1.6029003e-12,0
23193,1.0,5.502595e-14,0
23194,1.0,4.4535708e-14,0
23195,1.0,6.4440654e-14,0
23196,1.0,5.925932e-13,0
23197,1.0,4.1290465e-12,0
23198,1.0,8.222973e-11,0
23199,1.0,5.007753e-10,0
23200,1.0,3.6462907e-12,0
23201,0.9999987,1.369738e-06,0
23202,1.0,4.2778e-13,0
23203,1.0,7.312533e-15,0
23204,1.0,3.8833276e-13,0
23205,1.0,1.1812314e-11,0
23206,1.0,5.507774e-13,0
23207,1.0,5.3200194e-10,0
23208,1.0,3.6862454e-13,0
23209,1.0,6.159112e-14,0
23210,1.0,2.8938847e-14,0
23211,1.0,3.1998737e-10,0
23212,1.0,2.6589036e-13,0
23213,1.0,1.01195035e-14,0
23214,1.0,8.888245e-13,0
23215,0.99979156,0.00020850005,0
23216,1.0,1.0042899e-10,0
23217,1.0,1.7199417e-10,0
23218,1.0,1.2416443e-11,0
23219,0.9999883,1.16517485e-05,0
23220,1.0,1.7737448e-12,0
23221,1.0,3.678909e-11,0
23222,1.0,8.346176e-11,0
23223,1.0,7.4056847e-13,0
23224,1.0,7.095924e-11,0
23225,1.0,3.720181e-11,0
23226,1.0,1.2639499e-11,0
23227,1.0,2.0269152e-10,0
23228,1.0,1.0253207e-11,0
23229,1.0,5.633204e-10,0
23230,1.0,1.538683e-12,0
23231,1.0,1.770321e-12,0
23232,1.0,3.1396573e-11,0
23233,1.0,1.6447883e-08,0
23234,1.0,5.813396e-10,0
23235,1.0,7.0154875e-11,0
23236,1.0,2.414164e-12,0
23237,1.0,1.3945518e-11,0
23238,1.0,2.877192e-10,0
23239,1.0,2.32981e-08,0
23240,1.0,3.103727e-13,0
23241,1.0,1.7670015e-12,0
23242,1.0,6.1965336e-11,0
23243,0.99999964,3.1670194e-07,0
23244,1.0,2.3680966e-09,0
23245,1.0,2.7372908e-09,0
23246,0.99998856,1.1454295e-05,0
23247,1.0,8.540087e-12,0
23248,1.0,1.5982967e-12,0
23249,1.0,7.762482e-13,0
23250,1.0,1.2432077e-12,0
23251,1.0,1.4431168e-09,0
23252,1.0,7.0279066e-10,0
23253,1.0,5.8749033e-10,0
23254,0.99999666,3.2792843e-06,0
23255,0.99999607,3.8864973e-06,0
23256,1.0,2.1825082e-09,0
23257,1.0,1.4773852e-08,0
23258,0.99999976,2.3060652e-07,0
23259,1.0,3.0287346e-11,0
23260,1.0,1.3045143e-08,0
23261,0.9999976,2.344352e-06,0
23262,1.0,7.858341e-10,0
23263,0.9999993,7.715634e-07,0
23264,1.0,7.127576e-13,0
23265,1.0,1.0109082e-11,0
23266,1.0,3.858204e-09,0
23267,1.0,5.73873e-08,0
23268,1.0,1.6092362e-11,0
23269,1.0,1.3922044e-12,0
23270,1.0,4.5806164e-11,0
23271,1.0,3.8743707e-08,0
23272,0.9999995,4.438465e-07,0
23273,1.0,6.6112844e-09,0
23274,1.0,4.8269214e-12,0
23275,0.9999994,6.1962e-07,0
23276,0.99999714,2.8327668e-06,0
23277,0.9999999,1.0271489e-07,0
23278,1.0,1.4353325e-08,0
23279,0.9999906,9.476857e-06,0
23280,1.0,4.870055e-11,0
23281,0.99999726,2.7808708e-06,0
23282,0.9999889,1.1072229e-05,0
23283,1.0,1.1707371e-10,0
23284,0.99994874,5.1293595e-05,0
23285,0.99994946,5.0516217e-05,0
23286,0.99999046,9.535365e-06,0
23287,1.0,6.2364e-10,0
23288,0.99999297,7.057854e-06,0
23289,0.99999046,9.516488e-06,0
23290,1.0,7.9136336e-10,0
23291,0.99999976,2.1627395e-07,0
23292,0.99999964,3.04941e-07,0
23293,1.0,5.328598e-11,0
23294,1.0,7.8917844e-12,0
23295,0.9999999,1.4877949e-07,0
23296,0.99999964,3.695731e-07,0
23297,0.9999988,1.2161194e-06,0
23298,1.0,3.1786546e-11,0
23299,1.0,4.2134978e-08,0
23300,1.0,3.4851711e-13,0
23301,1.0,1.7323744e-13,0
23302,1.0,4.151353e-13,0
23303,1.0,7.1609238e-12,0
23304,1.0,2.7321034e-11,0
23305,1.0,8.744182e-11,0
23306,1.0,5.951912e-11,0
23307,1.0,7.3942026e-11,0
23308,1.0,5.920975e-12,0
23309,1.0,2.8052627e-09,0
23310,0.9999999,9.330524e-08,0
23311,1.0,1.626718e-08,0
23312,1.0,1.6203255e-09,0
23313,1.0,4.4275148e-12,0
23314,1.0,1.1865521e-10,0
23315,1.0,7.6654896e-14,0
23316,1.0,2.9889628e-12,0
23317,0.9999999,7.6288586e-08,0
23318,1.0,1.5894127e-13,0
23319,1.0,5.2906386e-12,0
23320,1.0,1.3490626e-11,0
23321,1.0,3.4755339e-12,0
23322,1.0,6.8886486e-14,0
23323,1.0,3.7885133e-12,0
23324,1.0,5.5802184e-13,0
23325,1.0,3.581543e-10,0
23326,1.0,1.387224e-08,0
23327,1.0,6.974139e-12,0
23328,1.0,5.6269273e-12,0
23329,0.99999976,2.0068104e-07,0
23330,1.0,2.8086542e-11,0
23331,1.0,4.4719103e-12,0
23332,1.0,1.8552063e-12,0
23333,1.0,2.7032467e-11,0
23334,0.9999981,1.9460263e-06,0
23335,1.0,1.11682684e-10,0
23336,1.0,2.6441491e-11,0
23337,1.0,6.841253e-13,0
23338,1.0,3.886051e-11,0
23339,1.0,3.9473162e-14,0
23340,1.0,1.0093029e-08,0
23341,1.0,1.6768004e-08,0
23342,1.0,9.921496e-09,0
23343,1.0,6.9227507e-10,0
23344,0.99999976,2.0305627e-07,0
23345,1.0,1.3460008e-12,0
23346,1.0,2.0076472e-09,0
23347,1.0,1.30845645e-08,0
23348,1.0,1.8894666e-09,0
23349,1.0,1.2606117e-09,0
23350,0.9999963,3.691881e-06,0
23351,1.0,3.3841219e-09,0
23352,0.9999931,6.9427233e-06,0
23353,1.0,1.3394901e-09,0
23354,0.9999974,2.6408125e-06,0
23355,1.0,3.1443576e-10,0
23356,1.0,2.6190698e-13,0
23357,1.0,4.2391477e-12,0
23358,1.0,4.283983e-12,0
23359,0.9999994,5.984774e-07,0
23360,0.9999893,1.0707287e-05,0
23361,0.9999988,1.1566792e-06,0
23362,1.0,1.7696896e-12,0
23363,1.0,1.3181145e-13,0
23364,0.9999989,1.0316053e-06,0
23365,1.0,4.98491e-14,0
23366,0.99999726,2.7346107e-06,0
23367,1.0,5.254433e-09,0
23368,0.99999976,2.1038774e-07,0
23369,1.0,2.6967853e-10,0
23370,0.9999902,9.793584e-06,0
23371,1.0,3.0435263e-10,0
23372,1.0,3.1313514e-14,0
23373,1.0,2.9074812e-08,0
23374,0.9999987,1.3425866e-06,0
23375,0.9999999,1.0767714e-07,0
23376,1.0,8.022249e-10,0
23377,0.99999905,9.468909e-07,0
23378,1.0,3.143672e-11,0
23379,1.0,5.420325e-10,0
23380,1.0,1.8554895e-08,0
23381,1.0,1.00058735e-08,0
23382,1.0,4.5238688e-10,0
23383,1.0,2.6069804e-08,0
23384,0.9999999,1.2363154e-07,0
23385,0.99999964,3.5196035e-07,0
23386,1.0,3.743844e-10,0
23387,1.0,2.0756974e-11,0
23388,1.0,1.7766857e-10,0
23389,1.0,1.4315682e-11,0
23390,1.0,1.857281e-08,0
23391,1.0,3.1831428e-12,0
23392,1.0,1.481539e-08,0
23393,1.0,3.2932693e-12,0
23394,1.0,6.9426815e-09,0
23395,1.0,3.3126632e-14,0
23396,1.0,2.1090898e-10,0
23397,1.0,2.2498116e-11,0
23398,1.0,4.6470414e-10,0
23399,1.0,1.3660275e-11,0
23400,1.0,9.549983e-13,0
23401,1.0,5.1658634e-12,0
23402,1.0,3.7418697e-12,0
23403,1.0,3.0520684e-12,0
23404,0.9999442,5.583038e-05,0
23405,1.0,4.2687386e-12,0
23406,1.0,1.5810037e-10,0
23407,1.0,7.924308e-11,0
23408,1.0,2.5933913e-08,0
23409,0.9999964,3.5668565e-06,0
23410,0.99999464,5.314647e-06,0
23411,1.0,4.4069324e-08,0
23412,1.0,5.4232067e-11,0
23413,1.0,1.3987402e-10,0
23414,1.0,1.2473677e-14,0
23415,1.0,3.1699636e-09,0
23416,1.0,3.2947488e-14,0
23417,1.0,3.8574775e-08,0
23418,0.99999964,3.2651997e-07,0
23419,0.9999968,3.2179314e-06,0
23420,1.0,6.156861e-09,0
23421,0.99999964,3.3255884e-07,0
23422,0.9999857,1.4248618e-05,0
23423,0.99968946,0.0003105963,0
23424,1.0,7.892977e-11,0
23425,0.99998796,1.1992456e-05,0
23426,1.0,2.4019614e-11,0
23427,0.99996984,3.0153607e-05,0
23428,0.99991393,8.607786e-05,0
23429,0.99997234,2.764868e-05,0
23430,1.0,4.4342592e-08,0
23431,0.9999999,1.4216177e-07,0
23432,1.0,1.8314605e-08,0
23433,0.9999999,9.795255e-08,0
23434,0.99998987,1.0143371e-05,0
23435,0.9999999,9.5446346e-08,0
23436,0.99999905,9.174799e-07,0
23437,1.0,6.5944923e-14,0
23438,1.0,1.463574e-09,0
23439,1.0,3.7438315e-09,0
23440,0.9999739,2.616408e-05,0
23441,1.0,2.0962242e-10,0
23442,0.9999995,4.3402028e-07,0
23443,0.9999989,1.0854397e-06,0
23444,0.9999994,5.612318e-07,0
23445,0.9999999,6.8330536e-08,0
23446,1.0,1.0727089e-14,0
23447,1.0,1.499336e-10,0
23448,1.0,1.9363539e-11,0
23449,1.0,9.657946e-10,0
23450,0.99999976,2.0247406e-07,0
23451,1.0,1.27044135e-08,0
23452,1.0,3.0267582e-08,0
23453,1.0,4.005282e-10,0
23454,0.99999833,1.7005237e-06,0
23455,0.9999931,6.878165e-06,0
23456,1.0,2.7985731e-08,0
23457,1.0,1.1211178e-08,0
23458,0.9999912,8.77286e-06,0
23459,0.99999976,2.3742832e-07,0
23460,1.0,2.0703962e-10,0
23461,0.99999976,2.3502568e-07,0
23462,0.9999672,3.2752643e-05,0
23463,1.0,6.1593713e-10,0
23464,1.0,1.4347774e-11,0
23465,1.0,3.7568557e-10,0
23466,0.99999034,9.694229e-06,0
23467,1.0,6.9555517e-09,0
23468,1.0,2.3382676e-09,0
23469,1.0,7.61747e-09,0
23470,0.9999999,1.5795472e-07,0
23471,0.9999999,1.0715388e-07,0
23472,0.999997,2.938257e-06,0
23473,1.0,7.0825135e-10,0
23474,1.0,1.5615461e-12,0
23475,0.9999981,1.9019839e-06,0
23476,1.0,2.3762725e-09,0
23477,0.9999814,1.863612e-05,0
23478,0.99999154,8.411778e-06,0
23479,0.9999887,1.1356816e-05,0
23480,0.9999999,7.675783e-08,0
23481,1.0,2.2642341e-10,0
23482,0.99999917,8.6527103e-07,0
23483,0.9999994,6.394461e-07,0
23484,1.0,1.3684534e-10,0
23485,0.9999999,8.094326e-08,0
23486,1.0,3.5754003e-10,0
23487,0.9999982,1.7832725e-06,0
23488,0.99999607,3.938533e-06,0
23489,0.9999999,1.7248028e-07,0
23490,0.9999995,4.7702594e-07,0
23491,0.99999,1.0040449e-05,0
23492,0.9999912,8.776677e-06,0
23493,0.9999989,1.1264979e-06,0
23494,1.0,3.533021e-08,0
23495,1.0,2.2011946e-10,0
23496,1.0,5.286566e-11,0
23497,1.0,1.1524354e-09,0
23498,0.9999999,9.1475606e-08,0
23499,1.0,1.2524428e-11,0
23500,1.0,2.9877104e-11,0
23501,1.0,4.9944654e-10,0
23502,1.0,5.9851304e-11,0
23503,1.0,1.7545371e-10,0
23504,1.0,1.9001777e-10,0
23505,1.0,4.6122196e-08,0
23506,1.0,8.456686e-13,0
23507,0.9999728,2.7184606e-05,0
23508,1.0,2.2008839e-10,0
23509,0.9999999,1.6920133e-07,0
23510,0.9999995,4.563514e-07,0
23511,1.0,2.2920194e-08,0
23512,0.99999785,2.2001784e-06,0
23513,1.0,1.15868435e-08,0
23514,1.0,1.248608e-10,0
23515,1.0,7.730701e-09,0
23516,0.9999944,5.6549834e-06,0
23517,0.9999975,2.5444544e-06,0
23518,0.9999988,1.1787887e-06,0
23519,1.0,2.634798e-09,0
23520,0.99999905,8.964659e-07,0
23521,0.99985945,0.00014048949,0
23522,1.0,2.6426656e-08,0
23523,1.0,1.6541259e-08,0
23524,0.9999956,4.406346e-06,0
23525,1.0,1.09006635e-08,0
23526,1.0,2.5465008e-09,0
23527,0.99999404,5.9235726e-06,0
23528,1.0,4.7812234e-09,0
23529,1.0,1.2347959e-10,0
23530,1.0,9.72621e-11,0
23531,0.9998708,0.0001292614,0
23532,1.0,6.658992e-10,0
23533,0.9999951,4.85752e-06,0
23534,1.0,6.4994995e-11,0
23535,1.0,6.334636e-09,0
23536,1.0,4.7451223e-08,0
23537,1.0,2.7129978e-08,0
23538,0.99997973,2.0300942e-05,0
23539,0.9999993,6.7473684e-07,0
23540,1.0,3.6926706e-09,0
23541,0.99999857,1.4369768e-06,0
23542,0.9999926,7.3413917e-06,0
23543,0.9999871,1.291034e-05,0
23544,1.0,1.1987112e-09,0
23545,1.0,4.740798e-08,0
23546,1.0,2.1587741e-08,0
23547,0.9999999,1.2584219e-07,0
23548,1.0,1.0940744e-11,0
23549,1.0,1.6200713e-10,0
23550,1.0,1.7880905e-11,0
23551,0.9999964,3.5561543e-06,0
23552,1.0,3.0430153e-10,0
23553,0.9999926,7.3386896e-06,0
23554,1.0,2.1450028e-09,0
23555,1.0,2.414444e-09,0
23556,1.0,5.116996e-09,0
23557,0.9999999,1.1770011e-07,0
23558,0.9999995,4.9215004e-07,0
23559,1.0,3.6248968e-09,0
23560,1.0,7.883412e-10,0
23561,1.0,1.089206e-08,0
23562,0.9999988,1.2458104e-06,0
23563,1.0,3.1403777e-10,0
23564,0.99999774,2.2217823e-06,0
23565,0.9999999,9.472291e-08,0
23566,1.0,5.006746e-08,0
23567,0.99997056,2.949951e-05,0
23568,0.9999988,1.1414604e-06,0
23569,0.9999988,1.189247e-06,0
23570,0.99999976,2.2569803e-07,0
23571,1.0,1.6514123e-11,0
23572,0.99999285,7.171987e-06,0
23573,0.9999987,1.3308115e-06,0
23574,1.0,1.6392986e-11,0
23575,1.0,2.3544144e-09,0
23576,1.0,1.5142676e-08,0
23577,1.0,8.299307e-09,0
23578,0.9999976,2.377186e-06,0
23579,1.0,7.913629e-11,0
23580,1.0,6.213277e-12,0
23581,1.0,5.2618372e-08,0
23582,0.9999999,8.7762416e-08,0
23583,1.0,8.096855e-09,0
23584,0.99956566,0.00043434306,0
23585,0.99999523,4.731061e-06,0
23586,1.0,1.7536872e-10,0
23587,0.9999993,6.626347e-07,0
23588,0.9999924,7.598458e-06,0
23589,1.0,4.6329545e-09,0
23590,1.0,9.167872e-09,0
23591,1.0,5.1972723e-12,0
23592,0.9999995,4.6385094e-07,0
23593,0.9999995,5.32171e-07,0
23594,0.9999925,7.491507e-06,0
23595,0.9999957,4.2943343e-06,0
23596,1.0,5.1116283e-10,0
23597,0.99999666,3.308574e-06,0
23598,1.0,2.3384649e-08,0
23599,0.999995,4.966001e-06,0
23600,0.9999999,6.31046e-08,0
23601,1.0,7.974875e-11,0
23602,0.99999905,9.848785e-07,0
23603,0.99999774,2.21871e-06,0
23604,1.0,1.3642694e-08,0
23605,0.99999976,2.872436e-07,0
23606,1.0,2.1328178e-12,0
23607,1.0,6.658538e-09,0
23608,0.9999993,7.461849e-07,0
23609,1.0,1.4478266e-08,0
23610,0.9999999,1.254511e-07,0
23611,0.9996278,0.00037220918,0
23612,1.0,2.24127e-12,0
23613,0.99999714,2.9150553e-06,0
23614,0.9999932,6.7898045e-06,0
23615,0.9999902,9.7882885e-06,0
23616,0.9999994,6.0105594e-07,0
23617,0.9999995,5.1766057e-07,0
23618,0.9999976,2.3495156e-06,0
23619,1.0,8.542861e-11,0
23620,1.0,4.328684e-11,0
23621,1.0,4.467825e-09,0
23622,0.99998784,1.2117976e-05,0
23623,1.0,2.6326177e-09,0
23624,0.9999993,7.238524e-07,0
23625,1.0,2.3254836e-10,0
23626,1.0,8.535641e-12,0
23627,0.99996567,3.437231e-05,0
23628,1.0,4.7778278e-11,0
23629,1.0,3.9561603e-09,0
23630,1.0,1.376559e-09,0
23631,1.0,2.3012872e-09,0
23632,1.0,4.7809612e-12,0
23633,0.9999949,5.1467096e-06,0
23634,0.9999958,4.1230137e-06,0
23635,0.99999917,8.4824876e-07,0
23636,1.0,5.193923e-08,0
23637,0.9999912,8.821267e-06,0
23638,1.0,1.3543408e-10,0
23639,0.9999999,1.3823276e-07,0
23640,0.99999774,2.2273662e-06,0
23641,1.0,8.8633895e-10,0
23642,1.0,2.0087132e-08,0
23643,0.99999976,2.6720534e-07,0
23644,1.0,5.3817832e-11,0
23645,0.9999956,4.4001727e-06,0
23646,0.99999976,2.6958267e-07,0
23647,0.9999999,7.680748e-08,0
23648,0.9999999,9.139103e-08,0
23649,0.9999999,1.16608426e-07,0
23650,0.9999999,1.4088901e-07,0
23651,1.0,2.2055042e-12,0
23652,0.9999999,9.924149e-08,0
23653,0.9999999,1.3876797e-07,0
23654,1.0,3.4989103e-10,0
23655,0.9999993,6.861812e-07,0
23656,1.0,3.4963334e-11,0
23657,0.9999999,1.12903976e-07,0
23658,1.0,5.6013008e-09,0
23659,0.9999999,6.986107e-08,0
23660,0.99999976,2.1774872e-07,0
23661,1.0,1.4924947e-09,0
23662,0.9999999,9.515496e-08,0
23663,0.9999999,7.9517534e-08,0
23664,1.0,8.543734e-09,0
23665,1.0,1.6699908e-10,0
23666,1.0,5.047427e-09,0
23667,0.9999999,1.3672033e-07,0
23668,1.0,4.231466e-08,0
23669,0.9999999,1.7177051e-07,0
23670,1.0,5.7196722e-08,0
23671,1.0,2.7291074e-08,0
23672,1.0,4.075583e-08,0
23673,1.0,3.6396466e-09,0
23674,1.0,3.233227e-08,0
23675,1.0,8.334142e-09,0
23676,1.0,8.411211e-09,0
23677,1.0,1.3117999e-08,0
23678,1.0,1.3522282e-08,0
23679,1.0,3.4950034e-09,0
23680,0.99999917,7.774383e-07,0
23681,1.0,2.5182702e-08,0
23682,1.0,1.5530867e-08,0
23683,0.9999994,6.146339e-07,0
23684,1.0,1.5630272e-08,0
23685,0.9999999,6.353964e-08,0
23686,1.0,2.0120931e-10,0
23687,0.9999989,1.0943809e-06,0
23688,1.0,3.339225e-10,0
23689,1.0,4.0797982e-08,0
23690,0.9999999,6.312795e-08,0
23691,1.0,1.5764817e-09,0
23692,0.9999994,6.1604936e-07,0
23693,0.9999999,7.5239036e-08,0
23694,0.9999993,6.5973546e-07,0
23695,1.0,1.8208024e-08,0
23696,0.9999999,1.438611e-07,0
23697,0.99999976,2.4614093e-07,0
23698,0.9999999,1.0366355e-07,0
23699,0.9999999,8.071847e-08,0
23700,1.0,5.2241468e-08,0
23701,0.9999999,1.6028493e-07,0
23702,0.99999964,3.4682012e-07,0
23703,0.9999999,1.0684775e-07,0
23704,0.9999999,1.13251225e-07,0
23705,1.0,1.00838315e-08,0
23706,0.99999976,2.0728665e-07,0
23707,1.0,4.1674564e-10,0
23708,1.0,9.422769e-09,0
23709,1.0,1.2705086e-09,0
23710,0.99999976,2.7474195e-07,0
23711,1.0,1.9385953e-09,0
23712,1.0,1.079955e-08,0
23713,1.0,3.3199127e-10,0
23714,1.0,5.1412946e-10,0
23715,1.0,3.9355366e-10,0
23716,1.0,5.070285e-09,0
23717,1.0,6.6290635e-09,0
23718,0.99999976,2.0715522e-07,0
23719,1.0,4.5893986e-10,0
23720,1.0,3.074622e-08,0
23721,1.0,6.579187e-11,0
23722,1.0,1.0717668e-09,0
23723,1.0,4.327082e-11,0
23724,1.0,1.7217618e-08,0
23725,1.0,6.7810655e-09,0
23726,1.0,1.577066e-08,0
23727,1.0,1.0810956e-10,0
23728,1.0,1.0546576e-09,0
23729,1.0,1.3880974e-08,0
23730,0.9999999,1.628578e-07,0
23731,1.0,2.7349189e-11,0
23732,1.0,4.062166e-11,0
23733,0.9999999,1.2098917e-07,0
23734,0.9999999,1.05162336e-07,0
23735,1.0,3.475014e-10,0
23736,1.0,2.4061044e-09,0
23737,1.0,7.9502795e-09,0
23738,1.0,4.6187516e-08,0
23739,1.0,1.0594829e-08,0
23740,1.0,8.862337e-11,0
23741,1.0,1.1375912e-09,0
23742,1.0,4.6609356e-09,0
23743,1.0,2.683355e-08,0
23744,1.0,1.0139434e-08,0
23745,1.0,7.2358857e-09,0
23746,1.0,1.7944778e-13,0
23747,1.0,1.7791112e-09,0
23748,1.0,1.6020408e-09,0
23749,0.9999999,8.456965e-08,0
23750,1.0,1.6303085e-08,0
23751,1.0,4.481739e-08,0
23752,1.0,4.193658e-10,0
23753,1.0,1.1043825e-09,0
23754,1.0,2.0333022e-08,0
23755,1.0,5.0252273e-09,0
23756,0.9999999,8.5312635e-08,0
23757,1.0,1.268035e-08,0
23758,1.0,5.8895147e-09,0
23759,1.0,3.915049e-08,0
23760,1.0,3.048962e-08,0
23761,1.0,1.329546e-08,0
23762,1.0,3.1823962e-08,0
23763,1.0,2.6396783e-08,0
23764,1.0,4.0472692e-08,0
23765,1.0,5.567748e-09,0
23766,1.0,3.0121905e-10,0
23767,1.0,6.9246298e-09,0
23768,1.0,9.354007e-09,0
23769,0.9999999,1.7156782e-07,0
23770,1.0,4.98842e-10,0
23771,1.0,9.380552e-10,0
23772,1.0,1.351173e-09,0
23773,1.0,8.010234e-13,0
23774,1.0,7.0941852e-09,0
23775,1.0,2.1462634e-09,0
23776,0.9999999,1.615963e-07,0
23777,1.0,5.39752e-08,0
23778,1.0,6.693259e-10,0
23779,1.0,6.8836226e-09,0
23780,1.0,3.9290608e-08,0
23781,1.0,8.733593e-12,0
23782,1.0,2.8245774e-11,0
23783,1.0,7.2931786e-13,0
23784,1.0,1.5726039e-10,0
23785,1.0,5.405061e-08,0
23786,0.9999995,5.363245e-07,0
23787,1.0,4.2145185e-12,0
23788,1.0,2.1259176e-08,0
23789,1.0,4.2625106e-10,0
23790,0.9999982,1.7332169e-06,0
23791,1.0,5.5837185e-10,0
23792,1.0,9.1462145e-09,0
23793,1.0,3.1968827e-11,0
23794,1.0,4.233797e-09,0
23795,0.99999833,1.6193615e-06,0
23796,0.9999999,1.0557172e-07,0
23797,1.0,5.072923e-10,0
23798,1.0,1.6076303e-09,0
23799,1.0,2.2849511e-09,0
23800,1.0,4.3463846e-09,0
23801,1.0,2.664289e-10,0
23802,1.0,8.3999036e-10,0
23803,1.0,1.8703268e-09,0
23804,1.0,2.9950974e-16,0
23805,1.0,3.97401e-08,0
23806,1.0,4.9730895e-09,0
23807,1.0,3.874036e-09,0
23808,1.0,1.2928321e-09,0
23809,1.0,5.911483e-09,0
23810,0.9999999,1.7704367e-07,0
23811,1.0,4.068102e-09,0
23812,1.0,1.0967819e-08,0
23813,1.0,2.2792808e-08,0
23814,1.0,2.3966416e-09,0
23815,0.9999999,1.4188004e-07,0
23816,0.9999999,7.0690916e-08,0
23817,1.0,3.1570163e-08,0
23818,0.9999999,7.3068975e-08,0
23819,1.0,3.4915274e-08,0
23820,1.0,9.855615e-09,0
23821,1.0,1.8672826e-09,0
23822,1.0,1.5439189e-12,0
23823,1.0,1.6225399e-09,0
23824,0.99999964,3.339267e-07,0
23825,1.0,4.1504333e-10,0
23826,1.0,2.019189e-11,0
23827,1.0,4.3859747e-09,0
23828,1.0,1.497801e-10,0
23829,0.9999999,1.3152541e-07,0
23830,1.0,2.399552e-08,0
23831,1.0,1.4654744e-08,0
23832,1.0,1.8721613e-09,0
23833,1.0,1.3432663e-09,0
23834,1.0,5.7406755e-09,0
23835,1.0,3.585109e-11,0
23836,1.0,2.3919938e-08,0
23837,1.0,1.7136204e-08,0
23838,1.0,1.591856e-08,0
23839,1.0,1.9121629e-08,0
23840,1.0,2.5987465e-10,0
23841,0.9999995,4.7495772e-07,0
23842,0.99999976,1.9083744e-07,0
23843,1.0,2.2346147e-09,0
23844,1.0,1.1737381e-09,0
23845,1.0,1.0361364e-09,0
23846,1.0,4.478817e-08,0
23847,1.0,1.5408123e-12,0
23848,1.0,3.0381297e-08,0
23849,1.0,3.629603e-08,0
23850,1.0,2.8112204e-08,0
23851,1.0,4.1988166e-08,0
23852,1.0,4.2693337e-08,0
23853,1.0,1.6423876e-15,0
23854,1.0,1.1540983e-09,0
23855,1.0,5.63229e-14,0
23856,0.99999964,3.166971e-07,0
23857,1.0,9.9184305e-09,0
23858,1.0,1.845353e-08,0
23859,1.0,8.307922e-09,0
23860,1.0,5.739523e-10,0
23861,1.0,2.037763e-12,0
23862,1.0,2.0343382e-08,0
23863,1.0,2.8597146e-08,0
23864,1.0,1.21211565e-08,0
23865,0.99999976,2.5566794e-07,0
23866,1.0,3.4494555e-15,0
23867,1.0,1.0637432e-08,0
23868,0.9999989,1.0432083e-06,0
23869,1.0,4.852464e-08,0
23870,1.0,5.4127074e-11,0
23871,1.0,1.5526387e-09,0
23872,0.9999999,8.040026e-08,0
23873,1.0,2.919622e-09,0
23874,1.0,2.8063344e-08,0
23875,1.0,2.7864719e-08,0
23876,1.0,5.0236557e-09,0
23877,1.0,1.0632842e-09,0
23878,0.9999987,1.293703e-06,0
23879,0.9999999,1.591954e-07,0
23880,1.0,1.8212598e-09,0
23881,1.0,1.9352933e-08,0
23882,1.0,3.7391482e-10,0
23883,1.0,5.570364e-08,0
23884,1.0,5.052252e-09,0
23885,1.0,1.1142067e-08,0
23886,0.9999999,8.6868596e-08,0
23887,1.0,3.691363e-08,0
23888,0.9999999,7.608659e-08,0
23889,1.0,5.229418e-09,0
23890,1.0,4.8402042e-09,0
23891,0.99999964,3.9924802e-07,0
23892,1.0,9.453903e-11,0
23893,1.0,2.563279e-09,0
23894,1.0,1.8119886e-08,0
23895,1.0,2.3699096e-08,0
23896,1.0,1.672249e-08,0
23897,0.9999999,1.2088975e-07,0
23898,0.9999994,5.760069e-07,0
23899,1.0,1.7753214e-09,0
23900,1.0,5.8004428e-08,0
23901,1.0,8.2031013e-13,0
23902,0.9999999,6.056891e-08,0
23903,1.0,1.263343e-10,0
23904,1.0,2.0986977e-09,0
23905,1.0,5.6831123e-08,0
23906,0.99999964,3.1789267e-07,0
23907,1.0,1.4144974e-09,0
23908,1.0,4.6030618e-08,0
23909,0.9999995,4.6166025e-07,0
23910,1.0,2.2399925e-08,0
23911,0.9999999,1.273817e-07,0
23912,1.0,2.909534e-08,0
23913,0.99999917,8.886434e-07,0
23914,0.9999999,1.7482127e-07,0
23915,1.0,4.2441783e-09,0
23916,0.9999999,1.3250705e-07,0
23917,1.0,2.06812e-09,0
23918,1.0,4.157552e-08,0
23919,1.0,4.0866555e-10,0
23920,0.9999999,1.3528208e-07,0
23921,1.0,2.8117416e-11,0
23922,1.0,3.349912e-09,0
23923,1.0,3.22496e-09,0
23924,1.0,5.313026e-09,0
23925,1.0,1.2195754e-09,0
23926,1.0,1.1943892e-08,0
23927,1.0,1.2736289e-09,0
23928,1.0,2.4968575e-12,0
23929,1.0,1.9197936e-08,0
23930,0.9999999,9.2170026e-08,0
23931,1.0,1.3391893e-08,0
23932,1.0,1.431636e-08,0
23933,1.0,9.938001e-11,0
23934,1.0,3.7519787e-10,0
23935,1.0,1.9218893e-08,0
23936,1.0,3.1046646e-08,0
23937,1.0,7.8375045e-10,0
23938,1.0,2.9101371e-13,0
23939,1.0,1.3724273e-09,0
23940,1.0,1.2186046e-11,0
23941,1.0,6.2093526e-09,0
23942,1.0,2.4841698e-08,0
23943,1.0,1.4455329e-09,0
23944,1.0,2.9744296e-10,0
23945,1.0,2.9763836e-09,0
23946,1.0,3.0870961e-09,0
23947,1.0,7.422431e-12,0
23948,1.0,4.6644844e-09,0
23949,1.0,1.3204295e-09,0
23950,1.0,8.3713536e-10,0
23951,1.0,1.0292508e-08,0
23952,1.0,3.4989487e-11,0
23953,1.0,2.4399522e-09,0
23954,1.0,1.1168572e-09,0
23955,1.0,5.5798886e-09,0
23956,0.9999989,1.0941554e-06,0
23957,1.0,1.5414502e-08,0
23958,1.0,6.2750023e-09,0
23959,1.0,5.840762e-09,0
23960,1.0,3.8601086e-10,0
23961,1.0,1.2152442e-10,0
23962,1.0,1.5300716e-10,0
23963,1.0,1.9789885e-09,0
23964,1.0,9.997823e-09,0
23965,1.0,4.3485052e-10,0
23966,1.0,3.0169298e-09,0
23967,1.0,6.3590404e-09,0
23968,1.0,1.32304254e-11,0
23969,1.0,1.5729946e-09,0
23970,1.0,1.0326202e-10,0
23971,1.0,1.6473033e-08,0
23972,1.0,2.1114264e-08,0
23973,1.0,1.2997606e-08,0
23974,1.0,2.5196238e-09,0
23975,1.0,2.5919128e-08,0
23976,1.0,5.753347e-09,0
23977,1.0,3.275491e-08,0
23978,1.0,2.7653886e-08,0
23979,1.0,1.4678187e-08,0
23980,1.0,7.688872e-11,0
23981,1.0,1.2603953e-09,0
23982,1.0,3.0177137e-08,0
23983,0.99999976,1.9535406e-07,0
23984,1.0,1.59046e-08,0
23985,1.0,2.1628314e-10,0
23986,1.0,7.7450135e-10,0
23987,1.0,6.3407404e-09,0
23988,1.0,4.389509e-08,0
23989,1.0,4.1490776e-11,0
23990,1.0,1.786917e-08,0
23991,1.0,4.5857063e-10,0
23992,1.0,1.0161423e-09,0
23993,1.0,2.0496669e-09,0
23994,0.9999999,1.6617238e-07,0
23995,1.0,3.307875e-08,0
23996,1.0,2.3761059e-08,0
23997,1.0,1.0789975e-08,0
23998,1.0,6.140685e-10,0
23999,1.0,2.2553638e-10,0
24000,1.0,6.1811587e-09,0
24001,1.0,3.524223e-09,0
24002,1.0,5.1937073e-11,0
24003,1.0,2.5884864e-10,0
24004,1.0,3.494762e-10,0
24005,1.0,2.9498193e-10,0
24006,1.0,1.4416313e-09,0
24007,1.0,4.8110206e-08,0
24008,1.0,7.62823e-09,0
24009,1.0,1.5464433e-10,0
24010,1.0,2.0400732e-08,0
24011,1.0,1.2514341e-09,0
24012,1.0,8.313435e-10,0
24013,1.0,8.504996e-11,0
24014,1.0,5.050997e-10,0
24015,1.0,3.5245804e-12,0
24016,1.0,9.485376e-09,0
24017,0.9999999,1.7589441e-07,0
24018,1.0,7.7329093e-10,0
24019,1.0,2.6815464e-10,0
24020,0.9999999,1.3637158e-07,0
24021,0.9999999,8.5577305e-08,0
24022,1.0,2.0640739e-08,0
24023,1.0,7.36138e-13,0
24024,1.0,7.649577e-12,0
24025,1.0,5.790767e-13,0
24026,1.0,8.7916807e-10,0
24027,1.0,1.2150502e-09,0
24028,1.0,4.694133e-09,0
24029,1.0,3.2111498e-09,0
24030,1.0,2.527156e-13,0
24031,0.99999964,3.199777e-07,0
24032,1.0,7.869595e-09,0
24033,1.0,5.457098e-10,0
24034,1.0,1.8154342e-08,0
24035,1.0,4.984328e-11,0
24036,1.0,3.9861545e-09,0
24037,1.0,1.3817358e-09,0
24038,1.0,4.363063e-09,0
24039,1.0,2.5328648e-09,0
24040,1.0,4.585236e-09,0
24041,0.99999976,2.5899766e-07,0
24042,1.0,1.3824846e-09,0
24043,1.0,1.498817e-08,0
24044,1.0,4.7088666e-09,0
24045,0.9999995,5.3101616e-07,0
24046,1.0,8.280586e-09,0
24047,1.0,2.2182833e-08,0
24048,1.0,1.5055782e-09,0
24049,1.0,8.91038e-09,0
24050,1.0,2.9579239e-08,0
24051,1.0,9.2187395e-09,0
24052,1.0,2.3346946e-08,0
24053,1.0,2.372474e-08,0
24054,1.0,1.9705826e-08,0
24055,1.0,4.0015116e-09,0
24056,1.0,2.2536104e-09,0
24057,1.0,5.616803e-09,0
24058,1.0,6.0363146e-09,0
24059,0.9999999,9.142397e-08,0
24060,1.0,5.4460583e-09,0
24061,1.0,7.926957e-10,0
24062,1.0,1.9493044e-08,0
24063,1.0,3.217239e-08,0
24064,1.0,2.7468567e-09,0
24065,1.0,1.7425991e-08,0
24066,1.0,2.6291151e-09,0
24067,1.0,9.5816306e-11,0
24068,0.9999999,1.15204735e-07,0
24069,1.0,1.6427066e-08,0
24070,1.0,9.498262e-10,0
24071,1.0,1.0266392e-08,0
24072,1.0,2.0496719e-08,0
24073,1.0,6.8233614e-09,0
24074,1.0,4.6190665e-09,0
24075,1.0,3.0114666e-10,0
24076,1.0,2.1625242e-08,0
24077,1.0,4.0247834e-08,0
24078,1.0,5.1079665e-09,0
24079,1.0,2.4127542e-09,0
24080,1.0,4.1992575e-08,0
24081,1.0,7.007788e-10,0
24082,1.0,2.0390852e-08,0
24083,1.0,6.220157e-11,0
24084,1.0,6.7586234e-09,0
24085,1.0,1.5646231e-08,0
24086,1.0,2.1689704e-10,0
24087,0.9999999,8.226436e-08,0
24088,1.0,7.638592e-10,0
24089,1.0,1.7044572e-08,0
24090,1.0,9.351826e-10,0
24091,1.0,8.963361e-12,0
24092,1.0,4.3013742e-08,0
24093,1.0,1.595942e-08,0
24094,1.0,6.1738534e-09,0
24095,1.0,5.480777e-10,0
24096,1.0,1.2252059e-09,0
24097,1.0,3.6898667e-10,0
24098,1.0,2.0119302e-08,0
24099,1.0,7.958791e-09,0
24100,1.0,3.066762e-08,0
24101,1.0,1.9579969e-09,0
24102,1.0,7.1514483e-09,0
24103,1.0,1.5819441e-11,0
24104,1.0,5.98492e-09,0
24105,1.0,5.470417e-10,0
24106,1.0,9.273763e-09,0
24107,1.0,1.5130754e-08,0
24108,1.0,7.5298656e-11,0
24109,1.0,3.0337561e-09,0
24110,0.9999999,1.06127935e-07,0
24111,1.0,1.2734836e-08,0
24112,1.0,1.4521853e-08,0
24113,1.0,1.4404721e-08,0
24114,1.0,7.10473e-10,0
24115,1.0,2.5567164e-09,0
24116,1.0,3.0920462e-09,0
24117,1.0,2.8215343e-08,0
24118,1.0,6.793079e-09,0
24119,1.0,3.4544831e-09,0
24120,0.9999999,9.4538436e-08,0
24121,1.0,9.516069e-10,0
24122,1.0,2.6852597e-08,0
24123,0.99999976,2.2345866e-07,0
24124,1.0,4.245178e-11,0
24125,1.0,3.1974596e-09,0
24126,1.0,6.9183193e-09,0
24127,1.0,4.3490985e-08,0
24128,1.0,5.768624e-08,0
24129,1.0,1.1528113e-09,0
24130,1.0,2.0844477e-09,0
24131,1.0,3.238671e-08,0
24132,0.9999999,8.551644e-08,0
24133,1.0,8.4077145e-09,0
24134,1.0,2.4506048e-09,0
24135,1.0,7.556951e-09,0
24136,1.0,2.5015437e-08,0
24137,1.0,3.6270425e-08,0
24138,1.0,1.3600243e-08,0
24139,0.9999999,1.17771066e-07,0
24140,1.0,1.5794606e-10,0
24141,1.0,1.3235412e-09,0
24142,1.0,9.613451e-10,0
24143,1.0,4.1452473e-08,0
24144,1.0,1.3522217e-10,0
24145,1.0,2.48286e-10,0
24146,1.0,3.3744875e-08,0
24147,1.0,5.2816636e-09,0
24148,1.0,6.446295e-09,0
24149,1.0,3.236275e-08,0
24150,1.0,6.133287e-10,0
24151,1.0,5.209507e-09,0
24152,1.0,5.97251e-10,0
24153,1.0,7.232712e-09,0
24154,1.0,4.673583e-10,0
24155,1.0,2.5824604e-10,0
24156,0.9999999,7.121668e-08,0
24157,1.0,1.202398e-09,0
24158,1.0,1.041875e-10,0
24159,1.0,1.5796218e-08,0
24160,1.0,3.771119e-11,0
24161,1.0,1.7165301e-10,0
24162,1.0,1.1065563e-09,0
24163,1.0,6.3554305e-12,0
24164,1.0,5.7947595e-08,0
24165,1.0,1.030083e-09,0
24166,1.0,2.3922755e-09,0
24167,1.0,1.4754478e-08,0
24168,1.0,2.2161761e-09,0
24169,1.0,6.76484e-09,0
24170,1.0,1.9421177e-10,0
24171,1.0,3.0620673e-09,0
24172,1.0,5.233526e-10,0
24173,1.0,3.6973362e-09,0
24174,1.0,4.4690886e-08,0
24175,1.0,1.5192668e-08,0
24176,1.0,3.703051e-10,0
24177,1.0,4.835182e-10,0
24178,1.0,1.1306955e-08,0
24179,1.0,1.4208417e-08,0
24180,1.0,9.859332e-10,0
24181,1.0,3.308919e-10,0
24182,1.0,1.3315699e-10,0
24183,1.0,1.96071e-09,0
24184,1.0,9.375181e-11,0
24185,1.0,2.5296398e-09,0
24186,1.0,2.0163499e-10,0
24187,1.0,4.709448e-10,0
24188,1.0,1.0823717e-08,0
24189,1.0,9.38193e-10,0
24190,1.0,2.677869e-08,0
24191,1.0,2.1525623e-11,0
24192,1.0,8.0530524e-09,0
24193,1.0,3.4435301e-09,0
24194,1.0,6.1277886e-11,0
24195,1.0,2.9664764e-09,0
24196,1.0,1.9518704e-09,0
24197,1.0,1.0959819e-10,0
24198,1.0,1.6873484e-09,0
24199,1.0,1.4281068e-08,0
24200,1.0,1.6326968e-10,0
24201,1.0,5.2632447e-11,0
24202,1.0,9.09965e-09,0
24203,1.0,6.92014e-09,0
24204,1.0,3.849684e-09,0
24205,1.0,1.6847433e-09,0
24206,1.0,2.6412396e-08,0
24207,1.0,1.8514654e-09,0
24208,1.0,2.002594e-10,0
24209,1.0,2.2676572e-10,0
24210,1.0,1.9585169e-08,0
24211,1.0,9.372499e-11,0
24212,1.0,1.4677108e-10,0
24213,1.0,7.113699e-12,0
24214,1.0,6.844963e-12,0
24215,1.0,3.8094092e-09,0
24216,1.0,1.4907883e-08,0
24217,1.0,4.432891e-11,0
24218,1.0,2.844274e-10,0
24219,1.0,4.4789856e-09,0
24220,0.9999999,9.45792e-08,0
24221,1.0,1.8463812e-08,0
24222,1.0,1.8278222e-10,0
24223,1.0,5.230774e-09,0
24224,1.0,7.027428e-09,0
24225,1.0,2.9319607e-09,0
24226,0.9999999,8.584771e-08,0
24227,1.0,1.3542673e-08,0
24228,1.0,1.0575321e-09,0
24229,1.0,9.0084645e-10,0
24230,1.0,1.7360544e-11,0
24231,1.0,1.5862941e-12,0
24232,1.0,3.9795356e-10,0
24233,1.0,5.405674e-10,0
24234,1.0,4.691795e-10,0
24235,1.0,1.2571032e-10,0
24236,0.9999999,8.35372e-08,0
24237,1.0,5.719037e-09,0
24238,1.0,1.1903593e-08,0
24239,1.0,1.2101931e-09,0
24240,1.0,5.4088272e-11,0
24241,1.0,7.482381e-10,0
24242,1.0,7.969614e-11,0
24243,1.0,2.6803666e-09,0
24244,1.0,1.5029594e-08,0
24245,1.0,2.0130153e-09,0
24246,1.0,5.7397372e-08,0
24247,1.0,6.4272285e-09,0
24248,1.0,8.0142504e-10,0
24249,1.0,5.1551766e-11,0
24250,0.9999999,1.4186489e-07,0
24251,1.0,3.7606585e-12,0
24252,1.0,4.980795e-10,0
24253,1.0,1.3791213e-09,0
24254,1.0,2.1394756e-08,0
24255,1.0,4.2703793e-14,0
24256,1.0,6.522614e-10,0
24257,1.0,7.993542e-12,0
24258,1.0,1.4708915e-10,0
24259,1.0,7.710291e-09,0
24260,1.0,1.0671527e-09,0
24261,1.0,1.0003808e-09,0
24262,0.99999976,2.272956e-07,0
24263,1.0,8.1827475e-11,0
24264,0.9999999,1.2473888e-07,0
24265,1.0,1.2131541e-08,0
24266,1.0,1.30735875e-08,0
24267,1.0,4.4445363e-09,0
24268,0.9999999,1.0696805e-07,0
24269,1.0,2.0823574e-09,0
24270,0.99999964,3.479037e-07,0
24271,1.0,6.5899575e-09,0
24272,1.0,2.4700016e-11,0
24273,1.0,7.227589e-11,0
24274,1.0,1.907632e-11,0
24275,1.0,1.6190218e-09,0
24276,1.0,4.9676383e-09,0
24277,1.0,2.049491e-09,0
24278,0.9999999,7.3995466e-08,0
24279,1.0,7.532574e-09,0
24280,1.0,5.052115e-10,0
24281,1.0,5.859891e-08,0
24282,1.0,4.991508e-12,0
24283,1.0,5.522668e-10,0
24284,1.0,3.2849638e-08,0
24285,1.0,1.0630936e-09,0
24286,1.0,2.5943003e-09,0
24287,0.9999995,4.2764484e-07,0
24288,0.99999964,3.9105717e-07,0
24289,1.0,5.14168e-09,0
24290,1.0,6.4291292e-09,0
24291,1.0,1.5208317e-09,0
24292,1.0,2.6939704e-08,0
24293,0.9999999,9.646172e-08,0
24294,1.0,1.1200187e-09,0
24295,1.0,7.731159e-09,0
24296,1.0,2.4378416e-08,0
24297,1.0,3.32965e-08,0
24298,1.0,4.2719172e-11,0
24299,0.99999964,3.631951e-07,0
24300,0.9999999,8.41192e-08,0
24301,1.0,1.5959656e-09,0
24302,0.9999999,1.13440066e-07,0
24303,1.0,1.1023137e-09,0
24304,1.0,4.853899e-08,0
24305,1.0,1.0294781e-09,0
24306,1.0,1.44253194e-11,0
24307,1.0,9.9462785e-09,0
24308,1.0,6.933768e-11,0
24309,1.0,2.3308935e-09,0
24310,1.0,2.2246294e-09,0
24311,1.0,1.6746298e-12,0
24312,1.0,4.0211155e-08,0
24313,0.9999999,1.3360722e-07,0
24314,1.0,4.5490134e-10,0
24315,0.9999999,1.09080304e-07,0
24316,0.99999976,2.5065808e-07,0
24317,1.0,9.402293e-11,0
24318,1.0,9.610596e-09,0
24319,1.0,2.830112e-10,0
24320,1.0,4.4507825e-08,0
24321,1.0,7.731973e-12,0
24322,1.0,1.0418933e-09,0
24323,0.9999999,1.7128826e-07,0
24324,0.9999999,6.829705e-08,0
24325,1.0,6.6470475e-11,0
24326,1.0,8.016024e-10,0
24327,0.9999999,7.737225e-08,0
24328,1.0,2.7628206e-12,0
24329,1.0,3.9216444e-10,0
24330,1.0,4.065319e-08,0
24331,1.0,5.524617e-10,0
24332,0.99999833,1.6368757e-06,0
24333,1.0,4.3045706e-10,0
24334,1.0,2.0845352e-09,0
24335,1.0,9.884055e-10,0
24336,1.0,2.8060976e-09,0
24337,1.0,1.4824824e-09,0
24338,1.0,5.6616223e-09,0
24339,1.0,3.4451726e-09,0
24340,1.0,4.0290632e-11,0
24341,1.0,3.3967922e-08,0
24342,1.0,2.3010578e-10,0
24343,1.0,1.3119224e-12,0
24344,1.0,2.4804852e-09,0
24345,1.0,5.968931e-11,0
24346,0.99999964,3.4969332e-07,0
24347,0.99998116,1.888307e-05,0
24348,1.0,5.0497087e-09,0
24349,0.99999964,3.5970876e-07,0
24350,0.99999976,2.1488844e-07,0
24351,0.99999976,2.8842123e-07,0
24352,1.0,7.537028e-13,0
24353,1.0,4.1599596e-10,0
24354,1.0,3.776762e-11,0
24355,1.0,1.637331e-10,0
24356,1.0,1.1623044e-10,0
24357,1.0,1.7928648e-11,0
24358,1.0,9.550877e-09,0
24359,1.0,7.115622e-13,0
24360,0.99999857,1.4022831e-06,0
24361,1.0,2.978046e-10,0
24362,0.99999976,2.1132158e-07,0
24363,1.0,4.8540536e-09,0
24364,1.0,7.9080353e-10,0
24365,0.9999993,7.68397e-07,0
24366,1.0,3.4890242e-08,0
24367,0.99999964,3.4647599e-07,0
24368,1.0,1.0595869e-10,0
24369,1.0,9.4033785e-09,0
24370,1.0,1.7032109e-10,0
24371,1.0,1.9247832e-12,0
24372,1.0,6.894709e-10,0
24373,1.0,9.876145e-09,0
24374,1.0,2.382849e-09,0
24375,1.0,7.8223197e-13,0
24376,1.0,2.9395089e-09,0
24377,1.0,2.38798e-10,0
24378,1.0,2.3040506e-12,0
24379,1.0,1.9768986e-09,0
24380,0.9999999,8.209508e-08,0
24381,1.0,5.028305e-09,0
24382,1.0,1.5933225e-09,0
24383,1.0,3.0823553e-08,0
24384,0.99999976,1.8777737e-07,0
24385,1.0,2.1517371e-11,0
24386,1.0,1.5222653e-09,0
24387,1.0,3.7679285e-10,0
24388,1.0,2.1785904e-09,0
24389,1.0,1.6967018e-08,0
24390,1.0,1.89166e-08,0
24391,0.99999857,1.3783642e-06,0
24392,0.99999964,3.6543958e-07,0
24393,1.0,1.2219673e-08,0
24394,1.0,9.18484e-11,0
24395,1.0,3.6511674e-09,0
24396,1.0,7.568516e-10,0
24397,1.0,3.959597e-08,0
24398,0.99999964,3.349732e-07,0
24399,0.9999999,7.983592e-08,0
24400,1.0,3.4551967e-08,0
24401,1.0,9.43122e-09,0
24402,1.0,6.137494e-12,0
24403,0.99999976,2.2940974e-07,0
24404,1.0,3.4465575e-10,0
24405,0.9999999,7.900188e-08,0
24406,0.9999999,6.773351e-08,0
24407,1.0,1.986307e-08,0
24408,1.0,1.9527344e-09,0
24409,1.0,6.6112305e-10,0
24410,1.0,2.5939306e-08,0
24411,1.0,2.5037298e-08,0
24412,1.0,2.1743947e-08,0
24413,1.0,8.13008e-09,0
24414,1.0,1.0721231e-08,0
24415,1.0,3.096049e-08,0
24416,1.0,5.191533e-09,0
24417,1.0,2.2873932e-09,0
24418,0.9999999,8.64069e-08,0
24419,1.0,3.8893617e-09,0
24420,1.0,5.302451e-11,0
24421,1.0,1.2169149e-09,0
24422,0.9999999,6.140854e-08,0
24423,1.0,3.1779742e-12,0
24424,1.0,6.4286354e-10,0
24425,1.0,4.202308e-09,0
24426,1.0,1.7784725e-10,0
24427,1.0,8.398282e-11,0
24428,1.0,5.7320915e-11,0
24429,1.0,4.6130922e-11,0
24430,1.0,1.33602625e-11,0
24431,1.0,6.682964e-10,0
24432,1.0,2.632497e-09,0
24433,1.0,2.4511492e-11,0
24434,1.0,2.7699178e-08,0
24435,1.0,5.0782796e-09,0
24436,1.0,1.5212784e-09,0
24437,1.0,5.488291e-09,0
24438,1.0,8.067473e-09,0
24439,1.0,2.0083328e-09,0
24440,1.0,2.111939e-11,0
24441,1.0,3.236633e-08,0
24442,1.0,1.8017168e-10,0
24443,0.9999999,1.4690964e-07,0
24444,1.0,1.120835e-09,0
24445,1.0,1.4521284e-10,0
24446,1.0,1.5401859e-09,0
24447,1.0,3.3269078e-08,0
24448,1.0,2.8511037e-12,0
24449,1.0,2.2084372e-09,0
24450,1.0,1.4247026e-09,0
24451,0.9999995,4.398485e-07,0
24452,1.0,1.8516633e-09,0
24453,1.0,2.82232e-08,0
24454,0.9999999,7.132979e-08,0
24455,1.0,4.4559614e-09,0
24456,1.0,6.2809176e-09,0
24457,1.0,1.3276995e-14,0
24458,0.9999999,1.4211092e-07,0
24459,1.0,1.0011673e-09,0
24460,1.0,3.480342e-09,0
24461,1.0,1.1953008e-08,0
24462,1.0,5.098503e-10,0
24463,1.0,7.6544304e-10,0
24464,1.0,3.2480457e-10,0
24465,1.0,1.115716e-09,0
24466,1.0,5.2598605e-08,0
24467,1.0,1.3207463e-10,0
24468,1.0,1.0999777e-10,0
24469,1.0,3.158489e-10,0
24470,1.0,3.780285e-08,0
24471,1.0,1.0714664e-09,0
24472,1.0,2.7472064e-10,0
24473,1.0,3.3334486e-09,0
24474,1.0,3.735999e-09,0
24475,1.0,1.1014216e-11,0
24476,1.0,4.8307047e-09,0
24477,1.0,1.0098425e-11,0
24478,1.0,1.1510512e-13,0
24479,1.0,9.103564e-11,0
24480,1.0,1.4438932e-09,0
24481,1.0,2.25818e-09,0
24482,1.0,8.951416e-09,0
24483,1.0,4.380814e-10,0
24484,1.0,1.0782033e-12,0
24485,1.0,3.4641099e-09,0
24486,1.0,9.022e-13,0
24487,1.0,3.555124e-09,0
24488,1.0,1.4774754e-08,0
24489,1.0,1.668305e-08,0
24490,1.0,9.526475e-10,0
24491,1.0,7.312199e-11,0
24492,1.0,1.4268836e-09,0
24493,1.0,2.0320614e-12,0
24494,1.0,5.8140054e-10,0
24495,1.0,2.73891e-09,0
24496,1.0,2.6768414e-09,0
24497,1.0,1.9590306e-10,0
24498,1.0,9.9940764e-11,0
24499,1.0,1.5739668e-13,0
24500,1.0,1.1501456e-08,0
24501,1.0,1.21788135e-08,0
24502,1.0,5.837062e-10,0
24503,1.0,2.3375362e-09,0
24504,1.0,6.2238276e-10,0
24505,1.0,5.0462043e-09,0
24506,1.0,1.16325705e-08,0
24507,1.0,5.1098695e-08,0
24508,1.0,1.19777015e-08,0
24509,1.0,2.2385798e-11,0
24510,1.0,2.0162597e-08,0
24511,1.0,8.837432e-09,0
24512,1.0,1.4909533e-08,0
24513,1.0,2.0136106e-09,0
24514,1.0,1.8224307e-13,0
24515,1.0,1.99012e-10,0
24516,1.0,1.7937122e-08,0
24517,1.0,5.627735e-11,0
24518,1.0,1.4289916e-09,0
24519,1.0,4.910183e-10,0
24520,1.0,8.534067e-11,0
24521,1.0,8.032002e-10,0
24522,1.0,2.8194368e-15,0
24523,1.0,5.5761623e-10,0
24524,0.9999999,6.6989095e-08,0
24525,1.0,2.4296425e-09,0
24526,1.0,3.0176088e-09,0
24527,1.0,9.6994434e-14,0
24528,1.0,9.360213e-10,0
24529,1.0,2.8449088e-10,0
24530,1.0,6.981509e-09,0
24531,0.9999999,7.1904324e-08,0
24532,1.0,4.650925e-10,0
24533,1.0,2.088728e-11,0
24534,1.0,2.910841e-10,0
24535,1.0,4.2579728e-08,0
24536,1.0,2.8610796e-11,0
24537,1.0,6.457589e-10,0
24538,1.0,6.836515e-10,0
24539,1.0,4.103867e-12,0
24540,1.0,5.526169e-09,0
24541,1.0,1.67802e-11,0
24542,1.0,5.2696805e-12,0
24543,1.0,2.1673245e-10,0
24544,1.0,9.074898e-09,0
24545,1.0,5.765472e-10,0
24546,1.0,9.832599e-12,0
24547,1.0,4.64365e-09,0
24548,1.0,1.8678233e-10,0
24549,1.0,3.3444614e-08,0
24550,1.0,8.435104e-12,0
24551,1.0,5.7638555e-10,0
24552,1.0,2.0285404e-09,0
24553,1.0,2.302713e-10,0
24554,1.0,1.6341976e-11,0
24555,1.0,3.698628e-12,0
24556,1.0,3.9583864e-13,0
24557,1.0,1.0558149e-09,0
24558,1.0,2.2363218e-15,0
24559,1.0,6.37201e-12,0
24560,1.0,8.231811e-14,0
24561,1.0,2.1529206e-10,0
24562,1.0,2.52169e-10,0
24563,1.0,3.6019325e-09,0
24564,1.0,1.7173872e-11,0
24565,1.0,4.8449333e-09,0
24566,1.0,1.3147952e-09,0
24567,1.0,1.9531814e-09,0
24568,1.0,2.9358508e-12,0
24569,1.0,4.2111497e-09,0
24570,1.0,2.8281583e-14,0
24571,1.0,6.957481e-11,0
24572,1.0,6.5731295e-11,0
24573,1.0,1.0324164e-08,0
24574,1.0,5.944518e-10,0
24575,1.0,1.1342554e-08,0
24576,1.0,3.8091995e-12,0
24577,1.0,2.588521e-10,0
24578,1.0,4.88027e-09,0
24579,1.0,1.1163918e-11,0
24580,1.0,2.3979037e-09,0
24581,1.0,7.747606e-12,0
24582,1.0,1.0274963e-10,0
24583,1.0,1.8824359e-11,0
24584,1.0,1.5426503e-08,0
24585,1.0,1.0139971e-09,0
24586,1.0,1.927228e-14,0
24587,0.9999999,9.6468526e-08,0
24588,1.0,1.3284477e-09,0
24589,1.0,1.6740042e-08,0
24590,1.0,3.5934286e-10,0
24591,1.0,1.6343606e-10,0
24592,1.0,1.023843e-08,0
24593,1.0,7.4628687e-10,0
24594,1.0,2.1816665e-10,0
24595,1.0,5.1365706e-10,0
24596,0.9999994,5.5306e-07,0
24597,1.0,5.358806e-08,0
24598,1.0,2.1982081e-13,0
24599,1.0,6.622917e-10,0
24600,1.0,5.532473e-10,0
24601,1.0,4.2240207e-09,0
24602,1.0,7.0590606e-10,0
24603,1.0,1.05776755e-10,0
24604,1.0,3.9485422e-11,0
24605,1.0,6.6569983e-10,0
24606,0.9999999,7.3611865e-08,0
24607,1.0,1.4592474e-10,0
24608,1.0,1.9942512e-09,0
24609,1.0,2.1615695e-10,0
24610,1.0,6.874795e-12,0
24611,1.0,4.957255e-09,0
24612,1.0,4.729001e-09,0
24613,1.0,2.6905039e-12,0
24614,1.0,1.26828175e-08,0
24615,1.0,2.4265198e-10,0
24616,1.0,5.1000687e-10,0
24617,1.0,1.2421969e-10,0
24618,1.0,2.05492e-09,0
24619,1.0,9.790783e-10,0
24620,1.0,8.9310487e-10,0
24621,1.0,1.6242802e-09,0
24622,1.0,8.998281e-10,0
24623,1.0,9.599887e-11,0
24624,1.0,1.4299603e-08,0
24625,1.0,1.7061892e-10,0
24626,1.0,7.9631757e-10,0
24627,1.0,1.2182978e-11,0
24628,1.0,2.2408964e-10,0
24629,1.0,6.053263e-09,0
24630,1.0,1.237875e-11,0
24631,0.99999964,3.3730984e-07,0
24632,1.0,5.98623e-10,0
24633,1.0,5.9094534e-09,0
24634,1.0,2.793472e-10,0
24635,1.0,2.876667e-09,0
24636,1.0,3.911024e-09,0
24637,1.0,1.1368517e-09,0
24638,1.0,3.595633e-08,0
24639,1.0,5.33338e-10,0
24640,1.0,3.2338177e-09,0
24641,1.0,5.489901e-10,0
24642,1.0,2.0478409e-14,0
24643,1.0,1.908429e-11,0
24644,1.0,8.4052e-12,0
24645,1.0,3.4184125e-10,0
24646,1.0,1.4037942e-10,0
24647,1.0,2.7715852e-10,0
24648,0.9999999,6.364394e-08,0
24649,1.0,5.1038955e-09,0
24650,1.0,1.8013614e-08,0
24651,1.0,1.5323943e-09,0
24652,1.0,7.669736e-09,0
24653,1.0,2.9659446e-09,0
24654,1.0,2.3373088e-09,0
24655,1.0,2.0483537e-09,0
24656,1.0,8.39749e-09,0
24657,1.0,1.3109257e-10,0
24658,1.0,1.877911e-10,0
24659,1.0,9.4325416e-11,0
24660,1.0,3.0307225e-11,0
24661,1.0,2.4226734e-09,0
24662,1.0,2.91083e-10,0
24663,1.0,1.2756132e-08,0
24664,1.0,5.669369e-13,0
24665,1.0,6.768686e-09,0
24666,1.0,1.2922206e-09,0
24667,1.0,1.0651197e-08,0
24668,1.0,7.1349792e-12,0
24669,1.0,9.200133e-10,0
24670,1.0,1.8967676e-09,0
24671,1.0,5.145091e-10,0
24672,1.0,1.5560177e-10,0
24673,1.0,2.4963814e-12,0
24674,1.0,3.1173404e-11,0
24675,1.0,1.32953835e-08,0
24676,1.0,4.6251496e-09,0
24677,1.0,1.2670667e-10,0
24678,1.0,3.9832077e-08,0
24679,1.0,3.95195e-10,0
24680,1.0,1.3455595e-08,0
24681,0.99999917,8.7901685e-07,0
24682,1.0,9.112781e-09,0
24683,1.0,1.07203815e-10,0
24684,1.0,1.3196163e-09,0
24685,1.0,4.657441e-10,0
24686,1.0,5.937204e-08,0
24687,0.9999999,1.3804649e-07,0
24688,1.0,2.7328656e-10,0
24689,1.0,1.7356653e-09,0
24690,1.0,1.861079e-08,0
24691,1.0,3.7487066e-08,0
24692,1.0,1.0376414e-09,0
24693,1.0,2.1878057e-09,0
24694,1.0,1.870177e-09,0
24695,1.0,2.6770211e-08,0
24696,1.0,3.52895e-10,0
24697,1.0,8.706952e-11,0
24698,1.0,6.113214e-09,0
24699,1.0,4.134459e-09,0
24700,1.0,1.6507834e-10,0
24701,1.0,3.0099576e-09,0
24702,1.0,7.577265e-11,0
24703,1.0,6.165257e-11,0
24704,1.0,3.146259e-10,0
24705,1.0,1.1331578e-10,0
24706,1.0,9.115093e-09,0
24707,1.0,4.44292e-08,0
24708,0.99999964,4.0547573e-07,0
24709,1.0,1.20687705e-11,0
24710,1.0,1.1735662e-12,0
24711,1.0,7.702178e-09,0
24712,1.0,3.002246e-09,0
24713,1.0,7.745512e-11,0
24714,1.0,3.8651958e-08,0
24715,1.0,8.1353346e-10,0
24716,0.99999917,8.656292e-07,0
24717,1.0,8.7487524e-11,0
24718,1.0,7.551764e-09,0
24719,1.0,1.7581122e-09,0
24720,1.0,3.4779744e-12,0
24721,1.0,2.928004e-09,0
24722,1.0,2.0571073e-10,0
24723,0.99999976,1.9673479e-07,0
24724,1.0,7.5995293e-10,0
24725,1.0,1.6741278e-09,0
24726,1.0,1.7925803e-08,0
24727,1.0,2.6872119e-08,0
24728,1.0,4.890809e-09,0
24729,1.0,9.208915e-09,0
24730,1.0,3.1264317e-08,0
24731,0.99999976,1.9351151e-07,0
24732,1.0,1.6285797e-09,0
24733,1.0,1.0765282e-09,0
24734,1.0,7.2055863e-09,0
24735,1.0,1.7607407e-08,0
24736,1.0,1.7464254e-08,0
24737,1.0,1.0677701e-08,0
24738,1.0,1.9461838e-08,0
24739,1.0,1.3577257e-11,0
24740,1.0,9.252036e-12,0
24741,1.0,4.844804e-09,0
24742,1.0,9.119061e-12,0
24743,1.0,2.0098694e-09,0
24744,0.9999999,8.9272255e-08,0
24745,1.0,3.55912e-09,0
24746,1.0,6.6560174e-11,0
24747,1.0,4.8704144e-12,0
24748,1.0,3.4068765e-11,0
24749,1.0,2.4395531e-08,0
24750,1.0,2.6340339e-09,0
24751,1.0,3.8678653e-08,0
24752,0.9999999,1.0683083e-07,0
24753,1.0,5.5292416e-11,0
24754,1.0,2.3216236e-10,0
24755,1.0,2.0954797e-11,0
24756,1.0,4.963632e-09,0
24757,1.0,2.3227187e-09,0
24758,1.0,1.6386743e-10,0
24759,1.0,3.428254e-09,0
24760,1.0,3.016058e-11,0
24761,1.0,1.9729134e-09,0
24762,1.0,2.6522914e-11,0
24763,1.0,3.986331e-12,0
24764,1.0,3.679421e-11,0
24765,1.0,1.383502e-10,0
24766,1.0,6.50841e-10,0
24767,1.0,7.0686164e-09,0
24768,0.99999964,3.5622807e-07,0
24769,1.0,5.6764706e-12,0
24770,1.0,2.642226e-09,0
24771,1.0,1.5919031e-10,0
24772,1.0,3.4318588e-09,0
24773,1.0,2.3877353e-09,0
24774,1.0,1.5446524e-08,0
24775,1.0,7.6751316e-10,0
24776,1.0,1.1405579e-11,0
24777,1.0,6.4742994e-10,0
24778,1.0,2.2169033e-09,0
24779,1.0,8.150151e-10,0
24780,1.0,1.746244e-10,0
24781,1.0,2.8593326e-12,0
24782,1.0,2.7464795e-09,0
24783,1.0,7.795912e-09,0
24784,1.0,6.927023e-12,0
24785,1.0,1.3862056e-08,0
24786,1.0,3.5370362e-10,0
24787,1.0,5.7202524e-11,0
24788,1.0,4.729718e-11,0
24789,1.0,2.4087562e-11,0
24790,1.0,2.3543142e-10,0
24791,0.9999999,8.961345e-08,0
24792,1.0,1.2072121e-09,0
24793,1.0,9.300103e-09,0
24794,0.99999964,3.671446e-07,0
24795,1.0,2.073629e-10,0
24796,1.0,8.3569957e-10,0
24797,1.0,1.3190495e-10,0
24798,1.0,6.6622186e-10,0
24799,1.0,1.10579615e-10,0
24800,0.99999475,5.243531e-06,0
24801,1.0,2.2158875e-10,0
24802,1.0,2.061831e-08,0
24803,1.0,2.2259504e-08,0
24804,1.0,3.3952471e-10,0
24805,1.0,4.2444978e-11,0
24806,0.9999995,4.2523726e-07,0
24807,1.0,3.2217444e-13,0
24808,1.0,4.125219e-13,0
24809,1.0,6.474611e-13,0
24810,1.0,2.043392e-11,0
24811,1.0,8.0111323e-10,0
24812,1.0,3.205099e-12,0
24813,0.99999297,6.97793e-06,0
24814,0.9999994,6.0431023e-07,0
24815,0.9999964,3.5405067e-06,0
24816,1.0,9.7176434e-11,0
24817,1.0,2.9616215e-08,0
24818,0.99999607,3.8853336e-06,0
24819,1.0,3.0769748e-08,0
24820,0.99999726,2.780505e-06,0
24821,0.99999905,9.725766e-07,0
24822,1.0,1.6290582e-09,0
24823,0.9999994,6.0662217e-07,0
24824,0.99999964,3.4588896e-07,0
24825,0.9999999,1.5663467e-07,0
24826,1.0,5.736248e-11,0
24827,1.0,7.376827e-09,0
24828,1.0,2.2830898e-10,0
24829,1.0,6.058616e-11,0
24830,1.0,1.9893516e-08,0
24831,0.9999999,1.0566983e-07,0
24832,0.999982,1.797251e-05,0
24833,0.9999974,2.6817136e-06,0
24834,1.0,1.1960476e-10,0
24835,1.0,4.2039694e-08,0
24836,1.0,8.295853e-10,0
24837,0.9999999,1.2473434e-07,0
24838,1.0,3.6748483e-11,0
24839,1.0,1.2119393e-09,0
24840,1.0,1.8888387e-10,0
24841,1.0,3.8723982e-08,0
24842,1.0,2.2184315e-08,0
24843,0.9999999,1.6126285e-07,0
24844,1.0,3.989402e-09,0
24845,0.9999999,8.571551e-08,0
24846,1.0,3.002657e-10,0
24847,1.0,9.178312e-10,0
24848,1.0,1.0223676e-08,0
24849,1.0,4.9712496e-09,0
24850,1.0,4.5610076e-08,0
24851,1.0,1.2278067e-10,0
24852,1.0,1.0689928e-08,0
24853,1.0,1.1800234e-09,0
24854,1.0,1.3740244e-10,0
24855,1.0,2.8737585e-10,0
24856,1.0,5.358944e-10,0
24857,1.0,9.416543e-11,0
24858,0.9999999,1.06915024e-07,0
24859,1.0,5.934432e-11,0
24860,0.99999976,2.1008219e-07,0
24861,1.0,8.662447e-10,0
24862,1.0,5.479272e-10,0
24863,0.9999999,7.4335816e-08,0
24864,1.0,1.8485358e-10,0
24865,1.0,5.3638316e-10,0
24866,1.0,2.0440538e-08,0
24867,1.0,6.794789e-09,0
24868,1.0,1.987275e-10,0
24869,1.0,2.6518288e-09,0
24870,1.0,4.5715065e-10,0
24871,1.0,4.252417e-10,0
24872,0.9999999,1.18920006e-07,0
24873,1.0,2.8129514e-09,0
24874,1.0,1.3303088e-09,0
24875,1.0,5.7953967e-13,0
24876,1.0,1.0598047e-11,0
24877,1.0,5.1215826e-10,0
24878,1.0,2.922557e-10,0
24879,0.9999999,1.2307581e-07,0
24880,1.0,1.1850011e-09,0
24881,1.0,1.1025765e-09,0
24882,1.0,1.3375407e-11,0
24883,1.0,2.9071819e-08,0
24884,1.0,8.910121e-10,0
24885,1.0,6.588527e-12,0
24886,1.0,3.842986e-13,0
24887,0.9999982,1.8188085e-06,0
24888,1.0,1.5689554e-09,0
24889,1.0,5.949305e-10,0
24890,1.0,1.6880364e-10,0
24891,1.0,3.2431845e-11,0
24892,1.0,3.0161037e-11,0
24893,1.0,1.92155e-10,0
24894,1.0,1.7689904e-09,0
24895,1.0,2.1686168e-08,0
24896,0.99999964,4.1355347e-07,0
24897,1.0,1.544953e-08,0
24898,1.0,4.26835e-11,0
24899,1.0,2.0163807e-10,0
24900,1.0,7.412158e-09,0
24901,1.0,1.6171939e-10,0
24902,1.0,5.5237395e-11,0
24903,1.0,4.0953132e-08,0
24904,1.0,1.8537402e-10,0
24905,1.0,3.0446354e-10,0
24906,1.0,2.3360842e-08,0
24907,1.0,5.993379e-11,0
24908,1.0,6.2962847e-12,0
24909,1.0,5.441902e-10,0
24910,0.9999988,1.1502397e-06,0
24911,1.0,5.2579267e-11,0
24912,1.0,7.191982e-12,0
24913,1.0,4.818224e-10,0
24914,0.99999785,2.100374e-06,0
24915,1.0,1.116609e-11,0
24916,1.0,1.0523559e-11,0
24917,1.0,1.7138458e-12,0
24918,1.0,1.8374689e-11,0
24919,1.0,3.8759704e-10,0
24920,0.99999976,1.8676296e-07,0
24921,1.0,6.982648e-11,0
24922,1.0,1.2496087e-10,0
24923,1.0,8.924893e-12,0
24924,0.9999988,1.2216012e-06,0
24925,1.0,4.9905733e-09,0
24926,1.0,3.4195896e-08,0
24927,0.9999999,1.1073427e-07,0
24928,1.0,4.4588035e-08,0
24929,1.0,4.555508e-10,0
24930,1.0,2.2481428e-11,0
24931,1.0,1.4505319e-09,0
24932,0.99999726,2.6919731e-06,0
24933,1.0,3.338136e-10,0
24934,0.9999975,2.4547237e-06,0
24935,1.0,8.505957e-10,0
24936,0.99999976,2.2897827e-07,0
24937,1.0,7.774916e-09,0
24938,0.99999964,3.0911517e-07,0
24939,1.0,1.8163995e-09,0
24940,0.9999999,1.5173012e-07,0
24941,1.0,2.7139978e-11,0
24942,0.9999999,6.409052e-08,0
24943,0.9999999,6.1732194e-08,0
24944,1.0,5.085484e-08,0
24945,0.9999999,6.005391e-08,0
24946,1.0,2.3633824e-08,0
24947,1.0,5.7668464e-10,0
24948,1.0,1.339204e-09,0
24949,0.99999535,4.6718333e-06,0
24950,0.99999976,2.2161312e-07,0
24951,1.0,1.9347295e-11,0
24952,1.0,4.5431047e-08,0
24953,1.0,6.4514943e-10,0
24954,1.0,1.9644261e-10,0
24955,1.0,1.3238774e-12,0
24956,1.0,1.4337051e-11,0
24957,1.0,1.4830884e-08,0
24958,1.0,2.3116262e-12,0
24959,1.0,2.4119927e-11,0
24960,1.0,1.0369295e-12,0
24961,0.9999362,6.379774e-05,0
24962,1.0,1.3445108e-11,0
24963,1.0,2.7375283e-11,0
24964,0.9999993,6.719692e-07,0
24965,0.9999999,9.990964e-08,0
24966,1.0,2.4560761e-12,0
24967,0.99999976,1.8063179e-07,0
24968,1.0,1.9067709e-10,0
24969,0.9999957,4.2359984e-06,0
24970,1.0,2.4532373e-13,0
24971,1.0,5.778283e-11,0
24972,1.0,1.8874415e-10,0
24973,0.9999999,1.3786018e-07,0
24974,0.9999994,6.272156e-07,0
24975,1.0,2.6957164e-13,0
24976,1.0,9.095354e-11,0
24977,1.0,9.762481e-09,0
24978,1.0,1.9681182e-12,0
24979,1.0,2.5995022e-12,0
24980,1.0,9.860174e-11,0
24981,0.9999982,1.7551649e-06,0
24982,1.0,6.441915e-14,0
24983,1.0,4.966961e-11,0
24984,1.0,3.2604865e-09,0
24985,1.0,6.182409e-09,0
24986,1.0,3.0018125e-08,0
24987,0.99999964,3.5791024e-07,0
24988,1.0,8.235758e-09,0
24989,0.99999976,2.64089e-07,0
24990,1.0,1.0161495e-10,0
24991,1.0,2.703364e-12,0
24992,0.9999995,4.2343243e-07,0
24993,1.0,4.1356916e-08,0
24994,1.0,4.062916e-08,0
24995,1.0,3.0643065e-08,0
24996,1.0,6.296522e-13,0
24997,1.0,5.3188953e-13,0
24998,1.0,3.721592e-08,0
24999,0.99999845,1.5790426e-06,0
25000,0.99999976,2.0360118e-07,0
25001,1.0,8.740822e-09,0
25002,1.0,1.1623627e-09,0
25003,1.0,6.4749545e-10,0
25004,0.99999785,2.1935914e-06,0
25005,1.0,1.3731454e-08,0
25006,0.99999964,3.3412294e-07,0
25007,0.9999975,2.5089153e-06,0
25008,1.0,6.720596e-10,0
25009,0.99999845,1.498885e-06,0
25010,0.9999993,7.375887e-07,0
25011,0.99999726,2.704484e-06,0
25012,0.9999999,1.628485e-07,0
25013,1.0,9.852729e-11,0
25014,1.0,1.3371562e-10,0
25015,1.0,1.1809323e-10,0
25016,1.0,1.5234715e-08,0
25017,1.0,9.5260475e-12,0
25018,1.0,2.4823378e-11,0
25019,1.0,2.007736e-12,0
25020,1.0,6.373396e-12,0
25021,1.0,1.2937306e-08,0
25022,1.0,4.448792e-10,0
25023,1.0,2.2284917e-11,0
25024,1.0,8.825083e-13,0
25025,1.0,2.521767e-10,0
25026,1.0,6.1371897e-12,0
25027,1.0,1.15781724e-10,0
25028,1.0,6.7326526e-11,0
25029,1.0,6.8276434e-13,0
25030,1.0,1.8915722e-13,0
25031,0.99999905,9.310558e-07,0
25032,1.0,3.150553e-10,0
25033,1.0,4.2614983e-12,0
25034,1.0,5.974751e-11,0
25035,1.0,3.207287e-13,0
25036,1.0,7.9320435e-09,0
25037,1.0,1.8285215e-08,0
25038,0.99999225,7.705745e-06,0
25039,1.0,2.4723432e-08,0
25040,1.0,3.0288367e-12,0
25041,1.0,3.628108e-08,0
25042,0.9999999,7.32965e-08,0
25043,1.0,3.716488e-10,0
25044,1.0,5.8667265e-11,0
25045,1.0,3.97434e-10,0
25046,1.0,4.984135e-12,0
25047,1.0,1.7214613e-10,0
25048,0.9999944,5.5667906e-06,0
25049,1.0,6.373986e-10,0
25050,1.0,1.3454723e-08,0
25051,1.0,1.8717249e-10,0
25052,1.0,5.877115e-09,0
25053,1.0,1.0965537e-12,0
25054,1.0,4.4266064e-14,0
25055,1.0,5.376914e-13,0
25056,1.0,1.0564579e-12,0
25057,1.0,3.0621725e-09,0
25058,1.0,6.726264e-10,0
25059,1.0,2.0007597e-08,0
25060,1.0,1.8187993e-12,0
25061,1.0,2.696974e-11,0
25062,1.0,2.461784e-08,0
25063,1.0,2.299895e-10,0
25064,0.9999981,1.8910648e-06,0
25065,0.99999607,3.990108e-06,0
25066,1.0,5.1432987e-09,0
25067,1.0,1.3512405e-12,0
25068,1.0,2.3685674e-08,0
25069,1.0,1.9310532e-08,0
25070,1.0,3.1257472e-11,0
25071,1.0,7.191073e-13,0
25072,1.0,6.907892e-12,0
25073,1.0,3.7226637e-12,0
25074,1.0,4.6259475e-11,0
25075,1.0,2.1369571e-10,0
25076,1.0,4.9856236e-10,0
25077,1.0,3.789814e-12,0
25078,1.0,2.1548117e-09,0
25079,1.0,4.587443e-08,0
25080,1.0,7.853247e-10,0
25081,1.0,5.2819075e-08,0
25082,0.99999785,2.0946131e-06,0
25083,1.0,9.295102e-09,0
25084,1.0,3.4175585e-10,0
25085,1.0,2.0094919e-11,0
25086,0.9999974,2.6088067e-06,0
25087,1.0,4.3122643e-09,0
25088,1.0,5.6013143e-08,0
25089,0.999997,2.9432408e-06,0
25090,1.0,2.547023e-11,0
25091,1.0,1.8165866e-13,0
25092,0.99999654,3.4028276e-06,0
25093,1.0,1.4959596e-10,0
25094,0.9999938,6.144959e-06,0
25095,1.0,4.686064e-13,0
25096,1.0,1.297663e-11,0
25097,1.0,4.5820514e-10,0
25098,0.9999995,5.129977e-07,0
25099,0.99999094,9.048853e-06,0
25100,1.0,9.14147e-09,0
25101,0.99999833,1.6346573e-06,0
25102,0.9999987,1.2987442e-06,0
25103,1.0,3.240467e-13,0
25104,1.0,7.289782e-10,0
25105,0.9999999,7.5020644e-08,0
25106,1.0,1.969829e-10,0
25107,1.0,1.710301e-10,0
25108,1.0,6.5213865e-09,0
25109,0.9999999,8.049847e-08,0
25110,1.0,3.3367228e-10,0
25111,1.0,1.047203e-09,0
25112,1.0,3.7285797e-10,0
25113,0.9999999,1.2190765e-07,0
25114,1.0,1.7295575e-10,0
25115,1.0,7.498961e-12,0
25116,1.0,1.192601e-10,0
25117,0.9999988,1.1346143e-06,0
25118,1.0,3.5746052e-12,0
25119,1.0,8.457961e-09,0
25120,0.99999046,9.528093e-06,0
25121,1.0,2.7137846e-08,0
25122,0.9999918,8.239262e-06,0
25123,1.0,2.2658661e-11,0
25124,1.0,1.502606e-13,0
25125,0.9990055,0.0009945404,0
25126,1.0,4.3889203e-09,0
25127,1.0,3.0513165e-09,0
25128,1.0,1.40334055e-08,0
25129,1.0,3.5933597e-14,0
25130,1.0,3.6542655e-14,0
25131,1.0,2.241083e-11,0
25132,1.0,3.618776e-09,0
25133,1.0,4.0563397e-13,0
25134,1.0,4.7701036e-12,0
25135,1.0,7.0911947e-09,0
25136,1.0,1.6714124e-13,0
25137,1.0,2.801283e-10,0
25138,1.0,1.5193218e-12,0
25139,1.0,3.7876986e-11,0
25140,1.0,2.407694e-08,0
25141,1.0,3.0596956e-10,0
25142,1.0,8.590459e-11,0
25143,1.0,1.7891662e-10,0
25144,1.0,2.9351456e-12,0
25145,1.0,1.0228258e-12,0
25146,1.0,1.8204176e-11,0
25147,1.0,1.6828728e-11,0
25148,1.0,2.8958699e-08,0
25149,1.0,5.02743e-10,0
25150,1.0,1.2166717e-08,0
25151,0.9999993,7.351463e-07,0
25152,1.0,1.2550763e-10,0
25153,0.99999976,2.5327947e-07,0
25154,0.9999999,1.1764467e-07,0
25155,1.0,7.171237e-10,0
25156,0.9999994,5.838482e-07,0
25157,1.0,3.7068753e-13,0
25158,1.0,3.4531406e-12,0
25159,1.0,3.3029506e-12,0
25160,1.0,1.3130201e-10,0
25161,0.9999962,3.7926604e-06,0
25162,1.0,5.2090424e-12,0
25163,0.9999975,2.4537455e-06,0
25164,0.99999964,3.752452e-07,0
25165,1.0,1.4668823e-10,0
25166,0.9999988,1.1342476e-06,0
25167,0.99999833,1.6682213e-06,0
25168,1.0,6.918955e-12,0
25169,0.9999999,9.373656e-08,0
25170,1.0,5.5498962e-08,0
25171,0.9999958,4.168946e-06,0
25172,1.0,2.3161725e-08,0
25173,1.0,1.6551674e-08,0
25174,0.9999999,8.6043435e-08,0
25175,0.99999714,2.8476097e-06,0
25176,1.0,6.1249406e-10,0
25177,1.0,2.6198643e-09,0
25178,0.9999999,7.179387e-08,0
25179,1.0,2.3440099e-09,0
25180,0.9999994,5.7205443e-07,0
25181,1.0,9.720355e-10,0
25182,1.0,6.144595e-11,0
25183,1.0,1.4269524e-08,0
25184,0.99999917,8.347507e-07,0
25185,1.0,2.334652e-10,0
25186,1.0,3.4334136e-11,0
25187,1.0,3.6919627e-11,0
25188,1.0,1.4191665e-10,0
25189,1.0,2.354458e-10,0
25190,1.0,4.5640136e-10,0
25191,0.9999999,9.071735e-08,0
25192,1.0,1.3786236e-10,0
25193,1.0,1.4306039e-12,0
25194,0.99538827,0.0046117194,0
25195,1.0,9.947245e-13,0
25196,1.0,1.7678588e-11,0
25197,1.0,1.1842932e-10,0
25198,1.0,6.800639e-12,0
25199,1.0,1.6134419e-13,0
25200,0.99999726,2.7143494e-06,0
25201,1.0,7.504563e-10,0
25202,1.0,5.400836e-08,0
25203,1.0,1.4280291e-10,0
25204,1.0,8.607553e-10,0
25205,0.9999994,5.625409e-07,0
25206,1.0,4.5911346e-09,0
25207,1.0,3.6113654e-08,0
25208,1.0,4.0426634e-08,0
25209,1.0,1.4860899e-08,0
25210,0.9999999,7.74502e-08,0
25211,1.0,1.530217e-11,0
25212,1.0,1.4326465e-12,0
25213,1.0,1.4883635e-10,0
25214,1.0,3.0523395e-10,0
25215,1.0,1.8183477e-09,0
25216,0.9999999,7.1178384e-08,0
25217,1.0,2.1370712e-10,0
25218,0.9999975,2.4604708e-06,0
25219,1.0,8.301741e-10,0
25220,0.9999999,1.784023e-07,0
25221,1.0,1.9963968e-10,0
25222,0.9999993,7.005829e-07,0
25223,1.0,2.0434026e-12,0
25224,0.9999975,2.53933e-06,0
25225,1.0,1.5500021e-13,0
25226,1.0,3.233369e-08,0
25227,0.9999982,1.7389506e-06,0
25228,1.0,2.5679863e-09,0
25229,1.0,1.2223543e-08,0
25230,1.0,2.9217446e-09,0
25231,0.9999987,1.3423485e-06,0
25232,1.0,4.3080695e-10,0
25233,1.0,7.989719e-11,0
25234,1.0,2.9650863e-08,0
25235,1.0,7.6601524e-11,0
25236,1.0,1.2798225e-11,0
25237,1.0,4.1427654e-08,0
25238,1.0,2.1373351e-11,0
25239,1.0,3.821125e-09,0
25240,1.0,1.7405294e-12,0
25241,1.0,4.0465242e-10,0
25242,1.0,1.1752008e-13,0
25243,1.0,1.4162311e-12,0
25244,0.99999905,9.5949e-07,0
25245,1.0,3.403699e-08,0
25246,1.0,1.553266e-10,0
25247,1.0,2.121219e-12,0
25248,1.0,9.903779e-09,0
25249,1.0,1.6890445e-10,0
25250,1.0,5.154403e-10,0
25251,1.0,1.3486208e-10,0
25252,1.0,1.3136601e-12,0
25253,1.0,9.32052e-10,0
25254,1.0,4.445437e-12,0
25255,1.0,1.7077185e-11,0
25256,1.0,6.156561e-11,0
25257,1.0,5.9974774e-13,0
25258,1.0,1.2874791e-14,0
25259,1.0,5.415565e-12,0
25260,1.0,7.8426073e-13,0
25261,1.0,3.7055325e-13,0
25262,0.9999995,4.810943e-07,0
25263,1.0,3.7267395e-13,0
25264,1.0,7.431703e-10,0
25265,1.0,7.3739084e-11,0
25266,1.0,6.758236e-13,0
25267,1.0,9.790856e-14,0
25268,1.0,1.1560447e-11,0
25269,1.0,2.4940506e-11,0
25270,0.9999999,1.12878894e-07,0
25271,1.0,7.676299e-11,0
25272,1.0,4.0606945e-11,0
25273,1.0,1.698626e-11,0
25274,1.0,1.6424284e-11,0
25275,1.0,5.22747e-10,0
25276,1.0,1.1187813e-11,0
25277,1.0,9.1318974e-14,0
25278,1.0,2.6973768e-10,0
25279,1.0,1.7017219e-12,0
25280,1.0,7.142526e-11,0
25281,1.0,1.2911089e-10,0
25282,1.0,7.836156e-11,0
25283,1.0,2.1004146e-10,0
25284,1.0,2.4228547e-12,0
25285,1.0,3.60535e-12,0
25286,1.0,1.0886565e-10,0
25287,1.0,2.746242e-10,0
25288,1.0,4.61452e-10,0
25289,1.0,2.2570053e-12,0
25290,1.0,1.7739183e-11,0
25291,1.0,2.8194886e-09,0
25292,1.0,1.0989297e-09,0
25293,0.9999999,6.828142e-08,0
25294,1.0,4.93008e-09,0
25295,1.0,8.3186095e-13,0
25296,1.0,2.6745944e-10,0
25297,1.0,1.4811843e-10,0
25298,1.0,4.7423514e-09,0
25299,1.0,8.421614e-09,0
25300,1.0,8.232666e-12,0
25301,1.0,4.95266e-10,0
25302,1.0,2.0367566e-12,0
25303,1.0,5.4979007e-12,0
25304,1.0,7.351814e-12,0
25305,1.0,5.2956507e-14,0
25306,0.99999976,2.3940257e-07,0
25307,1.0,7.552649e-11,0
25308,1.0,2.692112e-11,0
25309,1.0,4.287488e-13,0
25310,1.0,2.377967e-10,0
25311,1.0,3.3117113e-13,0
25312,1.0,5.305516e-11,0
25313,1.0,5.431175e-12,0
25314,1.0,4.8772425e-14,0
25315,1.0,6.794264e-11,0
25316,0.9999999,8.228272e-08,0
25317,1.0,1.0833491e-11,0
25318,1.0,1.5678126e-13,0
25319,1.0,2.661226e-14,0
25320,1.0,1.5477614e-11,0
25321,1.0,2.0831717e-13,0
25322,1.0,2.0886075e-12,0
25323,1.0,4.873756e-10,0
25324,1.0,7.074355e-11,0
25325,1.0,1.3716088e-12,0
25326,1.0,3.4146116e-11,0
25327,1.0,3.2423464e-13,0
25328,1.0,4.958931e-12,0
25329,1.0,4.6362155e-13,0
25330,1.0,2.2292144e-11,0
25331,1.0,1.407988e-10,0
25332,1.0,8.918567e-11,0
25333,1.0,3.370687e-11,0
25334,1.0,9.887136e-12,0
25335,1.0,5.724531e-11,0
25336,1.0,2.0180241e-13,0
25337,1.0,8.8326785e-13,0
25338,1.0,7.561265e-12,0
25339,1.0,4.718745e-10,0
25340,1.0,3.215426e-10,0
25341,1.0,6.11979e-14,0
25342,1.0,3.7409832e-13,0
25343,1.0,3.0089945e-12,0
25344,1.0,7.4392974e-12,0
25345,1.0,1.8785236e-14,0
25346,1.0,2.6214675e-10,0
25347,1.0,4.5481134e-09,0
25348,1.0,1.5383707e-10,0
25349,1.0,4.5911405e-14,0
25350,1.0,4.0387596e-10,0
25351,1.0,1.2038694e-12,0
25352,1.0,1.8352385e-14,0
25353,0.99995565,4.4335702e-05,0
25354,1.0,7.0121724e-14,0
25355,1.0,1.9546131e-12,0
25356,1.0,6.086132e-12,0
25357,1.0,4.8009208e-11,0
25358,1.0,9.420683e-13,0
25359,1.0,8.186912e-12,0
25360,1.0,4.513449e-10,0
25361,1.0,7.071017e-09,0
25362,0.9999999,6.717975e-08,0
25363,1.0,2.645563e-10,0
25364,1.0,7.363838e-13,0
25365,1.0,1.8001511e-13,0
25366,1.0,9.7755505e-11,0
25367,1.0,1.7478242e-09,0
25368,1.0,1.6392424e-11,0
25369,1.0,1.2901363e-14,0
25370,1.0,1.6214863e-11,0
25371,1.0,1.2933599e-09,0
25372,1.0,1.1229535e-09,0
25373,0.9999981,1.9100107e-06,0
25374,0.99999917,8.394752e-07,0
25375,0.99999964,3.70302e-07,0
25376,1.0,3.0789763e-12,0
25377,1.0,2.6892535e-11,0
25378,1.0,5.7678202e-12,0
25379,1.0,1.30821985e-11,0
25380,1.0,1.1993995e-13,0
25381,0.9999999,8.9077844e-08,0
25382,1.0,2.543262e-10,0
25383,1.0,7.733849e-11,0
25384,0.9999939,6.0688185e-06,0
25385,1.0,4.8870252e-12,0
25386,1.0,1.9062728e-10,0
25387,1.0,5.353419e-13,0
25388,1.0,6.4896394e-11,0
25389,1.0,1.9261035e-14,0
25390,1.0,8.448185e-14,0
25391,1.0,1.6656912e-12,0
25392,1.0,4.4793738e-11,0
25393,1.0,4.211937e-09,0
25394,1.0,7.01112e-13,0
25395,1.0,1.01941865e-10,0
25396,1.0,3.3033586e-13,0
25397,1.0,1.16620776e-11,0
25398,1.0,5.3212348e-11,0
25399,1.0,1.7305135e-11,0
25400,1.0,1.7342249e-14,0
25401,1.0,2.8528515e-11,0
25402,0.99999976,2.503174e-07,0
25403,1.0,2.5830378e-09,0
25404,1.0,1.3368368e-11,0
25405,1.0,2.924316e-12,0
25406,1.0,3.69351e-12,0
25407,1.0,2.0079285e-11,0
25408,1.0,1.602947e-11,0
25409,1.0,2.5311817e-11,0
25410,1.0,4.2278837e-12,0
25411,1.0,7.7433e-10,0
25412,1.0,4.832128e-11,0
25413,1.0,7.27271e-11,0
25414,1.0,6.986365e-11,0
25415,1.0,1.2677416e-13,0
25416,1.0,1.5641932e-12,0
25417,1.0,4.979897e-12,0
25418,1.0,5.893034e-12,0
25419,0.99999976,2.8443182e-07,0
25420,1.0,6.1175755e-13,0
25421,1.0,3.244532e-08,0
25422,1.0,1.5064297e-11,0
25423,1.0,2.779103e-13,0
25424,1.0,1.5793108e-09,0
25425,1.0,3.5377833e-11,0
25426,1.0,5.7593142e-11,0
25427,1.0,4.1995496e-10,0
25428,1.0,1.2137535e-12,0
25429,1.0,4.4753003e-11,0
25430,1.0,1.3892865e-12,0
25431,1.0,8.412069e-11,0
25432,1.0,2.3277e-12,0
25433,1.0,3.5987407e-12,0
25434,1.0,2.1416781e-10,0
25435,1.0,2.0915196e-10,0
25436,1.0,4.5678934e-12,0
25437,1.0,1.3214404e-12,0
25438,0.9999982,1.8169882e-06,0
25439,1.0,5.3878017e-11,0
25440,1.0,5.1203788e-11,0
25441,0.99999726,2.70509e-06,0
25442,1.0,1.0816545e-10,0
25443,1.0,1.0468784e-11,0
25444,1.0,1.31286e-10,0
25445,1.0,1.5313847e-11,0
25446,1.0,5.6167587e-13,0
25447,1.0,9.741423e-13,0
25448,1.0,1.0452113e-13,0
25449,1.0,9.632992e-15,0
25450,0.99999964,3.6136916e-07,0
25451,1.0,1.2074589e-12,0
25452,1.0,1.455528e-10,0
25453,1.0,1.1881895e-10,0
25454,1.0,4.6670984e-10,0
25455,1.0,1.2565751e-11,0
25456,1.0,9.290869e-12,0
25457,1.0,1.3453835e-10,0
25458,1.0,2.589784e-11,0
25459,1.0,4.893027e-10,0
25460,1.0,4.0385203e-14,0
25461,1.0,1.5710455e-13,0
25462,1.0,6.4777892e-12,0
25463,1.0,4.4492183e-09,0
25464,1.0,7.7668885e-11,0
25465,1.0,4.597209e-12,0
25466,1.0,1.8518106e-10,0
25467,1.0,2.7280246e-12,0
25468,1.0,1.5931318e-12,0
25469,1.0,2.4547215e-09,0
25470,1.0,2.812471e-11,0
25471,1.0,3.9889716e-15,0
25472,1.0,2.9545266e-10,0
25473,1.0,2.1500347e-11,0
25474,1.0,8.057008e-11,0
25475,0.9999989,1.0836442e-06,0
25476,1.0,2.3533805e-10,0
25477,1.0,1.1895601e-12,0
25478,1.0,1.9885528e-10,0
25479,1.0,3.425528e-13,0
25480,1.0,7.2755996e-10,0
25481,1.0,2.5415382e-08,0
25482,1.0,8.238605e-12,0
25483,1.0,5.1902357e-13,0
25484,1.0,2.235191e-12,0
25485,1.0,8.8364694e-13,0
25486,0.9999987,1.2536728e-06,0
25487,1.0,1.03486004e-10,0
25488,1.0,9.686816e-14,0
25489,1.0,4.5697675e-08,0
25490,1.0,1.615627e-11,0
25491,1.0,1.1677269e-09,0
25492,1.0,1.6163552e-10,0
25493,1.0,4.153811e-08,0
25494,0.99999845,1.4970392e-06,0
25495,1.0,1.2815855e-12,0
25496,1.0,1.4346816e-11,0
25497,1.0,2.9573089e-12,0
25498,1.0,7.302074e-09,0
25499,0.9999989,1.091225e-06,0
25500,0.9999968,3.2707333e-06,0
25501,0.9999974,2.6319271e-06,0
25502,1.0,1.3178003e-09,0
25503,1.0,1.4676301e-13,0
25504,0.9999999,1.4095217e-07,0
25505,0.9999999,1.6251369e-07,0
25506,0.9999999,1.619567e-07,0
25507,1.0,4.1187312e-10,0
25508,0.9999995,4.9847637e-07,0
25509,1.0,2.7720953e-08,0
25510,0.99999976,2.7388703e-07,0
25511,1.0,1.5230329e-08,0
25512,1.0,3.6834294e-08,0
25513,1.0,5.16922e-10,0
25514,1.0,6.2378054e-13,0
25515,1.0,5.965519e-10,0
25516,1.0,1.2106063e-09,0
25517,1.0,5.5770477e-09,0
25518,1.0,2.3329116e-10,0
25519,1.0,1.2879041e-10,0
25520,1.0,3.500501e-09,0
25521,1.0,6.38382e-09,0
25522,1.0,6.720599e-09,0
25523,1.0,7.0601172e-12,0
25524,1.0,3.6924396e-12,0
25525,1.0,1.5849402e-11,0
25526,1.0,9.290829e-13,0
25527,1.0,7.387707e-14,0
25528,1.0,1.5098838e-12,0
25529,1.0,1.928219e-12,0
25530,0.9999995,4.7475123e-07,0
25531,1.0,4.388897e-12,0
25532,1.0,5.6824044e-13,0
25533,1.0,2.469222e-13,0
25534,1.0,1.2017437e-14,0
25535,0.99999857,1.4818945e-06,0
25536,0.9999938,6.1680457e-06,0
25537,1.0,7.881119e-12,0
25538,1.0,1.9048051e-13,0
25539,1.0,8.168063e-14,0
25540,1.0,1.2003795e-12,0
25541,0.9999927,7.2481785e-06,0
25542,1.0,3.4665583e-11,0
25543,1.0,3.9937416e-13,0
25544,1.0,2.2931253e-12,0
25545,1.0,1.8574688e-12,0
25546,1.0,2.2018433e-12,0
25547,1.0,2.935792e-14,0
25548,1.0,2.4772648e-13,0
25549,0.9999993,7.188724e-07,0
25550,0.99999666,3.3047393e-06,0
25551,0.9999914,8.567033e-06,0
25552,1.0,5.1589146e-11,0
25553,1.0,3.7027421e-09,0
25554,1.0,4.2508577e-11,0
25555,0.99999774,2.2102688e-06,0
25556,1.0,2.8916597e-11,0
25557,1.0,1.6608001e-11,0
25558,1.0,2.560586e-13,0
25559,1.0,5.247129e-14,0
25560,1.0,1.2000865e-12,0
25561,1.0,2.4099336e-10,0
25562,1.0,5.2402273e-14,0
25563,1.0,3.2256055e-13,0
25564,1.0,6.6835274e-13,0
25565,0.9999982,1.8463745e-06,0
25566,1.0,2.3781789e-11,0
25567,1.0,6.7443674e-13,0
25568,1.0,1.4869722e-11,0
25569,1.0,1.5718683e-11,0
25570,1.0,1.3712844e-12,0
25571,1.0,8.545697e-11,0
25572,1.0,5.9874453e-12,0
25573,1.0,3.4794989e-13,0
25574,1.0,8.15024e-11,0
25575,1.0,1.687012e-11,0
25576,1.0,2.0219021e-11,0
25577,1.0,6.91301e-11,0
25578,1.0,4.1740347e-14,0
25579,1.0,1.36489205e-11,0
25580,1.0,3.060296e-14,0
25581,0.9999999,6.4507994e-08,0
25582,1.0,6.1638333e-15,0
25583,1.0,1.6527469e-09,0
25584,1.0,2.1170055e-10,0
25585,1.0,2.9528985e-10,0
25586,1.0,3.9415915e-10,0
25587,1.0,1.5047612e-11,0
25588,1.0,4.404814e-12,0
25589,1.0,2.947218e-12,0
25590,1.0,1.082317e-10,0
25591,1.0,1.383037e-11,0
25592,1.0,6.3534025e-13,0
25593,1.0,1.5731325e-13,0
25594,0.99998736,1.2675783e-05,0
25595,1.0,1.2391742e-11,0
25596,1.0,5.5065063e-12,0
25597,1.0,1.4070478e-11,0
25598,1.0,1.1660949e-10,0
25599,1.0,2.724555e-13,0
25600,1.0,1.2258031e-11,0
25601,1.0,9.336547e-11,0
25602,1.0,1.9807659e-14,0
25603,1.0,2.4152475e-11,0
25604,0.99999857,1.4489669e-06,0
25605,1.0,1.9184426e-12,0
25606,1.0,5.8757435e-14,0
25607,0.9999999,6.521625e-08,0
25608,1.0,4.286838e-11,0
25609,1.0,3.3758034e-14,0
25610,1.0,7.7695006e-10,0
25611,1.0,2.5582272e-10,0
25612,1.0,1.874909e-13,0
25613,1.0,2.158663e-08,0
25614,0.9999989,1.049632e-06,0
25615,1.0,1.8987756e-10,0
25616,1.0,1.1505996e-12,0
25617,1.0,1.725172e-14,0
25618,1.0,1.9240356e-11,0
25619,1.0,2.048385e-09,0
25620,0.99999905,9.444505e-07,0
25621,0.9999988,1.2071077e-06,0
25622,0.9999968,3.1716093e-06,0
25623,1.0,1.5739046e-12,0
25624,1.0,9.706751e-11,0
25625,1.0,3.8017024e-08,0
25626,1.0,1.0715981e-11,0
25627,0.9999999,6.639404e-08,0
25628,0.99999964,4.1678828e-07,0
25629,0.99999404,5.9439053e-06,0
25630,0.9999999,9.019717e-08,0
25631,0.9999999,8.334241e-08,0
25632,0.9999999,1.0400717e-07,0
25633,1.0,6.366137e-10,0
25634,1.0,1.9042312e-13,0
25635,1.0,1.938992e-12,0
25636,1.0,1.277904e-13,0
25637,1.0,2.6746863e-10,0
25638,0.9999994,6.0245617e-07,0
25639,1.0,1.5285672e-13,0
25640,1.0,9.245499e-14,0
25641,1.0,7.617906e-09,0
25642,1.0,3.0858893e-09,0
25643,1.0,1.3543569e-13,0
25644,0.99999857,1.428654e-06,0
25645,1.0,1.4062146e-13,0
25646,0.99999905,9.3357374e-07,0
25647,0.9999989,1.0178312e-06,0
25648,1.0,1.5421671e-09,0
25649,0.9999999,8.924025e-08,0
25650,0.99999857,1.4282792e-06,0
25651,1.0,1.3128386e-12,0
25652,0.9999989,1.0521114e-06,0
25653,0.99999964,4.1241918e-07,0
25654,0.99999964,3.6598993e-07,0
25655,1.0,1.2811987e-13,0
25656,1.0,1.1046778e-12,0
25657,1.0,6.68291e-11,0
25658,1.0,6.33633e-12,0
25659,1.0,3.909126e-11,0
25660,1.0,1.458272e-12,0
25661,0.9999995,4.8671376e-07,0
25662,1.0,2.9424355e-10,0
25663,1.0,7.505564e-14,0
25664,1.0,1.7896889e-13,0
25665,0.9999999,1.6598945e-07,0
25666,1.0,1.4779376e-08,0
25667,1.0,7.713969e-09,0
25668,0.9999993,6.691873e-07,0
25669,1.0,6.8696666e-09,0
25670,0.9999999,7.8532544e-08,0
25671,1.0,2.57356e-14,0
25672,0.9999993,7.289462e-07,0
25673,0.99999654,3.4244895e-06,0
25674,1.0,2.5305555e-10,0
25675,0.9999999,1.404881e-07,0
25676,1.0,5.6730183e-08,0
25677,1.0,1.3900936e-10,0
25678,1.0,9.8211515e-11,0
25679,0.99998224,1.7728978e-05,0
25680,0.9999994,6.0635267e-07,0
25681,0.9999964,3.6176818e-06,0
25682,1.0,1.4166404e-10,0
25683,0.9999987,1.323953e-06,0
25684,0.99999964,3.8165533e-07,0
25685,1.0,1.7024719e-12,0
25686,1.0,3.154729e-08,0
25687,0.99999964,3.22908e-07,0
25688,1.0,7.1945996e-09,0
25689,1.0,7.9825105e-12,0
25690,0.99999785,2.111829e-06,0
25691,0.9999877,1.2284612e-05,0
25692,0.9999989,1.0970914e-06,0
25693,0.9999987,1.3318019e-06,0
25694,1.0,1.5659396e-08,0
25695,0.99999976,2.4202967e-07,0
25696,0.9999999,5.9637046e-08,0
25697,1.0,5.5373657e-12,0
25698,0.9999999,1.4885345e-07,0
25699,1.0,5.73274e-10,0
25700,0.9999981,1.959872e-06,0
25701,0.9999988,1.1708407e-06,0
25702,0.9999987,1.3366295e-06,0
25703,1.0,8.453893e-10,0
25704,1.0,1.7269418e-08,0
25705,0.9999999,1.1485939e-07,0
25706,1.0,7.821459e-12,0
25707,0.99999845,1.506065e-06,0
25708,1.0,3.7522385e-09,0
25709,0.9999821,1.7926126e-05,0
25710,0.99999964,3.5200335e-07,0
25711,0.99999976,1.8010698e-07,0
25712,1.0,2.6146576e-13,0
25713,0.99999976,2.2136008e-07,0
25714,1.0,2.1653682e-08,0
25715,1.0,2.6898512e-09,0
25716,0.99999046,9.515688e-06,0
25717,1.0,3.0275725e-08,0
25718,0.99999976,1.8272809e-07,0
25719,1.0,7.471304e-09,0
25720,1.0,2.792669e-09,0
25721,1.0,8.630065e-12,0
25722,1.0,4.0055164e-11,0
25723,1.0,1.5511626e-08,0
25724,1.0,1.1215423e-10,0
25725,0.99999964,4.059923e-07,0
25726,1.0,2.7965852e-10,0
25727,0.9999887,1.12744565e-05,0
25728,1.0,1.371883e-09,0
25729,1.0,4.077138e-08,0
25730,1.0,4.4397916e-09,0
25731,0.999995,4.947811e-06,0
25732,0.99999964,3.0821207e-07,0
25733,1.0,1.3608757e-15,0
25734,0.99999964,4.0058057e-07,0
25735,1.0,5.870714e-10,0
25736,0.99999607,3.9495085e-06,0
25737,1.0,3.7702126e-11,0
25738,1.0,8.515486e-10,0
25739,1.0,8.3360774e-10,0
25740,0.9999993,7.4002656e-07,0
25741,0.9999951,4.828358e-06,0
25742,0.99998987,1.01723745e-05,0
25743,0.99991024,8.9704394e-05,0
25744,1.0,1.5878374e-09,0
25745,0.9999987,1.3620669e-06,0
25746,0.99999917,7.8182353e-07,0
25747,1.0,4.851682e-10,0
25748,0.99999917,7.9642894e-07,0
25749,1.0,4.0729233e-09,0
25750,1.0,2.0221887e-10,0
25751,1.0,4.822476e-12,0
25752,0.99999547,4.5143333e-06,0
25753,1.0,1.2488827e-09,0
25754,1.0,7.1822326e-09,0
25755,0.9999999,1.6497407e-07,0
25756,1.0,3.543725e-08,0
25757,0.9999999,1.5016849e-07,0
25758,1.0,5.372227e-10,0
25759,1.0,3.1852248e-09,0
25760,1.0,7.484254e-09,0
25761,1.0,5.6881767e-08,0
25762,1.0,4.557813e-13,0
25763,0.9999999,1.0857177e-07,0
25764,1.0,4.832382e-09,0
25765,0.9999989,1.0461254e-06,0
25766,0.999998,2.0251684e-06,0
25767,1.0,1.3074885e-08,0
25768,1.0,9.0190894e-10,0
25769,1.0,6.7440724e-09,0
25770,1.0,6.485089e-10,0
25771,0.9999999,1.250068e-07,0
25772,1.0,1.09126255e-08,0
25773,0.99999976,1.8621517e-07,0
25774,0.9999995,4.6484465e-07,0
25775,1.0,1.3986261e-09,0
25776,0.99999845,1.5251338e-06,0
25777,1.0,7.3627665e-10,0
25778,1.0,5.64077e-11,0
25779,0.99999297,7.012754e-06,0
25780,1.0,8.568702e-09,0
25781,1.0,7.139774e-11,0
25782,1.0,8.3156554e-10,0
25783,1.0,4.3919457e-08,0
25784,1.0,1.13358265e-08,0
25785,1.0,9.307539e-09,0
25786,0.99999905,9.554176e-07,0
25787,1.0,1.3775287e-12,0
25788,1.0,1.1157564e-09,0
25789,1.0,1.3283304e-10,0
25790,0.9999999,7.5412885e-08,0
25791,1.0,1.526854e-09,0
25792,0.9997634,0.00023658856,0
25793,1.0,7.202092e-10,0
25794,0.99999976,1.9393552e-07,0
25795,1.0,8.4749935e-10,0
25796,1.0,3.3808266e-08,0
25797,0.99998593,1.4115764e-05,0
25798,0.9999993,6.95489e-07,0
25799,0.9999981,1.8767118e-06,0
25800,1.0,1.1222848e-10,0
25801,1.0,6.176816e-11,0
25802,1.0,1.196948e-08,0
25803,0.99999845,1.5482827e-06,0
25804,1.0,1.0944695e-10,0
25805,0.9999987,1.2732659e-06,0
25806,1.0,1.7841277e-08,0
25807,0.9999993,7.7161855e-07,0
25808,0.9999927,7.3087485e-06,0
25809,0.99999607,3.972877e-06,0
25810,0.9999902,9.760445e-06,0
25811,1.0,1.9426569e-08,0
25812,1.0,2.3955813e-09,0
25813,1.0,3.047906e-10,0
25814,1.0,3.38701e-08,0
25815,0.999998,1.9677898e-06,0
25816,1.0,3.273783e-10,0
25817,0.99999857,1.4184704e-06,0
25818,0.9999999,5.9611914e-08,0
25819,1.0,1.9835603e-10,0
25820,1.0,7.8846457e-10,0
25821,1.0,3.9547437e-08,0
25822,0.99999106,8.99453e-06,0
25823,0.99999857,1.4502775e-06,0
25824,0.9999912,8.805836e-06,0
25825,1.0,7.936462e-09,0
25826,1.0,2.5513003e-12,0
25827,0.99999845,1.4915541e-06,0
25828,0.9999995,4.4365945e-07,0
25829,0.9999982,1.7553742e-06,0
25830,1.0,2.4549662e-08,0
25831,0.9999999,1.4630396e-07,0
25832,1.0,4.2942871e-10,0
25833,1.0,3.205436e-08,0
25834,1.0,1.6620061e-09,0
25835,0.99999785,2.1240264e-06,0
25836,1.0,4.449297e-08,0
25837,1.0,6.969093e-10,0
25838,0.9999784,2.1576481e-05,0
25839,1.0,2.983626e-08,0
25840,1.0,4.006264e-08,0
25841,1.0,4.401531e-08,0
25842,0.99999964,3.667775e-07,0
25843,1.0,1.9266606e-08,0
25844,1.0,1.4739154e-11,0
25845,1.0,9.885323e-09,0
25846,1.0,8.4277957e-10,0
25847,0.999998,2.009305e-06,0
25848,0.99998784,1.2133495e-05,0
25849,1.0,1.4990249e-09,0
25850,0.999997,2.9708804e-06,0
25851,0.9999999,7.049958e-08,0
25852,1.0,1.524553e-08,0
25853,0.9999999,9.1236366e-08,0
25854,0.9999999,1.2972473e-07,0
25855,1.0,1.2244414e-10,0
25856,0.99999976,2.8789057e-07,0
25857,1.0,5.332897e-08,0
25858,0.9999999,1.7263466e-07,0
25859,1.0,1.6007528e-08,0
25860,0.9999999,1.4756102e-07,0
25861,0.99999976,1.9742248e-07,0
25862,1.0,1.0224675e-11,0
25863,0.9999989,1.0849967e-06,0
25864,1.0,5.604354e-10,0
25865,0.99999976,1.7987216e-07,0
25866,1.0,3.0186795e-09,0
25867,1.0,1.3480127e-08,0
25868,0.99999976,2.3034166e-07,0
25869,1.0,7.466175e-09,0
25870,0.99999964,3.2054638e-07,0
25871,1.0,1.8986417e-10,0
25872,0.9999999,8.8208644e-08,0
25873,1.0,5.3477994e-08,0
25874,0.9999976,2.4186386e-06,0
25875,0.99999857,1.3828922e-06,0
25876,0.99999976,2.2143608e-07,0
25877,0.9999988,1.1683422e-06,0
25878,1.0,1.5302337e-08,0
25879,0.9999995,4.37787e-07,0
25880,0.99999964,3.9230778e-07,0
25881,1.0,2.0949782e-09,0
25882,0.99999976,2.7137958e-07,0
25883,1.0,8.439425e-10,0
25884,1.0,2.3159592e-09,0
25885,0.99999726,2.7279996e-06,0
25886,1.0,3.2641452e-09,0
25887,0.9999987,1.2603126e-06,0
25888,0.9999987,1.3408912e-06,0
25889,0.9999994,5.9472e-07,0
25890,1.0,2.856167e-11,0
25891,0.9999968,3.2466482e-06,0
25892,1.0,2.1602094e-10,0
25893,0.9999999,1.4922057e-07,0
25894,0.99999833,1.70758e-06,0
25895,0.9999995,4.2132973e-07,0
25896,0.9999999,1.319376e-07,0
25897,1.0,8.8624086e-10,0
25898,1.0,3.2873267e-08,0
25899,0.9999995,4.875035e-07,0
25900,0.9999981,1.8602452e-06,0
25901,1.0,4.6663886e-09,0
25902,1.0,6.003899e-09,0
25903,1.0,2.3840958e-08,0
25904,1.0,4.1485496e-10,0
25905,0.9999994,5.8363884e-07,0
25906,0.99999917,8.9057096e-07,0
25907,1.0,9.387855e-10,0
25908,1.0,1.9657238e-09,0
25909,0.9999995,5.1509784e-07,0
25910,1.0,8.606704e-09,0
25911,0.99999726,2.7862595e-06,0
25912,1.0,9.4096935e-09,0
25913,1.0,7.5090485e-09,0
25914,1.0,5.0175625e-10,0
25915,1.0,1.7696206e-10,0
25916,1.0,6.525443e-09,0
25917,1.0,5.4716558e-11,0
25918,1.0,2.8932309e-08,0
25919,1.0,2.0747427e-08,0
25920,0.99999964,4.148879e-07,0
25921,1.0,1.7327025e-08,0
25922,0.99999976,1.8155957e-07,0
25923,1.0,1.0489867e-08,0
25924,0.9999999,1.1390383e-07,0
25925,0.99999654,3.4628413e-06,0
25926,1.0,2.7064299e-11,0
25927,1.0,1.354053e-08,0
25928,0.99999297,6.9945995e-06,0
25929,1.0,4.021144e-09,0
25930,0.9999999,1.6705283e-07,0
25931,1.0,5.3580905e-08,0
25932,1.0,2.8323222e-09,0
25933,1.0,2.3088054e-09,0
25934,0.99999976,1.950975e-07,0
25935,1.0,1.9160549e-08,0
25936,1.0,1.6633674e-08,0
25937,0.9999989,1.0473012e-06,0
25938,0.9999993,7.508693e-07,0
25939,0.99999774,2.3063258e-06,0
25940,0.99999845,1.5022337e-06,0
25941,0.9999988,1.2458115e-06,0
25942,1.0,1.403726e-08,0
25943,0.9999994,5.63667e-07,0
25944,0.99999857,1.4207897e-06,0
25945,1.0,4.003634e-09,0
25946,0.99999,1.00335865e-05,0
25947,0.9999976,2.3812386e-06,0
25948,1.0,2.230216e-09,0
25949,1.0,2.3203201e-08,0
25950,0.99999833,1.6581873e-06,0
25951,1.0,5.9860046e-09,0
25952,1.0,2.562575e-09,0
25953,0.999998,1.9726017e-06,0
25954,0.9999989,1.09305e-06,0
25955,0.9999999,1.3825215e-07,0
25956,1.0,3.4276786e-09,0
25957,0.9998294,0.00017061019,0
25958,1.0,2.3138277e-08,0
25959,1.0,1.3947447e-09,0
25960,1.0,6.563962e-10,0
25961,1.0,3.4590308e-10,0
25962,1.0,2.2244044e-09,0
25963,0.9999999,1.2847201e-07,0
25964,1.0,1.033695e-12,0
25965,0.9999994,6.5133895e-07,0
25966,1.0,2.9495844e-09,0
25967,1.0,9.262639e-10,0
25968,1.0,1.12460015e-08,0
25969,1.0,4.7687777e-11,0
25970,1.0,8.2409584e-13,0
25971,0.9999999,1.08687175e-07,0
25972,1.0,1.7287156e-11,0
25973,1.0,4.3539847e-09,0
25974,0.99999654,3.4753405e-06,0
25975,0.9999968,3.2293308e-06,0
25976,1.0,8.262222e-09,0
25977,1.0,3.9992095e-08,0
25978,0.99999607,3.8875874e-06,0
25979,0.9999982,1.8109283e-06,0
25980,1.0,1.2635299e-08,0
25981,1.0,1.5157552e-09,0
25982,1.0,7.566412e-09,0
25983,0.9999999,7.0588925e-08,0
25984,0.99999976,2.7152817e-07,0
25985,1.0,5.1339875e-09,0
25986,0.99999356,6.475778e-06,0
25987,1.0,6.2226198e-09,0
25988,1.0,4.1330694e-10,0
25989,1.0,3.071094e-08,0
25990,0.99999666,3.3548295e-06,0
25991,0.9999999,6.715284e-08,0
25992,0.9999999,1.1381881e-07,0
25993,0.9999306,6.934234e-05,0
25994,1.0,2.595049e-08,0
25995,0.9999981,1.9014541e-06,0
25996,1.0,5.889429e-11,0
25997,1.0,4.634209e-09,0
25998,1.0,1.5445625e-10,0
25999,1.0,2.135753e-08,0
26000,1.0,8.649524e-09,0
26001,0.99999905,9.101665e-07,0
26002,1.0,5.1266703e-08,0
26003,0.9999999,1.3887018e-07,0
26004,1.0,3.6744807e-09,0
26005,1.0,5.581706e-10,0
26006,1.0,6.525978e-09,0
26007,1.0,1.0469479e-08,0
26008,1.0,6.7625696e-09,0
26009,0.99999857,1.4484255e-06,0
26010,1.0,3.3440515e-09,0
26011,1.0,5.072665e-09,0
26012,1.0,3.7883887e-09,0
26013,1.0,6.883777e-10,0
26014,1.0,2.3533502e-09,0
26015,1.0,5.902863e-09,0
26016,1.0,5.0715066e-08,0
26017,0.9999999,1.6310588e-07,0
26018,1.0,9.872604e-09,0
26019,1.0,2.2538932e-10,0
26020,1.0,1.4167013e-08,0
26021,1.0,4.0163455e-09,0
26022,1.0,3.0533367e-09,0
26023,1.0,5.492176e-09,0
26024,1.0,2.9343232e-08,0
26025,0.99999976,2.5021694e-07,0
26026,1.0,8.0179197e-10,0
26027,1.0,1.5240832e-10,0
26028,1.0,1.7792038e-08,0
26029,1.0,3.6571755e-09,0
26030,1.0,7.1382975e-09,0
26031,0.99999976,2.018927e-07,0
26032,1.0,5.8187712e-08,0
26033,1.0,3.217196e-08,0
26034,1.0,9.678027e-10,0
26035,1.0,2.2779323e-09,0
26036,1.0,8.820844e-09,0
26037,1.0,8.586269e-10,0
26038,1.0,1.2525832e-08,0
26039,1.0,9.086434e-09,0
26040,1.0,2.4032457e-10,0
26041,1.0,4.896225e-08,0
26042,1.0,7.2553747e-12,0
26043,1.0,1.6531734e-08,0
26044,1.0,6.583434e-10,0
26045,1.0,1.5390662e-10,0
26046,1.0,1.847593e-08,0
26047,1.0,1.4039114e-11,0
26048,1.0,3.517841e-10,0
26049,1.0,1.2408216e-09,0
26050,1.0,1.367693e-08,0
26051,1.0,2.8231155e-09,0
26052,1.0,7.757742e-14,0
26053,1.0,1.6361525e-08,0
26054,1.0,1.6928976e-11,0
26055,1.0,3.4002259e-09,0
26056,1.0,1.9304259e-13,0
26057,1.0,3.183984e-10,0
26058,1.0,7.950753e-12,0
26059,1.0,2.1538458e-09,0
26060,1.0,1.3049378e-11,0
26061,1.0,6.6059364e-10,0
26062,1.0,1.97955e-10,0
26063,1.0,6.464592e-09,0
26064,1.0,2.219556e-09,0
26065,1.0,1.4394537e-11,0
26066,1.0,2.4324045e-14,0
26067,1.0,2.9869878e-14,0
26068,1.0,1.4798789e-11,0
26069,1.0,5.5951513e-16,0
26070,1.0,1.4415707e-13,0
26071,1.0,2.7037703e-09,0
26072,1.0,2.0669792e-10,0
26073,1.0,8.2820983e-10,0
26074,1.0,2.1010496e-12,0
26075,1.0,2.9603564e-12,0
26076,1.0,2.2380569e-09,0
26077,1.0,2.171457e-11,0
26078,1.0,1.8059238e-11,0
26079,1.0,1.4180496e-13,0
26080,1.0,3.2609664e-12,0
26081,1.0,1.4626837e-13,0
26082,1.0,2.3677543e-08,0
26083,1.0,6.312256e-11,0
26084,1.0,1.1220755e-13,0
26085,1.0,5.7063475e-11,0
26086,1.0,1.1118905e-08,0
26087,1.0,4.9528226e-09,0
26088,1.0,2.485794e-13,0
26089,1.0,1.7485801e-14,0
26090,1.0,1.642665e-09,0
26091,1.0,3.995507e-14,0
26092,0.99999964,3.091302e-07,0
26093,1.0,1.9947473e-15,0
26094,1.0,5.9110584e-15,0
26095,1.0,8.536112e-16,0
26096,1.0,2.2280297e-10,0
26097,1.0,9.598838e-12,0
26098,1.0,7.97154e-12,0
26099,1.0,1.30641956e-11,0
26100,1.0,5.201739e-14,0
26101,1.0,5.3549414e-09,0
26102,1.0,1.2268434e-12,0
26103,1.0,4.8567413e-12,0
26104,1.0,7.0470366e-13,0
26105,1.0,5.207254e-12,0
26106,1.0,8.227617e-11,0
26107,1.0,1.5565556e-13,0
26108,1.0,1.5016033e-09,0
26109,1.0,1.2462009e-09,0
26110,1.0,5.448154e-10,0
26111,1.0,3.402959e-08,0
26112,1.0,2.0822155e-08,0
26113,1.0,2.3967914e-10,0
26114,1.0,3.427051e-09,0
26115,1.0,7.596689e-10,0
26116,1.0,8.905134e-12,0
26117,0.9999999,1.07366844e-07,0
26118,1.0,3.6320905e-11,0
26119,1.0,8.965094e-11,0
26120,1.0,1.305568e-18,0
26121,1.0,3.8191394e-11,0
26122,1.0,1.9578736e-09,0
26123,1.0,1.502776e-08,0
26124,1.0,2.050011e-09,0
26125,1.0,4.7096482e-09,0
26126,1.0,5.2540723e-09,0
26127,0.99999976,2.6693485e-07,0
26128,1.0,2.5651947e-10,0
26129,0.9999999,1.0333763e-07,0
26130,1.0,8.812116e-09,0
26131,0.9999999,7.1123836e-08,0
26132,0.99999976,2.3683988e-07,0
26133,1.0,3.7578555e-08,0
26134,1.0,5.2880164e-08,0
26135,1.0,3.1398837e-08,0
26136,1.0,8.307938e-09,0
26137,1.0,1.1801224e-09,0
26138,0.9999999,1.3699113e-07,0
26139,0.9999999,1.0941308e-07,0
26140,1.0,7.738417e-09,0
26141,1.0,2.013677e-08,0
26142,0.9999999,8.533087e-08,0
26143,1.0,4.651901e-10,0
26144,1.0,3.6142924e-09,0
26145,1.0,2.2606093e-10,0
26146,1.0,1.1717637e-08,0
26147,1.0,4.578385e-09,0
26148,1.0,3.2020002e-09,0
26149,1.0,6.867918e-11,0
26150,1.0,1.4966514e-12,0
26151,1.0,3.4041342e-08,0
26152,1.0,1.0143573e-08,0
26153,1.0,2.7813396e-10,0
26154,1.0,4.844009e-09,0
26155,1.0,1.7411895e-09,0
26156,0.9999999,9.605596e-08,0
26157,1.0,7.8031087e-10,0
26158,1.0,6.5927233e-09,0
26159,1.0,5.014131e-09,0
26160,1.0,2.1463709e-08,0
26161,1.0,6.2150135e-10,0
26162,1.0,1.4207387e-08,0
26163,1.0,6.7371295e-09,0
26164,1.0,5.122836e-09,0
26165,1.0,2.0498948e-08,0
26166,1.0,2.8069955e-10,0
26167,1.0,7.2838797e-09,0
26168,1.0,1.6567964e-09,0
26169,1.0,1.2111992e-10,0
26170,1.0,1.8282276e-09,0
26171,1.0,7.3459905e-10,0
26172,1.0,9.498524e-12,0
26173,1.0,1.8819568e-09,0
26174,0.9999999,1.0173687e-07,0
26175,0.99999976,2.041559e-07,0
26176,1.0,1.3799588e-08,0
26177,0.99999964,3.7018123e-07,0
26178,1.0,3.9068415e-09,0
26179,1.0,3.2951483e-08,0
26180,1.0,4.9201628e-08,0
26181,1.0,4.95601e-08,0
26182,1.0,1.7618685e-09,0
26183,1.0,1.4352559e-08,0
26184,1.0,9.1251945e-10,0
26185,1.0,6.197237e-09,0
26186,1.0,6.5313666e-10,0
26187,1.0,1.2856419e-09,0
26188,1.0,6.6701435e-09,0
26189,1.0,1.4171879e-08,0
26190,1.0,2.811766e-09,0
26191,1.0,2.1604135e-08,0
26192,1.0,1.1797809e-08,0
26193,1.0,1.429905e-09,0
26194,1.0,2.8110167e-08,0
26195,1.0,1.5687677e-08,0
26196,1.0,2.24918e-08,0
26197,1.0,1.0954835e-08,0
26198,1.0,5.0051135e-08,0
26199,1.0,2.3980866e-09,0
26200,0.9999999,1.0754578e-07,0
26201,1.0,4.6055537e-09,0
26202,1.0,1.4736928e-08,0
26203,1.0,1.6357719e-08,0
26204,1.0,6.9071646e-09,0
26205,1.0,4.488221e-09,0
26206,1.0,7.1469217e-09,0
26207,1.0,6.324914e-10,0
26208,1.0,1.281544e-08,0
26209,1.0,2.5846756e-08,0
26210,1.0,4.0304024e-10,0
26211,1.0,2.0664213e-08,0
26212,1.0,1.2706206e-08,0
26213,1.0,2.903372e-10,0
26214,0.9999999,8.8588685e-08,0
26215,1.0,3.3782356e-08,0
26216,1.0,1.0049016e-09,0
26217,1.0,2.0381928e-10,0
26218,1.0,1.0292568e-08,0
26219,1.0,1.7629711e-09,0
26220,1.0,3.0805097e-08,0
26221,1.0,5.0549898e-09,0
26222,1.0,8.6706e-09,0
26223,1.0,7.081085e-09,0
26224,1.0,1.8223683e-09,0
26225,1.0,3.1683074e-09,0
26226,1.0,5.5493706e-14,0
26227,1.0,1.4688744e-08,0
26228,1.0,2.250785e-08,0
26229,0.9999999,7.446438e-08,0
26230,1.0,3.0920226e-09,0
26231,0.99999976,1.9165782e-07,0
26232,1.0,1.445779e-08,0
26233,1.0,8.820794e-09,0
26234,1.0,6.6583605e-09,0
26235,1.0,2.5575174e-08,0
26236,1.0,1.9614816e-08,0
26237,1.0,4.848779e-09,0
26238,1.0,1.2544021e-09,0
26239,1.0,1.4929196e-08,0
26240,1.0,2.331117e-08,0
26241,0.9999999,9.57021e-08,0
26242,1.0,1.1765399e-09,0
26243,1.0,2.403647e-08,0
26244,0.9999999,8.727066e-08,0
26245,1.0,2.486414e-10,0
26246,0.99999976,2.1303873e-07,0
26247,1.0,1.1536279e-08,0
26248,1.0,4.081417e-08,0
26249,1.0,6.3077135e-09,0
26250,0.9999999,9.9625346e-08,0
26251,1.0,1.23103465e-08,0
26252,1.0,9.140372e-09,0
26253,1.0,5.1934648e-09,0
26254,0.99999976,2.9108006e-07,0
26255,1.0,1.3786348e-09,0
26256,1.0,1.7996914e-09,0
26257,1.0,1.08076055e-08,0
26258,1.0,3.261768e-09,0
26259,1.0,5.667413e-09,0
26260,1.0,1.3607857e-10,0
26261,1.0,6.765869e-10,0
26262,1.0,5.443428e-10,0
26263,1.0,4.0909622e-09,0
26264,1.0,1.8630928e-08,0
26265,0.99999976,1.9711734e-07,0
26266,1.0,2.2882003e-09,0
26267,1.0,3.292747e-09,0
26268,1.0,6.2036437e-10,0
26269,1.0,8.6758073e-10,0
26270,1.0,4.8636455e-09,0
26271,1.0,2.7987973e-08,0
26272,1.0,3.4561836e-09,0
26273,1.0,3.817337e-09,0
26274,1.0,2.4884306e-10,0
26275,1.0,3.842891e-09,0
26276,1.0,9.0044996e-13,0
26277,1.0,2.7068043e-09,0
26278,0.99999976,2.1530752e-07,0
26279,1.0,2.7365717e-08,0
26280,1.0,1.2372672e-09,0
26281,1.0,3.1199e-10,0
26282,1.0,1.284382e-09,0
26283,1.0,3.0578906e-15,0
26284,1.0,1.8377232e-09,0
26285,1.0,8.944538e-09,0
26286,0.99999976,2.6448348e-07,0
26287,1.0,1.0537261e-10,0
26288,1.0,2.9194662e-09,0
26289,0.9999999,7.123828e-08,0
26290,0.9999999,6.1941314e-08,0
26291,1.0,1.3113347e-08,0
26292,1.0,1.5768786e-09,0
26293,1.0,4.5045992e-10,0
26294,1.0,2.5768784e-08,0
26295,1.0,2.1498595e-10,0
26296,1.0,3.7105414e-12,0
26297,1.0,2.5322562e-09,0
26298,1.0,2.9944765e-11,0
26299,1.0,1.4126168e-11,0
26300,1.0,1.1177868e-08,0
26301,1.0,4.60659e-09,0
26302,1.0,4.6185553e-09,0
26303,1.0,1.2482141e-08,0
26304,1.0,1.4530442e-08,0
26305,1.0,2.6889588e-09,0
26306,1.0,2.1471722e-09,0
26307,1.0,2.7571394e-09,0
26308,1.0,1.4029758e-09,0
26309,1.0,3.772619e-09,0
26310,1.0,1.7249066e-09,0
26311,1.0,3.6714192e-09,0
26312,1.0,2.29969e-09,0
26313,1.0,1.37342315e-08,0
26314,1.0,2.9019963e-08,0
26315,1.0,9.33864e-09,0
26316,1.0,1.8106903e-11,0
26317,1.0,2.6753102e-09,0
26318,1.0,7.064998e-11,0
26319,1.0,6.021316e-10,0
26320,1.0,8.0443596e-10,0
26321,1.0,6.9604583e-10,0
26322,0.9999999,8.63914e-08,0
26323,1.0,1.2154325e-09,0
26324,1.0,1.1407793e-12,0
26325,1.0,1.9950265e-10,0
26326,1.0,1.8710663e-08,0
26327,1.0,1.3452046e-09,0
26328,0.9999999,7.355671e-08,0
26329,1.0,3.703189e-08,0
26330,1.0,2.2427947e-10,0
26331,1.0,8.424231e-09,0
26332,1.0,1.2043351e-09,0
26333,1.0,2.4908818e-13,0
26334,1.0,5.43203e-10,0
26335,1.0,5.5883267e-12,0
26336,1.0,5.0461686e-08,0
26337,1.0,1.7125763e-10,0
26338,1.0,1.3877823e-08,0
26339,0.99999964,3.1949378e-07,0
26340,1.0,4.0742434e-13,0
26341,1.0,3.2914862e-08,0
26342,1.0,1.1401299e-14,0
26343,0.99999964,4.140894e-07,0
26344,1.0,2.8541184e-08,0
26345,1.0,2.592396e-09,0
26346,1.0,1.7567203e-10,0
26347,1.0,1.495623e-10,0
26348,1.0,4.9856643e-09,0
26349,1.0,8.7403e-14,0
26350,1.0,8.739308e-12,0
26351,1.0,1.2145502e-08,0
26352,1.0,2.9741348e-10,0
26353,1.0,1.13592774e-10,0
26354,1.0,8.799284e-09,0
26355,1.0,3.0302733e-10,0
26356,1.0,8.0070084e-10,0
26357,1.0,1.2229874e-10,0
26358,1.0,5.0473428e-08,0
26359,1.0,4.0462366e-11,0
26360,1.0,1.9605313e-12,0
26361,1.0,2.805414e-08,0
26362,1.0,1.2535913e-09,0
26363,1.0,3.58388e-10,0
26364,0.9999999,6.8174316e-08,0
26365,1.0,8.133933e-11,0
26366,1.0,4.2871343e-10,0
26367,1.0,2.5384497e-10,0
26368,1.0,3.4856569e-09,0
26369,1.0,5.433356e-10,0
26370,1.0,6.2205197e-09,0
26371,0.9999995,5.3357155e-07,0
26372,1.0,6.17048e-11,0
26373,1.0,1.6582073e-08,0
26374,1.0,6.950658e-09,0
26375,1.0,2.347568e-08,0
26376,1.0,9.744705e-11,0
26377,1.0,1.3634772e-10,0
26378,1.0,2.6278315e-09,0
26379,1.0,5.1434945e-09,0
26380,1.0,1.4982083e-08,0
26381,1.0,2.6302989e-09,0
26382,1.0,1.9344427e-10,0
26383,1.0,9.110682e-12,0
26384,1.0,6.7478645e-10,0
26385,1.0,2.4686019e-08,0
26386,1.0,8.1310444e-12,0
26387,1.0,6.24541e-14,0
26388,1.0,1.7388431e-09,0
26389,1.0,4.7092324e-10,0
26390,1.0,4.1656545e-09,0
26391,1.0,2.41832e-09,0
26392,1.0,1.4713496e-09,0
26393,1.0,9.0345154e-10,0
26394,1.0,7.380032e-10,0
26395,1.0,2.8187935e-10,0
26396,1.0,8.567153e-12,0
26397,1.0,8.560521e-12,0
26398,1.0,3.7404053e-09,0
26399,1.0,2.366613e-11,0
26400,1.0,4.9387644e-10,0
26401,1.0,7.6277307e-10,0
26402,1.0,2.1486174e-10,0
26403,1.0,1.3609166e-12,0
26404,1.0,6.719292e-09,0
26405,1.0,5.0300003e-10,0
26406,1.0,2.335886e-10,0
26407,1.0,8.4814905e-11,0
26408,1.0,1.5182601e-10,0
26409,1.0,1.7025116e-11,0
26410,1.0,4.748587e-13,0
26411,1.0,5.8046398e-11,0
26412,1.0,3.872411e-09,0
26413,1.0,3.4400705e-09,0
26414,1.0,3.4685064e-09,0
26415,1.0,3.6244403e-09,0
26416,1.0,7.964359e-14,0
26417,1.0,3.781738e-10,0
26418,1.0,1.7014259e-09,0
26419,1.0,8.365125e-11,0
26420,1.0,1.03606485e-10,0
26421,1.0,2.2663858e-10,0
26422,1.0,1.1213055e-09,0
26423,1.0,5.718379e-10,0
26424,1.0,1.3711368e-10,0
26425,0.9999999,6.11177e-08,0
26426,1.0,3.4100378e-10,0
26427,1.0,2.8509515e-12,0
26428,1.0,1.1249203e-11,0
26429,1.0,1.7351216e-10,0
26430,1.0,5.4071386e-10,0
26431,1.0,1.804828e-08,0
26432,1.0,6.049903e-13,0
26433,1.0,3.716704e-12,0
26434,1.0,1.2565044e-13,0
26435,1.0,2.1384738e-10,0
26436,1.0,6.7170262e-12,0
26437,1.0,9.113501e-11,0
26438,1.0,8.4129675e-11,0
26439,1.0,6.1165615e-09,0
26440,1.0,2.6572763e-13,0
26441,1.0,1.7844908e-13,0
26442,1.0,1.5611673e-09,0
26443,1.0,1.3920445e-09,0
26444,1.0,4.9703342e-11,0
26445,1.0,4.4806917e-10,0
26446,1.0,4.878945e-14,0
26447,1.0,5.2997793e-12,0
26448,1.0,2.6871554e-08,0
26449,1.0,3.2371867e-13,0
26450,1.0,9.409222e-10,0
26451,1.0,2.3831792e-14,0
26452,1.0,3.2407144e-13,0
26453,1.0,6.7018483e-12,0
26454,1.0,7.6185125e-10,0
26455,1.0,6.2113214e-12,0
26456,1.0,8.2532087e-10,0
26457,1.0,1.2635485e-09,0
26458,1.0,2.2339634e-12,0
26459,1.0,6.234128e-10,0
26460,1.0,5.9409756e-12,0
26461,1.0,2.6454795e-12,0
26462,1.0,2.3611065e-16,0
26463,1.0,1.525805e-10,0
26464,1.0,2.884024e-12,0
26465,1.0,6.944413e-10,0
26466,1.0,1.0407345e-11,0
26467,1.0,5.4697485e-10,0
26468,1.0,5.624958e-10,0
26469,1.0,1.1815469e-11,0
26470,1.0,1.0039011e-10,0
26471,1.0,5.3000876e-10,0
26472,1.0,4.8530696e-10,0
26473,1.0,7.708453e-13,0
26474,1.0,2.5694464e-09,0
26475,1.0,3.2760676e-11,0
26476,1.0,1.0356463e-09,0
26477,1.0,2.3889863e-14,0
26478,1.0,4.7490767e-09,0
26479,1.0,3.1137124e-13,0
26480,1.0,2.0314368e-09,0
26481,1.0,5.395363e-10,0
26482,1.0,1.3151137e-09,0
26483,1.0,3.4166067e-10,0
26484,1.0,5.8684242e-12,0
26485,1.0,1.1686555e-10,0
26486,1.0,3.932372e-09,0
26487,1.0,1.04929385e-10,0
26488,1.0,4.0168e-08,0
26489,1.0,6.509205e-10,0
26490,1.0,2.5180782e-08,0
26491,1.0,4.969863e-10,0
26492,1.0,9.598976e-10,0
26493,1.0,1.6230661e-09,0
26494,1.0,2.0793799e-10,0
26495,0.9999999,6.214972e-08,0
26496,1.0,9.777033e-09,0
26497,1.0,3.5850511e-09,0
26498,1.0,1.6354152e-09,0
26499,1.0,2.5552233e-10,0
26500,1.0,3.2784928e-11,0
26501,0.99999976,2.4306456e-07,0
26502,1.0,3.2476637e-09,0
26503,1.0,3.5892705e-10,0
26504,1.0,4.3002913e-08,0
26505,1.0,1.0079217e-08,0
26506,1.0,3.6503875e-09,0
26507,1.0,5.351957e-10,0
26508,1.0,1.3537214e-13,0
26509,1.0,3.319303e-11,0
26510,1.0,9.811332e-09,0
26511,1.0,1.3280778e-09,0
26512,1.0,3.4029398e-08,0
26513,1.0,2.6081093e-08,0
26514,0.9999999,9.5560196e-08,0
26515,1.0,3.4016548e-08,0
26516,1.0,3.644601e-08,0
26517,1.0,5.2668575e-08,0
26518,0.9999999,8.5769635e-08,0
26519,1.0,2.2563299e-08,0
26520,1.0,4.777999e-08,0
26521,1.0,1.6156541e-08,0
26522,0.99999976,2.0336054e-07,0
26523,0.9999999,1.08350825e-07,0
26524,0.99999976,2.952452e-07,0
26525,1.0,2.0267393e-08,0
26526,1.0,1.7926828e-08,0
26527,1.0,2.9143882e-08,0
26528,0.99999976,1.8760663e-07,0
26529,1.0,7.026382e-09,0
26530,1.0,2.107803e-10,0
26531,1.0,3.349848e-09,0
26532,0.9999999,1.2756381e-07,0
26533,0.9999999,7.424399e-08,0
26534,1.0,6.9556375e-11,0
26535,0.9999999,1.197999e-07,0
26536,0.99999976,2.0398132e-07,0
26537,0.9999999,8.885233e-08,0
26538,1.0,1.2461754e-08,0
26539,1.0,3.022227e-10,0
26540,1.0,4.5758384e-08,0
26541,0.9999994,5.925653e-07,0
26542,1.0,5.753564e-10,0
26543,1.0,2.802649e-08,0
26544,0.9999994,6.063781e-07,0
26545,1.0,1.1939633e-08,0
26546,1.0,2.0436863e-09,0
26547,0.99999976,2.7199312e-07,0
26548,1.0,5.8235616e-10,0
26549,1.0,1.9745482e-08,0
26550,1.0,2.1015576e-09,0
26551,1.0,7.929533e-09,0
26552,1.0,4.1143497e-10,0
26553,0.9999987,1.3444635e-06,0
26554,1.0,9.153544e-09,0
26555,1.0,9.064938e-12,0
26556,1.0,4.6113836e-08,0
26557,1.0,1.7695229e-10,0
26558,1.0,2.4248173e-10,0
26559,0.9999999,1.2517884e-07,0
26560,1.0,1.3364385e-08,0
26561,1.0,1.96081e-10,0
26562,0.9999989,1.0158055e-06,0
26563,1.0,5.662832e-09,0
26564,1.0,5.9555322e-08,0
26565,1.0,1.295616e-10,0
26566,0.9999999,7.831535e-08,0
26567,1.0,1.1531769e-08,0
26568,1.0,2.0673676e-08,0
26569,1.0,9.4551025e-09,0
26570,0.9999999,9.0126306e-08,0
26571,0.99999964,3.2749483e-07,0
26572,1.0,2.5265962e-10,0
26573,1.0,1.41966655e-11,0
26574,1.0,2.5252447e-08,0
26575,1.0,4.05494e-09,0
26576,0.9999999,1.6266131e-07,0
26577,1.0,9.7681516e-11,0
26578,1.0,2.5246571e-08,0
26579,1.0,1.9473758e-08,0
26580,1.0,1.1493341e-08,0
26581,1.0,2.7118958e-08,0
26582,1.0,1.7338298e-08,0
26583,1.0,1.609109e-09,0
26584,1.0,2.4485642e-08,0
26585,1.0,5.4049988e-08,0
26586,1.0,8.549235e-11,0
26587,1.0,2.0344546e-08,0
26588,1.0,6.0085126e-10,0
26589,0.9999999,6.721102e-08,0
26590,1.0,5.9286345e-09,0
26591,1.0,3.865459e-13,0
26592,1.0,1.2148654e-08,0
26593,1.0,3.1676548e-09,0
26594,1.0,2.5936435e-08,0
26595,1.0,3.5142295e-12,0
26596,0.9999999,1.268442e-07,0
26597,1.0,2.7581465e-11,0
26598,1.0,7.514034e-09,0
26599,1.0,1.807927e-10,0
26600,0.99999964,3.1021406e-07,0
26601,1.0,1.2694186e-09,0
26602,1.0,1.7394408e-12,0
26603,1.0,1.0917373e-08,0
26604,1.0,5.307409e-11,0
26605,1.0,1.6207283e-08,0
26606,1.0,7.3733673e-09,0
26607,0.99999976,2.9515004e-07,0
26608,1.0,2.0518076e-08,0
26609,1.0,5.5731373e-08,0
26610,1.0,4.5489466e-09,0
26611,1.0,4.5353252e-10,0
26612,0.9999999,7.16695e-08,0
26613,1.0,3.9329745e-08,0
26614,1.0,5.0918413e-08,0
26615,1.0,4.7910738e-09,0
26616,0.99999964,3.6814492e-07,0
26617,1.0,2.4218143e-09,0
26618,1.0,9.957943e-11,0
26619,1.0,2.023077e-09,0
26620,1.0,5.7016427e-09,0
26621,1.0,9.354573e-10,0
26622,1.0,3.541125e-11,0
26623,1.0,4.9144764e-09,0
26624,1.0,2.4553502e-08,0
26625,0.9999999,1.390321e-07,0
26626,1.0,4.4687308e-08,0
26627,0.9999999,1.5113714e-07,0
26628,1.0,1.9126134e-10,0
26629,1.0,1.1102354e-08,0
26630,1.0,2.6242306e-09,0
26631,1.0,2.5961452e-10,0
26632,1.0,2.7657789e-08,0
26633,1.0,7.852592e-09,0
26634,1.0,3.0783e-09,0
26635,1.0,5.8542353e-09,0
26636,1.0,5.529596e-09,0
26637,1.0,1.0606192e-08,0
26638,1.0,5.2454936e-08,0
26639,1.0,2.6775268e-08,0
26640,0.9999999,1.2972596e-07,0
26641,1.0,1.50463e-10,0
26642,1.0,1.8236714e-10,0
26643,1.0,1.836496e-10,0
26644,1.0,1.4931153e-09,0
26645,1.0,2.240846e-09,0
26646,1.0,5.7881694e-10,0
26647,1.0,1.14242775e-08,0
26648,1.0,1.4644789e-09,0
26649,1.0,1.7961138e-10,0
26650,1.0,2.3519826e-08,0
26651,1.0,3.0189575e-08,0
26652,1.0,3.4935072e-11,0
26653,1.0,2.663569e-09,0
26654,0.99999964,3.5385858e-07,0
26655,1.0,1.7081348e-08,0
26656,1.0,6.048346e-09,0
26657,1.0,5.136713e-08,0
26658,1.0,8.4193924e-10,0
26659,1.0,2.6228303e-12,0
26660,1.0,1.805774e-09,0
26661,1.0,3.056289e-10,0
26662,0.9999999,1.2510509e-07,0
26663,1.0,4.7401735e-12,0
26664,1.0,5.5405227e-09,0
26665,1.0,1.8868313e-08,0
26666,1.0,1.1711977e-09,0
26667,1.0,9.613603e-09,0
26668,1.0,3.9385142e-08,0
26669,1.0,4.4883413e-09,0
26670,1.0,1.9611607e-11,0
26671,1.0,4.766439e-08,0
26672,1.0,2.3992225e-08,0
26673,1.0,3.1928355e-08,0
26674,1.0,5.507029e-09,0
26675,1.0,5.7463034e-10,0
26676,1.0,4.854887e-09,0
26677,1.0,1.8646464e-08,0
26678,0.9999999,1.4525376e-07,0
26679,1.0,1.8544995e-11,0
26680,1.0,2.308648e-08,0
26681,1.0,1.5138021e-09,0
26682,1.0,3.499074e-08,0
26683,1.0,3.4187924e-09,0
26684,1.0,4.7721676e-09,0
26685,1.0,3.0041598e-16,0
26686,1.0,9.660088e-09,0
26687,1.0,7.409599e-09,0
26688,1.0,8.30662e-10,0
26689,1.0,7.750304e-10,0
26690,1.0,4.2182826e-08,0
26691,1.0,2.6974975e-08,0
26692,1.0,4.9583804e-09,0
26693,1.0,3.6434265e-08,0
26694,1.0,1.0720475e-08,0
26695,1.0,2.9890714e-08,0
26696,1.0,3.1189968e-09,0
26697,1.0,3.5187472e-10,0
26698,1.0,7.964652e-09,0
26699,1.0,1.0545429e-09,0
26700,1.0,5.4190324e-10,0
26701,1.0,1.2519766e-08,0
26702,1.0,9.70006e-09,0
26703,1.0,1.5843976e-09,0
26704,1.0,3.2008486e-11,0
26705,1.0,8.8826875e-09,0
26706,1.0,1.3553551e-12,0
26707,1.0,2.583426e-10,0
26708,1.0,1.0959992e-09,0
26709,1.0,2.890466e-09,0
26710,1.0,2.1213546e-10,0
26711,1.0,5.3697105e-09,0
26712,1.0,2.4934227e-11,0
26713,1.0,1.3936517e-09,0
26714,1.0,8.580395e-13,0
26715,1.0,5.0514455e-08,0
26716,1.0,5.149637e-10,0
26717,1.0,2.062584e-10,0
26718,1.0,7.1414125e-10,0
26719,1.0,2.1710493e-09,0
26720,1.0,5.628031e-09,0
26721,1.0,2.224066e-08,0
26722,1.0,7.8290145e-11,0
26723,1.0,8.0637463e-10,0
26724,1.0,2.2144363e-08,0
26725,1.0,3.2179565e-12,0
26726,1.0,1.4778677e-11,0
26727,1.0,3.2261256e-11,0
26728,1.0,3.7562467e-10,0
26729,1.0,2.954135e-08,0
26730,1.0,3.1592677e-09,0
26731,1.0,3.3688394e-09,0
26732,1.0,8.274199e-11,0
26733,1.0,6.132963e-09,0
26734,1.0,2.0811266e-09,0
26735,1.0,4.579398e-09,0
26736,1.0,8.9781027e-10,0
26737,1.0,6.457219e-10,0
26738,1.0,2.1498781e-08,0
26739,1.0,2.2364151e-08,0
26740,1.0,8.390189e-09,0
26741,1.0,4.0866808e-09,0
26742,1.0,3.9923842e-10,0
26743,0.9999999,1.6107685e-07,0
26744,1.0,1.9395875e-08,0
26745,1.0,5.625323e-10,0
26746,1.0,1.9610514e-08,0
26747,1.0,1.3932644e-08,0
26748,1.0,2.064762e-09,0
26749,1.0,2.1201513e-08,0
26750,1.0,2.4850073e-09,0
26751,1.0,1.7070159e-10,0
26752,1.0,1.2332466e-11,0
26753,1.0,1.0125885e-12,0
26754,1.0,6.747256e-11,0
26755,1.0,1.4549867e-10,0
26756,1.0,1.2903906e-09,0
26757,0.9999999,1.732928e-07,0
26758,1.0,6.2064403e-09,0
26759,1.0,2.1462847e-12,0
26760,1.0,3.2110105e-08,0
26761,1.0,3.0204257e-12,0
26762,1.0,1.2158059e-09,0
26763,1.0,4.7110293e-10,0
26764,1.0,1.0408601e-10,0
26765,1.0,1.0796295e-08,0
26766,1.0,1.0996698e-09,0
26767,1.0,3.1244462e-12,0
26768,1.0,7.377895e-17,0
26769,1.0,3.1849336e-16,0
26770,1.0,5.897084e-11,0
26771,1.0,9.939579e-10,0
26772,1.0,2.3605462e-10,0
26773,1.0,7.4006024e-09,0
26774,1.0,2.0346127e-09,0
26775,1.0,7.769852e-11,0
26776,1.0,8.4919843e-10,0
26777,1.0,1.5609826e-09,0
26778,1.0,7.002955e-09,0
26779,1.0,6.222154e-10,0
26780,1.0,7.316091e-11,0
26781,1.0,1.8941385e-10,0
26782,1.0,3.165346e-10,0
26783,1.0,2.6475986e-09,0
26784,1.0,9.383863e-10,0
26785,1.0,3.793993e-09,0
26786,1.0,1.223845e-08,0
26787,1.0,1.0181759e-08,0
26788,1.0,2.0423772e-09,0
26789,1.0,3.3646272e-09,0
26790,1.0,7.301847e-10,0
26791,1.0,1.0742815e-10,0
26792,0.99999976,1.8657711e-07,0
26793,1.0,4.466272e-10,0
26794,1.0,1.8177719e-09,0
26795,1.0,2.1473127e-08,0
26796,1.0,8.8660274e-10,0
26797,1.0,1.0406879e-09,0
26798,1.0,1.5648573e-10,0
26799,1.0,8.151399e-09,0
26800,1.0,1.1198734e-09,0
26801,1.0,8.941391e-11,0
26802,1.0,5.0977276e-09,0
26803,1.0,1.988664e-09,0
26804,1.0,8.855815e-11,0
26805,1.0,7.0627104e-10,0
26806,1.0,1.9590326e-08,0
26807,1.0,4.5196946e-10,0
26808,1.0,3.194818e-10,0
26809,1.0,1.9766865e-10,0
26810,1.0,9.051945e-12,0
26811,0.9999999,8.084883e-08,0
26812,1.0,1.3708681e-09,0
26813,1.0,1.7273113e-15,0
26814,1.0,9.821493e-14,0
26815,1.0,9.624289e-11,0
26816,0.99999964,3.1607405e-07,0
26817,0.99999976,1.8143339e-07,0
26818,1.0,5.6192534e-10,0
26819,1.0,2.1417131e-08,0
26820,1.0,5.7585336e-15,0
26821,1.0,1.0964815e-14,0
26822,1.0,2.681967e-09,0
26823,1.0,1.8273334e-11,0
26824,1.0,5.325505e-09,0
26825,1.0,3.4148345e-10,0
26826,1.0,3.6331018e-11,0
26827,1.0,3.5708905e-09,0
26828,1.0,1.311117e-12,0
26829,1.0,1.9119194e-11,0
26830,1.0,3.2443823e-09,0
26831,1.0,4.004062e-09,0
26832,1.0,5.56646e-10,0
26833,1.0,7.903452e-10,0
26834,1.0,5.9296124e-11,0
26835,1.0,1.0898502e-08,0
26836,1.0,1.23040085e-08,0
26837,1.0,2.6676682e-08,0
26838,1.0,2.6587166e-09,0
26839,1.0,5.1637188e-11,0
26840,1.0,1.7030484e-10,0
26841,1.0,1.8987377e-08,0
26842,1.0,2.8205077e-11,0
26843,1.0,2.0078683e-10,0
26844,1.0,1.24099975e-08,0
26845,1.0,1.7153395e-09,0
26846,1.0,3.0375544e-09,0
26847,1.0,1.744913e-09,0
26848,1.0,1.2369611e-08,0
26849,1.0,5.5867257e-09,0
26850,1.0,6.0102096e-10,0
26851,1.0,3.4371714e-09,0
26852,1.0,2.3304679e-08,0
26853,1.0,9.270204e-10,0
26854,1.0,4.4192083e-10,0
26855,1.0,2.139079e-09,0
26856,1.0,1.3868079e-09,0
26857,1.0,2.0725663e-09,0
26858,1.0,3.0400452e-10,0
26859,1.0,5.3706115e-09,0
26860,1.0,3.3844752e-10,0
26861,1.0,3.8642045e-10,0
26862,1.0,2.1980006e-11,0
26863,1.0,8.214987e-09,0
26864,1.0,2.4507263e-09,0
26865,1.0,3.261055e-11,0
26866,1.0,2.6085856e-09,0
26867,1.0,3.9075476e-10,0
26868,1.0,8.608148e-09,0
26869,1.0,3.756476e-10,0
26870,1.0,7.109695e-09,0
26871,0.9999999,6.784484e-08,0
26872,1.0,7.238864e-10,0
26873,1.0,9.453962e-10,0
26874,1.0,5.100726e-08,0
26875,0.9999999,9.418891e-08,0
26876,1.0,2.3181732e-09,0
26877,1.0,2.2614266e-08,0
26878,1.0,2.1669122e-09,0
26879,0.9999999,8.046592e-08,0
26880,1.0,4.960885e-10,0
26881,1.0,1.7870363e-08,0
26882,1.0,6.4311654e-09,0
26883,0.9999999,1.4314999e-07,0
26884,1.0,5.29344e-10,0
26885,1.0,1.3507227e-08,0
26886,0.9999999,9.593348e-08,0
26887,1.0,5.98347e-09,0
26888,1.0,1.1617028e-08,0
26889,1.0,1.15636285e-10,0
26890,1.0,8.017542e-09,0
26891,1.0,2.279759e-08,0
26892,1.0,6.3187433e-09,0
26893,1.0,4.709145e-09,0
26894,1.0,7.4350677e-09,0
26895,1.0,3.1286746e-08,0
26896,1.0,5.676877e-10,0
26897,1.0,7.570598e-09,0
26898,0.9999999,1.7863111e-07,0
26899,1.0,1.0394182e-09,0
26900,1.0,2.2642513e-10,0
26901,1.0,6.177104e-09,0
26902,1.0,5.3040345e-09,0
26903,1.0,1.2131222e-11,0
26904,1.0,1.8821793e-09,0
26905,1.0,5.6787453e-08,0
26906,1.0,3.7251195e-09,0
26907,1.0,2.82372e-08,0
26908,0.99999976,2.717748e-07,0
26909,1.0,2.3843447e-09,0
26910,1.0,5.3608686e-09,0
26911,1.0,3.165639e-08,0
26912,1.0,5.945451e-09,0
26913,0.9999999,9.448472e-08,0
26914,1.0,9.217e-09,0
26915,1.0,6.110434e-11,0
26916,1.0,4.6838816e-10,0
26917,1.0,1.5091519e-09,0
26918,1.0,1.0845018e-09,0
26919,1.0,3.774795e-08,0
26920,1.0,8.9588076e-10,0
26921,1.0,1.1404683e-08,0
26922,1.0,1.6347487e-08,0
26923,1.0,5.6245135e-08,0
26924,1.0,4.785752e-08,0
26925,1.0,2.275801e-08,0
26926,1.0,6.5211876e-09,0
26927,1.0,3.400487e-08,0
26928,1.0,4.647407e-09,0
26929,0.9999999,1.480191e-07,0
26930,1.0,1.6038761e-08,0
26931,1.0,1.7996921e-08,0
26932,1.0,5.4010314e-08,0
26933,1.0,8.1488025e-09,0
26934,1.0,1.7458593e-08,0
26935,1.0,3.2448046e-08,0
26936,1.0,5.6719042e-08,0
26937,1.0,1.0733098e-08,0
26938,1.0,1.680258e-08,0
26939,1.0,6.599265e-09,0
26940,0.9999999,6.649593e-08,0
26941,1.0,1.0114092e-08,0
26942,1.0,5.378764e-08,0
26943,1.0,3.0848607e-08,0
26944,1.0,2.3493017e-08,0
26945,1.0,4.2555914e-09,0
26946,1.0,3.7121204e-08,0
26947,1.0,1.3835721e-08,0
26948,1.0,1.8741844e-08,0
26949,1.0,5.300818e-09,0
26950,1.0,4.087338e-08,0
26951,1.0,1.5392607e-09,0
26952,1.0,1.0004418e-09,0
26953,0.99999964,3.4458878e-07,0
26954,1.0,2.1862663e-09,0
26955,0.99999964,3.4107313e-07,0
26956,0.99999964,3.0079968e-07,0
26957,1.0,3.8924064e-08,0
26958,1.0,6.1690714e-10,0
26959,0.99999857,1.4295942e-06,0
26960,1.0,7.784174e-09,0
26961,0.9999938,6.257893e-06,0
26962,1.0,1.4114473e-08,0
26963,1.0,3.412605e-08,0
26964,1.0,2.306301e-09,0
26965,1.0,5.3036397e-09,0
26966,1.0,1.9493879e-10,0
26967,1.0,3.0286465e-08,0
26968,1.0,4.007051e-08,0
26969,0.9999999,8.0528864e-08,0
26970,1.0,1.3944156e-08,0
26971,0.99999976,2.0225346e-07,0
26972,1.0,4.433676e-08,0
26973,1.0,3.7307174e-08,0
26974,1.0,4.301448e-08,0
26975,1.0,4.808807e-09,0
26976,0.99999976,2.6196116e-07,0
26977,1.0,1.8600463e-08,0
26978,1.0,3.8927926e-08,0
26979,1.0,2.8415897e-10,0
26980,0.9999999,8.8717876e-08,0
26981,1.0,6.7138086e-09,0
26982,1.0,3.499895e-08,0
26983,1.0,1.8826298e-11,0
26984,1.0,1.3097217e-09,0
26985,1.0,1.3554288e-10,0
26986,1.0,3.4943903e-09,0
26987,0.9999999,6.023711e-08,0
26988,0.99999964,3.7424843e-07,0
26989,1.0,3.6695304e-12,0
26990,1.0,1.7033036e-08,0
26991,1.0,4.4114628e-09,0
26992,1.0,1.07686436e-10,0
26993,1.0,1.7103671e-09,0
26994,1.0,6.746234e-09,0
26995,0.99999964,3.5081098e-07,0
26996,1.0,2.6491596e-09,0
26997,1.0,3.2178695e-09,0
26998,1.0,3.1798056e-08,0
26999,1.0,3.4405673e-10,0
27000,1.0,7.738402e-09,0
27001,0.9999999,8.5397126e-08,0
27002,1.0,1.2388204e-10,0
27003,0.9999993,7.00889e-07,0
27004,0.9999999,1.0388642e-07,0
27005,1.0,1.5300804e-10,0
27006,1.0,3.0720138e-08,0
27007,1.0,4.318325e-08,0
27008,1.0,5.612447e-08,0
27009,0.99999964,3.813686e-07,0
27010,1.0,8.650695e-09,0
27011,0.9999999,9.716506e-08,0
27012,1.0,2.6440685e-11,0
27013,1.0,4.0817287e-08,0
27014,0.9999999,7.137089e-08,0
27015,1.0,4.796569e-09,0
27016,1.0,3.0740854e-10,0
27017,0.9999999,6.571334e-08,0
27018,0.99999976,1.8977353e-07,0
27019,1.0,1.5560875e-08,0
27020,1.0,9.520467e-09,0
27021,1.0,1.4480144e-08,0
27022,0.99999964,3.8677337e-07,0
27023,1.0,3.64554e-08,0
27024,1.0,3.1696448e-08,0
27025,0.9999999,9.182015e-08,0
27026,1.0,2.9281619e-08,0
27027,1.0,5.7537235e-08,0
27028,1.0,5.24845e-14,0
27029,1.0,2.4076803e-08,0
27030,0.99999976,2.4388748e-07,0
27031,1.0,6.935521e-09,0
27032,1.0,2.2361921e-09,0
27033,1.0,8.609264e-09,0
27034,0.9999999,1.15528856e-07,0
27035,1.0,2.6473627e-08,0
27036,0.9999999,1.17300395e-07,0
27037,0.99999917,8.290069e-07,0
27038,1.0,2.0554582e-08,0
27039,1.0,1.5652132e-09,0
27040,0.9999999,1.383966e-07,0
27041,1.0,2.0259664e-08,0
27042,1.0,4.3508656e-08,0
27043,0.9999999,1.4154055e-07,0
27044,1.0,1.310442e-08,0
27045,0.9999999,6.436162e-08,0
27046,0.9999999,7.9506314e-08,0
27047,0.9999999,7.4970295e-08,0
27048,0.9999995,4.2702538e-07,0
27049,1.0,1.4325537e-08,0
27050,1.0,4.6952437e-09,0
27051,1.0,3.4323122e-08,0
27052,1.0,2.4509099e-08,0
27053,0.9999999,7.925694e-08,0
27054,0.99999976,2.3266045e-07,0
27055,1.0,9.307466e-13,0
27056,1.0,1.0619491e-08,0
27057,1.0,1.740798e-16,0
27058,1.0,4.812202e-09,0
27059,1.0,2.6931485e-08,0
27060,1.0,7.802517e-09,0
27061,1.0,2.8207965e-12,0
27062,1.0,9.3748e-12,0
27063,1.0,1.2512352e-10,0
27064,1.0,1.522868e-11,0
27065,1.0,5.317793e-08,0
27066,1.0,6.2078988e-12,0
27067,1.0,1.348167e-08,0
27068,1.0,8.506205e-09,0
27069,1.0,6.4119847e-09,0
27070,1.0,4.4595985e-10,0
27071,1.0,6.9540224e-10,0
27072,1.0,2.2273976e-09,0
27073,1.0,7.6353873e-10,0
27074,1.0,1.15674005e-10,0
27075,1.0,2.2979012e-09,0
27076,1.0,4.76153e-09,0
27077,0.9999999,8.6985985e-08,0
27078,1.0,6.195284e-10,0
27079,0.9999993,7.6262245e-07,0
27080,0.9999999,1.220831e-07,0
27081,1.0,6.7455135e-09,0
27082,1.0,1.7928265e-08,0
27083,1.0,2.8122125e-08,0
27084,1.0,2.8417428e-09,0
27085,0.99999976,1.959762e-07,0
27086,0.9999999,9.001052e-08,0
27087,0.9999999,6.388938e-08,0
27088,1.0,8.872223e-09,0
27089,1.0,2.416139e-09,0
27090,1.0,2.1949824e-09,0
27091,1.0,1.5608934e-09,0
27092,1.0,7.2339534e-09,0
27093,0.9999999,7.954014e-08,0
27094,1.0,2.1999414e-12,0
27095,1.0,9.72397e-10,0
27096,1.0,8.763358e-09,0
27097,1.0,4.212092e-08,0
27098,1.0,1.3544895e-08,0
27099,1.0,1.0100829e-08,0
27100,1.0,4.432974e-08,0
27101,1.0,5.090858e-09,0
27102,1.0,3.7870397e-08,0
27103,1.0,1.8924178e-08,0
27104,1.0,1.1595808e-10,0
27105,1.0,8.465668e-11,0
27106,1.0,6.62186e-09,0
27107,0.9999999,7.548253e-08,0
27108,1.0,3.1305578e-10,0
27109,1.0,8.451471e-11,0
27110,1.0,7.125972e-13,0
27111,1.0,1.1836423e-11,0
27112,1.0,5.546359e-09,0
27113,1.0,2.4004376e-10,0
27114,1.0,4.2507267e-08,0
27115,1.0,3.7084953e-09,0
27116,1.0,7.239491e-12,0
27117,1.0,3.7014673e-11,0
27118,1.0,8.452155e-09,0
27119,1.0,2.4718798e-09,0
27120,1.0,6.065906e-13,0
27121,1.0,7.568545e-10,0
27122,1.0,4.3012243e-09,0
27123,1.0,7.2276746e-10,0
27124,1.0,3.0334608e-09,0
27125,1.0,2.7427378e-08,0
27126,1.0,4.7940973e-10,0
27127,1.0,4.3493157e-11,0
27128,1.0,1.5010736e-09,0
27129,1.0,5.241248e-10,0
27130,1.0,2.054388e-12,0
27131,1.0,2.9165237e-08,0
27132,1.0,3.5196233e-08,0
27133,1.0,9.048105e-10,0
27134,1.0,7.3162343e-10,0
27135,1.0,3.5848389e-09,0
27136,1.0,9.564075e-09,0
27137,1.0,5.2428632e-08,0
27138,0.9999999,1.0093785e-07,0
27139,1.0,1.4142303e-09,0
27140,1.0,4.5324713e-10,0
27141,1.0,4.1321573e-09,0
27142,1.0,2.4811853e-09,0
27143,1.0,3.659602e-10,0
27144,1.0,2.9518414e-09,0
27145,1.0,2.4260398e-09,0
27146,1.0,8.5675206e-10,0
27147,1.0,9.212003e-10,0
27148,1.0,3.6237076e-09,0
27149,1.0,1.7937788e-14,0
27150,1.0,4.1348693e-09,0
27151,1.0,1.297238e-10,0
27152,1.0,1.0374985e-10,0
27153,1.0,5.757878e-10,0
27154,1.0,9.85818e-11,0
27155,1.0,2.3718438e-13,0
27156,1.0,6.432809e-09,0
27157,1.0,1.6459337e-12,0
27158,1.0,3.5272254e-11,0
27159,1.0,2.118699e-09,0
27160,1.0,4.418638e-09,0
27161,1.0,1.2158018e-08,0
27162,1.0,7.146458e-09,0
27163,1.0,3.6723318e-08,0
27164,1.0,9.58514e-11,0
27165,1.0,1.3505971e-11,0
27166,0.9999999,1.2610975e-07,0
27167,1.0,1.0905228e-10,0
27168,1.0,2.411591e-16,0
27169,1.0,5.1413146e-10,0
27170,1.0,1.5740758e-08,0
27171,1.0,5.6126497e-12,0
27172,1.0,1.3420241e-13,0
27173,1.0,3.4264776e-08,0
27174,1.0,4.9605604e-11,0
27175,1.0,1.5130219e-10,0
27176,1.0,6.1861793e-10,0
27177,1.0,1.6899345e-13,0
27178,1.0,5.1569643e-12,0
27179,1.0,1.5070837e-09,0
27180,0.99999964,3.1292598e-07,0
27181,1.0,5.756827e-09,0
27182,1.0,6.257776e-10,0
27183,1.0,8.354713e-11,0
27184,1.0,2.1201795e-12,0
27185,1.0,1.8168153e-09,0
27186,1.0,2.856861e-17,0
27187,1.0,1.2594447e-15,0
27188,1.0,2.2947475e-13,0
27189,1.0,9.901097e-13,0
27190,1.0,4.449432e-12,0
27191,0.9999999,7.024911e-08,0
27192,1.0,7.61581e-10,0
27193,1.0,4.124251e-13,0
27194,1.0,6.926877e-16,0
27195,1.0,6.380124e-15,0
27196,1.0,2.1250476e-14,0
27197,1.0,3.1289224e-10,0
27198,1.0,2.055218e-09,0
27199,1.0,1.4602683e-15,0
27200,1.0,9.373045e-09,0
27201,1.0,5.7717436e-10,0
27202,1.0,3.2267566e-09,0
27203,0.9999999,1.1198338e-07,0
27204,1.0,8.7430084e-16,0
27205,0.9999999,7.100347e-08,0
27206,1.0,1.1102904e-08,0
27207,1.0,4.860881e-13,0
27208,1.0,3.3954697e-16,0
27209,0.99999976,1.8377315e-07,0
27210,1.0,5.8302327e-09,0
27211,1.0,1.4925773e-09,0
27212,1.0,2.3969958e-11,0
27213,1.0,2.1216195e-12,0
27214,1.0,1.2673943e-08,0
27215,1.0,4.082318e-09,0
27216,1.0,5.0575277e-12,0
27217,1.0,1.3933126e-15,0
27218,1.0,6.7037895e-09,0
27219,1.0,5.704512e-10,0
27220,1.0,1.717718e-11,0
27221,1.0,1.0943234e-10,0
27222,1.0,1.9001913e-11,0
27223,1.0,4.3968857e-14,0
27224,1.0,8.634219e-11,0
27225,1.0,2.6266175e-10,0
27226,1.0,3.5484473e-11,0
27227,1.0,2.8209393e-10,0
27228,1.0,2.0386408e-09,0
27229,1.0,9.0251806e-10,0
27230,1.0,2.5648936e-16,0
27231,1.0,1.0726215e-09,0
27232,0.9999999,1.1764063e-07,0
27233,1.0,5.3587978e-11,0
27234,1.0,5.625642e-11,0
27235,1.0,5.9531186e-10,0
27236,1.0,3.7619324e-10,0
27237,1.0,4.5647517e-11,0
27238,1.0,4.911206e-09,0
27239,1.0,7.648385e-11,0
27240,1.0,9.539117e-09,0
27241,1.0,5.4012545e-13,0
27242,1.0,1.3559336e-13,0
27243,1.0,1.0828337e-09,0
27244,1.0,1.8800563e-08,0
27245,1.0,1.1716339e-12,0
27246,1.0,9.080079e-12,0
27247,1.0,2.856117e-08,0
27248,1.0,1.7159703e-10,0
27249,1.0,5.591984e-08,0
27250,1.0,1.2041914e-11,0
27251,1.0,3.7589074e-09,0
27252,1.0,6.292971e-12,0
27253,1.0,4.584517e-10,0
27254,1.0,2.5324179e-11,0
27255,1.0,5.099617e-08,0
27256,1.0,6.1457406e-12,0
27257,1.0,1.2473309e-12,0
27258,1.0,4.2942915e-08,0
27259,1.0,2.5455332e-10,0
27260,1.0,4.5342636e-09,0
27261,1.0,1.7860735e-10,0
27262,1.0,4.2016304e-11,0
27263,1.0,8.743602e-10,0
27264,1.0,9.366286e-10,0
27265,1.0,1.700734e-10,0
27266,1.0,1.5716225e-11,0
27267,1.0,3.151331e-12,0
27268,1.0,2.6258465e-10,0
27269,1.0,1.6387579e-11,0
27270,1.0,4.1526164e-11,0
27271,1.0,2.7060526e-15,0
27272,1.0,1.8728409e-08,0
27273,1.0,3.3189143e-09,0
27274,1.0,1.6151595e-10,0
27275,1.0,5.099731e-09,0
27276,1.0,1.095961e-10,0
27277,1.0,2.7189275e-13,0
27278,1.0,1.7712599e-12,0
27279,1.0,2.0375153e-11,0
27280,1.0,1.0260157e-10,0
27281,1.0,1.9251141e-08,0
27282,1.0,8.095002e-09,0
27283,1.0,4.7022675e-10,0
27284,1.0,6.680195e-11,0
27285,1.0,4.2878496e-12,0
27286,1.0,1.10650926e-10,0
27287,1.0,2.698002e-08,0
27288,1.0,2.0430015e-08,0
27289,1.0,2.6663072e-10,0
27290,1.0,1.9986225e-13,0
27291,1.0,1.8768064e-08,0
27292,1.0,3.1915335e-11,0
27293,1.0,1.4326439e-08,0
27294,1.0,2.0860695e-10,0
27295,1.0,1.3161682e-08,0
27296,1.0,1.8077081e-08,0
27297,1.0,7.696583e-09,0
27298,1.0,4.6458473e-09,0
27299,1.0,2.418621e-08,0
27300,0.9999999,7.409941e-08,0
27301,1.0,2.6874435e-11,0
27302,1.0,2.6589397e-09,0
27303,1.0,2.3001288e-09,0
27304,1.0,3.3883782e-09,0
27305,1.0,6.816363e-09,0
27306,1.0,8.422492e-14,0
27307,1.0,1.2584023e-08,0
27308,1.0,1.7552976e-13,0
27309,1.0,6.62553e-11,0
27310,0.99999726,2.7421056e-06,0
27311,1.0,4.3933785e-08,0
27312,1.0,4.9337223e-12,0
27313,1.0,1.6509724e-10,0
27314,1.0,3.9195443e-13,0
27315,1.0,3.6018374e-16,0
27316,1.0,1.289069e-10,0
27317,1.0,2.6622229e-09,0
27318,0.9999999,1.4565744e-07,0
27319,1.0,1.4726185e-13,0
27320,1.0,3.5700032e-10,0
27321,1.0,7.4292233e-10,0
27322,1.0,2.8487342e-08,0
27323,0.99999976,2.3139519e-07,0
27324,1.0,7.699938e-11,0
27325,0.9999999,1.1308373e-07,0
27326,1.0,1.2377257e-08,0
27327,1.0,4.569281e-11,0
27328,1.0,6.883803e-10,0
27329,1.0,2.338361e-09,0
27330,0.9999999,8.849985e-08,0
27331,1.0,1.4203559e-09,0
27332,1.0,1.3468998e-08,0
27333,1.0,3.1329692e-11,0
27334,1.0,7.946712e-10,0
27335,1.0,1.4141029e-10,0
27336,1.0,3.2915537e-09,0
27337,1.0,1.0689372e-09,0
27338,1.0,5.902405e-08,0
27339,1.0,6.685083e-09,0
27340,1.0,1.1006078e-09,0
27341,1.0,2.474957e-08,0
27342,1.0,4.486923e-08,0
27343,1.0,6.4319012e-09,0
27344,0.9999999,1.2324917e-07,0
27345,1.0,5.0924576e-10,0
27346,1.0,4.2819717e-09,0
27347,1.0,2.6332517e-08,0
27348,1.0,2.5342386e-08,0
27349,1.0,1.8912276e-15,0
27350,1.0,4.4096144e-08,0
27351,1.0,4.0697103e-08,0
27352,1.0,1.6625458e-08,0
27353,1.0,4.9559266e-11,0
27354,1.0,5.737345e-10,0
27355,1.0,2.9029512e-10,0
27356,1.0,3.9365524e-09,0
27357,1.0,1.7890244e-08,0
27358,1.0,7.3506468e-09,0
27359,1.0,2.6295325e-08,0
27360,1.0,1.5521294e-09,0
27361,0.9999999,6.8342004e-08,0
27362,1.0,3.7785117e-08,0
27363,1.0,1.803651e-08,0
27364,1.0,4.1542365e-09,0
27365,1.0,1.3856841e-09,0
27366,1.0,5.694155e-09,0
27367,1.0,4.883119e-09,0
27368,1.0,3.012939e-09,0
27369,1.0,3.4226566e-08,0
27370,1.0,7.0458683e-09,0
27371,1.0,3.8955475e-12,0
27372,1.0,3.8743517e-10,0
27373,1.0,1.9205021e-10,0
27374,1.0,1.47440975e-08,0
27375,1.0,1.102494e-10,0
27376,1.0,1.4711805e-10,0
27377,1.0,3.2108403e-11,0
27378,1.0,2.472474e-09,0
27379,0.9999999,6.646892e-08,0
27380,0.99999964,3.7503736e-07,0
27381,0.9999999,6.6899844e-08,0
27382,1.0,4.302291e-09,0
27383,1.0,2.7195919e-09,0
27384,1.0,2.1277959e-08,0
27385,1.0,6.9203248e-09,0
27386,0.99999964,3.6839285e-07,0
27387,1.0,3.4594346e-13,0
27388,1.0,3.556509e-08,0
27389,1.0,2.5901002e-11,0
27390,1.0,5.0042135e-09,0
27391,1.0,7.484982e-09,0
27392,1.0,8.567657e-09,0
27393,1.0,7.252549e-09,0
27394,1.0,3.0943955e-08,0
27395,1.0,6.062541e-09,0
27396,1.0,7.075138e-11,0
27397,0.99999976,2.5411657e-07,0
27398,1.0,1.4388019e-09,0
27399,0.99999976,2.3986604e-07,0
27400,1.0,3.0830844e-08,0
27401,1.0,2.6146841e-08,0
27402,1.0,3.750178e-09,0
27403,0.9999999,1.1281799e-07,0
27404,1.0,1.9256088e-09,0
27405,1.0,1.8516994e-08,0
27406,0.9999999,1.3466743e-07,0
27407,0.9999999,8.525797e-08,0
27408,1.0,4.5659778e-08,0
27409,0.9999999,7.048022e-08,0
27410,0.9999995,5.301206e-07,0
27411,1.0,4.6309992e-10,0
27412,1.0,4.185465e-11,0
27413,1.0,6.302711e-09,0
27414,0.9999999,8.443748e-08,0
27415,1.0,8.817584e-12,0
27416,1.0,3.0383873e-10,0
27417,1.0,4.8386903e-09,0
27418,1.0,1.18108225e-08,0
27419,0.9999999,1.01563934e-07,0
27420,0.9999999,1.0227153e-07,0
27421,1.0,9.0913925e-09,0
27422,0.99999976,2.8874982e-07,0
27423,1.0,2.5215927e-11,0
27424,1.0,1.1003712e-08,0
27425,1.0,5.069296e-10,0
27426,0.9999993,7.135468e-07,0
27427,1.0,2.1702005e-09,0
27428,1.0,2.9924713e-08,0
27429,0.99999845,1.5012369e-06,0
27430,0.9999999,1.00141634e-07,0
27431,1.0,4.3063324e-08,0
27432,1.0,3.2779912e-08,0
27433,0.99999976,2.3574718e-07,0
27434,0.9999999,6.892875e-08,0
27435,0.9999988,1.1476976e-06,0
27436,0.9999989,1.0520272e-06,0
27437,1.0,3.6399744e-08,0
27438,1.0,2.1954176e-09,0
27439,1.0,1.5984371e-08,0
27440,0.9999999,7.391506e-08,0
27441,1.0,2.9381985e-08,0
27442,1.0,9.210673e-09,0
27443,1.0,8.016854e-09,0
27444,1.0,3.3795164e-09,0
27445,0.9999993,7.0172104e-07,0
27446,1.0,1.5098292e-08,0
27447,1.0,9.1457203e-10,0
27448,1.0,7.048745e-09,0
27449,0.9999993,7.0135707e-07,0
27450,1.0,3.8405754e-09,0
27451,1.0,2.495909e-09,0
27452,1.0,3.892494e-09,0
27453,1.0,8.575042e-10,0
27454,1.0,3.6684742e-08,0
27455,1.0,2.3443084e-10,0
27456,1.0,1.898716e-08,0
27457,0.9999999,1.02525426e-07,0
27458,1.0,3.9034806e-10,0
27459,1.0,2.3142691e-08,0
27460,0.9999999,1.6548539e-07,0
27461,1.0,8.280333e-09,0
27462,0.99999976,2.9230347e-07,0
27463,0.9999999,6.385759e-08,0
27464,0.9999994,6.486969e-07,0
27465,1.0,2.8435538e-09,0
27466,0.99999976,2.0155086e-07,0
27467,1.0,4.5303748e-12,0
27468,1.0,1.0231567e-10,0
27469,1.0,4.535676e-08,0
27470,0.9999999,6.2375825e-08,0
27471,0.9999988,1.1572178e-06,0
27472,0.99999976,2.9370787e-07,0
27473,1.0,1.1232694e-11,0
27474,1.0,1.6805128e-10,0
27475,1.0,1.2621251e-09,0
27476,0.99999976,1.8929906e-07,0
27477,1.0,4.6312574e-13,0
27478,1.0,9.794167e-09,0
27479,1.0,5.0765947e-09,0
27480,1.0,3.770799e-09,0
27481,0.99999976,1.8110045e-07,0
27482,0.99999976,2.3567478e-07,0
27483,1.0,2.3457977e-10,0
27484,1.0,1.5053491e-12,0
27485,0.9999988,1.1605288e-06,0
27486,1.0,1.2020035e-09,0
27487,1.0,4.595999e-12,0
27488,1.0,6.9794487e-12,0
27489,1.0,4.5339735e-11,0
27490,1.0,2.3004898e-08,0
27491,0.9999993,7.462106e-07,0
27492,0.9999999,1.4514853e-07,0
27493,1.0,2.7030085e-08,0
27494,1.0,2.3899459e-12,0
27495,0.99999607,3.968356e-06,0
27496,0.99999785,2.1234391e-06,0
27497,1.0,5.5369703e-10,0
27498,0.9999993,7.311358e-07,0
27499,1.0,3.9257497e-08,0
27500,0.9999989,1.1228136e-06,0
27501,0.9999988,1.1486787e-06,0
27502,0.99999905,8.959343e-07,0
27503,0.99999964,3.9860961e-07,0
27504,1.0,1.0739436e-10,0
27505,1.0,4.938456e-09,0
27506,1.0,2.0843851e-08,0
27507,1.0,1.8243691e-08,0
27508,1.0,3.3872505e-11,0
27509,1.0,4.468424e-08,0
27510,1.0,5.8749594e-10,0
27511,1.0,3.0113017e-09,0
27512,1.0,7.594305e-12,0
27513,0.9999974,2.621361e-06,0
27514,1.0,4.4410027e-09,0
27515,1.0,9.793593e-12,0
27516,1.0,5.1975405e-08,0
27517,0.9999976,2.382347e-06,0
27518,1.0,8.579398e-09,0
27519,1.0,3.3464524e-08,0
27520,0.9999981,1.9071567e-06,0
27521,0.99999774,2.3109226e-06,0
27522,1.0,5.449196e-09,0
27523,0.9999999,1.2018029e-07,0
27524,1.0,2.1135458e-08,0
27525,0.9999999,1.2841994e-07,0
27526,1.0,1.7740012e-09,0
27527,0.99999905,9.1642704e-07,0
27528,0.9999988,1.2023879e-06,0
27529,1.0,1.1061786e-09,0
27530,1.0,5.9951935e-12,0
27531,1.0,1.997332e-08,0
27532,1.0,1.1832108e-08,0
27533,1.0,2.0845123e-08,0
27534,1.0,4.215331e-08,0
27535,1.0,1.8751836e-10,0
27536,0.9999995,4.38249e-07,0
27537,1.0,1.210163e-09,0
27538,1.0,2.4162577e-10,0
27539,1.0,2.1556348e-08,0
27540,1.0,1.1629886e-08,0
27541,0.9999969,3.1532368e-06,0
27542,0.9999999,7.0579226e-08,0
27543,1.0,3.793769e-09,0
27544,1.0,2.2491465e-11,0
27545,1.0,1.5501582e-10,0
27546,1.0,6.0308363e-09,0
27547,0.99995744,4.257002e-05,0
27548,1.0,1.6010084e-09,0
27549,0.9999999,1.3091447e-07,0
27550,1.0,2.86928e-09,0
27551,1.0,4.857202e-09,0
27552,1.0,4.631152e-09,0
27553,0.999998,2.0199182e-06,0
27554,0.9999958,4.146025e-06,0
27555,0.99999774,2.2523884e-06,0
27556,1.0,3.5342477e-08,0
27557,1.0,3.4633975e-12,0
27558,1.0,2.0161828e-08,0
27559,0.99999964,3.018129e-07,0
27560,0.9999994,6.4912706e-07,0
27561,0.9999999,1.2275403e-07,0
27562,0.9999999,9.351013e-08,0
27563,0.9999982,1.8472393e-06,0
27564,0.99999917,8.076296e-07,0
27565,0.9999989,1.105983e-06,0
27566,0.9999995,5.1616394e-07,0
27567,0.9999976,2.4434382e-06,0
27568,1.0,2.6288718e-11,0
27569,1.0,5.449671e-10,0
27570,0.99999785,2.0985522e-06,0
27571,1.0,1.6939589e-09,0
27572,0.9999995,5.126382e-07,0
27573,1.0,4.0259174e-09,0
27574,0.9999995,5.3235374e-07,0
27575,1.0,1.2370313e-09,0
27576,0.9999994,5.6709086e-07,0
27577,1.0,4.3681708e-11,0
27578,1.0,1.2003886e-12,0
27579,1.0,1.7741003e-08,0
27580,1.0,2.4457965e-08,0
27581,1.0,2.4536704e-11,0
27582,1.0,1.0602551e-12,0
27583,0.99999905,9.136154e-07,0
27584,1.0,2.2123074e-09,0
27585,0.99999905,9.4320484e-07,0
27586,0.99999976,1.9373734e-07,0
27587,1.0,1.8135773e-10,0
27588,1.0,2.9662415e-11,0
27589,0.99996066,3.9317045e-05,0
27590,1.0,5.8611366e-10,0
27591,1.0,1.10742346e-10,0
27592,1.0,1.5622082e-11,0
27593,1.0,1.8909598e-12,0
27594,1.0,1.5497326e-10,0
27595,1.0,3.7874005e-12,0
27596,1.0,2.2405501e-10,0
27597,1.0,4.2713e-14,0
27598,1.0,1.996368e-12,0
27599,1.0,4.79331e-10,0
27600,1.0,2.5347216e-12,0
27601,1.0,3.7593987e-11,0
27602,1.0,2.0641828e-13,0
27603,0.99999917,8.57275e-07,0
27604,1.0,1.36338505e-08,0
27605,1.0,4.9538894e-13,0
27606,1.0,7.195169e-11,0
27607,1.0,6.2428826e-11,0
27608,1.0,1.0064636e-08,0
27609,1.0,5.7544827e-11,0
27610,1.0,6.995942e-10,0
27611,1.0,6.2954286e-13,0
27612,1.0,3.3607188e-14,0
27613,1.0,8.2468815e-14,0
27614,1.0,3.7544073e-13,0
27615,1.0,3.213401e-11,0
27616,1.0,4.355881e-08,0
27617,1.0,3.7331583e-12,0
27618,1.0,3.0066278e-14,0
27619,0.9999999,1.5978388e-07,0
27620,1.0,6.7812878e-12,0
27621,1.0,1.569843e-11,0
27622,1.0,2.4292626e-09,0
27623,1.0,8.738887e-13,0
27624,1.0,5.9422506e-10,0
27625,1.0,7.042828e-10,0
27626,1.0,1.4742752e-11,0
27627,1.0,1.265667e-08,0
27628,1.0,6.522331e-13,0
27629,1.0,1.28438376e-14,0
27630,1.0,1.8991604e-13,0
27631,1.0,1.9577905e-10,0
27632,1.0,1.9538511e-10,0
27633,1.0,6.381059e-12,0
27634,1.0,2.4515082e-12,0
27635,1.0,2.3645097e-08,0
27636,1.0,2.337283e-12,0
27637,1.0,9.9825696e-11,0
27638,1.0,1.3126163e-11,0
27639,1.0,2.48562e-12,0
27640,1.0,7.230584e-10,0
27641,1.0,1.3924335e-11,0
27642,1.0,2.6598992e-12,0
27643,1.0,5.520017e-09,0
27644,1.0,5.9099885e-11,0
27645,1.0,7.913931e-11,0
27646,1.0,7.794436e-10,0
27647,1.0,7.867178e-13,0
27648,1.0,2.2934886e-08,0
27649,0.99999094,9.030869e-06,0
27650,1.0,2.3399906e-08,0
27651,0.99999964,3.0194417e-07,0
27652,1.0,4.8299376e-10,0
27653,1.0,5.0257395e-11,0
27654,1.0,1.5770764e-10,0
27655,1.0,1.3955702e-12,0
27656,0.9999993,6.9106915e-07,0
27657,1.0,6.7449086e-09,0
27658,0.99999976,2.5296058e-07,0
27659,1.0,2.658924e-13,0
27660,1.0,1.3061648e-12,0
27661,1.0,1.7700272e-12,0
27662,1.0,1.7751317e-13,0
27663,0.99999964,3.474614e-07,0
27664,1.0,1.5601999e-09,0
27665,1.0,4.0011696e-12,0
27666,0.9999999,1.4440214e-07,0
27667,1.0,5.335547e-10,0
27668,1.0,2.1498644e-13,0
27669,0.9999994,5.56482e-07,0
27670,1.0,1.0895924e-08,0
27671,0.99999917,8.450142e-07,0
27672,1.0,4.1324208e-11,0
27673,1.0,8.13025e-09,0
27674,0.9999939,6.02406e-06,0
27675,0.9999999,1.4532887e-07,0
27676,0.99999976,2.2026462e-07,0
27677,1.0,2.008648e-08,0
27678,1.0,2.9664637e-10,0
27679,0.99999964,2.9985281e-07,0
27680,1.0,1.7571762e-10,0
27681,0.999997,2.985946e-06,0
27682,1.0,4.709663e-10,0
27683,1.0,2.184399e-13,0
27684,1.0,7.407702e-10,0
27685,1.0,3.5699162e-13,0
27686,1.0,3.527116e-08,0
27687,1.0,3.513978e-14,0
27688,1.0,6.549067e-14,0
27689,0.99998736,1.2578723e-05,0
27690,0.9999975,2.4782246e-06,0
27691,1.0,4.838158e-08,0
27692,1.0,2.0312294e-11,0
27693,1.0,2.9252796e-13,0
27694,1.0,7.027551e-12,0
27695,1.0,5.7743205e-10,0
27696,1.0,4.1931303e-10,0
27697,1.0,1.7554666e-11,0
27698,0.99999464,5.4076977e-06,0
27699,1.0,6.646477e-11,0
27700,1.0,1.0924392e-08,0
27701,1.0,1.2102692e-09,0
27702,1.0,1.7384343e-10,0
27703,1.0,7.754026e-11,0
27704,1.0,1.0289756e-09,0
27705,1.0,1.56337e-12,0
27706,1.0,3.280152e-10,0
27707,1.0,2.841966e-12,0
27708,1.0,4.8592337e-12,0
27709,1.0,5.3835405e-14,0
27710,1.0,1.8593792e-12,0
27711,1.0,6.988084e-11,0
27712,1.0,6.751096e-10,0
27713,1.0,6.2274665e-12,0
27714,1.0,5.1185575e-13,0
27715,1.0,6.4405245e-11,0
27716,1.0,5.358491e-11,0
27717,1.0,7.4987564e-13,0
27718,1.0,4.4540318e-13,0
27719,1.0,2.070784e-13,0
27720,1.0,7.5959383e-13,0
27721,1.0,2.4096763e-10,0
27722,1.0,2.665175e-09,0
27723,1.0,4.7154836e-12,0
27724,1.0,5.1729796e-13,0
27725,1.0,4.2596113e-09,0
27726,1.0,3.307221e-14,0
27727,1.0,4.9174207e-09,0
27728,1.0,1.3825656e-10,0
27729,1.0,3.795781e-09,0
27730,1.0,7.776454e-10,0
27731,1.0,9.609366e-13,0
27732,0.99999976,2.7954317e-07,0
27733,1.0,1.763125e-10,0
27734,1.0,1.1783205e-13,0
27735,1.0,1.5980116e-10,0
27736,1.0,1.12441466e-10,0
27737,1.0,3.0770334e-08,0
27738,1.0,8.4571334e-14,0
27739,1.0,5.945074e-10,0
27740,1.0,1.193304e-10,0
27741,1.0,1.4973239e-14,0
27742,1.0,6.1704183e-12,0
27743,1.0,4.897604e-13,0
27744,1.0,1.13054505e-11,0
27745,0.99999976,2.7444213e-07,0
27746,1.0,2.9847063e-09,0
27747,1.0,5.61387e-12,0
27748,1.0,2.1072118e-14,0
27749,1.0,1.6018979e-12,0
27750,0.99999976,2.8305178e-07,0
27751,1.0,1.1513889e-10,0
27752,0.99999976,2.0074096e-07,0
27753,1.0,2.008643e-09,0
27754,1.0,1.3439184e-11,0
27755,1.0,1.8903622e-11,0
27756,1.0,8.798273e-10,0
27757,1.0,1.4322003e-13,0
27758,1.0,1.8107904e-11,0
27759,1.0,1.1993738e-10,0
27760,1.0,1.15751686e-10,0
27761,1.0,2.0657202e-08,0
27762,1.0,5.3554827e-09,0
27763,1.0,2.495085e-13,0
27764,1.0,1.3391125e-12,0
27765,1.0,6.8821647e-13,0
27766,1.0,1.0297097e-13,0
27767,1.0,4.220898e-12,0
27768,1.0,4.3232087e-13,0
27769,1.0,1.4259032e-14,0
27770,1.0,1.29418956e-08,0
27771,1.0,9.463996e-13,0
27772,1.0,1.1949063e-12,0
27773,1.0,1.1082401e-12,0
27774,1.0,3.6404288e-10,0
27775,0.9999994,6.030195e-07,0
27776,1.0,1.4878751e-10,0
27777,1.0,2.151059e-12,0
27778,1.0,8.5916746e-10,0
27779,1.0,1.6477651e-08,0
27780,1.0,6.932802e-11,0
27781,1.0,1.0342867e-12,0
27782,1.0,1.7175066e-13,0
27783,1.0,9.427551e-09,0
27784,0.9999999,8.290751e-08,0
27785,1.0,3.3733352e-12,0
27786,0.9999993,6.8709403e-07,0
27787,1.0,4.8360236e-13,0
27788,1.0,6.9163127e-13,0
27789,1.0,7.972837e-11,0
27790,0.99999964,3.5412594e-07,0
27791,1.0,2.187524e-11,0
27792,1.0,4.940481e-13,0
27793,1.0,8.85386e-10,0
27794,1.0,4.808779e-13,0
27795,0.99999976,2.5046e-07,0
27796,1.0,2.4392088e-08,0
27797,1.0,5.780844e-10,0
27798,0.9999981,1.9648687e-06,0
27799,0.99999976,1.9298018e-07,0
27800,1.0,2.0434282e-10,0
27801,1.0,1.6701395e-11,0
27802,1.0,3.2204162e-10,0
27803,1.0,4.6647e-08,0
27804,1.0,5.0917343e-08,0
27805,0.99999905,8.959599e-07,0
27806,0.99999976,2.575513e-07,0
27807,1.0,5.804283e-12,0
27808,1.0,6.3137974e-11,0
27809,1.0,1.0751533e-09,0
27810,1.0,6.9525803e-09,0
27811,1.0,3.8515204e-09,0
27812,1.0,1.0227031e-08,0
27813,1.0,1.7329693e-09,0
27814,0.99999976,1.885019e-07,0
27815,1.0,1.0459403e-11,0
27816,1.0,6.883983e-11,0
27817,1.0,4.8214946e-11,0
27818,1.0,1.1750087e-12,0
27819,1.0,1.00678514e-10,0
27820,1.0,2.1283336e-10,0
27821,1.0,4.7017735e-14,0
27822,1.0,2.840897e-13,0
27823,1.0,2.3930274e-10,0
27824,1.0,2.1428028e-09,0
27825,1.0,2.1563788e-12,0
27826,1.0,2.981774e-14,0
27827,1.0,5.309363e-11,0
27828,1.0,2.3850995e-13,0
27829,1.0,3.8247253e-10,0
27830,1.0,2.0367634e-13,0
27831,1.0,3.790096e-12,0
27832,1.0,8.409272e-12,0
27833,1.0,2.8312226e-11,0
27834,1.0,6.792465e-14,0
27835,1.0,3.3235875e-10,0
27836,1.0,2.0367063e-08,0
27837,1.0,1.1666394e-11,0
27838,1.0,6.952948e-10,0
27839,1.0,9.0528164e-14,0
27840,1.0,1.5422427e-10,0
27841,1.0,6.749316e-11,0
27842,1.0,4.1463086e-11,0
27843,1.0,2.2055536e-13,0
27844,1.0,3.3568127e-13,0
27845,1.0,4.684875e-13,0
27846,1.0,1.2677974e-09,0
27847,1.0,8.5142476e-11,0
27848,1.0,1.2063512e-13,0
27849,1.0,1.6903083e-13,0
27850,1.0,2.5264757e-10,0
27851,1.0,3.3563948e-14,0
27852,1.0,3.734163e-08,0
27853,1.0,2.4091395e-13,0
27854,1.0,6.1781556e-12,0
27855,1.0,1.11505596e-10,0
27856,1.0,1.5580674e-13,0
27857,1.0,8.467315e-11,0
27858,1.0,1.1530383e-12,0
27859,1.0,3.7739703e-10,0
27860,1.0,4.881659e-12,0
27861,1.0,3.6326275e-13,0
27862,1.0,7.771589e-14,0
27863,1.0,1.6172912e-12,0
27864,1.0,8.1976114e-13,0
27865,1.0,9.125082e-12,0
27866,1.0,4.755074e-14,0
27867,1.0,4.765727e-13,0
27868,1.0,2.2929482e-10,0
27869,0.9999969,3.0727956e-06,0
27870,1.0,4.711148e-13,0
27871,1.0,3.0349338e-11,0
27872,1.0,7.25609e-13,0
27873,1.0,1.7178278e-13,0
27874,1.0,1.1452294e-11,0
27875,1.0,1.833053e-09,0
27876,1.0,2.8198377e-13,0
27877,1.0,7.478218e-09,0
27878,1.0,4.3176015e-11,0
27879,1.0,1.0037045e-09,0
27880,1.0,4.9888813e-12,0
27881,1.0,9.123763e-11,0
27882,1.0,4.7384744e-12,0
27883,1.0,7.396069e-10,0
27884,1.0,4.7421366e-08,0
27885,1.0,1.3782883e-12,0
27886,1.0,1.7325991e-13,0
27887,1.0,1.7089835e-14,0
27888,1.0,4.4770777e-14,0
27889,0.9999858,1.4233584e-05,0
27890,0.99999833,1.7007703e-06,0
27891,1.0,2.4000817e-09,0
27892,0.9999999,1.2869162e-07,0
27893,1.0,2.184178e-13,0
27894,0.9999999,8.001886e-08,0
27895,1.0,1.3814709e-11,0
27896,1.0,2.7681694e-12,0
27897,1.0,1.6535602e-13,0
27898,1.0,1.7290273e-09,0
27899,1.0,7.53264e-14,0
27900,1.0,1.8857518e-12,0
27901,1.0,2.7775227e-10,0
27902,1.0,1.39854e-10,0
27903,0.9999988,1.2164534e-06,0
27904,1.0,8.317e-11,0
27905,1.0,2.984046e-09,0
27906,1.0,3.2163275e-10,0
27907,1.0,3.5222154e-08,0
27908,1.0,1.3365341e-10,0
27909,0.99999964,4.1664995e-07,0
27910,1.0,1.5905661e-12,0
27911,1.0,1.0197715e-12,0
27912,1.0,1.764856e-12,0
27913,1.0,6.5246425e-10,0
27914,0.9999999,1.4468542e-07,0
27915,1.0,2.7876394e-13,0
27916,1.0,2.541549e-11,0
27917,1.0,8.524736e-13,0
27918,1.0,1.7540559e-13,0
27919,1.0,2.6773122e-08,0
27920,1.0,3.3892993e-11,0
27921,0.9999999,1.5461667e-07,0
27922,0.9999993,7.6673103e-07,0
27923,1.0,7.55445e-11,0
27924,1.0,6.0739255e-14,0
27925,0.9999989,1.0663515e-06,0
27926,0.9999995,5.088861e-07,0
27927,0.9999956,4.4588987e-06,0
27928,0.9999999,7.3684355e-08,0
27929,0.9999999,1.5386458e-07,0
27930,1.0,4.907109e-11,0
27931,1.0,2.762116e-11,0
27932,0.99999833,1.7089192e-06,0
27933,1.0,3.2642894e-12,0
27934,0.99999905,9.657573e-07,0
27935,1.0,2.1139458e-11,0
27936,0.99999964,3.2955512e-07,0
27937,1.0,1.7512845e-13,0
27938,1.0,5.4843774e-09,0
27939,1.0,8.617709e-09,0
27940,1.0,3.2059277e-10,0
27941,0.99999976,2.0228201e-07,0
27942,1.0,1.6591706e-10,0
27943,1.0,2.2140306e-12,0
27944,1.0,2.7532912e-10,0
27945,1.0,2.7998595e-12,0
27946,1.0,3.2031954e-14,0
27947,1.0,8.63608e-11,0
27948,1.0,3.4588407e-13,0
27949,1.0,8.518453e-15,0
27950,1.0,2.5447441e-12,0
27951,1.0,8.0568153e-13,0
27952,1.0,9.033067e-14,0
27953,1.0,1.2095242e-12,0
27954,1.0,1.7214791e-12,0
27955,1.0,1.6595463e-11,0
27956,1.0,4.1428262e-13,0
27957,1.0,4.4858544e-11,0
27958,1.0,1.3339204e-11,0
27959,1.0,3.855927e-11,0
27960,1.0,2.8238285e-15,0
27961,1.0,4.1947557e-13,0
27962,1.0,3.6362166e-14,0
27963,1.0,1.9381793e-11,0
27964,1.0,2.3704982e-11,0
27965,1.0,7.7911816e-10,0
27966,1.0,1.6936867e-10,0
27967,1.0,4.0624388e-14,0
27968,1.0,2.2840284e-12,0
27969,1.0,1.6892568e-14,0
27970,1.0,1.8331221e-10,0
27971,1.0,1.8104797e-11,0
27972,1.0,4.6401637e-12,0
27973,1.0,2.112385e-12,0
27974,1.0,1.6981311e-10,0
27975,1.0,1.8455992e-12,0
27976,1.0,5.7161706e-12,0
27977,1.0,6.4224976e-13,0
27978,1.0,8.081837e-14,0
27979,1.0,7.1424745e-14,0
27980,1.0,4.316864e-13,0
27981,1.0,9.5123256e-11,0
27982,1.0,5.32462e-13,0
27983,1.0,3.3485907e-12,0
27984,1.0,3.8187986e-14,0
27985,1.0,1.0428154e-10,0
27986,1.0,5.94335e-10,0
27987,1.0,2.298224e-14,0
27988,1.0,1.3961259e-13,0
27989,1.0,1.9672118e-14,0
27990,1.0,5.2272756e-12,0
27991,1.0,2.2612563e-10,0
27992,1.0,2.147895e-11,0
27993,1.0,1.164036e-12,0
27994,1.0,2.1414789e-13,0
27995,1.0,4.8565417e-14,0
27996,1.0,4.545995e-10,0
27997,1.0,3.1846034e-10,0
27998,1.0,4.430116e-12,0
27999,1.0,9.487936e-11,0
28000,1.0,3.5712377e-09,0
28001,1.0,2.5436025e-13,0
28002,1.0,9.840962e-13,0
28003,1.0,9.2903074e-11,0
28004,1.0,1.6718692e-12,0
28005,1.0,3.2309875e-13,0
28006,1.0,3.959931e-11,0
28007,1.0,6.7913843e-12,0
28008,1.0,2.3772026e-12,0
28009,1.0,6.951327e-11,0
28010,1.0,8.6619215e-13,0
28011,1.0,1.6261506e-11,0
28012,1.0,4.410293e-13,0
28013,1.0,4.3564536e-12,0
28014,1.0,4.430484e-10,0
28015,1.0,4.1170817e-10,0
28016,1.0,2.3112767e-13,0
28017,1.0,1.4673518e-11,0
28018,1.0,2.8948619e-10,0
28019,1.0,9.2494324e-14,0
28020,1.0,5.1512373e-14,0
28021,0.9999949,5.1502006e-06,0
28022,1.0,1.9203085e-13,0
28023,1.0,1.599213e-10,0
28024,1.0,7.81871e-13,0
28025,1.0,3.6090464e-11,0
28026,1.0,1.7358712e-12,0
28027,1.0,3.4328551e-12,0
28028,1.0,6.717433e-13,0
28029,1.0,7.647465e-15,0
28030,1.0,6.794083e-11,0
28031,1.0,6.0882543e-09,0
28032,1.0,1.7080753e-09,0
28033,1.0,1.6613054e-13,0
28034,1.0,2.2439455e-14,0
28035,1.0,1.786571e-10,0
28036,1.0,3.3197193e-12,0
28037,1.0,1.9880285e-11,0
28038,1.0,9.064259e-13,0
28039,1.0,3.5481102e-14,0
28040,0.99999964,3.8162037e-07,0
28041,1.0,2.7157583e-11,0
28042,1.0,7.1224927e-13,0
28043,1.0,2.1153799e-09,0
28044,0.99999976,2.3059465e-07,0
28045,0.99999225,7.726054e-06,0
28046,1.0,8.8623546e-11,0
28047,1.0,2.5201874e-08,0
28048,1.0,6.191185e-10,0
28049,0.99999726,2.7912145e-06,0
28050,0.9999962,3.7590423e-06,0
28051,1.0,5.817694e-12,0
28052,1.0,1.3946867e-12,0
28053,1.0,1.2470182e-10,0
28054,1.0,5.745133e-13,0
28055,1.0,2.7122425e-08,0
28056,0.99999964,3.8987633e-07,0
28057,1.0,1.0775583e-11,0
28058,0.9999989,1.0390054e-06,0
28059,0.99999845,1.5732467e-06,0
28060,0.999995,4.968455e-06,0
28061,1.0,1.1608821e-10,0
28062,1.0,2.7199833e-11,0
28063,1.0,2.671205e-13,0
28064,0.9999989,1.1024772e-06,0
28065,1.0,2.6474825e-09,0
28066,1.0,4.879541e-10,0
28067,0.99999845,1.5398334e-06,0
28068,1.0,2.839141e-10,0
28069,1.0,7.512407e-11,0
28070,1.0,3.05684e-08,0
28071,1.0,1.4197458e-10,0
28072,1.0,1.5968219e-12,0
28073,1.0,2.753995e-10,0
28074,1.0,1.1639826e-12,0
28075,1.0,2.5465918e-10,0
28076,1.0,3.8852152e-10,0
28077,1.0,1.666651e-12,0
28078,1.0,3.302809e-10,0
28079,1.0,3.5652226e-12,0
28080,1.0,1.5700121e-09,0
28081,1.0,2.2335067e-09,0
28082,1.0,1.6612501e-11,0
28083,1.0,9.932216e-12,0
28084,1.0,1.544667e-12,0
28085,1.0,2.3244105e-10,0
28086,1.0,2.0900558e-14,0
28087,1.0,2.5732827e-12,0
28088,1.0,5.949863e-13,0
28089,1.0,7.161726e-13,0
28090,1.0,1.5029306e-12,0
28091,1.0,4.2237186e-11,0
28092,1.0,6.032549e-13,0
28093,1.0,3.0234995e-11,0
28094,1.0,6.565289e-10,0
28095,1.0,2.0767065e-08,0
28096,1.0,4.7988724e-10,0
28097,1.0,1.7018543e-09,0
28098,1.0,9.646273e-14,0
28099,1.0,1.030113e-12,0
28100,1.0,2.2059007e-11,0
28101,1.0,5.766698e-12,0
28102,1.0,1.6201608e-10,0
28103,1.0,5.3641563e-11,0
28104,1.0,1.7822866e-13,0
28105,1.0,1.162371e-10,0
28106,0.9999993,6.9666464e-07,0
28107,0.99999666,3.2877392e-06,0
28108,1.0,1.9853316e-10,0
28109,1.0,2.315886e-11,0
28110,1.0,1.5627954e-11,0
28111,1.0,2.1315163e-12,0
28112,1.0,6.8623135e-11,0
28113,1.0,2.528405e-09,0
28114,1.0,8.736592e-12,0
28115,1.0,1.1368018e-09,0
28116,1.0,1.1789911e-12,0
28117,1.0,2.5410207e-11,0
28118,1.0,5.2981565e-14,0
28119,1.0,4.694762e-12,0
28120,1.0,1.9663604e-10,0
28121,1.0,1.2457962e-10,0
28122,1.0,5.4101367e-15,0
28123,1.0,1.9017359e-11,0
28124,1.0,2.7926899e-13,0
28125,1.0,8.426714e-11,0
28126,0.9999995,5.360258e-07,0
28127,1.0,4.009763e-09,0
28128,1.0,9.126221e-14,0
28129,1.0,2.5771729e-12,0
28130,0.9999999,7.3773094e-08,0
28131,1.0,4.1612291e-10,0
28132,1.0,8.662066e-14,0
28133,1.0,8.063898e-14,0
28134,1.0,1.6716375e-11,0
28135,1.0,2.8035803e-11,0
28136,1.0,5.27721e-10,0
28137,1.0,3.8209755e-11,0
28138,0.9999975,2.5591728e-06,0
28139,1.0,1.0321165e-13,0
28140,1.0,1.2482706e-09,0
28141,1.0,8.70728e-12,0
28142,0.99999976,2.6476664e-07,0
28143,0.9999949,5.138446e-06,0
28144,1.0,1.5242977e-11,0
28145,1.0,6.4327316e-10,0
28146,1.0,4.4683874e-09,0
28147,1.0,1.4569862e-10,0
28148,1.0,6.656021e-10,0
28149,1.0,2.5991266e-11,0
28150,1.0,5.29649e-10,0
28151,1.0,2.6314992e-12,0
28152,1.0,5.6283624e-13,0
28153,0.99999976,2.6937965e-07,0
28154,1.0,3.8039433e-12,0
28155,1.0,3.9073107e-13,0
28156,0.99999857,1.4246036e-06,0
28157,1.0,4.965118e-13,0
28158,1.0,2.999221e-11,0
28159,1.0,3.433027e-11,0
28160,0.9999988,1.1775776e-06,0
28161,1.0,3.9382508e-12,0
28162,1.0,8.483637e-12,0
28163,1.0,4.8459103e-10,0
28164,1.0,5.6548473e-12,0
28165,0.99999666,3.3013976e-06,0
28166,0.99999905,9.0947225e-07,0
28167,1.0,9.7332996e-11,0
28168,1.0,5.297424e-12,0
28169,1.0,7.9115724e-12,0
28170,1.0,2.4372985e-11,0
28171,1.0,1.10518304e-13,0
28172,1.0,2.4211189e-11,0
28173,1.0,1.224769e-13,0
28174,1.0,3.8336156e-09,0
28175,1.0,1.1238522e-11,0
28176,1.0,2.3170701e-11,0
28177,1.0,4.4799846e-13,0
28178,1.0,3.3401212e-11,0
28179,1.0,2.152659e-09,0
28180,1.0,1.3694986e-09,0
28181,1.0,5.3362864e-15,0
28182,1.0,2.468239e-12,0
28183,1.0,8.185039e-12,0
28184,1.0,7.823104e-11,0
28185,1.0,1.423121e-14,0
28186,1.0,1.4983289e-11,0
28187,1.0,5.055278e-13,0
28188,1.0,1.4041214e-13,0
28189,1.0,1.2276974e-09,0
28190,1.0,5.770111e-11,0
28191,1.0,1.02098146e-13,0
28192,1.0,7.0247636e-12,0
28193,1.0,1.0174178e-10,0
28194,1.0,1.354304e-11,0
28195,0.9999988,1.2052086e-06,0
28196,1.0,1.3901612e-12,0
28197,1.0,3.93558e-11,0
28198,1.0,9.634808e-12,0
28199,1.0,3.101125e-12,0
28200,1.0,4.001233e-11,0
28201,1.0,1.5989369e-12,0
28202,1.0,1.3926188e-12,0
28203,1.0,8.432779e-14,0
28204,1.0,1.06928334e-10,0
28205,1.0,3.267454e-12,0
28206,1.0,2.0960973e-09,0
28207,1.0,2.0997034e-12,0
28208,1.0,6.158199e-13,0
28209,1.0,1.8347723e-11,0
28210,1.0,1.03352995e-11,0
28211,1.0,4.906401e-10,0
28212,1.0,1.260355e-12,0
28213,1.0,3.4676676e-12,0
28214,1.0,1.8406591e-13,0
28215,1.0,3.99238e-12,0
28216,1.0,2.5683865e-14,0
28217,1.0,4.4912584e-14,0
28218,1.0,4.099177e-14,0
28219,1.0,8.9384094e-14,0
28220,1.0,5.8601817e-08,0
28221,1.0,5.808303e-12,0
28222,1.0,8.518791e-12,0
28223,1.0,1.2023118e-11,0
28224,1.0,5.858189e-13,0
28225,1.0,2.1893533e-10,0
28226,1.0,3.106597e-11,0
28227,1.0,1.871182e-14,0
28228,1.0,1.2715151e-12,0
28229,1.0,1.4845217e-10,0
28230,1.0,1.4803448e-11,0
28231,1.0,5.957068e-11,0
28232,1.0,4.7002696e-13,0
28233,1.0,5.6226035e-12,0
28234,1.0,1.0579904e-12,0
28235,1.0,8.151542e-12,0
28236,1.0,1.2965101e-11,0
28237,1.0,6.557942e-14,0
28238,1.0,1.8932336e-12,0
28239,1.0,2.0269306e-10,0
28240,1.0,1.7673471e-10,0
28241,1.0,2.4853461e-11,0
28242,1.0,2.0674728e-13,0
28243,1.0,2.6818378e-10,0
28244,1.0,6.040929e-14,0
28245,1.0,4.5029003e-13,0
28246,1.0,1.5182499e-12,0
28247,1.0,2.782147e-13,0
28248,1.0,3.7733456e-13,0
28249,1.0,4.4080774e-11,0
28250,1.0,2.0972859e-12,0
28251,1.0,1.31520515e-11,0
28252,1.0,1.9821192e-10,0
28253,1.0,1.9553787e-11,0
28254,1.0,1.3028332e-12,0
28255,1.0,3.2843743e-12,0
28256,1.0,2.0381423e-10,0
28257,1.0,1.2802602e-10,0
28258,1.0,5.508444e-14,0
28259,1.0,1.281723e-11,0
28260,1.0,2.207262e-13,0
28261,1.0,3.529221e-09,0
28262,1.0,7.675245e-11,0
28263,1.0,1.2592538e-13,0
28264,1.0,5.8180126e-13,0
28265,1.0,1.8727531e-14,0
28266,1.0,2.0067237e-10,0
28267,1.0,3.405808e-09,0
28268,1.0,1.6305556e-10,0
28269,1.0,1.0511771e-13,0
28270,1.0,1.0945435e-12,0
28271,1.0,4.2198412e-13,0
28272,1.0,1.4409302e-13,0
28273,1.0,7.881224e-12,0
28274,1.0,3.068263e-10,0
28275,1.0,1.3685782e-11,0
28276,1.0,1.2233979e-10,0
28277,1.0,3.4767805e-12,0
28278,1.0,9.917161e-13,0
28279,1.0,2.2059186e-10,0
28280,1.0,1.5414846e-13,0
28281,1.0,2.5204949e-12,0
28282,1.0,5.1197685e-13,0
28283,1.0,1.103958e-11,0
28284,1.0,4.132667e-14,0
28285,1.0,3.916182e-13,0
28286,1.0,8.8827506e-10,0
28287,1.0,3.8291117e-14,0
28288,1.0,1.0313992e-11,0
28289,1.0,3.6152678e-11,0
28290,1.0,2.1409122e-12,0
28291,1.0,1.894906e-12,0
28292,1.0,1.3017495e-13,0
28293,1.0,4.6995513e-10,0
28294,1.0,3.009498e-13,0
28295,1.0,4.429299e-11,0
28296,1.0,7.697202e-12,0
28297,1.0,1.4954808e-13,0
28298,1.0,2.7617263e-11,0
28299,1.0,2.9909148e-11,0
28300,1.0,4.3562046e-08,0
28301,1.0,4.516795e-12,0
28302,1.0,1.11388925e-13,0
28303,1.0,1.1281029e-14,0
28304,1.0,5.336959e-11,0
28305,1.0,2.0341933e-13,0
28306,1.0,7.619755e-12,0
28307,1.0,2.2793718e-12,0
28308,0.99999976,2.1249858e-07,0
28309,1.0,2.6074574e-12,0
28310,1.0,1.6235243e-09,0
28311,1.0,2.1351775e-13,0
28312,1.0,9.431538e-10,0
28313,1.0,6.6952945e-12,0
28314,0.9999999,1.3388298e-07,0
28315,1.0,7.8636336e-10,0
28316,1.0,2.8843114e-11,0
28317,1.0,4.2501294e-14,0
28318,1.0,8.389576e-10,0
28319,1.0,7.432802e-12,0
28320,1.0,1.6371107e-12,0
28321,1.0,2.0291479e-13,0
28322,1.0,1.3178921e-11,0
28323,1.0,6.6401344e-13,0
28324,1.0,9.816675e-11,0
28325,1.0,5.5370037e-13,0
28326,1.0,7.7174384e-10,0
28327,1.0,1.9310153e-13,0
28328,1.0,5.0354887e-11,0
28329,1.0,7.3718975e-11,0
28330,1.0,1.0748124e-10,0
28331,1.0,1.9100678e-11,0
28332,1.0,1.5820292e-10,0
28333,1.0,6.0585e-11,0
28334,1.0,8.906884e-12,0
28335,0.9999994,5.785471e-07,0
28336,1.0,3.7438724e-10,0
28337,1.0,5.467392e-10,0
28338,1.0,4.6939086e-13,0
28339,1.0,4.7921406e-10,0
28340,1.0,1.9533339e-13,0
28341,1.0,1.0853542e-13,0
28342,1.0,9.742185e-13,0
28343,1.0,8.55708e-15,0
28344,1.0,4.4558548e-11,0
28345,1.0,6.746963e-14,0
28346,1.0,3.72624e-14,0
28347,1.0,1.6632222e-11,0
28348,1.0,1.2704188e-13,0
28349,1.0,8.421436e-13,0
28350,1.0,2.815592e-13,0
28351,1.0,2.9419263e-09,0
28352,1.0,7.419247e-12,0
28353,1.0,7.04974e-09,0
28354,0.9999999,1.2863225e-07,0
28355,1.0,3.2301725e-10,0
28356,1.0,1.2614007e-09,0
28357,1.0,6.6615897e-12,0
28358,1.0,8.831521e-12,0
28359,0.9999964,3.5773526e-06,0
28360,1.0,1.3717911e-13,0
28361,1.0,7.54077e-12,0
28362,1.0,8.405152e-12,0
28363,1.0,4.9643684e-10,0
28364,1.0,2.1083246e-11,0
28365,1.0,2.0481768e-14,0
28366,1.0,7.626538e-10,0
28367,1.0,1.5402422e-12,0
28368,1.0,1.7512103e-10,0
28369,1.0,3.846598e-11,0
28370,1.0,1.1659364e-11,0
28371,1.0,8.033484e-11,0
28372,1.0,1.0762345e-09,0
28373,1.0,2.9283333e-13,0
28374,1.0,6.108921e-14,0
28375,1.0,2.2724242e-10,0
28376,1.0,1.0245911e-08,0
28377,1.0,1.2856405e-11,0
28378,1.0,6.4670085e-13,0
28379,1.0,5.90199e-11,0
28380,1.0,1.9397131e-12,0
28381,1.0,6.821636e-11,0
28382,0.99999845,1.5435473e-06,0
28383,0.99999964,3.6440179e-07,0
28384,1.0,3.806565e-11,0
28385,1.0,1.0746801e-12,0
28386,1.0,6.157286e-12,0
28387,1.0,5.3229605e-11,0
28388,1.0,1.114045e-08,0
28389,1.0,5.376815e-12,0
28390,1.0,6.401566e-11,0
28391,1.0,3.4798509e-09,0
28392,1.0,2.4719562e-12,0
28393,1.0,4.4707446e-11,0
28394,1.0,1.2086837e-10,0
28395,1.0,3.2358397e-10,0
28396,1.0,1.4187361e-10,0
28397,1.0,8.275435e-10,0
28398,1.0,1.1173108e-13,0
28399,1.0,2.5549953e-09,0
28400,1.0,4.9572237e-14,0
28401,1.0,1.5663196e-11,0
28402,1.0,1.5964244e-10,0
28403,1.0,2.1389635e-10,0
28404,1.0,1.861338e-12,0
28405,1.0,6.1508126e-10,0
28406,0.9999999,1.7504165e-07,0
28407,1.0,1.5939667e-13,0
28408,1.0,3.4489393e-13,0
28409,0.99999976,2.827391e-07,0
28410,1.0,8.958388e-12,0
28411,1.0,1.1046699e-11,0
28412,1.0,2.6183054e-13,0
28413,1.0,1.1174357e-11,0
28414,0.99999964,4.1483645e-07,0
28415,1.0,7.996957e-12,0
28416,1.0,1.3619684e-12,0
28417,1.0,9.3341385e-12,0
28418,1.0,1.3296403e-11,0
28419,0.9999989,1.0173761e-06,0
28420,1.0,7.2070735e-12,0
28421,1.0,2.0326002e-12,0
28422,0.9999964,3.521582e-06,0
28423,1.0,4.1425497e-13,0
28424,1.0,2.8319085e-11,0
28425,1.0,1.3732946e-12,0
28426,1.0,1.2617815e-08,0
28427,1.0,1.0151754e-13,0
28428,1.0,2.4283416e-12,0
28429,1.0,2.2470624e-11,0
28430,1.0,2.225059e-12,0
28431,0.9999975,2.460201e-06,0
28432,1.0,7.073134e-13,0
28433,1.0,7.8606494e-14,0
28434,1.0,1.8006079e-13,0
28435,1.0,6.58527e-13,0
28436,1.0,7.314336e-14,0
28437,1.0,4.462465e-14,0
28438,1.0,8.741621e-13,0
28439,1.0,1.5149762e-11,0
28440,1.0,1.897359e-11,0
28441,1.0,6.4411936e-13,0
28442,1.0,5.965397e-13,0
28443,0.9999956,4.3601385e-06,0
28444,0.99999964,3.7664742e-07,0
28445,1.0,2.0642292e-10,0
28446,1.0,2.0587705e-11,0
28447,1.0,3.6150232e-09,0
28448,1.0,1.3508226e-09,0
28449,1.0,4.977851e-10,0
28450,1.0,1.1351875e-09,0
28451,1.0,8.865643e-09,0
28452,1.0,3.752083e-08,0
28453,1.0,6.69511e-10,0
28454,1.0,4.39788e-12,0
28455,1.0,2.9362796e-10,0
28456,1.0,1.7494928e-08,0
28457,1.0,4.8612503e-10,0
28458,1.0,2.6047099e-11,0
28459,1.0,7.113116e-12,0
28460,1.0,2.7857222e-12,0
28461,1.0,2.3413264e-11,0
28462,1.0,4.0265105e-12,0
28463,1.0,4.5098734e-12,0
28464,1.0,2.6360908e-12,0
28465,1.0,1.9289244e-09,0
28466,1.0,3.2997566e-13,0
28467,1.0,5.4988892e-11,0
28468,1.0,4.941414e-13,0
28469,1.0,1.5620116e-11,0
28470,1.0,1.2520194e-12,0
28471,1.0,1.2479217e-11,0
28472,1.0,1.4826214e-12,0
28473,1.0,2.1717086e-12,0
28474,1.0,9.99849e-13,0
28475,1.0,6.174889e-13,0
28476,1.0,1.6088901e-10,0
28477,1.0,4.0581254e-14,0
28478,1.0,3.6345143e-12,0
28479,1.0,1.3334964e-10,0
28480,1.0,1.1221362e-08,0
28481,1.0,2.0771318e-14,0
28482,1.0,8.0242766e-12,0
28483,1.0,8.425966e-13,0
28484,1.0,2.7720276e-11,0
28485,1.0,4.2609395e-11,0
28486,1.0,3.208809e-10,0
28487,1.0,1.0165726e-09,0
28488,1.0,1.5149075e-10,0
28489,1.0,7.397949e-09,0
28490,1.0,8.1339026e-11,0
28491,1.0,1.7762127e-12,0
28492,0.999998,2.083006e-06,0
28493,0.9999782,2.1799277e-05,0
28494,1.0,1.2726458e-12,0
28495,1.0,6.607552e-13,0
28496,1.0,1.0078407e-12,0
28497,1.0,4.0387534e-13,0
28498,1.0,7.756777e-11,0
28499,1.0,2.855113e-13,0
28500,1.0,2.7262018e-10,0
28501,1.0,1.2580925e-12,0
28502,1.0,3.492779e-12,0
28503,1.0,3.7812743e-11,0
28504,1.0,1.853465e-13,0
28505,1.0,3.8539603e-09,0
28506,1.0,3.154518e-12,0
28507,1.0,6.954898e-10,0
28508,1.0,1.3333455e-11,0
28509,1.0,1.3417945e-12,0
28510,1.0,4.6112907e-14,0
28511,1.0,8.117514e-09,0
28512,1.0,5.264979e-12,0
28513,1.0,2.96444e-13,0
28514,1.0,6.205791e-12,0
28515,1.0,8.739941e-12,0
28516,1.0,8.596116e-14,0
28517,1.0,1.02360715e-11,0
28518,1.0,4.7781326e-13,0
28519,1.0,3.7544398e-11,0
28520,1.0,6.963737e-14,0
28521,1.0,3.067967e-12,0
28522,1.0,3.1640855e-13,0
28523,1.0,1.6221305e-10,0
28524,1.0,2.7593238e-12,0
28525,1.0,5.013917e-14,0
28526,1.0,4.434889e-10,0
28527,1.0,2.6112882e-13,0
28528,1.0,8.155683e-11,0
28529,1.0,2.4694755e-10,0
28530,1.0,1.7908433e-09,0
28531,1.0,3.649265e-10,0
28532,1.0,3.3882567e-12,0
28533,1.0,2.1279611e-09,0
28534,1.0,1.0371487e-13,0
28535,1.0,8.144238e-12,0
28536,1.0,1.6980192e-12,0
28537,1.0,5.082819e-11,0
28538,1.0,1.9060474e-10,0
28539,1.0,5.5405745e-13,0
28540,1.0,2.5837055e-11,0
28541,0.99997544,2.4546616e-05,0
28542,1.0,2.4784807e-12,0
28543,1.0,1.7088263e-11,0
28544,1.0,2.2289019e-13,0
28545,1.0,7.239967e-14,0
28546,1.0,7.501171e-10,0
28547,1.0,8.787371e-14,0
28548,1.0,2.1730127e-13,0
28549,1.0,5.111526e-12,0
28550,1.0,3.5911794e-11,0
28551,1.0,1.739951e-13,0
28552,1.0,1.092025e-11,0
28553,1.0,4.7804456e-14,0
28554,1.0,1.1405259e-10,0
28555,1.0,1.5420816e-13,0
28556,0.9999993,6.8496377e-07,0
28557,1.0,1.3762137e-11,0
28558,1.0,9.0769535e-14,0
28559,1.0,5.4735214e-12,0
28560,1.0,2.8594321e-11,0
28561,1.0,1.475672e-13,0
28562,1.0,1.9771963e-13,0
28563,1.0,3.1690156e-12,0
28564,1.0,2.1441541e-11,0
28565,1.0,1.8050052e-10,0
28566,1.0,1.9664401e-13,0
28567,1.0,5.4783077e-11,0
28568,1.0,3.4141928e-12,0
28569,1.0,8.887221e-11,0
28570,1.0,6.4004644e-12,0
28571,1.0,1.8305418e-12,0
28572,0.9999994,6.5502417e-07,0
28573,1.0,3.462907e-13,0
28574,1.0,1.4848601e-12,0
28575,1.0,3.3755347e-13,0
28576,1.0,1.1675157e-12,0
28577,1.0,2.3517304e-09,0
28578,1.0,5.610402e-12,0
28579,1.0,1.1853994e-12,0
28580,1.0,5.226723e-10,0
28581,1.0,5.369646e-10,0
28582,1.0,1.769834e-13,0
28583,1.0,4.944419e-14,0
28584,1.0,7.99497e-13,0
28585,1.0,3.0051387e-13,0
28586,1.0,2.9645292e-10,0
28587,1.0,7.6302006e-11,0
28588,1.0,9.452392e-14,0
28589,1.0,5.439326e-11,0
28590,1.0,1.1704188e-12,0
28591,1.0,8.782466e-13,0
28592,1.0,7.4515063e-13,0
28593,1.0,2.2783796e-13,0
28594,1.0,2.943405e-11,0
28595,1.0,2.175439e-09,0
28596,1.0,1.6136306e-12,0
28597,1.0,2.9151885e-12,0
28598,1.0,2.1586328e-13,0
28599,1.0,1.0895415e-10,0
28600,1.0,1.626329e-13,0
28601,1.0,3.4189926e-10,0
28602,1.0,4.0335912e-15,0
28603,1.0,6.409596e-10,0
28604,1.0,2.2162647e-13,0
28605,1.0,1.2976581e-11,0
28606,1.0,7.828353e-12,0
28607,1.0,1.3988554e-13,0
28608,1.0,1.7986189e-11,0
28609,1.0,2.2075852e-14,0
28610,1.0,5.3511254e-08,0
28611,1.0,1.883834e-10,0
28612,1.0,6.168968e-13,0
28613,1.0,8.369026e-13,0
28614,1.0,1.369257e-11,0
28615,1.0,2.77424e-10,0
28616,1.0,1.0852157e-09,0
28617,1.0,7.059266e-13,0
28618,1.0,1.9986874e-13,0
28619,1.0,2.1434302e-11,0
28620,1.0,7.759936e-13,0
28621,1.0,1.9690487e-09,0
28622,1.0,1.5015998e-10,0
28623,1.0,1.0771858e-12,0
28624,1.0,9.087564e-12,0
28625,1.0,4.970213e-14,0
28626,1.0,1.6299337e-10,0
28627,1.0,7.139233e-14,0
28628,1.0,9.792393e-13,0
28629,1.0,2.3273271e-12,0
28630,1.0,2.2044528e-12,0
28631,1.0,1.0181311e-12,0
28632,1.0,1.1381144e-09,0
28633,0.9999999,1.3962791e-07,0
28634,1.0,9.425073e-12,0
28635,1.0,2.7725391e-12,0
28636,1.0,3.3583386e-12,0
28637,1.0,3.4568886e-13,0
28638,1.0,1.3935494e-11,0
28639,1.0,9.8141625e-12,0
28640,1.0,5.3586985e-10,0
28641,1.0,2.8456655e-12,0
28642,1.0,2.7748405e-12,0
28643,1.0,4.46938e-11,0
28644,1.0,6.8565665e-12,0
28645,1.0,3.6761186e-14,0
28646,1.0,4.508323e-13,0
28647,1.0,1.0564418e-12,0
28648,1.0,5.3464243e-11,0
28649,1.0,4.0684426e-13,0
28650,1.0,1.3524163e-12,0
28651,1.0,4.9684767e-11,0
28652,1.0,2.2141332e-11,0
28653,1.0,3.1778347e-12,0
28654,1.0,7.12266e-12,0
28655,1.0,2.8611289e-11,0
28656,1.0,1.0406412e-11,0
28657,1.0,1.9333768e-10,0
28658,1.0,3.4271112e-12,0
28659,1.0,4.6996736e-11,0
28660,1.0,8.5643013e-14,0
28661,1.0,2.3310867e-11,0
28662,1.0,5.555705e-10,0
28663,1.0,6.122785e-12,0
28664,0.9999882,1.1778609e-05,0
28665,1.0,2.204046e-11,0
28666,1.0,1.5568912e-09,0
28667,1.0,1.2230753e-11,0
28668,1.0,5.2120407e-13,0
28669,1.0,3.6684895e-11,0
28670,1.0,8.077438e-12,0
28671,1.0,8.66823e-14,0
28672,1.0,6.639009e-09,0
28673,1.0,7.6871296e-14,0
28674,0.9999969,3.1286384e-06,0
28675,1.0,7.957489e-12,0
28676,1.0,5.4815766e-12,0
28677,1.0,2.3674064e-12,0
28678,1.0,6.498208e-12,0
28679,1.0,6.09148e-10,0
28680,1.0,3.912632e-11,0
28681,1.0,8.250843e-11,0
28682,1.0,1.124206e-11,0
28683,1.0,8.189117e-15,0
28684,1.0,2.2720372e-11,0
28685,0.99999833,1.6520802e-06,0
28686,1.0,4.4674215e-14,0
28687,1.0,3.6712123e-11,0
28688,1.0,2.9784248e-11,0
28689,1.0,3.0671115e-13,0
28690,1.0,7.622556e-13,0
28691,1.0,1.3330189e-09,0
28692,1.0,6.513843e-12,0
28693,1.0,2.473562e-14,0
28694,1.0,2.5549696e-10,0
28695,1.0,1.02787995e-11,0
28696,1.0,4.7347608e-12,0
28697,1.0,5.984482e-14,0
28698,1.0,6.869117e-09,0
28699,1.0,3.0725903e-14,0
28700,1.0,2.3145468e-12,0
28701,1.0,2.3799292e-12,0
28702,1.0,2.0777463e-10,0
28703,1.0,6.617207e-11,0
28704,1.0,4.421611e-14,0
28705,1.0,2.4414124e-14,0
28706,1.0,1.7989629e-10,0
28707,1.0,1.6285159e-11,0
28708,1.0,3.1083291e-10,0
28709,1.0,4.9667874e-12,0
28710,1.0,2.655512e-10,0
28711,1.0,4.5005625e-14,0
28712,0.99999833,1.6554994e-06,0
28713,1.0,1.1303791e-11,0
28714,1.0,2.557821e-11,0
28715,1.0,7.1265395e-14,0
28716,1.0,8.861369e-12,0
28717,1.0,1.0637619e-11,0
28718,1.0,2.2104843e-10,0
28719,1.0,1.9867651e-12,0
28720,1.0,1.3267794e-12,0
28721,1.0,5.2051368e-09,0
28722,1.0,6.700491e-13,0
28723,1.0,1.7700197e-09,0
28724,1.0,7.7030554e-10,0
28725,1.0,2.6506478e-11,0
28726,1.0,4.519912e-13,0
28727,1.0,5.160684e-12,0
28728,1.0,1.400723e-11,0
28729,1.0,2.791424e-12,0
28730,1.0,2.109895e-17,0
28731,1.0,1.1074076e-12,0
28732,1.0,4.8917255e-12,0
28733,1.0,4.4440336e-14,0
28734,1.0,2.0579785e-10,0
28735,1.0,1.6682858e-08,0
28736,1.0,8.163821e-15,0
28737,1.0,3.9139563e-13,0
28738,1.0,6.0032686e-13,0
28739,1.0,4.254658e-13,0
28740,1.0,3.1924224e-11,0
28741,1.0,6.835517e-12,0
28742,1.0,1.0848172e-11,0
28743,1.0,1.5593689e-14,0
28744,1.0,3.6145349e-12,0
28745,1.0,9.816628e-13,0
28746,1.0,2.4335857e-12,0
28747,1.0,1.7424444e-10,0
28748,1.0,8.411418e-13,0
28749,1.0,1.810068e-08,0
28750,0.9999999,1.0275937e-07,0
28751,1.0,2.3318517e-11,0
28752,1.0,1.2063754e-11,0
28753,0.99999917,8.591763e-07,0
28754,1.0,8.6544745e-09,0
28755,1.0,7.0819896e-13,0
28756,1.0,5.918313e-11,0
28757,1.0,2.3422098e-12,0
28758,1.0,3.7335125e-13,0
28759,1.0,6.024487e-10,0
28760,1.0,3.9149443e-12,0
28761,1.0,1.2184139e-11,0
28762,0.9999987,1.2839365e-06,0
28763,1.0,7.832984e-12,0
28764,1.0,5.0994894e-12,0
28765,1.0,2.2196142e-10,0
28766,0.9999995,5.2098676e-07,0
28767,1.0,4.7260046e-10,0
28768,1.0,3.0318803e-10,0
28769,1.0,1.7652498e-12,0
28770,1.0,5.4792088e-14,0
28771,1.0,1.3946734e-12,0
28772,1.0,8.379932e-14,0
28773,0.9999999,1.2953707e-07,0
28774,0.9999995,4.5192684e-07,0
28775,0.99999654,3.46848e-06,0
28776,0.9999987,1.3627086e-06,0
28777,0.99999833,1.6754101e-06,0
28778,1.0,1.9132891e-13,0
28779,0.999995,4.9481127e-06,0
28780,0.9999999,1.7671879e-07,0
28781,1.0,6.112298e-11,0
28782,1.0,9.88932e-13,0
28783,0.9999999,1.0694602e-07,0
28784,1.0,2.8247515e-10,0
28785,1.0,7.545742e-10,0
28786,1.0,8.756553e-10,0
28787,1.0,1.6515557e-09,0
28788,1.0,5.5199295e-10,0
28789,1.0,3.1742456e-10,0
28790,1.0,1.9192359e-09,0
28791,1.0,6.693121e-13,0
28792,1.0,8.343753e-12,0
28793,1.0,1.6957821e-09,0
28794,1.0,1.6025963e-10,0
28795,1.0,2.481442e-08,0
28796,1.0,8.743923e-13,0
28797,1.0,1.2100078e-10,0
28798,1.0,4.1832502e-13,0
28799,0.99999523,4.7589087e-06,0
28800,1.0,3.1065122e-12,0
28801,1.0,3.9446842e-13,0
28802,1.0,1.6137307e-10,0
28803,1.0,2.2453679e-13,0
28804,1.0,2.6804214e-10,0
28805,1.0,3.826677e-12,0
28806,1.0,6.3561004e-11,0
28807,1.0,1.5612959e-12,0
28808,1.0,5.183429e-13,0
28809,1.0,4.3034354e-11,0
28810,1.0,5.177597e-14,0
28811,1.0,1.238427e-12,0
28812,1.0,1.1391566e-13,0
28813,1.0,6.7718357e-13,0
28814,1.0,1.4225688e-12,0
28815,1.0,1.5939393e-13,0
28816,1.0,4.319714e-13,0
28817,1.0,5.1992324e-13,0
28818,1.0,1.713589e-14,0
28819,1.0,6.7962624e-14,0
28820,1.0,2.883008e-11,0
28821,1.0,5.0465293e-10,0
28822,1.0,6.6754666e-12,0
28823,1.0,7.2403754e-12,0
28824,1.0,1.3414414e-12,0
28825,1.0,1.41323e-09,0
28826,1.0,2.8842095e-13,0
28827,1.0,2.4614644e-12,0
28828,1.0,7.822256e-14,0
28829,1.0,5.108319e-12,0
28830,1.0,1.4091903e-12,0
28831,1.0,1.7610505e-11,0
28832,1.0,1.9262294e-13,0
28833,1.0,5.7632453e-12,0
28834,1.0,1.9668142e-10,0
28835,1.0,1.8377563e-11,0
28836,1.0,2.1861786e-13,0
28837,1.0,1.14762436e-10,0
28838,1.0,3.4847323e-13,0
28839,1.0,1.4432751e-11,0
28840,1.0,9.380931e-13,0
28841,1.0,1.063497e-13,0
28842,1.0,1.1447669e-14,0
28843,1.0,1.3810239e-10,0
28844,1.0,1.7594481e-12,0
28845,1.0,3.6324904e-12,0
28846,1.0,1.3082734e-13,0
28847,1.0,1.018026e-09,0
28848,1.0,3.4796265e-12,0
28849,1.0,4.433299e-10,0
28850,1.0,2.9328318e-10,0
28851,1.0,9.456743e-13,0
28852,1.0,2.84383e-13,0
28853,1.0,3.6804986e-13,0
28854,1.0,2.0794887e-12,0
28855,1.0,1.185426e-13,0
28856,1.0,6.398944e-14,0
28857,1.0,2.415031e-11,0
28858,0.9999875,1.2514066e-05,0
28859,1.0,4.2397967e-11,0
28860,1.0,1.5246988e-11,0
28861,1.0,1.567223e-10,0
28862,1.0,8.3082996e-10,0
28863,1.0,7.1784104e-13,0
28864,1.0,8.102262e-09,0
28865,1.0,1.2259482e-11,0
28866,1.0,9.120778e-13,0
28867,1.0,2.2223274e-12,0
28868,1.0,1.9188587e-13,0
28869,1.0,9.159642e-12,0
28870,1.0,1.8593573e-09,0
28871,1.0,9.895471e-13,0
28872,1.0,9.742687e-13,0
28873,1.0,6.4890022e-09,0
28874,1.0,8.4666554e-14,0
28875,1.0,7.1679946e-14,0
28876,1.0,3.1147949e-12,0
28877,1.0,3.5865552e-13,0
28878,1.0,1.820269e-14,0
28879,1.0,7.3822816e-11,0
28880,1.0,2.8442668e-11,0
28881,1.0,3.278155e-11,0
28882,1.0,3.1828313e-13,0
28883,1.0,4.2778777e-11,0
28884,1.0,1.2509865e-11,0
28885,1.0,1.4189891e-12,0
28886,1.0,3.7699124e-10,0
28887,1.0,6.590896e-14,0
28888,1.0,3.6734016e-09,0
28889,1.0,6.200949e-13,0
28890,1.0,9.143788e-13,0
28891,0.9999982,1.8007383e-06,0
28892,1.0,4.4978788e-13,0
28893,1.0,3.9807996e-12,0
28894,1.0,1.3056779e-10,0
28895,1.0,1.7242404e-11,0
28896,1.0,1.6665492e-12,0
28897,1.0,2.1337983e-12,0
28898,1.0,2.3841988e-13,0
28899,1.0,1.650644e-11,0
28900,1.0,6.9085015e-11,0
28901,1.0,2.2179076e-11,0
28902,1.0,1.2090445e-12,0
28903,1.0,3.7086982e-14,0
28904,1.0,3.780005e-11,0
28905,1.0,9.582279e-13,0
28906,1.0,1.8926766e-13,0
28907,1.0,9.35417e-12,0
28908,1.0,1.6301405e-12,0
28909,1.0,3.3928207e-13,0
28910,1.0,1.6188342e-12,0
28911,1.0,2.3113013e-11,0
28912,1.0,8.611288e-12,0
28913,1.0,1.7521908e-12,0
28914,1.0,1.9740158e-13,0
28915,1.0,1.4218798e-12,0
28916,1.0,1.9174768e-12,0
28917,1.0,1.08169584e-10,0
28918,1.0,1.4524933e-11,0
28919,1.0,3.414496e-10,0
28920,1.0,3.663055e-12,0
28921,1.0,3.386816e-12,0
28922,1.0,1.1237788e-12,0
28923,1.0,1.32235e-09,0
28924,1.0,6.7875955e-14,0
28925,1.0,2.1506355e-13,0
28926,1.0,1.7075288e-12,0
28927,1.0,1.8396983e-12,0
28928,1.0,1.0085811e-12,0
28929,1.0,4.11284e-08,0
28930,1.0,1.880809e-12,0
28931,1.0,4.1305927e-11,0
28932,1.0,2.5041677e-13,0
28933,1.0,6.03301e-13,0
28934,1.0,1.0562973e-11,0
28935,1.0,6.7338947e-12,0
28936,1.0,2.365044e-10,0
28937,1.0,1.14217816e-10,0
28938,1.0,2.5433385e-11,0
28939,1.0,2.1276494e-12,0
28940,1.0,6.069181e-13,0
28941,1.0,4.0993004e-11,0
28942,1.0,7.261809e-13,0
28943,1.0,1.1405237e-10,0
28944,1.0,1.7258517e-12,0
28945,1.0,1.5579315e-12,0
28946,1.0,3.4754775e-14,0
28947,1.0,1.5551014e-13,0
28948,1.0,3.4919598e-12,0
28949,1.0,2.4409527e-13,0
28950,1.0,4.900048e-11,0
28951,1.0,2.2816401e-14,0
28952,1.0,2.3648748e-12,0
28953,1.0,7.721747e-15,0
28954,1.0,3.7504133e-13,0
28955,1.0,2.0249445e-10,0
28956,1.0,7.798295e-12,0
28957,1.0,2.9567305e-14,0
28958,1.0,8.997247e-11,0
28959,1.0,9.064787e-11,0
28960,1.0,3.870256e-12,0
28961,1.0,8.859011e-14,0
28962,1.0,6.275905e-11,0
28963,1.0,5.7218943e-13,0
28964,1.0,6.420352e-10,0
28965,1.0,3.3460352e-13,0
28966,0.9999964,3.5703652e-06,0
28967,1.0,3.2484497e-13,0
28968,1.0,1.3995527e-12,0
28969,1.0,9.537428e-12,0
28970,1.0,5.6434904e-12,0
28971,1.0,4.80667e-13,0
28972,1.0,1.190039e-12,0
28973,0.9999982,1.777981e-06,0
28974,1.0,2.7581333e-13,0
28975,1.0,8.908023e-12,0
28976,1.0,3.6543146e-10,0
28977,0.9999931,6.890666e-06,0
28978,1.0,8.054484e-12,0
28979,0.99999034,9.636657e-06,0
28980,1.0,1.9716408e-10,0
28981,1.0,4.980885e-12,0
28982,1.0,4.662158e-11,0
28983,1.0,1.2426393e-11,0
28984,1.0,5.4509373e-11,0
28985,1.0,1.7155603e-11,0
28986,1.0,1.775158e-10,0
28987,1.0,1.85094e-12,0
28988,1.0,3.0194104e-13,0
28989,1.0,1.2852004e-13,0
28990,0.9999989,1.064153e-06,0
28991,1.0,6.8110567e-10,0
28992,1.0,4.7525535e-14,0
28993,1.0,8.408295e-12,0
28994,1.0,1.559273e-11,0
28995,1.0,3.786566e-14,0
28996,1.0,1.989046e-10,0
28997,1.0,5.6533722e-11,0
28998,1.0,1.7596502e-11,0
28999,1.0,9.923903e-12,0
29000,0.99999964,3.9544844e-07,0
29001,1.0,2.8283268e-13,0
29002,1.0,5.0764176e-10,0
29003,1.0,9.047281e-09,0
29004,1.0,7.1209987e-13,0
29005,1.0,7.3578175e-12,0
29006,1.0,9.263487e-10,0
29007,1.0,6.835335e-12,0
29008,1.0,4.275644e-14,0
29009,1.0,5.335972e-11,0
29010,1.0,1.7240834e-10,0
29011,1.0,1.201345e-10,0
29012,1.0,4.2255433e-13,0
29013,1.0,8.742767e-14,0
29014,1.0,1.5955204e-10,0
29015,1.0,4.564168e-11,0
29016,1.0,2.708999e-13,0
29017,1.0,5.5860324e-13,0
29018,1.0,4.7394933e-13,0
29019,1.0,7.052126e-11,0
29020,1.0,7.723969e-12,0
29021,1.0,3.9222196e-14,0
29022,1.0,4.948972e-12,0
29023,1.0,1.9068633e-12,0
29024,1.0,7.74426e-10,0
29025,1.0,3.182906e-08,0
29026,1.0,4.0591377e-11,0
29027,1.0,1.5433073e-11,0
29028,1.0,1.3588455e-10,0
29029,1.0,3.7984313e-13,0
29030,1.0,1.0623709e-11,0
29031,1.0,3.271169e-13,0
29032,1.0,2.3186253e-12,0
29033,1.0,1.7769601e-10,0
29034,1.0,1.3901499e-13,0
29035,1.0,3.183319e-08,0
29036,1.0,4.691875e-10,0
29037,1.0,3.7371196e-12,0
29038,1.0,6.342863e-11,0
29039,1.0,2.9116043e-12,0
29040,1.0,4.8527014e-13,0
29041,1.0,2.4577288e-13,0
29042,1.0,1.8121034e-11,0
29043,1.0,2.7137673e-13,0
29044,1.0,1.8442507e-13,0
29045,1.0,1.6872887e-11,0
29046,1.0,2.092482e-13,0
29047,1.0,2.5608903e-12,0
29048,1.0,1.788497e-14,0
29049,1.0,3.0081454e-12,0
29050,1.0,1.0219173e-12,0
29051,1.0,2.2068939e-11,0
29052,1.0,9.691179e-10,0
29053,1.0,6.0119457e-12,0
29054,1.0,2.802647e-13,0
29055,1.0,3.6781078e-08,0
29056,1.0,4.1540424e-11,0
29057,1.0,4.4640533e-12,0
29058,1.0,4.7349325e-12,0
29059,1.0,3.64828e-12,0
29060,1.0,1.943496e-10,0
29061,1.0,2.1319292e-10,0
29062,1.0,1.565864e-13,0
29063,1.0,2.1438963e-11,0
29064,1.0,3.0891931e-09,0
29065,1.0,1.7887726e-11,0
29066,1.0,9.317098e-12,0
29067,1.0,1.9412214e-10,0
29068,1.0,8.265862e-13,0
29069,1.0,2.4482744e-12,0
29070,1.0,2.4602193e-13,0
29071,1.0,2.0475939e-11,0
29072,1.0,1.1993525e-15,0
29073,1.0,1.1023278e-10,0
29074,1.0,2.7375986e-13,0
29075,0.99999976,1.982984e-07,0
29076,1.0,1.7530057e-13,0
29077,1.0,2.2716582e-09,0
29078,1.0,2.941794e-11,0
29079,1.0,2.8038353e-12,0
29080,1.0,1.4222454e-09,0
29081,1.0,1.1761652e-09,0
29082,1.0,5.735608e-13,0
29083,1.0,1.5037349e-10,0
29084,1.0,8.5315307e-14,0
29085,1.0,5.086728e-11,0
29086,1.0,3.543054e-13,0
29087,1.0,3.6267842e-13,0
29088,1.0,7.326078e-14,0
29089,1.0,3.071568e-12,0
29090,1.0,2.7433159e-10,0
29091,1.0,2.6142996e-12,0
29092,1.0,4.9155305e-11,0
29093,1.0,8.8441917e-13,0
29094,1.0,5.7593444e-12,0
29095,1.0,8.861425e-11,0
29096,1.0,3.1390927e-12,0
29097,1.0,1.9308377e-10,0
29098,1.0,6.8413414e-10,0
29099,0.9999856,1.4461024e-05,0
29100,1.0,2.9255782e-11,0
29101,1.0,5.4268107e-10,0
29102,1.0,1.3168569e-11,0
29103,1.0,4.2632564e-11,0
29104,1.0,7.866551e-12,0
29105,1.0,4.912543e-10,0
29106,1.0,6.8692574e-10,0
29107,1.0,5.111402e-11,0
29108,1.0,3.1890682e-08,0
29109,1.0,8.860461e-11,0
29110,1.0,4.794609e-10,0
29111,1.0,1.1757569e-09,0
29112,1.0,1.6058949e-10,0
29113,1.0,2.504033e-10,0
29114,1.0,3.5619383e-09,0
29115,1.0,3.7747494e-09,0
29116,1.0,4.158819e-09,0
29117,1.0,3.8187675e-11,0
29118,1.0,1.1795141e-10,0
29119,1.0,3.582588e-14,0
29120,1.0,4.2899995e-09,0
29121,1.0,9.509859e-11,0
29122,1.0,2.0374258e-11,0
29123,1.0,1.827418e-10,0
29124,1.0,4.253394e-12,0
29125,1.0,2.2552862e-10,0
29126,1.0,1.1648949e-13,0
29127,0.99999774,2.2199652e-06,0
29128,1.0,1.229113e-12,0
29129,1.0,2.2926772e-10,0
29130,1.0,2.1679188e-11,0
29131,1.0,1.1771778e-12,0
29132,1.0,3.8799882e-13,0
29133,1.0,1.7316998e-10,0
29134,1.0,6.806119e-11,0
29135,1.0,1.2893094e-11,0
29136,1.0,1.5276848e-12,0
29137,1.0,2.320211e-14,0
29138,1.0,6.08585e-13,0
29139,1.0,1.3004798e-08,0
29140,1.0,2.9852155e-11,0
29141,1.0,2.4027174e-11,0
29142,1.0,5.6269298e-11,0
29143,1.0,1.9516049e-14,0
29144,1.0,4.0709597e-12,0
29145,1.0,1.923088e-12,0
29146,1.0,1.9991534e-12,0
29147,1.0,3.0647151e-12,0
29148,1.0,2.0006391e-14,0
29149,1.0,1.41399965e-11,0
29150,1.0,1.0893326e-12,0
29151,1.0,1.7109576e-13,0
29152,1.0,7.7305973e-13,0
29153,1.0,9.058483e-10,0
29154,1.0,1.6004342e-13,0
29155,1.0,2.489685e-13,0
29156,1.0,5.7772304e-13,0
29157,1.0,3.801892e-11,0
29158,1.0,1.3354632e-11,0
29159,1.0,5.224836e-11,0
29160,1.0,6.3193087e-13,0
29161,0.99999976,2.3658748e-07,0
29162,1.0,1.0704525e-14,0
29163,1.0,1.2320697e-13,0
29164,1.0,1.1847384e-10,0
29165,1.0,2.2026528e-13,0
29166,1.0,1.832673e-12,0
29167,1.0,4.252216e-13,0
29168,0.9999893,1.0683745e-05,0
29169,1.0,7.597743e-11,0
29170,1.0,1.8615254e-09,0
29171,1.0,1.45058306e-11,0
29172,1.0,3.3067704e-12,0
29173,1.0,1.0165516e-12,0
29174,1.0,7.4489446e-14,0
29175,0.9999995,4.241219e-07,0
29176,1.0,3.5583337e-12,0
29177,1.0,1.2371999e-11,0
29178,1.0,1.952575e-12,0
29179,1.0,3.038962e-13,0
29180,1.0,7.416226e-14,0
29181,1.0,8.469438e-13,0
29182,1.0,1.2211126e-11,0
29183,1.0,1.4089558e-13,0
29184,0.9999999,1.4083433e-07,0
29185,1.0,7.101126e-14,0
29186,1.0,1.2438321e-11,0
29187,1.0,5.3270205e-12,0
29188,1.0,1.0611396e-11,0
29189,1.0,8.792292e-12,0
29190,1.0,6.891994e-12,0
29191,1.0,3.638383e-13,0
29192,1.0,3.3404546e-10,0
29193,1.0,1.4353584e-10,0
29194,1.0,2.2293091e-10,0
29195,1.0,1.999633e-13,0
29196,1.0,3.094441e-13,0
29197,1.0,5.0438705e-11,0
29198,1.0,2.0583239e-10,0
29199,1.0,5.147704e-13,0
29200,1.0,1.26041105e-11,0
29201,1.0,3.8587814e-11,0
29202,1.0,1.3568352e-11,0
29203,1.0,2.765449e-10,0
29204,1.0,3.915919e-10,0
29205,1.0,1.2125623e-11,0
29206,1.0,1.3909219e-09,0
29207,1.0,9.122618e-14,0
29208,1.0,2.0096364e-12,0
29209,1.0,3.7220793e-13,0
29210,1.0,3.3168485e-14,0
29211,1.0,3.5921515e-15,0
29212,1.0,1.6359594e-15,0
29213,1.0,2.3534825e-11,0
29214,1.0,2.2788054e-13,0
29215,1.0,5.5549707e-11,0
29216,1.0,1.1402745e-12,0
29217,1.0,1.7740156e-08,0
29218,1.0,6.18119e-14,0
29219,1.0,3.4088218e-10,0
29220,1.0,1.1837146e-11,0
29221,1.0,1.7305324e-12,0
29222,1.0,2.280198e-12,0
29223,1.0,2.8753047e-10,0
29224,1.0,5.1881475e-13,0
29225,1.0,4.484325e-14,0
29226,1.0,1.3717919e-12,0
29227,1.0,7.431125e-13,0
29228,1.0,3.984691e-11,0
29229,1.0,2.0534202e-12,0
29230,1.0,2.871115e-12,0
29231,1.0,1.7015596e-12,0
29232,1.0,3.996637e-13,0
29233,1.0,4.3274162e-13,0
29234,1.0,5.3173767e-12,0
29235,1.0,3.8450226e-10,0
29236,1.0,4.2795246e-08,0
29237,1.0,3.781213e-13,0
29238,1.0,2.0197043e-12,0
29239,1.0,3.701635e-12,0
29240,1.0,3.2352425e-13,0
29241,1.0,4.316422e-12,0
29242,1.0,8.029344e-12,0
29243,1.0,1.7614686e-13,0
29244,1.0,2.4637086e-09,0
29245,1.0,4.7307644e-11,0
29246,1.0,8.11196e-12,0
29247,1.0,2.460866e-10,0
29248,1.0,5.564218e-11,0
29249,1.0,1.45993e-13,0
29250,0.99999535,4.6213872e-06,0
29251,1.0,2.3372129e-11,0
29252,0.9999995,4.4189986e-07,0
29253,1.0,1.6803332e-10,0
29254,1.0,2.7851937e-10,0
29255,0.9999999,1.7107082e-07,0
29256,1.0,1.945833e-10,0
29257,1.0,3.9337936e-11,0
29258,1.0,3.0003524e-12,0
29259,1.0,5.242798e-10,0
29260,0.9999999,1.3761507e-07,0
29261,1.0,5.581467e-08,0
29262,1.0,1.6205302e-12,0
29263,0.9999995,4.8044916e-07,0
29264,0.9999968,3.252518e-06,0
29265,1.0,9.742145e-10,0
29266,1.0,1.2266591e-11,0
29267,1.0,1.6382517e-11,0
29268,1.0,1.0442897e-11,0
29269,1.0,5.689255e-14,0
29270,1.0,2.597318e-11,0
29271,1.0,1.05256255e-11,0
29272,1.0,1.708481e-11,0
29273,1.0,6.245282e-13,0
29274,1.0,6.3935066e-13,0
29275,0.9999999,1.0960921e-07,0
29276,1.0,3.238735e-14,0
29277,1.0,9.236242e-11,0
29278,1.0,9.779813e-13,0
29279,1.0,4.7081793e-11,0
29280,0.9999981,1.959072e-06,0
29281,0.99997926,2.0697466e-05,0
29282,1.0,7.403287e-12,0
29283,1.0,4.909295e-13,0
29284,0.9999943,5.7138604e-06,0
29285,1.0,5.9255e-10,0
29286,1.0,1.6217569e-13,0
29287,1.0,4.572583e-12,0
29288,1.0,5.530426e-10,0
29289,0.9999995,4.3384523e-07,0
29290,1.0,2.5335279e-12,0
29291,1.0,2.431046e-10,0
29292,1.0,3.0883502e-13,0
29293,1.0,1.6623142e-12,0
29294,1.0,1.5958803e-09,0
29295,1.0,1.6762085e-12,0
29296,1.0,6.2904326e-14,0
29297,1.0,4.937241e-13,0
29298,1.0,2.5289644e-09,0
29299,1.0,1.8916635e-12,0
29300,1.0,1.3635942e-10,0
29301,0.9999975,2.480899e-06,0
29302,1.0,5.7150803e-12,0
29303,1.0,1.4669377e-11,0
29304,1.0,2.9886022e-13,0
29305,1.0,2.3708793e-10,0
29306,1.0,2.1249161e-12,0
29307,0.999998,2.0127993e-06,0
29308,1.0,2.9942954e-10,0
29309,1.0,1.3213439e-13,0
29310,1.0,1.0434758e-14,0
29311,1.0,1.2618414e-12,0
29312,0.9999571,4.296498e-05,0
29313,1.0,6.2961407e-12,0
29314,1.0,7.0425657e-12,0
29315,1.0,4.002458e-09,0
29316,1.0,3.3804753e-10,0
29317,1.0,5.5640132e-12,0
29318,0.9999982,1.7399375e-06,0
29319,1.0,1.0076756e-08,0
29320,1.0,1.094243e-12,0
29321,1.0,6.8799367e-12,0
29322,1.0,1.8697836e-10,0
29323,1.0,5.6647922e-11,0
29324,1.0,1.3661579e-11,0
29325,1.0,1.5269513e-11,0
29326,1.0,4.9630022e-11,0
29327,1.0,4.1081002e-10,0
29328,0.99999976,2.2863524e-07,0
29329,1.0,5.7752307e-15,0
29330,1.0,2.3359303e-10,0
29331,1.0,1.8100367e-12,0
29332,1.0,9.2908436e-10,0
29333,1.0,1.0157393e-09,0
29334,1.0,1.0017952e-10,0
29335,1.0,1.3432631e-10,0
29336,1.0,1.1183194e-09,0
29337,1.0,2.0858764e-12,0
29338,1.0,2.9254028e-09,0
29339,0.99999917,8.0742626e-07,0
29340,1.0,5.68403e-13,0
29341,1.0,5.700131e-09,0
29342,1.0,7.933942e-11,0
29343,1.0,4.4136367e-08,0
29344,0.9999994,6.526653e-07,0
29345,0.9999976,2.391133e-06,0
29346,0.99999917,8.0699056e-07,0
29347,1.0,1.4476988e-09,0
29348,1.0,1.7889723e-09,0
29349,1.0,2.0025646e-09,0
29350,1.0,6.3455285e-10,0
29351,0.99997425,2.572784e-05,0
29352,1.0,8.607347e-12,0
29353,0.9999988,1.2110789e-06,0
29354,0.99999917,8.8225784e-07,0
29355,0.9999994,6.117445e-07,0
29356,0.999997,2.9692178e-06,0
29357,1.0,1.1229637e-10,0
29358,1.0,8.5393255e-11,0
29359,0.99999917,7.7630625e-07,0
29360,0.9999999,8.065584e-08,0
29361,0.99999917,8.812134e-07,0
29362,1.0,3.518651e-11,0
29363,0.9999982,1.7800747e-06,0
29364,1.0,4.839999e-10,0
29365,1.0,1.2212432e-11,0
29366,1.0,1.301659e-11,0
29367,1.0,7.544925e-09,0
29368,1.0,1.8594591e-10,0
29369,0.99999833,1.6369756e-06,0
29370,1.0,4.4825726e-10,0
29371,1.0,1.4642149e-11,0
29372,0.9999999,9.4823044e-08,0
29373,0.9999999,1.1742195e-07,0
29374,0.9999912,8.879455e-06,0
29375,1.0,6.1698042e-09,0
29376,1.0,1.1722212e-09,0
29377,0.9999999,9.008885e-08,0
29378,1.0,8.275818e-09,0
29379,0.9999995,5.236647e-07,0
29380,1.0,6.107876e-09,0
29381,1.0,3.7243332e-08,0
29382,1.0,5.5394153e-12,0
29383,0.99999917,8.2061234e-07,0
29384,1.0,2.5330497e-08,0
29385,1.0,9.2914365e-12,0
29386,1.0,8.0030125e-09,0
29387,1.0,1.689361e-09,0
29388,1.0,2.3112318e-10,0
29389,1.0,7.336976e-09,0
29390,0.99999964,3.791055e-07,0
29391,1.0,8.516034e-11,0
29392,1.0,2.7615982e-12,0
29393,1.0,1.3642915e-10,0
29394,1.0,6.4331402e-09,0
29395,1.0,2.418253e-11,0
29396,0.9999999,7.82816e-08,0
29397,1.0,1.2494288e-08,0
29398,1.0,3.0890734e-10,0
29399,0.9999989,1.0688377e-06,0
29400,1.0,4.7286897e-11,0
29401,1.0,3.6003627e-11,0
29402,0.9999964,3.5282042e-06,0
29403,0.9999968,3.2239827e-06,0
29404,1.0,7.510739e-09,0
29405,0.99999464,5.3879e-06,0
29406,0.9999902,9.715479e-06,0
29407,1.0,3.7478327e-09,0
29408,1.0,6.042937e-13,0
29409,0.9999925,7.4752074e-06,0
29410,1.0,3.6038585e-08,0
29411,0.99999917,8.820913e-07,0
29412,1.0,2.0959035e-11,0
29413,0.9999994,6.008404e-07,0
29414,0.9999957,4.2764264e-06,0
29415,1.0,3.5743453e-09,0
29416,0.9999957,4.2790903e-06,0
29417,0.99999964,4.1642514e-07,0
29418,1.0,2.864323e-11,0
29419,1.0,8.212292e-09,0
29420,1.0,1.5620707e-08,0
29421,0.9999999,8.5297344e-08,0
29422,0.9999585,4.1487045e-05,0
29423,1.0,6.5419046e-13,0
29424,1.0,2.3720812e-11,0
29425,1.0,5.110878e-10,0
29426,1.0,7.967676e-09,0
29427,0.9999825,1.7537379e-05,0
29428,0.9999999,1.4607114e-07,0
29429,1.0,4.6408255e-09,0
29430,1.0,9.723947e-11,0
29431,0.99999654,3.428473e-06,0
29432,0.9999989,1.026929e-06,0
29433,1.0,6.9170225e-10,0
29434,0.9999964,3.63506e-06,0
29435,0.9999999,1.0058076e-07,0
29436,0.99999857,1.4707437e-06,0
29437,0.9999902,9.736719e-06,0
29438,0.99999654,3.4052493e-06,0
29439,0.9999974,2.6060115e-06,0
29440,0.9999994,5.408969e-07,0
29441,1.0,5.43233e-10,0
29442,1.0,9.912454e-09,0
29443,1.0,2.989094e-12,0
29444,1.0,8.437896e-10,0
29445,1.0,3.644515e-17,0
29446,1.0,2.2103084e-09,0
29447,0.99999964,4.1599168e-07,0
29448,1.0,1.2614554e-10,0
29449,0.99999845,1.5914636e-06,0
29450,0.99991417,8.587847e-05,0
29451,1.0,2.2972163e-10,0
29452,1.0,7.504938e-13,0
29453,1.0,1.5525469e-13,0
29454,0.9999511,4.884763e-05,0
29455,1.0,2.1325677e-10,0
29456,1.0,1.0340323e-08,0
29457,0.99999845,1.5011652e-06,0
29458,1.0,4.3581616e-10,0
29459,1.0,5.0205142e-09,0
29460,1.0,9.068912e-09,0
29461,1.0,1.09271845e-08,0
29462,1.0,2.0107503e-10,0
29463,1.0,3.5521296e-08,0
29464,1.0,9.929636e-09,0
29465,1.0,4.4033445e-08,0
29466,1.0,1.7905487e-10,0
29467,0.9999999,9.754853e-08,0
29468,1.0,2.8404532e-09,0
29469,0.99998987,1.0181478e-05,0
29470,1.0,4.8955548e-11,0
29471,1.0,2.4555633e-10,0
29472,0.99999714,2.8476534e-06,0
29473,0.99999857,1.4712404e-06,0
29474,1.0,3.2718167e-10,0
29475,1.0,4.7472354e-10,0
29476,1.0,1.2579007e-08,0
29477,0.99999845,1.5876526e-06,0
29478,0.9999888,1.1228126e-05,0
29479,1.0,3.5651958e-08,0
29480,0.9999999,1.7668374e-07,0
29481,1.0,1.1954837e-11,0
29482,1.0,4.7178325e-08,0
29483,0.99999785,2.1020694e-06,0
29484,1.0,3.1357673e-11,0
29485,1.0,1.00446616e-10,0
29486,1.0,1.7434185e-10,0
29487,1.0,9.634689e-10,0
29488,0.9999976,2.403332e-06,0
29489,0.99999857,1.4256161e-06,0
29490,1.0,2.8844699e-08,0
29491,0.9999976,2.4421663e-06,0
29492,0.9999999,1.1973036e-07,0
29493,1.0,1.1950699e-09,0
29494,1.0,4.4915356e-09,0
29495,0.9999999,8.4547395e-08,0
29496,0.99999964,3.5249582e-07,0
29497,0.9999968,3.1648656e-06,0
29498,1.0,4.946283e-08,0
29499,0.9999994,6.0196e-07,0
29500,1.0,1.3969951e-08,0
29501,1.0,1.1209681e-08,0
29502,0.9999999,1.3613874e-07,0
29503,0.9999999,7.073287e-08,0
29504,1.0,2.6555325e-10,0
29505,1.0,2.0114956e-09,0
29506,0.9999975,2.4530295e-06,0
29507,0.9999993,7.504133e-07,0
29508,0.99999964,3.7406218e-07,0
29509,1.0,3.340163e-09,0
29510,0.9999963,3.63696e-06,0
29511,0.99999106,8.883698e-06,0
29512,1.0,7.5493983e-10,0
29513,1.0,6.298426e-11,0
29514,0.99998367,1.6341508e-05,0
29515,1.0,1.9804137e-11,0
29516,1.0,1.21856445e-08,0
29517,0.9999962,3.7616674e-06,0
29518,0.9999995,4.779211e-07,0
29519,1.0,3.1691563e-11,0
29520,1.0,9.336106e-10,0
29521,0.9999999,9.821839e-08,0
29522,1.0,1.9825692e-10,0
29523,1.0,4.596164e-09,0
29524,0.9999999,6.8613936e-08,0
29525,0.99999774,2.2831155e-06,0
29526,0.9999877,1.2225603e-05,0
29527,0.9999995,5.1150766e-07,0
29528,0.9999927,7.2369758e-06,0
29529,1.0,6.4829093e-11,0
29530,1.0,6.8601347e-09,0
29531,0.99999845,1.5251848e-06,0
29532,1.0,7.5861767e-10,0
29533,1.0,8.634482e-11,0
29534,0.9992576,0.0007423328,0
29535,1.0,1.09199585e-11,0
29536,0.9999989,1.0429328e-06,0
29537,0.99999976,2.1548132e-07,0
29538,0.9999999,1.12925306e-07,0
29539,1.0,5.227949e-10,0
29540,0.99999547,4.5420056e-06,0
29541,1.0,9.542751e-10,0
29542,0.9999999,7.386588e-08,0
29543,1.0,2.204146e-08,0
29544,0.9999999,1.4665851e-07,0
29545,1.0,9.860993e-09,0
29546,0.99998915,1.0839876e-05,0
29547,1.0,7.5228207e-10,0
29548,1.0,1.0704103e-09,0
29549,0.99999964,3.747442e-07,0
29550,1.0,1.8753788e-08,0
29551,1.0,3.7339384e-10,0
29552,0.99999654,3.4102866e-06,0
29553,1.0,4.3925885e-09,0
29554,0.9999981,1.8743186e-06,0
29555,1.0,3.20337e-08,0
29556,1.0,4.942206e-09,0
29557,0.9999999,1.2567645e-07,0
29558,0.9999995,4.99169e-07,0
29559,0.9999999,8.126673e-08,0
29560,0.9999764,2.3617937e-05,0
29561,1.0,1.6962392e-08,0
29562,1.0,1.5008911e-08,0
29563,0.99999917,7.8440905e-07,0
29564,0.9999981,1.8711611e-06,0
29565,0.9999702,2.9829955e-05,0
29566,1.0,7.9096796e-10,0
29567,1.0,2.6561353e-10,0
29568,1.0,1.1541578e-09,0
29569,0.99999154,8.486586e-06,0
29570,1.0,1.9029498e-09,0
29571,0.9999888,1.1159335e-05,0
29572,0.9999995,5.1957466e-07,0
29573,1.0,2.0367421e-11,0
29574,1.0,2.7951643e-08,0
29575,0.9999981,1.9460485e-06,0
29576,0.99999917,7.9105297e-07,0
29577,0.99999774,2.2710328e-06,0
29578,1.0,9.304676e-10,0
29579,1.0,9.018844e-11,0
29580,1.0,2.1665639e-10,0
29581,0.9999999,1.568535e-07,0
29582,0.9999981,1.8929576e-06,0
29583,1.0,1.3253177e-08,0
29584,1.0,1.7825417e-09,0
29585,1.0,2.4393192e-09,0
29586,1.0,5.766638e-10,0
29587,1.0,7.516137e-10,0
29588,1.0,4.5911563e-11,0
29589,1.0,6.212477e-10,0
29590,1.0,8.120533e-09,0
29591,0.99999976,2.6966086e-07,0
29592,1.0,8.108174e-11,0
29593,1.0,1.1427105e-09,0
29594,1.0,1.5127089e-08,0
29595,1.0,1.5528809e-10,0
29596,1.0,4.3798245e-08,0
29597,1.0,1.3817997e-12,0
29598,1.0,2.714258e-10,0
29599,1.0,2.5449435e-08,0
29600,1.0,9.23693e-11,0
29601,1.0,3.6366174e-11,0
29602,1.0,2.5114563e-10,0
29603,1.0,9.786437e-09,0
29604,1.0,4.314642e-09,0
29605,0.9999999,6.053369e-08,0
29606,1.0,8.100249e-10,0
29607,1.0,4.0600344e-08,0
29608,1.0,4.222212e-11,0
29609,1.0,3.982712e-09,0
29610,1.0,1.2690257e-10,0
29611,1.0,1.5723593e-12,0
29612,1.0,1.3161507e-08,0
29613,1.0,1.3740022e-08,0
29614,1.0,2.0402026e-11,0
29615,1.0,2.2935673e-08,0
29616,1.0,7.3203346e-11,0
29617,1.0,1.69265e-10,0
29618,1.0,2.2262782e-11,0
29619,1.0,1.0469898e-08,0
29620,1.0,5.1285777e-08,0
29621,1.0,8.366506e-09,0
29622,1.0,7.833496e-11,0
29623,1.0,3.807397e-09,0
29624,1.0,3.1274021e-09,0
29625,0.9999999,1.1456763e-07,0
29626,1.0,2.8512737e-11,0
29627,1.0,2.2869961e-09,0
29628,1.0,9.3077955e-11,0
29629,1.0,1.3256792e-08,0
29630,1.0,3.024988e-11,0
29631,1.0,2.4398965e-09,0
29632,1.0,1.6183842e-11,0
29633,1.0,3.7149308e-09,0
29634,1.0,3.0785083e-11,0
29635,1.0,8.17962e-09,0
29636,1.0,1.3236566e-10,0
29637,1.0,3.820593e-09,0
29638,1.0,2.7597176e-09,0
29639,1.0,7.05799e-12,0
29640,0.9999999,6.561414e-08,0
29641,1.0,1.2523742e-10,0
29642,1.0,8.02949e-10,0
29643,1.0,9.300529e-09,0
29644,1.0,1.0285478e-09,0
29645,1.0,3.5200176e-09,0
29646,1.0,7.326764e-10,0
29647,1.0,1.2353571e-09,0
29648,0.9999999,6.261088e-08,0
29649,1.0,1.782433e-09,0
29650,1.0,6.3855e-09,0
29651,1.0,6.062361e-11,0
29652,1.0,1.1331438e-08,0
29653,1.0,2.5406814e-11,0
29654,1.0,1.663407e-10,0
29655,1.0,3.9258107e-11,0
29656,1.0,1.7421272e-08,0
29657,1.0,2.6871092e-08,0
29658,1.0,3.0571258e-08,0
29659,1.0,3.362938e-10,0
29660,1.0,7.2910518e-09,0
29661,1.0,2.2366368e-08,0
29662,0.9999999,6.452227e-08,0
29663,1.0,6.1405245e-09,0
29664,1.0,1.998882e-09,0
29665,1.0,2.984366e-08,0
29666,1.0,1.7604713e-09,0
29667,0.9999989,1.0662366e-06,0
29668,1.0,2.2508269e-09,0
29669,1.0,1.0126195e-08,0
29670,0.99999964,3.9853435e-07,0
29671,1.0,5.836597e-09,0
29672,1.0,8.486467e-09,0
29673,1.0,5.794326e-09,0
29674,1.0,1.10595436e-10,0
29675,1.0,1.42882e-09,0
29676,1.0,5.5219723e-10,0
29677,1.0,2.064372e-09,0
29678,1.0,2.070255e-09,0
29679,0.9999999,6.6562805e-08,0
29680,1.0,4.2217816e-09,0
29681,1.0,6.2706645e-11,0
29682,1.0,1.6661696e-10,0
29683,1.0,1.92031e-08,0
29684,1.0,3.0804745e-08,0
29685,1.0,6.362168e-10,0
29686,1.0,9.327034e-09,0
29687,1.0,1.1936052e-09,0
29688,1.0,3.139469e-09,0
29689,1.0,5.7365758e-11,0
29690,1.0,9.4327934e-11,0
29691,1.0,1.275876e-08,0
29692,1.0,1.2626338e-08,0
29693,1.0,7.2408796e-10,0
29694,1.0,3.2910328e-09,0
29695,1.0,1.9013233e-10,0
29696,1.0,4.4474873e-09,0
29697,1.0,8.1208266e-13,0
29698,1.0,2.4117154e-12,0
29699,1.0,9.891113e-09,0
29700,1.0,3.9641e-12,0
29701,1.0,1.0596805e-09,0
29702,1.0,1.3108189e-09,0
29703,1.0,1.6441046e-08,0
29704,1.0,7.084861e-11,0
29705,1.0,1.6102264e-09,0
29706,1.0,8.744456e-13,0
29707,1.0,6.1321908e-09,0
29708,1.0,1.1207955e-11,0
29709,1.0,1.2396442e-08,0
29710,1.0,2.4904487e-10,0
29711,1.0,8.455465e-12,0
29712,1.0,3.380809e-11,0
29713,1.0,2.358639e-13,0
29714,1.0,3.1007363e-11,0
29715,1.0,4.409429e-12,0
29716,1.0,9.34031e-10,0
29717,1.0,1.1873008e-11,0
29718,1.0,8.251288e-10,0
29719,1.0,1.00620445e-08,0
29720,1.0,2.0589532e-09,0
29721,1.0,2.7445433e-08,0
29722,1.0,2.6697041e-08,0
29723,1.0,7.676776e-09,0
29724,1.0,1.6181462e-08,0
29725,1.0,6.562287e-09,0
29726,0.99999976,1.9341925e-07,0
29727,1.0,2.7756691e-10,0
29728,0.99999976,1.8604159e-07,0
29729,1.0,9.166079e-11,0
29730,1.0,7.65891e-11,0
29731,1.0,4.2576515e-10,0
29732,1.0,3.2679248e-10,0
29733,1.0,2.5062419e-09,0
29734,1.0,1.9993146e-11,0
29735,1.0,2.4938426e-10,0
29736,0.9999993,7.3861077e-07,0
29737,1.0,4.568722e-08,0
29738,1.0,2.0162712e-08,0
29739,1.0,2.3675366e-09,0
29740,1.0,2.4681204e-09,0
29741,1.0,3.096982e-08,0
29742,1.0,4.4804016e-10,0
29743,1.0,7.5076376e-11,0
29744,1.0,1.8609254e-09,0
29745,1.0,1.0341284e-09,0
29746,1.0,3.9470532e-10,0
29747,1.0,2.2462453e-10,0
29748,1.0,1.9212998e-11,0
29749,1.0,9.618114e-09,0
29750,0.9999999,6.603927e-08,0
29751,1.0,4.9078953e-11,0
29752,1.0,5.7509805e-08,0
29753,1.0,2.6097414e-08,0
29754,1.0,1.3368561e-09,0
29755,1.0,1.3128211e-08,0
29756,0.9999999,6.79277e-08,0
29757,1.0,3.7164807e-10,0
29758,1.0,8.7487025e-11,0
29759,1.0,4.4189305e-10,0
29760,0.9999989,1.0628852e-06,0
29761,0.99999976,2.0297459e-07,0
29762,1.0,1.2992797e-08,0
29763,1.0,2.7199729e-11,0
29764,1.0,1.0365006e-08,0
29765,1.0,3.013071e-09,0
29766,1.0,1.2166537e-11,0
29767,1.0,3.0728675e-13,0
29768,1.0,1.47983314e-08,0
29769,1.0,3.2974146e-10,0
29770,1.0,1.8045611e-10,0
29771,1.0,2.0307354e-09,0
29772,1.0,2.0379467e-11,0
29773,1.0,1.217332e-10,0
29774,1.0,5.3085026e-11,0
29775,1.0,3.7912752e-08,0
29776,1.0,3.7432443e-10,0
29777,1.0,1.3071082e-10,0
29778,1.0,3.1125633e-11,0
29779,1.0,1.0290683e-08,0
29780,1.0,1.9947164e-08,0
29781,1.0,1.0461494e-08,0
29782,1.0,5.125453e-10,0
29783,1.0,4.7128603e-11,0
29784,1.0,3.5581987e-08,0
29785,1.0,1.4376524e-09,0
29786,0.9999999,1.15964326e-07,0
29787,1.0,3.1755122e-13,0
29788,1.0,7.281594e-11,0
29789,1.0,1.918933e-12,0
29790,1.0,1.5518512e-09,0
29791,1.0,5.2182707e-12,0
29792,1.0,2.897512e-11,0
29793,1.0,1.8870058e-10,0
29794,1.0,1.9693144e-10,0
29795,1.0,3.7542677e-11,0
29796,1.0,1.10953566e-10,0
29797,1.0,1.539351e-10,0
29798,1.0,2.9623103e-12,0
29799,1.0,2.3910335e-10,0
29800,1.0,9.430603e-10,0
29801,1.0,5.208471e-10,0
29802,1.0,5.349021e-09,0
29803,1.0,2.2141362e-12,0
29804,1.0,1.5122646e-08,0
29805,1.0,6.8693357e-10,0
29806,1.0,4.6792943e-09,0
29807,1.0,8.483788e-11,0
29808,1.0,1.9827356e-10,0
29809,1.0,8.9749146e-11,0
29810,1.0,1.2610392e-10,0
29811,1.0,1.3946623e-09,0
29812,1.0,1.1953237e-08,0
29813,1.0,6.265885e-10,0
29814,1.0,1.1137555e-09,0
29815,1.0,1.1406336e-08,0
29816,1.0,9.256022e-09,0
29817,1.0,6.17116e-12,0
29818,1.0,6.468301e-10,0
29819,0.9999995,5.3322617e-07,0
29820,1.0,4.4923643e-10,0
29821,1.0,1.3363786e-10,0
29822,1.0,5.2563802e-08,0
29823,0.9999994,6.2374517e-07,0
29824,1.0,2.8725243e-11,0
29825,1.0,6.4070576e-09,0
29826,1.0,7.812912e-09,0
29827,1.0,5.6662563e-13,0
29828,1.0,1.7172912e-12,0
29829,1.0,5.2230324e-11,0
29830,1.0,2.5352706e-10,0
29831,1.0,1.5330513e-10,0
29832,1.0,8.750659e-10,0
29833,1.0,1.4755349e-12,0
29834,1.0,4.6086773e-11,0
29835,1.0,1.0460576e-08,0
29836,1.0,4.1881225e-12,0
29837,1.0,1.5353228e-09,0
29838,1.0,3.410822e-08,0
29839,1.0,3.825734e-09,0
29840,1.0,1.9345903e-10,0
29841,1.0,5.4242826e-11,0
29842,1.0,1.448343e-12,0
29843,1.0,4.3630605e-10,0
29844,1.0,5.8769434e-10,0
29845,1.0,7.2229093e-13,0
29846,0.9999999,1.5529275e-07,0
29847,1.0,6.239306e-09,0
29848,1.0,6.587186e-11,0
29849,1.0,5.4922587e-13,0
29850,1.0,2.875811e-09,0
29851,1.0,3.419857e-08,0
29852,1.0,7.194181e-11,0
29853,1.0,1.06155924e-10,0
29854,1.0,2.610376e-10,0
29855,1.0,4.8954593e-08,0
29856,0.9999995,5.14759e-07,0
29857,1.0,1.3966395e-10,0
29858,1.0,1.0444242e-09,0
29859,1.0,2.662963e-10,0
29860,1.0,2.9189567e-11,0
29861,1.0,5.0168137e-11,0
29862,1.0,1.7175536e-08,0
29863,1.0,8.490959e-11,0
29864,1.0,1.9020291e-08,0
29865,1.0,8.375434e-12,0
29866,1.0,5.5619654e-12,0
29867,1.0,2.4182045e-09,0
29868,1.0,3.1986367e-09,0
29869,1.0,2.3179034e-09,0
29870,1.0,1.3195339e-08,0
29871,1.0,1.9678696e-09,0
29872,1.0,2.1526263e-09,0
29873,1.0,2.7180801e-11,0
29874,1.0,1.9483733e-10,0
29875,1.0,1.2634467e-10,0
29876,1.0,4.4645836e-11,0
29877,1.0,7.914543e-09,0
29878,1.0,3.1699653e-08,0
29879,1.0,2.2315776e-09,0
29880,1.0,6.8062813e-09,0
29881,1.0,2.2036584e-08,0
29882,1.0,2.130341e-09,0
29883,1.0,6.1706834e-10,0
29884,1.0,9.059421e-09,0
29885,1.0,2.4427717e-11,0
29886,1.0,1.16444744e-11,0
29887,1.0,3.49464e-11,0
29888,1.0,3.4547355e-08,0
29889,1.0,7.860747e-12,0
29890,1.0,6.648183e-09,0
29891,1.0,8.29554e-09,0
29892,1.0,3.089427e-10,0
29893,1.0,2.1010667e-11,0
29894,1.0,3.424702e-11,0
29895,1.0,4.6104227e-09,0
29896,1.0,1.3274742e-10,0
29897,1.0,2.9888047e-11,0
29898,1.0,2.2032265e-11,0
29899,1.0,2.62765e-10,0
29900,1.0,2.0555306e-10,0
29901,1.0,2.298209e-12,0
29902,1.0,3.1353654e-08,0
29903,1.0,8.658536e-09,0
29904,1.0,6.3625555e-10,0
29905,1.0,2.783241e-09,0
29906,0.9999999,1.5168267e-07,0
29907,1.0,3.4389156e-09,0
29908,1.0,8.114661e-10,0
29909,0.9999999,9.927727e-08,0
29910,1.0,9.224456e-09,0
29911,1.0,8.266844e-12,0
29912,1.0,4.7207682e-11,0
29913,1.0,6.134688e-11,0
29914,1.0,2.4899668e-08,0
29915,1.0,2.056928e-09,0
29916,1.0,2.0665179e-10,0
29917,1.0,9.939997e-10,0
29918,1.0,1.7394924e-10,0
29919,1.0,4.9182386e-12,0
29920,1.0,2.9189373e-09,0
29921,1.0,8.7488733e-10,0
29922,1.0,5.991984e-11,0
29923,1.0,1.9260384e-09,0
29924,1.0,2.5225583e-08,0
29925,1.0,3.091701e-11,0
29926,1.0,3.556728e-11,0
29927,1.0,9.693461e-12,0
29928,1.0,2.048892e-10,0
29929,1.0,2.2515321e-08,0
29930,1.0,4.1689648e-11,0
29931,1.0,6.8670207e-09,0
29932,1.0,1.9903516e-10,0
29933,1.0,7.479227e-10,0
29934,1.0,2.8653394e-11,0
29935,1.0,3.3080385e-12,0
29936,1.0,5.710314e-10,0
29937,1.0,1.497751e-08,0
29938,1.0,5.882733e-09,0
29939,1.0,4.5704103e-09,0
29940,1.0,5.6569593e-09,0
29941,1.0,3.1436498e-10,0
29942,1.0,4.763905e-11,0
29943,1.0,6.978887e-09,0
29944,1.0,2.3060051e-10,0
29945,1.0,1.441775e-08,0
29946,1.0,4.8325083e-10,0
29947,1.0,2.6732698e-09,0
29948,1.0,9.93361e-10,0
29949,1.0,3.5995065e-10,0
29950,1.0,2.9346894e-10,0
29951,1.0,2.9324626e-10,0
29952,1.0,8.780432e-11,0
29953,1.0,1.639857e-09,0
29954,1.0,1.16392505e-08,0
29955,1.0,8.2637035e-09,0
29956,1.0,2.1730948e-10,0
29957,1.0,1.9551633e-10,0
29958,1.0,2.2153678e-10,0
29959,1.0,5.7904033e-09,0
29960,1.0,6.459009e-09,0
29961,1.0,7.8632895e-10,0
29962,1.0,5.248126e-08,0
29963,1.0,2.5306831e-12,0
29964,0.99999964,3.2296464e-07,0
29965,1.0,2.0143395e-10,0
29966,1.0,1.1755715e-08,0
29967,1.0,4.741085e-09,0
29968,1.0,3.5513286e-09,0
29969,1.0,4.569922e-09,0
29970,1.0,4.542186e-08,0
29971,1.0,1.42749e-10,0
29972,1.0,2.7689973e-09,0
29973,1.0,1.0313058e-09,0
29974,1.0,1.8987947e-09,0
29975,1.0,3.1003814e-11,0
29976,1.0,2.1769717e-08,0
29977,1.0,2.0448756e-09,0
29978,1.0,2.130017e-08,0
29979,1.0,8.837258e-10,0
29980,1.0,7.417457e-10,0
29981,1.0,2.2427263e-10,0
29982,1.0,5.035609e-09,0
29983,1.0,1.6488835e-09,0
29984,1.0,1.2332142e-10,0
29985,1.0,5.1629134e-10,0
29986,1.0,1.5719412e-10,0
29987,1.0,2.4205027e-09,0
29988,1.0,6.6582173e-10,0
29989,0.9999999,1.1751908e-07,0
29990,1.0,2.2593862e-09,0
29991,1.0,4.667546e-09,0
29992,1.0,2.1005258e-11,0
29993,1.0,3.8175916e-09,0
29994,1.0,1.1632852e-09,0
29995,1.0,2.7196385e-09,0
29996,0.9999999,6.145413e-08,0
29997,1.0,5.42945e-10,0
29998,1.0,1.0758004e-11,0
29999,1.0,2.3471583e-10,0
30000,1.0,4.0461328e-09,0
30001,1.0,1.3768539e-08,0
30002,1.0,1.0604534e-08,0
30003,1.0,9.0110075e-10,0
30004,1.0,1.0808905e-08,0
30005,1.0,2.750576e-15,0
30006,1.0,5.2614907e-10,0
30007,1.0,6.656046e-10,0
30008,1.0,4.836132e-10,0
30009,1.0,1.6788347e-09,0
30010,1.0,2.0437878e-09,0
30011,1.0,1.3648055e-08,0
30012,1.0,5.1002978e-08,0
30013,1.0,1.8194023e-09,0
30014,1.0,1.0451033e-10,0
30015,1.0,1.5633753e-09,0
30016,1.0,1.3575795e-09,0
30017,1.0,3.512593e-09,0
30018,1.0,7.024794e-11,0
30019,1.0,1.0862676e-09,0
30020,1.0,7.2364923e-09,0
30021,1.0,1.5601127e-10,0
30022,1.0,1.3104057e-10,0
30023,1.0,7.16832e-11,0
30024,1.0,1.4725806e-11,0
30025,1.0,2.5977218e-09,0
30026,1.0,1.1389004e-09,0
30027,1.0,1.368853e-10,0
30028,1.0,7.485621e-10,0
30029,1.0,6.5097726e-11,0
30030,1.0,2.078775e-08,0
30031,1.0,3.084687e-10,0
30032,1.0,1.175266e-09,0
30033,1.0,6.3627046e-09,0
30034,1.0,9.637722e-10,0
30035,1.0,4.719495e-09,0
30036,0.9999999,1.5144273e-07,0
30037,1.0,1.4183507e-08,0
30038,1.0,5.7452373e-11,0
30039,1.0,1.959652e-09,0
30040,1.0,3.1804166e-09,0
30041,1.0,4.810887e-10,0
30042,1.0,5.196008e-10,0
30043,1.0,2.115177e-10,0
30044,1.0,1.7934214e-08,0
30045,1.0,3.3742478e-09,0
30046,1.0,2.302579e-12,0
30047,1.0,2.4459804e-10,0
30048,1.0,1.8190094e-10,0
30049,1.0,4.311125e-11,0
30050,1.0,5.0960863e-12,0
30051,1.0,8.310224e-12,0
30052,1.0,2.7420014e-11,0
30053,1.0,6.8088784e-09,0
30054,1.0,1.3760247e-11,0
30055,1.0,9.4403534e-11,0
30056,1.0,4.622831e-12,0
30057,1.0,4.2004786e-10,0
30058,1.0,3.797754e-11,0
30059,1.0,1.1139468e-09,0
30060,1.0,2.5168596e-11,0
30061,1.0,1.2443738e-10,0
30062,1.0,3.514389e-09,0
30063,1.0,6.1617446e-14,0
30064,1.0,3.190872e-10,0
30065,1.0,2.0637006e-11,0
30066,1.0,1.1018009e-09,0
30067,1.0,8.6506413e-10,0
30068,1.0,4.767125e-10,0
30069,1.0,4.8541254e-10,0
30070,1.0,1.3407452e-09,0
30071,1.0,6.316936e-09,0
30072,1.0,3.018173e-09,0
30073,1.0,1.3685906e-08,0
30074,1.0,5.7849107e-11,0
30075,1.0,7.480222e-11,0
30076,1.0,9.519123e-09,0
30077,1.0,2.9463314e-11,0
30078,1.0,4.5404885e-08,0
30079,1.0,5.1067924e-11,0
30080,0.99999535,4.6516757e-06,0
30081,0.99999535,4.688705e-06,0
30082,1.0,5.281159e-09,0
30083,1.0,5.7440928e-09,0
30084,1.0,1.4668369e-11,0
30085,1.0,2.3293124e-08,0
30086,0.9999995,4.7522417e-07,0
30087,1.0,1.3654949e-09,0
30088,1.0,7.16299e-11,0
30089,1.0,6.6981753e-10,0
30090,1.0,1.0780656e-08,0
30091,1.0,1.6704066e-08,0
30092,1.0,9.775505e-09,0
30093,1.0,1.4155377e-11,0
30094,1.0,7.546951e-10,0
30095,1.0,8.478692e-11,0
30096,1.0,1.1127692e-11,0
30097,0.99999976,2.8006727e-07,0
30098,1.0,9.241045e-09,0
30099,1.0,1.8478368e-11,0
30100,1.0,1.792175e-10,0
30101,1.0,3.3925946e-09,0
30102,1.0,3.674743e-11,0
30103,1.0,1.5692159e-09,0
30104,1.0,1.1220563e-09,0
30105,1.0,5.9490013e-09,0
30106,1.0,2.5478064e-10,0
30107,0.9999999,8.506923e-08,0
30108,0.9999999,1.3172375e-07,0
30109,0.9999999,6.373785e-08,0
30110,1.0,1.1933412e-09,0
30111,1.0,1.5773669e-08,0
30112,1.0,1.6255561e-10,0
30113,1.0,4.2815143e-09,0
30114,0.9999999,9.459833e-08,0
30115,1.0,4.748427e-08,0
30116,1.0,5.5164413e-08,0
30117,1.0,1.7165776e-08,0
30118,0.9999999,1.0214675e-07,0
30119,1.0,2.100596e-09,0
30120,1.0,5.9884484e-09,0
30121,1.0,2.4037927e-09,0
30122,1.0,2.268463e-09,0
30123,1.0,1.688228e-08,0
30124,1.0,5.8885288e-08,0
30125,1.0,1.785772e-08,0
30126,1.0,1.7868624e-08,0
30127,1.0,7.679144e-10,0
30128,1.0,9.2723875e-12,0
30129,1.0,2.1962879e-10,0
30130,1.0,3.2442424e-11,0
30131,1.0,4.0192905e-08,0
30132,1.0,4.8140404e-08,0
30133,1.0,9.450262e-11,0
30134,0.9999993,7.329943e-07,0
30135,1.0,1.1911301e-10,0
30136,1.0,8.133259e-13,0
30137,1.0,9.350924e-12,0
30138,1.0,2.0215882e-09,0
30139,1.0,4.126996e-10,0
30140,1.0,3.48353e-09,0
30141,1.0,6.775839e-10,0
30142,1.0,3.758486e-08,0
30143,1.0,2.6005153e-11,0
30144,1.0,4.4541068e-10,0
30145,1.0,2.3759392e-11,0
30146,1.0,2.5073976e-10,0
30147,1.0,8.26837e-09,0
30148,0.9999999,7.0818174e-08,0
30149,0.9999999,6.909843e-08,0
30150,0.9999995,4.45091e-07,0
30151,0.9999999,9.3974656e-08,0
30152,0.9999989,1.1177399e-06,0
30153,1.0,3.2104517e-09,0
30154,1.0,3.352403e-10,0
30155,1.0,4.1686827e-09,0
30156,1.0,1.6586817e-08,0
30157,1.0,6.017826e-10,0
30158,0.9999999,1.2492613e-07,0
30159,1.0,7.762291e-09,0
30160,1.0,1.8991217e-08,0
30161,1.0,9.5284065e-09,0
30162,1.0,4.6545483e-09,0
30163,1.0,2.621904e-09,0
30164,1.0,4.5542223e-10,0
30165,1.0,5.869556e-08,0
30166,1.0,4.1919908e-08,0
30167,1.0,6.929157e-10,0
30168,1.0,3.3489425e-08,0
30169,1.0,1.5170639e-11,0
30170,1.0,6.5647163e-09,0
30171,0.99999964,3.2761915e-07,0
30172,1.0,4.735459e-11,0
30173,1.0,5.3100802e-08,0
30174,1.0,9.4454e-10,0
30175,1.0,8.139498e-09,0
30176,1.0,4.2734047e-09,0
30177,0.9999999,7.779517e-08,0
30178,1.0,1.801485e-08,0
30179,1.0,4.57268e-08,0
30180,1.0,8.284947e-09,0
30181,1.0,9.635117e-09,0
30182,1.0,5.78407e-08,0
30183,1.0,1.192102e-08,0
30184,0.99999976,2.0101855e-07,0
30185,1.0,1.6339818e-08,0
30186,1.0,1.9997222e-08,0
30187,1.0,6.738309e-10,0
30188,1.0,1.7492241e-10,0
30189,1.0,8.616805e-09,0
30190,0.9999995,4.9966434e-07,0
30191,1.0,1.7676186e-08,0
30192,1.0,2.2866797e-11,0
30193,1.0,5.40833e-08,0
30194,1.0,5.0231333e-11,0
30195,1.0,3.157113e-08,0
30196,1.0,9.762834e-09,0
30197,1.0,1.9255968e-10,0
30198,1.0,4.6229204e-08,0
30199,0.9999999,6.895163e-08,0
30200,1.0,3.6094512e-08,0
30201,1.0,2.991159e-08,0
30202,1.0,3.0727872e-08,0
30203,1.0,6.417172e-09,0
30204,1.0,1.1186507e-08,0
30205,1.0,1.3316225e-11,0
30206,1.0,3.616533e-13,0
30207,1.0,1.2901077e-09,0
30208,1.0,1.6640813e-08,0
30209,1.0,8.964089e-10,0
30210,1.0,7.021077e-09,0
30211,1.0,1.5286257e-09,0
30212,1.0,4.4566755e-09,0
30213,1.0,2.3396937e-10,0
30214,1.0,2.0769402e-08,0
30215,1.0,1.108022e-09,0
30216,1.0,2.880121e-12,0
30217,1.0,8.1935436e-10,0
30218,1.0,7.778404e-12,0
30219,1.0,2.3195412e-08,0
30220,1.0,2.0221462e-10,0
30221,1.0,4.869735e-09,0
30222,1.0,4.2026585e-10,0
30223,1.0,1.2433067e-13,0
30224,1.0,1.1916932e-11,0
30225,0.9999999,7.7962724e-08,0
30226,1.0,2.1534813e-08,0
30227,1.0,5.9653366e-14,0
30228,0.9999999,7.289108e-08,0
30229,1.0,7.525504e-10,0
30230,1.0,5.8699307e-10,0
30231,1.0,4.3259586e-08,0
30232,0.9999999,9.814518e-08,0
30233,1.0,4.7043245e-09,0
30234,1.0,8.455921e-11,0
30235,1.0,5.6825673e-09,0
30236,1.0,2.4444718e-08,0
30237,1.0,2.8842648e-09,0
30238,1.0,3.0454742e-12,0
30239,1.0,1.558246e-09,0
30240,1.0,3.2847052e-09,0
30241,1.0,7.40731e-09,0
30242,1.0,1.817662e-08,0
30243,1.0,5.8058416e-09,0
30244,0.9999994,5.9415646e-07,0
30245,1.0,1.4608103e-09,0
30246,0.9999999,1.0414037e-07,0
30247,1.0,1.3914459e-11,0
30248,1.0,4.3875502e-08,0
30249,1.0,2.978773e-10,0
30250,1.0,2.3346411e-08,0
30251,1.0,3.1638355e-11,0
30252,1.0,5.5079038e-08,0
30253,1.0,1.5453294e-09,0
30254,1.0,7.2230776e-12,0
30255,1.0,8.246831e-11,0
30256,1.0,1.213457e-16,0
30257,1.0,8.6493046e-10,0
30258,1.0,9.102851e-15,0
30259,1.0,2.0201977e-08,0
30260,1.0,8.315342e-09,0
30261,1.0,7.857117e-09,0
30262,0.9999999,6.795077e-08,0
30263,1.0,5.5380607e-09,0
30264,1.0,3.87847e-10,0
30265,0.9999999,7.818401e-08,0
30266,0.9999999,9.668755e-08,0
30267,1.0,3.3820893e-09,0
30268,0.9999995,4.6407658e-07,0
30269,1.0,2.4426075e-08,0
30270,0.9999999,1.02398e-07,0
30271,1.0,1.0138766e-10,0
30272,1.0,9.839976e-15,0
30273,1.0,2.7435068e-12,0
30274,1.0,2.9062808e-10,0
30275,1.0,2.3780337e-11,0
30276,0.99999976,2.8530744e-07,0
30277,1.0,2.3140934e-11,0
30278,1.0,2.5837328e-09,0
30279,1.0,2.705123e-08,0
30280,1.0,2.4719928e-09,0
30281,1.0,6.307181e-10,0
30282,1.0,3.7097103e-10,0
30283,1.0,2.9458523e-12,0
30284,1.0,4.5832206e-11,0
30285,1.0,7.1393314e-13,0
30286,1.0,2.5093414e-09,0
30287,1.0,5.496055e-12,0
30288,1.0,3.5038937e-13,0
30289,1.0,1.5287508e-13,0
30290,1.0,3.360383e-08,0
30291,1.0,1.234853e-09,0
30292,1.0,1.9880012e-08,0
30293,1.0,4.480423e-08,0
30294,0.9999999,1.1969439e-07,0
30295,0.9999999,1.1817677e-07,0
30296,1.0,4.789564e-10,0
30297,1.0,5.684912e-08,0
30298,1.0,3.388181e-11,0
30299,1.0,1.04356954e-10,0
30300,1.0,6.2587054e-14,0
30301,1.0,4.5964644e-08,0
30302,1.0,2.679559e-09,0
30303,1.0,2.229323e-09,0
30304,1.0,8.590392e-11,0
30305,1.0,1.3685787e-10,0
30306,1.0,3.614142e-12,0
30307,1.0,2.7736577e-14,0
30308,1.0,1.051801e-09,0
30309,1.0,1.7890176e-08,0
30310,1.0,3.6389334e-08,0
30311,1.0,1.689565e-08,0
30312,1.0,1.7134733e-08,0
30313,1.0,2.9966706e-11,0
30314,1.0,2.2980162e-08,0
30315,1.0,2.3826228e-08,0
30316,1.0,1.8320579e-08,0
30317,1.0,1.5368602e-10,0
30318,0.9999995,5.1342056e-07,0
30319,0.99999976,2.6036665e-07,0
30320,1.0,4.5059103e-08,0
30321,1.0,1.5906951e-10,0
30322,1.0,1.9256655e-11,0
30323,1.0,7.0125656e-09,0
30324,1.0,1.1221447e-08,0
30325,1.0,1.2272823e-10,0
30326,1.0,1.4151539e-08,0
30327,0.9999999,6.26128e-08,0
30328,1.0,1.260497e-08,0
30329,1.0,1.6164485e-09,0
30330,1.0,3.624867e-10,0
30331,1.0,2.1901867e-08,0
30332,1.0,1.6013527e-10,0
30333,1.0,2.5697895e-09,0
30334,1.0,5.490511e-09,0
30335,1.0,5.538005e-10,0
30336,0.9999999,9.302857e-08,0
30337,1.0,1.1188662e-08,0
30338,1.0,1.0865356e-08,0
30339,1.0,1.5661001e-09,0
30340,1.0,4.5325577e-10,0
30341,0.9999999,1.2651728e-07,0
30342,1.0,5.0193747e-09,0
30343,1.0,1.3769957e-08,0
30344,1.0,1.9319548e-09,0
30345,0.9999999,7.969306e-08,0
30346,1.0,1.0260236e-10,0
30347,1.0,1.2362764e-09,0
30348,1.0,1.2319178e-08,0
30349,1.0,5.7841776e-09,0
30350,1.0,8.711545e-09,0
30351,1.0,1.7562328e-08,0
30352,1.0,2.869982e-08,0
30353,1.0,1.0617197e-09,0
30354,1.0,1.9740576e-09,0
30355,1.0,1.9621381e-10,0
30356,1.0,4.2865423e-08,0
30357,1.0,3.1840965e-08,0
30358,1.0,6.405771e-10,0
30359,1.0,5.3763337e-08,0
30360,1.0,1.3681259e-12,0
30361,1.0,3.976023e-10,0
30362,0.99999976,2.1305743e-07,0
30363,1.0,1.1245015e-08,0
30364,1.0,1.5225868e-10,0
30365,1.0,1.3363473e-11,0
30366,0.9999999,7.135442e-08,0
30367,0.9999999,9.5343545e-08,0
30368,1.0,5.8337896e-10,0
30369,1.0,4.1583927e-08,0
30370,1.0,1.6526863e-10,0
30371,0.9999999,1.5707565e-07,0
30372,1.0,1.8154748e-09,0
30373,1.0,3.0560415e-08,0
30374,1.0,9.58026e-11,0
30375,0.99999976,2.102317e-07,0
30376,1.0,4.5522186e-09,0
30377,1.0,6.869005e-11,0
30378,1.0,6.039009e-09,0
30379,1.0,4.106187e-11,0
30380,1.0,1.880585e-10,0
30381,1.0,2.0078263e-10,0
30382,1.0,1.9087961e-08,0
30383,1.0,8.428168e-09,0
30384,1.0,8.4811713e-10,0
30385,1.0,5.4665708e-09,0
30386,1.0,4.5372545e-10,0
30387,1.0,6.2256946e-09,0
30388,1.0,6.426408e-09,0
30389,0.99999547,4.5091524e-06,0
30390,1.0,1.2229325e-12,0
30391,1.0,2.4195839e-09,0
30392,0.9999999,6.560338e-08,0
30393,0.99999976,2.7822347e-07,0
30394,0.9999995,5.1471284e-07,0
30395,0.99999964,3.5511346e-07,0
30396,0.9999994,6.446765e-07,0
30397,0.9999999,9.09908e-08,0
30398,1.0,1.07975615e-10,0
30399,1.0,1.284877e-09,0
30400,1.0,1.9978643e-09,0
30401,1.0,7.5263046e-11,0
30402,0.9999999,1.1284596e-07,0
30403,1.0,3.1438058e-10,0
30404,1.0,5.1175765e-11,0
30405,1.0,3.616763e-08,0
30406,1.0,1.664479e-11,0
30407,1.0,2.9418212e-08,0
30408,1.0,5.184248e-10,0
30409,1.0,7.9829454e-10,0
30410,1.0,5.0796045e-10,0
30411,1.0,7.3866127e-09,0
30412,0.9999999,1.6452975e-07,0
30413,1.0,1.6272889e-08,0
30414,1.0,3.241444e-09,0
30415,1.0,5.9876943e-09,0
30416,1.0,5.6799637e-10,0
30417,1.0,1.8813978e-08,0
30418,1.0,8.401057e-10,0
30419,1.0,1.1196044e-09,0
30420,0.9999999,6.6703116e-08,0
30421,1.0,1.0858186e-12,0
30422,0.9999732,2.6778269e-05,0
30423,0.9999987,1.3462984e-06,0
30424,1.0,6.871478e-12,0
30425,1.0,3.807622e-09,0
30426,1.0,3.587919e-08,0
30427,1.0,8.38584e-12,0
30428,1.0,1.02211704e-10,0
30429,1.0,3.0732514e-11,0
30430,0.9999999,1.6344704e-07,0
30431,0.9999999,1.1202483e-07,0
30432,1.0,2.1236865e-10,0
30433,0.9999975,2.4536612e-06,0
30434,0.99999976,1.9604198e-07,0
30435,0.9999999,1.6995853e-07,0
30436,0.99999964,3.097904e-07,0
30437,1.0,9.9514015e-09,0
30438,0.9999999,1.3657763e-07,0
30439,1.0,5.6731964e-10,0
30440,1.0,2.3645232e-08,0
30441,0.9999994,5.6441144e-07,0
30442,1.0,4.334128e-11,0
30443,1.0,5.1410423e-09,0
30444,1.0,5.460363e-08,0
30445,1.0,3.5957275e-09,0
30446,1.0,3.488104e-09,0
30447,1.0,8.789354e-09,0
30448,1.0,1.968021e-08,0
30449,1.0,8.05791e-12,0
30450,1.0,1.1367329e-12,0
30451,1.0,4.8895124e-09,0
30452,1.0,1.4235482e-09,0
30453,1.0,2.7112751e-08,0
30454,1.0,5.279289e-08,0
30455,1.0,9.064588e-09,0
30456,1.0,2.3839048e-08,0
30457,1.0,3.8404586e-09,0
30458,1.0,2.2103094e-08,0
30459,0.99999976,1.8830174e-07,0
30460,1.0,2.1762389e-10,0
30461,1.0,3.896544e-08,0
30462,1.0,4.244079e-10,0
30463,1.0,3.2598475e-08,0
30464,0.99999964,3.15368e-07,0
30465,0.9999999,7.070454e-08,0
30466,1.0,1.4485281e-08,0
30467,1.0,2.2252204e-08,0
30468,1.0,3.4554407e-08,0
30469,1.0,2.8952515e-08,0
30470,1.0,2.4455105e-09,0
30471,0.9999999,1.2430044e-07,0
30472,0.999998,2.0839257e-06,0
30473,0.99999976,2.2731685e-07,0
30474,1.0,9.1837885e-11,0
30475,1.0,7.8803195e-09,0
30476,1.0,2.2278915e-08,0
30477,0.9999999,1.3274433e-07,0
30478,1.0,2.6831937e-10,0
30479,1.0,3.8284935e-09,0
30480,0.9999999,7.9582634e-08,0
30481,0.9999995,5.3317683e-07,0
30482,1.0,1.9281445e-09,0
30483,1.0,3.379697e-09,0
30484,1.0,1.8329143e-08,0
30485,0.9999995,4.3487586e-07,0
30486,0.99998605,1.3921183e-05,0
30487,1.0,2.5350627e-10,0
30488,1.0,2.3237789e-08,0
30489,1.0,1.904274e-10,0
30490,1.0,2.9026552e-08,0
30491,0.9999995,4.2560566e-07,0
30492,0.9999994,6.337629e-07,0
30493,0.9999999,1.6020181e-07,0
30494,1.0,2.6203628e-10,0
30495,1.0,6.889132e-11,0
30496,0.9999999,1.033668e-07,0
30497,0.9999999,1.02651825e-07,0
30498,0.9999999,1.14276155e-07,0
30499,1.0,2.2886794e-10,0
30500,1.0,4.2288497e-09,0
30501,1.0,1.8733972e-09,0
30502,1.0,1.0991272e-12,0
30503,1.0,3.7981251e-10,0
30504,1.0,1.2005675e-08,0
30505,1.0,8.977692e-10,0
30506,1.0,1.8010744e-10,0
30507,1.0,5.7833274e-13,0
30508,0.9999995,4.3340646e-07,0
30509,1.0,2.5700297e-09,0
30510,1.0,1.6374613e-11,0
30511,1.0,2.0660075e-12,0
30512,1.0,3.0586829e-12,0
30513,1.0,1.1328476e-12,0
30514,1.0,4.9454857e-10,0
30515,1.0,1.8052194e-09,0
30516,1.0,3.6566525e-09,0
30517,1.0,5.7273485e-11,0
30518,1.0,1.362859e-09,0
30519,1.0,4.5692183e-12,0
30520,1.0,1.2508259e-12,0
30521,0.9999999,6.830421e-08,0
30522,1.0,3.4966305e-09,0
30523,1.0,4.63014e-11,0
30524,1.0,9.623251e-13,0
30525,1.0,2.863792e-08,0
30526,1.0,6.404965e-10,0
30527,1.0,1.1625977e-09,0
30528,1.0,2.8499878e-13,0
30529,1.0,2.6721546e-08,0
30530,1.0,4.075503e-09,0
30531,0.9999995,4.81131e-07,0
30532,1.0,2.8387295e-10,0
30533,1.0,6.399128e-10,0
30534,1.0,7.9265944e-10,0
30535,1.0,2.1740875e-12,0
30536,1.0,6.2969577e-12,0
30537,1.0,1.601258e-10,0
30538,1.0,1.5794673e-09,0
30539,0.9999999,1.07257755e-07,0
30540,0.99999917,7.8482356e-07,0
30541,1.0,7.548901e-12,0
30542,1.0,3.3494902e-09,0
30543,1.0,4.4716613e-09,0
30544,0.9999999,1.0071207e-07,0
30545,1.0,2.507888e-08,0
30546,0.9999999,1.5401814e-07,0
30547,1.0,7.092115e-09,0
30548,1.0,4.9779056e-11,0
30549,0.9999999,9.290639e-08,0
30550,1.0,1.7138409e-10,0
30551,0.99999976,2.333057e-07,0
30552,1.0,4.2368645e-10,0
30553,0.9999995,4.4588842e-07,0
30554,1.0,8.9828306e-10,0
30555,0.99999964,3.5761818e-07,0
30556,1.0,3.4207574e-08,0
30557,1.0,1.4342598e-08,0
30558,0.99999905,9.510449e-07,0
30559,0.99999845,1.533678e-06,0
30560,1.0,5.132137e-09,0
30561,1.0,5.1186976e-08,0
30562,0.99999976,2.1484522e-07,0
30563,0.99999905,9.064382e-07,0
30564,1.0,1.0257463e-09,0
30565,0.9999943,5.7125912e-06,0
30566,1.0,7.627174e-11,0
30567,1.0,2.7474684e-10,0
30568,1.0,3.917254e-11,0
30569,0.9999999,7.342103e-08,0
30570,1.0,1.8199593e-11,0
30571,1.0,2.1848114e-13,0
30572,1.0,7.9958853e-13,0
30573,0.99999976,1.9725499e-07,0
30574,1.0,2.1329978e-11,0
30575,1.0,1.5418083e-09,0
30576,1.0,1.03144306e-10,0
30577,1.0,2.474945e-10,0
30578,1.0,5.25986e-12,0
30579,1.0,6.59283e-11,0
30580,1.0,4.4550776e-09,0
30581,1.0,8.846681e-11,0
30582,1.0,1.9840445e-10,0
30583,1.0,1.4511073e-13,0
30584,1.0,1.2126336e-08,0
30585,1.0,1.9337915e-12,0
30586,0.99999917,7.887892e-07,0
30587,1.0,1.6639837e-11,0
30588,1.0,1.5274058e-11,0
30589,1.0,3.4844534e-13,0
30590,1.0,1.3125107e-08,0
30591,0.9999988,1.1803479e-06,0
30592,0.9999969,3.1452357e-06,0
30593,1.0,2.35185e-14,0
30594,0.9999989,1.0577302e-06,0
30595,0.99999964,3.2015197e-07,0
30596,1.0,4.3929466e-10,0
30597,0.99997497,2.5029454e-05,0
30598,0.99901056,0.0009893675,0
30599,0.999995,5.040598e-06,0
30600,0.9999616,3.8434475e-05,0
30601,0.99999964,3.3728023e-07,0
30602,0.9999995,4.9629153e-07,0
30603,0.9999906,9.459971e-06,0
30604,0.99999964,3.584636e-07,0
30605,0.99999964,3.7189244e-07,0
30606,1.0,3.7926745e-10,0
30607,1.0,1.4600331e-09,0
30608,0.99999857,1.4101712e-06,0
30609,0.99998164,1.840271e-05,0
30610,1.0,6.8940422e-09,0
30611,1.0,2.5155615e-09,0
30612,1.0,2.3311703e-08,0
30613,1.0,1.2819089e-11,0
30614,1.0,3.482291e-11,0
30615,1.0,4.1206686e-08,0
30616,1.0,1.7498682e-10,0
30617,0.99999964,3.6475225e-07,0
30618,1.0,9.1775937e-10,0
30619,1.0,1.6552922e-10,0
30620,1.0,5.0270104e-09,0
30621,1.0,1.6490295e-11,0
30622,1.0,1.4964389e-14,0
30623,0.9999957,4.2804577e-06,0
30624,1.0,3.380948e-09,0
30625,1.0,9.192096e-11,0
30626,1.0,3.6666867e-10,0
30627,1.0,1.9953489e-11,0
30628,1.0,1.0003212e-10,0
30629,1.0,1.2108926e-09,0
30630,1.0,5.6623645e-10,0
30631,1.0,1.21721255e-08,0
30632,0.9999989,1.054654e-06,0
30633,1.0,6.4766623e-09,0
30634,0.99998844,1.1506256e-05,0
30635,0.99999964,4.0982712e-07,0
30636,0.9999999,1.2273192e-07,0
30637,1.0,9.236463e-09,0
30638,0.9999999,1.2659223e-07,0
30639,1.0,4.619815e-09,0
30640,0.99999964,3.795917e-07,0
30641,1.0,5.7305174e-11,0
30642,1.0,2.0496133e-08,0
30643,1.0,4.3006523e-08,0
30644,1.0,4.383476e-12,0
30645,1.0,1.1340346e-08,0
30646,1.0,1.6579667e-12,0
30647,0.9999999,1.7641771e-07,0
30648,1.0,7.290112e-11,0
30649,1.0,1.1938198e-08,0
30650,0.9999863,1.3687463e-05,0
30651,1.0,9.605075e-10,0
30652,0.9999976,2.347914e-06,0
30653,1.0,5.7987747e-11,0
30654,1.0,3.8778287e-09,0
30655,1.0,1.2920252e-10,0
30656,0.99999607,3.9352963e-06,0
30657,1.0,1.6861682e-12,0
30658,1.0,9.470371e-09,0
30659,1.0,3.223427e-10,0
30660,0.9999987,1.2828386e-06,0
30661,1.0,1.9393014e-13,0
30662,1.0,1.2590054e-11,0
30663,1.0,1.3905908e-12,0
30664,1.0,2.7259509e-11,0
30665,1.0,4.0906055e-08,0
30666,1.0,9.410659e-10,0
30667,0.9999999,1.4601405e-07,0
30668,0.9999999,6.786632e-08,0
30669,1.0,5.6104045e-11,0
30670,1.0,4.8758496e-13,0
30671,1.0,8.1704657e-13,0
30672,0.99999404,5.9989616e-06,0
30673,0.99999917,8.894964e-07,0
30674,1.0,7.2454696e-09,0
30675,1.0,1.3088109e-08,0
30676,0.99999917,8.501722e-07,0
30677,0.99999976,1.9508039e-07,0
30678,0.9999994,5.848981e-07,0
30679,1.0,1.3987869e-08,0
30680,1.0,5.271935e-11,0
30681,1.0,1.4258626e-10,0
30682,0.99999905,9.1194414e-07,0
30683,1.0,1.7959288e-10,0
30684,1.0,2.1067821e-10,0
30685,1.0,2.7868437e-12,0
30686,0.9999999,6.1695594e-08,0
30687,1.0,4.975805e-12,0
30688,1.0,1.6088634e-09,0
30689,0.99999356,6.4071237e-06,0
30690,0.99999726,2.6907976e-06,0
30691,1.0,1.11208776e-08,0
30692,1.0,4.386152e-12,0
30693,1.0,1.616648e-10,0
30694,0.99999845,1.5232587e-06,0
30695,1.0,2.5092922e-10,0
30696,1.0,1.6932288e-09,0
30697,1.0,1.5209629e-08,0
30698,1.0,1.1255243e-13,0
30699,1.0,1.0262999e-13,0
30700,1.0,5.1901444e-10,0
30701,1.0,2.0361936e-08,0
30702,0.9999994,5.638896e-07,0
30703,1.0,9.911253e-11,0
30704,1.0,1.8551206e-09,0
30705,1.0,1.1328346e-12,0
30706,0.99999976,1.9403133e-07,0
30707,1.0,2.996589e-12,0
30708,1.0,3.435523e-11,0
30709,1.0,6.645e-13,0
30710,1.0,7.633835e-12,0
30711,1.0,9.195843e-12,0
30712,0.9999999,1.236286e-07,0
30713,1.0,3.306897e-08,0
30714,1.0,3.314914e-10,0
30715,1.0,1.4744031e-13,0
30716,1.0,2.2358476e-12,0
30717,1.0,1.3751899e-08,0
30718,1.0,2.6772206e-08,0
30719,1.0,1.6242623e-08,0
30720,1.0,2.5813152e-12,0
30721,1.0,5.54364e-13,0
30722,1.0,4.234378e-09,0
30723,1.0,1.896717e-09,0
30724,0.9999987,1.3559055e-06,0
30725,1.0,1.96541e-08,0
30726,1.0,6.9595987e-09,0
30727,1.0,1.1185733e-09,0
30728,1.0,2.2682618e-11,0
30729,0.9999999,6.5881e-08,0
30730,0.99999845,1.6056246e-06,0
30731,1.0,1.2237439e-09,0
30732,1.0,2.3879035e-13,0
30733,1.0,5.69195e-13,0
30734,0.9999994,5.73057e-07,0
30735,0.9999987,1.3340709e-06,0
30736,1.0,1.3539515e-09,0
30737,1.0,3.4038077e-09,0
30738,0.99999166,8.343047e-06,0
30739,1.0,2.9201626e-09,0
30740,1.0,1.20861126e-08,0
30741,1.0,5.818627e-08,0
30742,0.9999999,1.1959375e-07,0
30743,0.9999906,9.476938e-06,0
30744,1.0,2.6393622e-11,0
30745,1.0,1.5185917e-12,0
30746,1.0,2.6776747e-12,0
30747,0.9999999,9.813769e-08,0
30748,1.0,1.7924426e-09,0
30749,1.0,2.736308e-10,0
30750,1.0,1.628728e-10,0
30751,0.9999993,7.261922e-07,0
30752,1.0,1.2505535e-09,0
30753,0.99999976,1.974688e-07,0
30754,1.0,5.2731803e-08,0
30755,1.0,9.839541e-12,0
30756,1.0,2.4892195e-13,0
30757,1.0,1.8655384e-09,0
30758,1.0,1.1688444e-11,0
30759,0.99999547,4.4755384e-06,0
30760,1.0,8.792473e-09,0
30761,1.0,4.1021474e-11,0
30762,1.0,1.1744127e-12,0
30763,1.0,1.5094203e-12,0
30764,1.0,2.562896e-10,0
30765,1.0,1.6715164e-11,0
30766,1.0,1.5212602e-10,0
30767,1.0,2.6146637e-12,0
30768,1.0,1.6365783e-14,0
30769,0.99999964,3.4138944e-07,0
30770,1.0,1.768938e-11,0
30771,1.0,2.4645767e-14,0
30772,1.0,4.0239195e-10,0
30773,1.0,9.056292e-13,0
30774,1.0,1.575549e-10,0
30775,1.0,3.056432e-08,0
30776,1.0,8.858865e-09,0
30777,1.0,4.774197e-13,0
30778,1.0,1.4330168e-10,0
30779,1.0,3.5882522e-13,0
30780,0.9999999,8.3772875e-08,0
30781,1.0,4.7292396e-11,0
30782,1.0,8.128428e-11,0
30783,1.0,1.7272406e-13,0
30784,0.99999976,2.674807e-07,0
30785,1.0,1.4282369e-09,0
30786,1.0,5.435046e-10,0
30787,1.0,9.7465296e-14,0
30788,1.0,2.9674085e-14,0
30789,1.0,5.5276603e-11,0
30790,0.9999994,5.414316e-07,0
30791,1.0,1.23790524e-08,0
30792,0.99999964,4.1629013e-07,0
30793,0.9999937,6.3618677e-06,0
30794,1.0,2.1559617e-10,0
30795,0.999997,2.9784405e-06,0
30796,1.0,1.0969377e-10,0
30797,1.0,3.9817563e-12,0
30798,1.0,9.657378e-13,0
30799,1.0,4.0261262e-12,0
30800,1.0,2.8154246e-10,0
30801,0.9999975,2.490602e-06,0
30802,1.0,1.1057212e-12,0
30803,1.0,2.5492512e-13,0
30804,0.9999999,1.6959747e-07,0
30805,1.0,4.1980993e-14,0
30806,1.0,1.8314367e-11,0
30807,1.0,9.0109985e-12,0
30808,0.9999993,7.598629e-07,0
30809,1.0,1.3157503e-10,0
30810,1.0,1.13902e-09,0
30811,1.0,5.63759e-10,0
30812,1.0,1.02805695e-10,0
30813,1.0,7.998464e-09,0
30814,0.99999917,8.213116e-07,0
30815,1.0,8.530609e-09,0
30816,1.0,1.7466387e-08,0
30817,1.0,1.5871728e-11,0
30818,1.0,1.5983195e-10,0
30819,1.0,1.4803039e-09,0
30820,1.0,1.2820207e-12,0
30821,1.0,1.13846765e-10,0
30822,1.0,1.4482213e-12,0
30823,1.0,5.6360897e-12,0
30824,1.0,1.4246868e-12,0
30825,0.9999987,1.368546e-06,0
30826,1.0,6.346096e-14,0
30827,1.0,8.8222185e-10,0
30828,1.0,1.3673832e-11,0
30829,0.9999999,9.562875e-08,0
30830,0.99999976,2.4130324e-07,0
30831,0.9999999,1.1969804e-07,0
30832,1.0,2.0545732e-11,0
30833,1.0,5.1355777e-11,0
30834,1.0,9.801487e-14,0
30835,1.0,2.252347e-09,0
30836,1.0,2.6796685e-11,0
30837,0.9999993,7.2267017e-07,0
30838,1.0,3.0235512e-11,0
30839,1.0,2.754531e-10,0
30840,1.0,5.6035114e-13,0
30841,1.0,3.8697447e-13,0
30842,1.0,7.220127e-13,0
30843,0.9999993,7.6691964e-07,0
30844,1.0,2.2186426e-12,0
30845,1.0,6.5681254e-12,0
30846,0.9999981,1.8932013e-06,0
30847,0.9999999,1.2608437e-07,0
30848,1.0,2.8091943e-08,0
30849,1.0,1.941054e-11,0
30850,0.9999999,7.598334e-08,0
30851,1.0,2.2424642e-11,0
30852,0.9999995,4.3133528e-07,0
30853,1.0,1.9971376e-08,0
30854,0.9999976,2.392269e-06,0
30855,0.9999918,8.211532e-06,0
30856,1.0,1.1260778e-14,0
30857,1.0,2.9029896e-14,0
30858,1.0,5.6150508e-11,0
30859,0.999995,4.9534146e-06,0
30860,0.999992,7.939848e-06,0
30861,1.0,1.5104297e-10,0
30862,1.0,7.400971e-12,0
30863,1.0,4.341794e-09,0
30864,1.0,2.2397874e-08,0
30865,0.99999964,3.9294395e-07,0
30866,1.0,1.2052116e-11,0
30867,1.0,9.997341e-14,0
30868,1.0,9.038454e-12,0
30869,1.0,5.0601987e-13,0
30870,1.0,3.2828495e-10,0
30871,1.0,6.999916e-11,0
30872,1.0,6.848355e-13,0
30873,1.0,3.940002e-08,0
30874,1.0,1.1194836e-11,0
30875,1.0,3.0941298e-12,0
30876,1.0,3.0166734e-11,0
30877,1.0,2.6942027e-11,0
30878,1.0,1.33261535e-08,0
30879,1.0,2.2813377e-12,0
30880,1.0,6.345113e-11,0
30881,1.0,9.275399e-11,0
30882,1.0,3.604664e-11,0
30883,1.0,2.1983498e-10,0
30884,1.0,6.470507e-11,0
30885,1.0,2.897002e-12,0
30886,1.0,1.5080685e-11,0
30887,1.0,2.0865995e-13,0
30888,1.0,1.4662262e-12,0
30889,1.0,4.8088626e-09,0
30890,1.0,9.720966e-10,0
30891,1.0,1.0175104e-11,0
30892,1.0,2.0010762e-12,0
30893,1.0,3.0125466e-10,0
30894,1.0,4.954015e-12,0
30895,1.0,1.0209675e-10,0
30896,1.0,1.758352e-11,0
30897,1.0,1.2317179e-12,0
30898,1.0,6.743284e-10,0
30899,1.0,2.0090681e-13,0
30900,1.0,8.2939684e-14,0
30901,1.0,1.1707767e-11,0
30902,1.0,8.559934e-12,0
30903,1.0,5.8989744e-11,0
30904,1.0,3.5178794e-11,0
30905,1.0,5.6871186e-10,0
30906,1.0,3.928271e-13,0
30907,1.0,1.2385281e-09,0
30908,1.0,7.0610673e-10,0
30909,1.0,2.623771e-12,0
30910,1.0,4.2543677e-12,0
30911,1.0,1.7516136e-11,0
30912,1.0,2.8885423e-13,0
30913,1.0,3.9039866e-10,0
30914,1.0,4.0382606e-13,0
30915,1.0,6.2904872e-12,0
30916,1.0,1.3264866e-11,0
30917,1.0,8.529034e-12,0
30918,1.0,3.8110582e-13,0
30919,1.0,4.744034e-09,0
30920,1.0,1.6546581e-13,0
30921,1.0,1.9627565e-13,0
30922,1.0,3.6084268e-11,0
30923,1.0,2.1994873e-13,0
30924,1.0,4.08269e-10,0
30925,1.0,8.62772e-14,0
30926,1.0,7.779094e-10,0
30927,1.0,8.394566e-11,0
30928,1.0,6.828998e-13,0
30929,1.0,1.2327768e-10,0
30930,1.0,6.934532e-12,0
30931,1.0,4.1555107e-10,0
30932,1.0,1.1422206e-12,0
30933,1.0,1.2963735e-12,0
30934,1.0,2.4081692e-10,0
30935,1.0,2.496705e-12,0
30936,1.0,1.3709504e-11,0
30937,1.0,3.086092e-11,0
30938,1.0,5.2545683e-11,0
30939,1.0,3.593567e-13,0
30940,1.0,2.689156e-11,0
30941,1.0,3.2178063e-10,0
30942,1.0,2.2675358e-14,0
30943,1.0,5.1280806e-11,0
30944,1.0,3.2964148e-10,0
30945,0.99999964,3.3185742e-07,0
30946,1.0,6.7456124e-10,0
30947,1.0,2.7979643e-12,0
30948,1.0,5.344566e-12,0
30949,1.0,4.2109666e-12,0
30950,1.0,3.6450842e-10,0
30951,1.0,3.2112046e-13,0
30952,1.0,8.664669e-12,0
30953,1.0,3.184435e-09,0
30954,1.0,3.707171e-10,0
30955,1.0,7.363234e-09,0
30956,1.0,1.4214901e-11,0
30957,1.0,3.2346054e-10,0
30958,1.0,1.8262541e-10,0
30959,1.0,2.7949173e-13,0
30960,1.0,5.9672833e-10,0
30961,1.0,5.7261634e-13,0
30962,1.0,2.7893772e-14,0
30963,1.0,1.2567357e-11,0
30964,1.0,8.2595584e-13,0
30965,1.0,1.3732056e-12,0
30966,1.0,4.53825e-10,0
30967,1.0,7.1775654e-12,0
30968,1.0,6.841468e-11,0
30969,1.0,1.3260344e-10,0
30970,1.0,2.1609151e-13,0
30971,1.0,6.258763e-11,0
30972,1.0,7.110501e-11,0
30973,0.9999993,6.76399e-07,0
30974,1.0,2.9716493e-11,0
30975,1.0,6.8455896e-12,0
30976,1.0,1.4843928e-12,0
30977,1.0,6.3921685e-12,0
30978,1.0,5.8125583e-12,0
30979,0.99999833,1.7254822e-06,0
30980,1.0,4.7503675e-11,0
30981,1.0,5.1231606e-12,0
30982,1.0,1.0693291e-12,0
30983,1.0,1.0310918e-12,0
30984,1.0,5.5888815e-08,0
30985,1.0,1.3423429e-11,0
30986,1.0,1.460419e-11,0
30987,1.0,8.164546e-13,0
30988,1.0,2.647145e-12,0
30989,1.0,6.858251e-09,0
30990,1.0,1.4976653e-12,0
30991,1.0,2.6095718e-12,0
30992,1.0,3.2675757e-10,0
30993,1.0,1.5334547e-14,0
30994,1.0,9.477997e-09,0
30995,1.0,3.539501e-13,0
30996,1.0,2.7833047e-09,0
30997,1.0,3.2980576e-13,0
30998,1.0,5.4607555e-13,0
30999,1.0,3.5181192e-12,0
31000,1.0,1.3684164e-11,0
31001,1.0,1.4440901e-11,0
31002,1.0,1.9116248e-14,0
31003,1.0,5.51421e-12,0
31004,1.0,5.7985035e-13,0
31005,1.0,1.5977016e-09,0
31006,1.0,2.769318e-10,0
31007,1.0,9.775234e-11,0
31008,1.0,6.007667e-13,0
31009,1.0,9.4268766e-11,0
31010,1.0,4.521158e-11,0
31011,1.0,1.5758969e-11,0
31012,1.0,7.0544907e-12,0
31013,1.0,2.0283075e-10,0
31014,1.0,1.803423e-13,0
31015,1.0,3.2726792e-13,0
31016,1.0,1.0642199e-12,0
31017,1.0,1.0567239e-12,0
31018,0.99999464,5.3455883e-06,0
31019,0.99999976,2.8058483e-07,0
31020,1.0,8.226962e-10,0
31021,1.0,4.7676224e-15,0
31022,1.0,1.06979335e-10,0
31023,1.0,7.54062e-10,0
31024,1.0,3.0398423e-10,0
31025,1.0,2.059126e-09,0
31026,1.0,4.245206e-13,0
31027,1.0,6.6068337e-13,0
31028,1.0,3.2483523e-12,0
31029,0.99999964,3.16711e-07,0
31030,0.9999536,4.6353474e-05,0
31031,0.9999951,4.911986e-06,0
31032,1.0,9.773205e-14,0
31033,1.0,3.016371e-13,0
31034,1.0,5.7796806e-12,0
31035,0.99999905,9.497652e-07,0
31036,1.0,3.4804232e-12,0
31037,1.0,3.4282845e-14,0
31038,1.0,1.8304056e-12,0
31039,1.0,9.476821e-13,0
31040,0.9999988,1.1338248e-06,0
31041,1.0,1.2229354e-11,0
31042,1.0,2.1049875e-13,0
31043,1.0,8.589008e-13,0
31044,1.0,4.6688964e-14,0
31045,1.0,2.2382222e-10,0
31046,1.0,2.0689097e-12,0
31047,1.0,6.093409e-10,0
31048,1.0,6.246199e-13,0
31049,1.0,6.3747215e-12,0
31050,1.0,2.8886704e-12,0
31051,1.0,1.1760642e-09,0
31052,1.0,2.592743e-12,0
31053,1.0,1.056857e-12,0
31054,1.0,3.143636e-11,0
31055,1.0,5.1184285e-10,0
31056,1.0,1.6829039e-12,0
31057,1.0,3.0574e-08,0
31058,0.9999999,5.9688595e-08,0
31059,1.0,1.6016657e-12,0
31060,1.0,2.1383787e-15,0
31061,1.0,3.7226706e-12,0
31062,1.0,3.8914762e-13,0
31063,1.0,2.981915e-11,0
31064,1.0,2.2689638e-10,0
31065,1.0,6.697239e-11,0
31066,1.0,3.8635634e-10,0
31067,1.0,6.372396e-13,0
31068,1.0,1.0013032e-12,0
31069,1.0,9.343922e-11,0
31070,1.0,2.5709214e-13,0
31071,1.0,6.749187e-11,0
31072,1.0,1.440301e-09,0
31073,0.9999999,9.269275e-08,0
31074,1.0,2.1395743e-11,0
31075,1.0,1.2285651e-11,0
31076,1.0,1.149048e-10,0
31077,1.0,1.0175599e-13,0
31078,0.99999964,3.1116366e-07,0
31079,1.0,3.033905e-10,0
31080,1.0,4.1393135e-12,0
31081,1.0,3.4315118e-13,0
31082,1.0,2.3003524e-09,0
31083,1.0,1.2593818e-12,0
31084,1.0,1.7318814e-10,0
31085,1.0,8.075783e-10,0
31086,1.0,3.0137085e-13,0
31087,1.0,1.492335e-13,0
31088,1.0,8.215953e-10,0
31089,1.0,4.3239593e-13,0
31090,1.0,1.0801299e-12,0
31091,1.0,3.0112436e-13,0
31092,1.0,3.7134573e-09,0
31093,1.0,2.110166e-12,0
31094,1.0,7.993995e-13,0
31095,1.0,3.4069267e-12,0
31096,1.0,2.5032758e-12,0
31097,1.0,1.1727982e-09,0
31098,1.0,5.763737e-13,0
31099,0.9999999,1.06090894e-07,0
31100,1.0,2.0914717e-10,0
31101,1.0,6.65903e-10,0
31102,1.0,8.024062e-12,0
31103,1.0,4.8250576e-10,0
31104,1.0,1.9094912e-12,0
31105,1.0,7.9780925e-13,0
31106,1.0,1.6054484e-13,0
31107,0.9999994,5.913155e-07,0
31108,1.0,6.348067e-11,0
31109,1.0,2.1095103e-12,0
31110,1.0,3.4177765e-12,0
31111,1.0,2.138381e-13,0
31112,1.0,1.6075374e-10,0
31113,1.0,2.1796452e-10,0
31114,1.0,1.2047697e-12,0
31115,1.0,2.6800008e-11,0
31116,1.0,3.7143763e-10,0
31117,1.0,1.3234741e-11,0
31118,1.0,2.2393239e-10,0
31119,1.0,1.8417584e-13,0
31120,1.0,9.5551995e-12,0
31121,1.0,8.678063e-09,0
31122,1.0,9.723e-15,0
31123,1.0,3.8240905e-10,0
31124,1.0,1.3230262e-09,0
31125,1.0,7.1477214e-14,0
31126,1.0,6.5602007e-12,0
31127,0.9999999,6.0864686e-08,0
31128,1.0,1.0151197e-12,0
31129,1.0,6.7881817e-13,0
31130,1.0,6.7892436e-13,0
31131,1.0,2.9425672e-12,0
31132,1.0,1.7077707e-11,0
31133,1.0,1.0408108e-13,0
31134,1.0,2.0975373e-09,0
31135,1.0,1.0074987e-12,0
31136,1.0,1.949295e-10,0
31137,1.0,1.7145273e-14,0
31138,1.0,3.3100474e-11,0
31139,1.0,1.1553541e-12,0
31140,1.0,3.4129167e-12,0
31141,1.0,1.8576806e-09,0
31142,1.0,2.5194772e-11,0
31143,1.0,1.1830638e-12,0
31144,1.0,1.9637883e-11,0
31145,1.0,2.7147227e-11,0
31146,1.0,5.0413e-12,0
31147,1.0,1.1849067e-12,0
31148,1.0,1.4205319e-13,0
31149,1.0,4.768128e-09,0
31150,1.0,3.8482672e-13,0
31151,1.0,1.0615404e-11,0
31152,1.0,8.8689565e-13,0
31153,1.0,1.6667123e-11,0
31154,1.0,1.3882655e-10,0
31155,1.0,1.241082e-09,0
31156,1.0,8.87149e-14,0
31157,1.0,6.368155e-13,0
31158,1.0,9.991351e-11,0
31159,1.0,1.0717376e-10,0
31160,1.0,6.6976316e-12,0
31161,1.0,3.115982e-13,0
31162,1.0,1.525397e-11,0
31163,1.0,1.1396228e-11,0
31164,1.0,5.3831435e-13,0
31165,1.0,8.390856e-10,0
31166,1.0,1.2494091e-09,0
31167,1.0,2.6319382e-14,0
31168,1.0,3.365434e-10,0
31169,0.99999857,1.4572693e-06,0
31170,1.0,9.727447e-12,0
31171,1.0,6.5810476e-14,0
31172,1.0,2.4357903e-13,0
31173,1.0,2.929991e-14,0
31174,1.0,1.9263772e-12,0
31175,1.0,2.3644686e-12,0
31176,1.0,6.1671036e-11,0
31177,1.0,5.5219013e-13,0
31178,1.0,1.3469794e-12,0
31179,1.0,2.9757699e-13,0
31180,1.0,3.2845122e-12,0
31181,1.0,5.5140608e-09,0
31182,1.0,1.8544182e-11,0
31183,1.0,7.89195e-12,0
31184,1.0,2.1073497e-13,0
31185,1.0,2.7674618e-12,0
31186,1.0,2.474553e-14,0
31187,1.0,2.620543e-10,0
31188,1.0,1.5180414e-12,0
31189,1.0,4.8521717e-14,0
31190,1.0,9.987636e-11,0
31191,1.0,1.8924131e-13,0
31192,0.9999993,7.147693e-07,0
31193,1.0,1.3396107e-12,0
31194,1.0,1.713211e-09,0
31195,1.0,7.854838e-13,0
31196,0.9999999,9.492909e-08,0
31197,1.0,1.1749795e-12,0
31198,1.0,1.394252e-10,0
31199,1.0,6.475957e-13,0
31200,1.0,1.0563301e-10,0
31201,1.0,4.2661317e-13,0
31202,1.0,2.496929e-12,0
31203,1.0,6.287836e-12,0
31204,1.0,3.407026e-11,0
31205,1.0,1.4926253e-13,0
31206,1.0,5.665395e-12,0
31207,1.0,4.0445525e-12,0
31208,0.9999989,1.0500636e-06,0
31209,1.0,1.4768822e-10,0
31210,1.0,4.916192e-09,0
31211,0.99999857,1.4419903e-06,0
31212,1.0,1.108726e-09,0
31213,1.0,5.6145128e-12,0
31214,1.0,2.6772091e-09,0
31215,1.0,2.0678535e-11,0
31216,1.0,4.168038e-13,0
31217,1.0,3.9159766e-11,0
31218,1.0,4.0944187e-10,0
31219,1.0,5.096386e-09,0
31220,0.9999995,5.0614375e-07,0
31221,1.0,1.6540019e-13,0
31222,1.0,2.2567878e-14,0
31223,1.0,5.7339697e-12,0
31224,1.0,9.170401e-14,0
31225,1.0,3.4601356e-12,0
31226,1.0,7.97581e-13,0
31227,1.0,2.22386e-14,0
31228,1.0,1.8325427e-09,0
31229,1.0,2.5314714e-11,0
31230,1.0,1.8866744e-14,0
31231,1.0,3.9029426e-11,0
31232,1.0,6.9305915e-12,0
31233,0.9999975,2.5307327e-06,0
31234,0.9999962,3.8563853e-06,0
31235,0.9999993,7.4387157e-07,0
31236,0.9999999,6.647907e-08,0
31237,1.0,1.252496e-10,0
31238,1.0,8.0139104e-11,0
31239,1.0,9.473154e-09,0
31240,1.0,1.2390249e-08,0
31241,1.0,5.7207608e-09,0
31242,0.9999988,1.13566e-06,0
31243,1.0,2.5494846e-13,0
31244,1.0,1.17071405e-11,0
31245,1.0,1.0666525e-12,0
31246,1.0,1.6193622e-12,0
31247,1.0,3.864855e-09,0
31248,0.9999944,5.5741643e-06,0
31249,1.0,7.709144e-09,0
31250,1.0,4.637678e-08,0
31251,1.0,1.2223768e-13,0
31252,1.0,2.2594866e-08,0
31253,1.0,2.5495175e-10,0
31254,0.99999535,4.654285e-06,0
31255,1.0,9.761149e-11,0
31256,1.0,2.717051e-13,0
31257,1.0,7.475162e-14,0
31258,1.0,1.3080316e-09,0
31259,1.0,5.0695964e-10,0
31260,1.0,1.9018656e-12,0
31261,1.0,5.6443992e-14,0
31262,1.0,7.4186136e-11,0
31263,1.0,7.1900174e-13,0
31264,1.0,3.69297e-11,0
31265,1.0,2.0447428e-13,0
31266,1.0,1.0232942e-12,0
31267,1.0,2.066252e-12,0
31268,1.0,7.388863e-14,0
31269,1.0,1.9288312e-14,0
31270,1.0,2.4356786e-13,0
31271,1.0,4.5326977e-13,0
31272,0.9999999,9.46884e-08,0
31273,1.0,9.106283e-09,0
31274,1.0,1.1748428e-12,0
31275,1.0,5.1284425e-11,0
31276,1.0,7.880544e-13,0
31277,1.0,1.2024563e-11,0
31278,1.0,4.574123e-10,0
31279,1.0,5.6135947e-11,0
31280,1.0,6.4006352e-12,0
31281,1.0,4.300785e-11,0
31282,1.0,1.3522615e-12,0
31283,1.0,6.0672456e-10,0
31284,1.0,4.096479e-11,0
31285,1.0,1.0531805e-12,0
31286,1.0,2.968469e-09,0
31287,1.0,2.3572043e-13,0
31288,1.0,5.150437e-12,0
31289,1.0,8.594682e-12,0
31290,1.0,2.5901841e-11,0
31291,1.0,7.0295153e-10,0
31292,1.0,6.979526e-09,0
31293,1.0,7.2200167e-13,0
31294,1.0,1.5559686e-12,0
31295,1.0,8.807268e-11,0
31296,1.0,1.1632442e-11,0
31297,1.0,7.942434e-15,0
31298,1.0,1.02398645e-10,0
31299,1.0,3.8926788e-13,0
31300,1.0,9.973157e-13,0
31301,1.0,3.46333e-13,0
31302,1.0,1.6800311e-11,0
31303,1.0,7.1168752e-12,0
31304,1.0,4.8606705e-12,0
31305,1.0,2.2317064e-12,0
31306,0.9999994,5.621982e-07,0
31307,1.0,3.4847474e-12,0
31308,1.0,1.8691775e-10,0
31309,1.0,2.1624404e-13,0
31310,1.0,2.6819182e-11,0
31311,1.0,3.2448846e-12,0
31312,1.0,2.499587e-09,0
31313,0.9999988,1.1601016e-06,0
31314,1.0,5.070616e-12,0
31315,1.0,7.9820195e-13,0
31316,1.0,9.932106e-15,0
31317,1.0,4.9602366e-12,0
31318,1.0,2.8938638e-13,0
31319,1.0,1.4271904e-10,0
31320,1.0,3.3180986e-12,0
31321,1.0,1.0179724e-11,0
31322,1.0,3.819052e-11,0
31323,1.0,4.6198345e-12,0
31324,1.0,1.8992698e-12,0
31325,1.0,2.8611082e-14,0
31326,1.0,1.4343771e-12,0
31327,1.0,1.3903084e-10,0
31328,1.0,1.1854503e-10,0
31329,1.0,1.469441e-11,0
31330,0.99999905,9.560027e-07,0
31331,1.0,2.463141e-12,0
31332,1.0,3.6475045e-10,0
31333,0.9999999,6.034566e-08,0
31334,1.0,3.1014108e-11,0
31335,1.0,1.8748536e-11,0
31336,1.0,4.2502395e-12,0
31337,1.0,1.7124015e-12,0
31338,1.0,1.3971897e-12,0
31339,1.0,1.7029557e-12,0
31340,1.0,3.5371575e-10,0
31341,1.0,1.8708581e-13,0
31342,1.0,1.8689751e-13,0
31343,1.0,1.2038158e-13,0
31344,1.0,8.579532e-12,0
31345,1.0,4.853759e-12,0
31346,1.0,6.037923e-10,0
31347,1.0,5.5466704e-11,0
31348,1.0,4.3619887e-13,0
31349,1.0,8.1654806e-13,0
31350,1.0,1.9443534e-13,0
31351,1.0,3.7221094e-12,0
31352,1.0,5.158307e-10,0
31353,1.0,4.601339e-09,0
31354,1.0,1.1852315e-13,0
31355,0.99999964,4.1462565e-07,0
31356,1.0,7.949787e-11,0
31357,1.0,4.054145e-12,0
31358,1.0,1.9833954e-12,0
31359,1.0,1.1387401e-12,0
31360,1.0,1.9287036e-09,0
31361,1.0,6.0058465e-09,0
31362,1.0,6.323276e-13,0
31363,0.9999999,7.80919e-08,0
31364,0.9999999,8.3459014e-08,0
31365,1.0,3.0637132e-10,0
31366,1.0,6.5921e-11,0
31367,1.0,5.206596e-13,0
31368,1.0,5.564703e-12,0
31369,0.9999969,3.1065479e-06,0
31370,1.0,1.1869372e-13,0
31371,1.0,3.6426046e-13,0
31372,1.0,9.023003e-12,0
31373,1.0,9.335452e-09,0
31374,0.999995,4.9737364e-06,0
31375,1.0,3.7526267e-08,0
31376,1.0,3.2693541e-09,0
31377,0.99999976,1.8409838e-07,0
31378,1.0,5.015269e-09,0
31379,0.9999982,1.8290225e-06,0
31380,1.0,3.4901353e-12,0
31381,0.9999924,7.677228e-06,0
31382,1.0,9.0765774e-13,0
31383,1.0,1.3929625e-14,0
31384,0.9999957,4.2970837e-06,0
31385,1.0,8.587874e-10,0
31386,1.0,7.541093e-14,0
31387,1.0,6.852575e-13,0
31388,1.0,1.6107645e-12,0
31389,1.0,3.4370387e-10,0
31390,1.0,3.7211764e-10,0
31391,1.0,6.1797702e-12,0
31392,1.0,4.6697223e-15,0
31393,1.0,1.9008718e-12,0
31394,1.0,1.527923e-13,0
31395,1.0,1.3732598e-13,0
31396,1.0,9.610424e-14,0
31397,1.0,2.5944968e-14,0
31398,1.0,1.2081109e-12,0
31399,1.0,9.721526e-13,0
31400,0.9999988,1.197651e-06,0
31401,0.9999999,9.938204e-08,0
31402,1.0,2.4894064e-08,0
31403,0.9999999,1.6331694e-07,0
31404,1.0,2.2708372e-11,0
31405,1.0,1.9119486e-11,0
31406,0.9999999,9.870537e-08,0
31407,1.0,1.7220105e-09,0
31408,0.9999982,1.7480822e-06,0
31409,0.99999917,7.964069e-07,0
31410,1.0,4.766421e-08,0
31411,0.99999976,2.1222922e-07,0
31412,1.0,2.3244382e-09,0
31413,1.0,2.8156457e-13,0
31414,1.0,3.8596e-14,0
31415,1.0,2.6189537e-10,0
31416,1.0,9.354747e-11,0
31417,0.9999999,8.251438e-08,0
31418,1.0,1.0698949e-11,0
31419,1.0,1.09957745e-13,0
31420,1.0,3.1421184e-08,0
31421,1.0,5.341896e-12,0
31422,1.0,4.8765076e-14,0
31423,1.0,1.076564e-11,0
31424,1.0,1.5954062e-12,0
31425,1.0,6.0177054e-12,0
31426,0.9999999,7.7351e-08,0
31427,1.0,2.6456703e-09,0
31428,1.0,1.0472045e-10,0
31429,1.0,1.2616316e-09,0
31430,0.99999964,3.093915e-07,0
31431,1.0,5.5015454e-14,0
31432,1.0,3.0936476e-11,0
31433,1.0,8.284737e-10,0
31434,1.0,2.0710655e-12,0
31435,1.0,5.863208e-13,0
31436,1.0,5.535166e-13,0
31437,1.0,2.3599855e-12,0
31438,1.0,2.6403933e-08,0
31439,0.99999857,1.4123758e-06,0
31440,1.0,4.251188e-12,0
31441,1.0,3.989004e-14,0
31442,1.0,1.6048591e-11,0
31443,1.0,7.8127277e-14,0
31444,1.0,4.531901e-10,0
31445,1.0,1.2974755e-14,0
31446,1.0,7.783806e-12,0
31447,1.0,5.176098e-13,0
31448,1.0,2.572961e-14,0
31449,0.9999995,4.8572144e-07,0
31450,0.9999801,1.9966934e-05,0
31451,0.9999999,1.7121084e-07,0
31452,1.0,5.6878836e-08,0
31453,0.9999995,4.6563622e-07,0
31454,1.0,4.0933607e-08,0
31455,1.0,4.6446107e-11,0
31456,1.0,2.2999487e-13,0
31457,1.0,3.8498288e-14,0
31458,1.0,3.1465472e-10,0
31459,1.0,1.6499632e-12,0
31460,1.0,1.011562e-11,0
31461,1.0,5.1207205e-11,0
31462,0.9999999,1.3676649e-07,0
31463,1.0,9.2860597e-10,0
31464,1.0,1.1478094e-08,0
31465,1.0,5.963707e-11,0
31466,0.99999595,4.041618e-06,0
31467,1.0,8.1276175e-12,0
31468,0.9999999,7.346095e-08,0
31469,0.9999865,1.3517594e-05,0
31470,0.99999905,9.14468e-07,0
31471,1.0,1.0734853e-09,0
31472,1.0,1.2033575e-08,0
31473,0.9999999,1.7694273e-07,0
31474,0.99999905,1.000828e-06,0
31475,1.0,5.212807e-09,0
31476,0.99999905,9.175132e-07,0
31477,0.99999976,1.8805785e-07,0
31478,0.99999106,8.8843e-06,0
31479,1.0,4.714594e-08,0
31480,0.9999999,7.848582e-08,0
31481,0.9999987,1.3210195e-06,0
31482,1.0,9.257891e-13,0
31483,1.0,7.529611e-10,0
31484,0.9999982,1.770889e-06,0
31485,1.0,5.4044396e-09,0
31486,0.9999968,3.255578e-06,0
31487,1.0,3.3032736e-11,0
31488,1.0,1.0035417e-09,0
31489,1.0,3.3593388e-08,0
31490,0.9999999,1.5486621e-07,0
31491,0.99999917,8.464063e-07,0
31492,0.99999845,1.5482502e-06,0
31493,0.9999999,1.4631917e-07,0
31494,1.0,5.391786e-09,0
31495,0.9999949,5.144192e-06,0
31496,1.0,4.5643125e-09,0
31497,0.99999976,2.4736127e-07,0
31498,0.9999999,6.589922e-08,0
31499,0.9999999,1.507522e-07,0
31500,0.99999857,1.4374306e-06,0
31501,0.9999989,1.0602025e-06,0
31502,0.99999976,2.4057806e-07,0
31503,0.9999999,8.0465156e-08,0
31504,0.99999964,4.0048738e-07,0
31505,1.0,6.3154664e-09,0
31506,0.99999464,5.3767767e-06,0
31507,1.0,2.4217794e-11,0
31508,1.0,3.190723e-08,0
31509,0.99999976,2.3249234e-07,0
31510,1.0,4.184691e-11,0
31511,0.9999989,1.0162706e-06,0
31512,1.0,5.0441423e-10,0
31513,1.0,4.4868007e-09,0
31514,0.99999905,1.0131325e-06,0
31515,0.9999999,1.3088238e-07,0
31516,0.9999994,5.8956084e-07,0
31517,0.9999957,4.3297287e-06,0
31518,0.9999999,1.5172174e-07,0
31519,1.0,8.860453e-09,0
31520,1.0,4.376918e-08,0
31521,0.9999999,9.480804e-08,0
31522,0.99999964,3.142808e-07,0
31523,0.99999917,8.8645453e-07,0
31524,1.0,2.0661929e-08,0
31525,1.0,1.4386517e-08,0
31526,1.0,1.0987794e-08,0
31527,1.0,1.6516038e-08,0
31528,0.9999932,6.766056e-06,0
31529,0.99999785,2.2003842e-06,0
31530,1.0,1.5590337e-09,0
31531,1.0,9.001315e-11,0
31532,1.0,2.048941e-08,0
31533,1.0,1.3426406e-10,0
31534,1.0,2.750487e-11,0
31535,0.9999999,7.550701e-08,0
31536,1.0,3.577682e-08,0
31537,1.0,3.923904e-10,0
31538,1.0,3.688876e-13,0
31539,0.99999475,5.27831e-06,0
31540,1.0,1.12022e-08,0
31541,1.0,7.840739e-09,0
31542,0.9999999,8.854797e-08,0
31543,1.0,1.2175486e-09,0
31544,0.99999464,5.4163584e-06,0
31545,1.0,1.0089507e-08,0
31546,0.99999845,1.5955272e-06,0
31547,1.0,1.02263e-10,0
31548,0.9999995,4.1954146e-07,0
31549,1.0,6.3092015e-10,0
31550,1.0,1.8908068e-10,0
31551,1.0,3.337388e-08,0
31552,1.0,9.687889e-10,0
31553,1.0,3.1630675e-12,0
31554,1.0,3.2093217e-11,0
31555,1.0,5.3331433e-11,0
31556,0.9999981,1.8728892e-06,0
31557,1.0,2.1386103e-12,0
31558,1.0,1.3919629e-08,0
31559,0.9999994,6.1452374e-07,0
31560,0.9999999,1.2850313e-07,0
31561,1.0,1.4838047e-11,0
31562,1.0,3.2563225e-09,0
31563,1.0,1.1576493e-10,0
31564,0.99999976,1.8326405e-07,0
31565,1.0,8.916263e-09,0
31566,0.9999654,3.4601802e-05,0
31567,1.0,8.166369e-09,0
31568,0.9999871,1.2875813e-05,0
31569,0.9999584,4.1652514e-05,0
31570,1.0,6.5421385e-10,0
31571,0.9999993,7.422502e-07,0
31572,0.9999993,7.5484974e-07,0
31573,1.0,3.6471826e-11,0
31574,0.99999833,1.6831855e-06,0
31575,0.99999535,4.5946554e-06,0
31576,0.99999976,2.8114061e-07,0
31577,0.9999994,6.3052136e-07,0
31578,1.0,4.0322265e-13,0
31579,0.99999964,3.9707984e-07,0
31580,0.99999964,3.4446953e-07,0
31581,0.9999994,5.8407426e-07,0
31582,0.9999994,5.983667e-07,0
31583,1.0,2.2760137e-08,0
31584,0.9999981,1.8669971e-06,0
31585,1.0,5.017872e-09,0
31586,0.9999975,2.4504527e-06,0
31587,1.0,8.662575e-11,0
31588,0.99999964,2.9837915e-07,0
31589,0.9999852,1.481929e-05,0
31590,0.9999982,1.7780862e-06,0
31591,0.99999285,7.1912873e-06,0
31592,0.99999976,2.706791e-07,0
31593,0.9999989,1.0478027e-06,0
31594,0.9999939,6.079953e-06,0
31595,1.0,1.0406799e-09,0
31596,1.0,2.3488914e-10,0
31597,0.9999999,1.2260323e-07,0
31598,0.9999982,1.7539752e-06,0
31599,0.9999999,1.6323442e-07,0
31600,1.0,4.187857e-09,0
31601,1.0,1.0158904e-09,0
31602,1.0,1.26585825e-11,0
31603,1.0,1.4246572e-08,0
31604,0.9999964,3.5268517e-06,0
31605,1.0,1.2297762e-09,0
31606,0.99999416,5.7940906e-06,0
31607,1.0,1.2009316e-08,0
31608,0.99999595,4.056694e-06,0
31609,0.99999905,9.2604535e-07,0
31610,1.0,1.648562e-10,0
31611,1.0,1.8093605e-08,0
31612,1.0,7.31963e-09,0
31613,1.0,3.090513e-09,0
31614,0.9999963,3.7526454e-06,0
31615,1.0,1.0067857e-09,0
31616,1.0,1.2995127e-08,0
31617,1.0,4.94482e-12,0
31618,1.0,3.614108e-08,0
31619,0.99999785,2.0934988e-06,0
31620,1.0,1.1541049e-09,0
31621,0.99999225,7.804463e-06,0
31622,0.99999964,3.256545e-07,0
31623,0.99999976,2.7258542e-07,0
31624,0.99977833,0.00022169079,0
31625,1.0,1.8078012e-08,0
31626,1.0,3.8477446e-10,0
31627,0.9999993,6.58015e-07,0
31628,0.9999728,2.7199438e-05,0
31629,0.9999993,7.6203276e-07,0
31630,0.9999993,7.4312845e-07,0
31631,0.99999607,3.9258166e-06,0
31632,0.9999988,1.159469e-06,0
31633,1.0,5.8545725e-12,0
31634,1.0,1.4436792e-08,0
31635,1.0,5.9747284e-11,0
31636,1.0,1.4032676e-09,0
31637,0.99999917,8.8712267e-07,0
31638,0.9999982,1.7762862e-06,0
31639,1.0,2.9055158e-10,0
31640,1.0,2.2883488e-09,0
31641,0.9999999,8.12844e-08,0
31642,1.0,1.8851176e-17,0
31643,1.0,1.562215e-10,0
31644,0.99999976,2.0363127e-07,0
31645,0.99994206,5.7889145e-05,0
31646,1.0,6.4882316e-10,0
31647,1.0,1.2825216e-09,0
31648,0.999995,4.984306e-06,0
31649,1.0,1.3425524e-08,0
31650,1.0,9.805346e-09,0
31651,0.9999975,2.5598515e-06,0
31652,0.99999976,2.445909e-07,0
31653,0.9999994,5.457327e-07,0
31654,0.999997,2.9951439e-06,0
31655,0.9999571,4.2906755e-05,0
31656,0.99999976,2.3922638e-07,0
31657,0.9999999,1.2071014e-07,0
31658,0.9999999,1.0334452e-07,0
31659,1.0,9.673113e-11,0
31660,1.0,3.228998e-09,0
31661,1.0,1.9742599e-10,0
31662,1.0,4.8393023e-08,0
31663,1.0,1.650962e-11,0
31664,1.0,5.837861e-11,0
31665,0.9999995,5.149834e-07,0
31666,0.9999995,4.9321517e-07,0
31667,1.0,3.7437548e-08,0
31668,0.99999964,3.8016523e-07,0
31669,0.9999994,6.5258934e-07,0
31670,0.9999993,6.672958e-07,0
31671,0.9999999,1.4944615e-07,0
31672,0.9999975,2.4797425e-06,0
31673,1.0,2.7338695e-08,0
31674,1.0,7.111404e-09,0
31675,0.99999464,5.366311e-06,0
31676,0.9999976,2.4248627e-06,0
31677,1.0,4.2969216e-08,0
31678,1.0,1.4142795e-08,0
31679,1.0,9.650367e-12,0
31680,1.0,1.6727164e-10,0
31681,0.99999857,1.4038352e-06,0
31682,1.0,1.3724065e-09,0
31683,0.9999981,1.9556692e-06,0
31684,1.0,4.857068e-11,0
31685,0.99935323,0.00064671953,0
31686,1.0,4.7181464e-12,0
31687,1.0,7.1683787e-10,0
31688,1.0,2.6127697e-08,0
31689,1.0,3.3890377e-09,0
31690,1.0,5.368356e-10,0
31691,0.99999905,9.008332e-07,0
31692,1.0,1.03377105e-10,0
31693,0.9999987,1.3343966e-06,0
31694,0.99999976,2.1485586e-07,0
31695,0.9999857,1.4263491e-05,0
31696,1.0,6.9814626e-11,0
31697,0.9999999,6.263609e-08,0
31698,0.99999225,7.754858e-06,0
31699,0.9999987,1.3555009e-06,0
31700,0.99999976,2.0687449e-07,0
31701,1.0,3.472652e-08,0
31702,1.0,3.4747838e-09,0
31703,1.0,8.554132e-10,0
31704,1.0,5.880582e-08,0
31705,0.99999976,2.5164658e-07,0
31706,0.9999999,1.206594e-07,0
31707,1.0,2.0912026e-08,0
31708,1.0,2.5683942e-08,0
31709,1.0,4.507691e-11,0
31710,1.0,2.4125853e-08,0
31711,1.0,2.9709523e-11,0
31712,1.0,1.1443227e-12,0
31713,1.0,3.2635306e-08,0
31714,1.0,3.0040332e-09,0
31715,1.0,4.2167175e-10,0
31716,1.0,3.2571144e-11,0
31717,1.0,3.0766195e-10,0
31718,0.9999999,1.01479316e-07,0
31719,1.0,3.3870357e-08,0
31720,1.0,3.852753e-10,0
31721,1.0,1.2487398e-09,0
31722,1.0,7.5565587e-10,0
31723,1.0,5.128034e-10,0
31724,1.0,5.4099467e-09,0
31725,1.0,1.9403441e-10,0
31726,1.0,5.194604e-09,0
31727,1.0,7.931468e-09,0
31728,1.0,4.7509833e-11,0
31729,1.0,1.158512e-08,0
31730,1.0,1.1573398e-11,0
31731,1.0,3.7699968e-11,0
31732,1.0,7.712306e-09,0
31733,1.0,7.1117934e-10,0
31734,0.9999999,7.6656434e-08,0
31735,1.0,1.3552123e-09,0
31736,1.0,1.5165323e-10,0
31737,1.0,1.2399788e-10,0
31738,1.0,3.4340064e-09,0
31739,1.0,8.064273e-09,0
31740,1.0,7.3453217e-09,0
31741,1.0,1.7878408e-08,0
31742,1.0,5.4241143e-12,0
31743,1.0,1.23852395e-08,0
31744,1.0,1.3617367e-09,0
31745,1.0,5.2607505e-09,0
31746,1.0,5.297566e-08,0
31747,1.0,3.5471263e-08,0
31748,1.0,1.499293e-10,0
31749,1.0,2.121477e-09,0
31750,1.0,1.6824258e-08,0
31751,1.0,2.2397255e-10,0
31752,1.0,5.9305005e-09,0
31753,1.0,3.511354e-09,0
31754,1.0,6.674483e-09,0
31755,1.0,1.3673904e-08,0
31756,1.0,6.5611294e-11,0
31757,1.0,1.1254798e-12,0
31758,1.0,1.1071881e-08,0
31759,1.0,2.5165694e-09,0
31760,1.0,4.44503e-12,0
31761,1.0,5.108061e-10,0
31762,1.0,1.05931215e-10,0
31763,1.0,3.171415e-09,0
31764,1.0,2.2724904e-09,0
31765,1.0,2.706443e-09,0
31766,1.0,5.7212626e-09,0
31767,1.0,2.872938e-09,0
31768,1.0,1.4740455e-10,0
31769,1.0,2.290612e-08,0
31770,1.0,1.6727664e-11,0
31771,1.0,1.8137209e-08,0
31772,1.0,7.780731e-09,0
31773,1.0,6.384532e-11,0
31774,1.0,1.5320349e-09,0
31775,1.0,1.0791261e-10,0
31776,1.0,6.5379004e-09,0
31777,1.0,2.7809486e-09,0
31778,1.0,1.2449505e-10,0
31779,1.0,1.2054451e-09,0
31780,1.0,9.525357e-12,0
31781,1.0,1.7985924e-10,0
31782,1.0,4.572715e-08,0
31783,1.0,2.7520275e-09,0
31784,1.0,6.5389943e-10,0
31785,1.0,5.2401583e-10,0
31786,1.0,1.9989116e-10,0
31787,1.0,3.300528e-11,0
31788,1.0,4.244373e-09,0
31789,1.0,2.7714484e-13,0
31790,1.0,5.438322e-10,0
31791,1.0,3.4026522e-09,0
31792,1.0,2.8181968e-10,0
31793,1.0,2.7428765e-10,0
31794,1.0,8.862016e-11,0
31795,1.0,6.265751e-11,0
31796,1.0,1.2976833e-10,0
31797,1.0,1.0404735e-09,0
31798,1.0,4.8055813e-12,0
31799,0.9999999,1.3365691e-07,0
31800,1.0,1.6191713e-15,0
31801,1.0,5.6351385e-10,0
31802,1.0,2.303527e-09,0
31803,1.0,8.439369e-12,0
31804,1.0,3.110015e-09,0
31805,1.0,1.8882685e-11,0
31806,1.0,4.4903787e-09,0
31807,1.0,5.0032084e-10,0
31808,1.0,1.04980226e-10,0
31809,1.0,9.6654046e-11,0
31810,1.0,3.1492926e-09,0
31811,1.0,9.0043417e-10,0
31812,1.0,6.1042305e-09,0
31813,1.0,3.1001008e-09,0
31814,1.0,1.5345492e-10,0
31815,1.0,3.6984626e-10,0
31816,1.0,8.017328e-09,0
31817,1.0,9.237458e-11,0
31818,1.0,1.4960137e-10,0
31819,1.0,8.889555e-12,0
31820,1.0,1.7718971e-10,0
31821,1.0,1.3872226e-10,0
31822,1.0,3.2436274e-09,0
31823,1.0,2.5701838e-11,0
31824,1.0,1.4092166e-09,0
31825,1.0,9.4142444e-11,0
31826,1.0,1.0657634e-09,0
31827,1.0,1.116764e-08,0
31828,1.0,2.4488431e-09,0
31829,1.0,1.6060105e-11,0
31830,1.0,2.2344503e-11,0
31831,1.0,4.923218e-10,0
31832,1.0,5.935658e-10,0
31833,1.0,7.823973e-10,0
31834,1.0,1.1820207e-10,0
31835,1.0,1.046337e-08,0
31836,1.0,7.5226053e-10,0
31837,1.0,1.5962883e-09,0
31838,1.0,3.217147e-08,0
31839,1.0,2.0533766e-09,0
31840,1.0,3.0808123e-10,0
31841,1.0,2.183184e-08,0
31842,1.0,7.125317e-10,0
31843,1.0,5.5212952e-11,0
31844,1.0,6.3162214e-10,0
31845,1.0,1.3408398e-09,0
31846,1.0,6.2338247e-12,0
31847,1.0,4.576023e-11,0
31848,1.0,2.6428607e-13,0
31849,1.0,1.165115e-09,0
31850,1.0,7.819907e-12,0
31851,1.0,6.5570044e-10,0
31852,1.0,4.4711987e-10,0
31853,1.0,1.1416125e-09,0
31854,1.0,5.193113e-11,0
31855,1.0,1.2660968e-08,0
31856,1.0,2.833997e-13,0
31857,1.0,4.0230888e-11,0
31858,1.0,5.1412946e-10,0
31859,1.0,8.502815e-09,0
31860,1.0,1.0364423e-10,0
31861,1.0,1.6844864e-09,0
31862,1.0,3.5023775e-09,0
31863,1.0,1.8575212e-09,0
31864,1.0,9.5535094e-11,0
31865,1.0,2.49431e-09,0
31866,1.0,9.369541e-13,0
31867,1.0,4.3723886e-11,0
31868,1.0,1.2155746e-08,0
31869,1.0,3.095036e-10,0
31870,1.0,1.7135157e-08,0
31871,1.0,3.000533e-10,0
31872,1.0,9.765703e-09,0
31873,1.0,9.404163e-10,0
31874,1.0,3.816241e-11,0
31875,1.0,9.695726e-10,0
31876,1.0,8.4944624e-10,0
31877,1.0,1.0413927e-09,0
31878,1.0,1.4733371e-10,0
31879,1.0,1.7883899e-08,0
31880,1.0,2.967154e-10,0
31881,1.0,3.9467749e-10,0
31882,1.0,8.173895e-09,0
31883,1.0,1.679187e-09,0
31884,1.0,1.252711e-10,0
31885,1.0,1.8235044e-10,0
31886,1.0,1.16699495e-08,0
31887,1.0,8.366493e-12,0
31888,1.0,6.82988e-14,0
31889,1.0,3.7941503e-10,0
31890,1.0,4.289075e-09,0
31891,1.0,1.6348134e-09,0
31892,1.0,3.8039723e-12,0
31893,1.0,5.127183e-10,0
31894,1.0,7.584325e-10,0
31895,1.0,5.453415e-10,0
31896,1.0,4.1005634e-09,0
31897,1.0,3.7570777e-10,0
31898,1.0,3.880292e-09,0
31899,1.0,4.0136155e-11,0
31900,1.0,2.301276e-11,0
31901,0.9999999,6.222041e-08,0
31902,1.0,6.005485e-11,0
31903,1.0,1.3561354e-09,0
31904,1.0,1.0607238e-09,0
31905,1.0,3.1097137e-12,0
31906,1.0,3.8218916e-12,0
31907,1.0,4.587307e-10,0
31908,1.0,1.8899133e-09,0
31909,1.0,6.728981e-11,0
31910,1.0,3.9120422e-11,0
31911,1.0,2.644685e-10,0
31912,1.0,8.66609e-12,0
31913,1.0,4.1357506e-10,0
31914,1.0,3.740304e-10,0
31915,1.0,4.8827043e-11,0
31916,1.0,2.3361588e-09,0
31917,1.0,2.0335834e-10,0
31918,1.0,2.6251853e-10,0
31919,1.0,3.1159866e-10,0
31920,1.0,2.699899e-10,0
31921,1.0,6.79523e-09,0
31922,1.0,9.6500044e-11,0
31923,1.0,1.1945845e-09,0
31924,1.0,2.2041606e-10,0
31925,1.0,6.076835e-10,0
31926,1.0,3.1402956e-09,0
31927,1.0,9.721902e-12,0
31928,1.0,1.2524799e-09,0
31929,1.0,3.665648e-12,0
31930,1.0,5.7822414e-11,0
31931,1.0,1.5415429e-10,0
31932,1.0,8.049841e-13,0
31933,1.0,6.858669e-09,0
31934,1.0,5.210282e-09,0
31935,1.0,6.5129296e-10,0
31936,1.0,1.15776645e-10,0
31937,1.0,2.7401523e-10,0
31938,1.0,6.799677e-09,0
31939,0.9999999,7.8527755e-08,0
31940,1.0,1.8518611e-09,0
31941,1.0,7.112187e-10,0
31942,1.0,1.969873e-11,0
31943,1.0,1.5779368e-10,0
31944,1.0,4.6651735e-11,0
31945,1.0,4.84118e-14,0
31946,1.0,1.4756721e-09,0
31947,1.0,2.1952761e-16,0
31948,1.0,1.4341695e-08,0
31949,1.0,3.7077459e-09,0
31950,1.0,2.7953642e-10,0
31951,1.0,2.542435e-12,0
31952,1.0,4.6704265e-11,0
31953,1.0,6.689056e-11,0
31954,1.0,4.054045e-08,0
31955,1.0,5.363862e-10,0
31956,1.0,1.0862671e-10,0
31957,1.0,1.2295409e-10,0
31958,1.0,8.455706e-12,0
31959,1.0,4.9107794e-11,0
31960,1.0,1.7337257e-10,0
31961,1.0,1.4020901e-13,0
31962,1.0,1.3932284e-10,0
31963,1.0,7.99409e-12,0
31964,1.0,2.2180091e-11,0
31965,1.0,2.2899795e-11,0
31966,1.0,1.2886392e-13,0
31967,1.0,1.4953763e-08,0
31968,1.0,8.838839e-11,0
31969,1.0,5.422152e-11,0
31970,1.0,6.448247e-10,0
31971,1.0,2.3617905e-09,0
31972,1.0,4.695046e-13,0
31973,1.0,1.8066947e-08,0
31974,1.0,7.708038e-10,0
31975,1.0,1.6856676e-11,0
31976,1.0,1.7635211e-11,0
31977,1.0,2.739406e-13,0
31978,1.0,1.8741253e-10,0
31979,1.0,2.1919741e-13,0
31980,1.0,2.9299423e-13,0
31981,1.0,5.2736195e-13,0
31982,1.0,1.6115477e-09,0
31983,1.0,2.1354116e-11,0
31984,1.0,4.3029264e-11,0
31985,1.0,2.428057e-10,0
31986,1.0,5.8804417e-10,0
31987,1.0,1.2324935e-12,0
31988,1.0,6.712803e-11,0
31989,1.0,1.6555628e-11,0
31990,1.0,9.173524e-12,0
31991,1.0,5.803895e-12,0
31992,1.0,1.6854828e-09,0
31993,1.0,1.1625971e-10,0
31994,1.0,6.4025008e-09,0
31995,1.0,9.028452e-10,0
31996,1.0,2.718325e-10,0
31997,1.0,3.0666658e-10,0
31998,1.0,1.8403942e-11,0
31999,1.0,6.257713e-11,0
32000,1.0,5.740845e-11,0
32001,1.0,1.0939023e-09,0
32002,1.0,8.961498e-12,0
32003,1.0,3.2158536e-11,0
32004,1.0,1.6135344e-09,0
32005,1.0,1.8095933e-10,0
32006,1.0,8.420264e-09,0
32007,1.0,2.980948e-11,0
32008,1.0,1.9965721e-10,0
32009,1.0,4.1013317e-12,0
32010,1.0,1.5043575e-10,0
32011,1.0,2.290601e-10,0
32012,1.0,2.9876168e-09,0
32013,1.0,5.655192e-12,0
32014,1.0,1.1916899e-09,0
32015,1.0,4.270958e-10,0
32016,1.0,6.535292e-10,0
32017,1.0,1.1406461e-09,0
32018,1.0,4.879432e-09,0
32019,1.0,1.4386912e-10,0
32020,1.0,2.385896e-09,0
32021,1.0,6.288469e-09,0
32022,1.0,1.7370953e-10,0
32023,1.0,6.74458e-11,0
32024,1.0,1.7194407e-09,0
32025,1.0,1.0671934e-09,0
32026,1.0,6.0000414e-09,0
32027,1.0,2.008778e-12,0
32028,1.0,2.0887768e-10,0
32029,1.0,2.8548095e-12,0
32030,1.0,6.1012275e-09,0
32031,1.0,1.884417e-09,0
32032,1.0,2.1789634e-10,0
32033,1.0,1.3162805e-09,0
32034,1.0,2.0400635e-10,0
32035,1.0,1.3550108e-09,0
32036,1.0,5.4409086e-09,0
32037,1.0,2.71968e-09,0
32038,1.0,2.9311666e-09,0
32039,1.0,6.2179895e-10,0
32040,1.0,4.098636e-11,0
32041,1.0,2.2111812e-09,0
32042,1.0,1.4529056e-08,0
32043,1.0,1.9758808e-09,0
32044,1.0,3.8335624e-10,0
32045,1.0,1.8421098e-09,0
32046,1.0,8.7755636e-10,0
32047,1.0,4.5638918e-10,0
32048,1.0,8.151057e-09,0
32049,1.0,6.217619e-11,0
32050,1.0,1.8359609e-09,0
32051,1.0,1.4382187e-11,0
32052,1.0,4.847577e-09,0
32053,1.0,5.6364126e-08,0
32054,0.9999999,9.458172e-08,0
32055,1.0,3.8416707e-11,0
32056,1.0,2.0043023e-10,0
32057,1.0,6.8083197e-09,0
32058,1.0,2.2338624e-11,0
32059,1.0,8.992662e-12,0
32060,1.0,6.813685e-09,0
32061,1.0,3.5065018e-09,0
32062,1.0,4.8823274e-09,0
32063,1.0,1.7531998e-09,0
32064,1.0,2.729218e-11,0
32065,1.0,8.416282e-09,0
32066,1.0,6.820283e-11,0
32067,1.0,1.127925e-09,0
32068,1.0,1.4650712e-09,0
32069,1.0,2.4484917e-10,0
32070,1.0,1.464597e-08,0
32071,1.0,2.6792637e-08,0
32072,1.0,3.0760447e-10,0
32073,1.0,3.2985217e-10,0
32074,1.0,3.687123e-10,0
32075,1.0,2.346253e-11,0
32076,1.0,2.7141986e-08,0
32077,1.0,2.978212e-09,0
32078,1.0,1.6079017e-11,0
32079,1.0,9.918075e-12,0
32080,1.0,1.9326137e-10,0
32081,1.0,4.695259e-10,0
32082,1.0,8.344198e-12,0
32083,1.0,1.0932057e-09,0
32084,1.0,2.2654187e-09,0
32085,1.0,8.7642645e-12,0
32086,1.0,3.3019273e-10,0
32087,1.0,2.827982e-09,0
32088,1.0,2.8926968e-11,0
32089,1.0,1.3227228e-10,0
32090,1.0,4.365206e-11,0
32091,0.9999999,1.5290324e-07,0
32092,1.0,1.0314303e-08,0
32093,1.0,1.1331736e-09,0
32094,1.0,3.854219e-12,0
32095,1.0,1.0455066e-09,0
32096,1.0,3.0457328e-10,0
32097,1.0,1.33856155e-11,0
32098,0.9999993,6.956057e-07,0
32099,1.0,5.325467e-08,0
32100,1.0,2.4933028e-08,0
32101,1.0,4.5526094e-09,0
32102,1.0,8.8862073e-10,0
32103,1.0,5.7103854e-08,0
32104,1.0,4.7925015e-12,0
32105,1.0,6.4482225e-10,0
32106,1.0,5.0948337e-08,0
32107,1.0,6.158499e-11,0
32108,1.0,3.75921e-12,0
32109,0.9999999,1.6025758e-07,0
32110,1.0,4.0928514e-09,0
32111,1.0,5.34474e-08,0
32112,1.0,4.1417596e-13,0
32113,0.9999999,9.855712e-08,0
32114,1.0,5.0133624e-14,0
32115,1.0,4.8113968e-08,0
32116,1.0,5.249417e-08,0
32117,1.0,4.794499e-10,0
32118,1.0,2.001786e-12,0
32119,1.0,3.1854522e-11,0
32120,1.0,1.2920291e-08,0
32121,1.0,8.546449e-14,0
32122,0.9999987,1.2890822e-06,0
32123,0.9999988,1.172054e-06,0
32124,1.0,2.036075e-10,0
32125,0.9999989,1.1037175e-06,0
32126,1.0,5.5138503e-09,0
32127,1.0,2.1511497e-08,0
32128,1.0,1.369654e-11,0
32129,1.0,1.4582776e-12,0
32130,1.0,1.7244056e-10,0
32131,1.0,4.917343e-10,0
32132,1.0,9.38358e-09,0
32133,1.0,3.1267728e-11,0
32134,1.0,6.2200588e-12,0
32135,1.0,4.2116356e-11,0
32136,0.9999999,6.707207e-08,0
32137,1.0,1.040722e-12,0
32138,0.9999994,5.681551e-07,0
32139,1.0,2.0561748e-09,0
32140,1.0,3.2263764e-12,0
32141,1.0,9.665819e-09,0
32142,0.9999995,5.267883e-07,0
32143,1.0,1.0093919e-11,0
32144,1.0,1.1269142e-09,0
32145,1.0,1.1778235e-10,0
32146,1.0,2.0348433e-11,0
32147,1.0,1.4450773e-10,0
32148,1.0,5.6009986e-10,0
32149,1.0,3.800374e-09,0
32150,1.0,4.0209525e-09,0
32151,1.0,7.654953e-11,0
32152,1.0,1.4243588e-11,0
32153,1.0,1.8770435e-11,0
32154,1.0,1.3331587e-09,0
32155,1.0,1.3283177e-10,0
32156,1.0,4.3848158e-11,0
32157,1.0,9.591651e-11,0
32158,1.0,2.6694572e-10,0
32159,1.0,1.12297584e-11,0
32160,1.0,8.688529e-09,0
32161,1.0,4.408067e-08,0
32162,1.0,1.6709752e-10,0
32163,1.0,2.4089317e-10,0
32164,1.0,6.142021e-10,0
32165,1.0,1.5265227e-08,0
32166,1.0,2.6136255e-09,0
32167,1.0,4.9577228e-11,0
32168,1.0,4.980031e-08,0
32169,1.0,2.1122622e-10,0
32170,1.0,8.535951e-12,0
32171,1.0,6.6660194e-10,0
32172,1.0,2.0032398e-10,0
32173,1.0,4.2633543e-11,0
32174,1.0,6.0841567e-09,0
32175,1.0,5.121566e-09,0
32176,1.0,4.0903888e-11,0
32177,1.0,3.1992224e-09,0
32178,1.0,2.1273199e-09,0
32179,1.0,3.374703e-10,0
32180,1.0,1.0992388e-11,0
32181,1.0,1.8215784e-10,0
32182,1.0,9.387031e-10,0
32183,1.0,5.3391888e-11,0
32184,1.0,2.687655e-10,0
32185,1.0,6.2265615e-09,0
32186,1.0,1.0100054e-09,0
32187,0.99999976,2.4476918e-07,0
32188,1.0,9.862064e-09,0
32189,1.0,6.870236e-11,0
32190,1.0,2.634746e-10,0
32191,1.0,4.6294363e-10,0
32192,1.0,4.9919158e-09,0
32193,1.0,1.7923503e-09,0
32194,1.0,1.5139427e-10,0
32195,1.0,4.5316761e-10,0
32196,1.0,2.8696382e-11,0
32197,1.0,3.7086367e-09,0
32198,1.0,3.3507745e-09,0
32199,1.0,2.1496954e-10,0
32200,1.0,5.1311186e-09,0
32201,1.0,6.579513e-11,0
32202,0.9999999,6.317264e-08,0
32203,1.0,9.036451e-09,0
32204,1.0,1.3782885e-08,0
32205,1.0,1.2820227e-09,0
32206,1.0,5.675881e-10,0
32207,1.0,5.167212e-09,0
32208,1.0,1.9025588e-08,0
32209,1.0,7.797875e-09,0
32210,1.0,5.550571e-09,0
32211,0.9999993,6.8034797e-07,0
32212,0.9999999,1.6691524e-07,0
32213,1.0,1.1470254e-09,0
32214,1.0,3.798888e-09,0
32215,1.0,4.340428e-09,0
32216,1.0,4.703954e-10,0
32217,1.0,1.3892792e-11,0
32218,1.0,1.35379725e-08,0
32219,0.99999976,2.7763664e-07,0
32220,1.0,4.1725629e-10,0
32221,1.0,1.896009e-12,0
32222,1.0,2.058537e-09,0
32223,1.0,4.5961943e-11,0
32224,1.0,4.9734687e-09,0
32225,1.0,7.4068786e-11,0
32226,1.0,2.0060178e-08,0
32227,1.0,1.0660429e-11,0
32228,1.0,1.0212211e-09,0
32229,1.0,5.6968927e-09,0
32230,1.0,6.808671e-09,0
32231,1.0,8.2767293e-10,0
32232,1.0,2.8933511e-09,0
32233,1.0,2.2011003e-08,0
32234,1.0,1.7076403e-11,0
32235,1.0,1.7008865e-10,0
32236,1.0,3.288918e-09,0
32237,1.0,7.1203134e-11,0
32238,1.0,7.247833e-13,0
32239,1.0,2.6703129e-10,0
32240,1.0,1.6055045e-08,0
32241,1.0,1.1282811e-11,0
32242,1.0,3.0105116e-11,0
32243,1.0,3.231698e-08,0
32244,1.0,2.1692829e-08,0
32245,1.0,1.7469111e-09,0
32246,1.0,1.1633013e-12,0
32247,1.0,2.714926e-10,0
32248,1.0,1.4132596e-09,0
32249,1.0,6.2534824e-13,0
32250,0.9999995,4.703483e-07,0
32251,1.0,1.2101284e-09,0
32252,1.0,2.3022146e-08,0
32253,1.0,4.7805946e-09,0
32254,1.0,8.629823e-11,0
32255,1.0,2.4238508e-10,0
32256,1.0,1.0225066e-11,0
32257,1.0,2.9213004e-08,0
32258,1.0,1.8516818e-08,0
32259,1.0,2.4410054e-08,0
32260,1.0,3.5699795e-08,0
32261,1.0,1.3640606e-09,0
32262,1.0,4.8461853e-11,0
32263,1.0,4.1911472e-10,0
32264,1.0,3.2208888e-10,0
32265,1.0,9.096313e-10,0
32266,1.0,3.2892848e-11,0
32267,1.0,1.6812582e-08,0
32268,1.0,8.129467e-11,0
32269,1.0,6.540292e-10,0
32270,0.9999999,1.6613008e-07,0
32271,1.0,1.9792001e-09,0
32272,1.0,2.4110935e-09,0
32273,1.0,1.6141756e-08,0
32274,1.0,1.759683e-12,0
32275,1.0,8.2186025e-10,0
32276,1.0,5.5505285e-09,0
32277,1.0,1.0779629e-08,0
32278,1.0,1.9640225e-09,0
32279,0.99999976,2.2791835e-07,0
32280,1.0,3.7252903e-09,0
32281,1.0,1.4696311e-08,0
32282,0.9999999,7.579444e-08,0
32283,0.9999999,6.6453076e-08,0
32284,1.0,5.6027673e-08,0
32285,1.0,6.98109e-11,0
32286,1.0,5.395538e-10,0
32287,1.0,1.7097587e-11,0
32288,1.0,9.281279e-10,0
32289,1.0,2.1388382e-09,0
32290,1.0,9.645708e-09,0
32291,1.0,1.2519282e-09,0
32292,1.0,5.614839e-10,0
32293,1.0,5.912839e-08,0
32294,1.0,1.2077954e-08,0
32295,1.0,1.9338877e-08,0
32296,1.0,3.008276e-09,0
32297,1.0,1.1014294e-08,0
32298,1.0,6.3108545e-09,0
32299,1.0,2.2938462e-09,0
32300,1.0,7.291632e-10,0
32301,1.0,7.63554e-12,0
32302,1.0,6.953031e-09,0
32303,0.9999999,1.5449169e-07,0
32304,1.0,5.542366e-11,0
32305,1.0,3.076234e-09,0
32306,1.0,5.3104145e-08,0
32307,1.0,2.2035323e-08,0
32308,1.0,6.313969e-10,0
32309,1.0,2.8929891e-11,0
32310,1.0,3.5660544e-11,0
32311,1.0,7.0642663e-12,0
32312,1.0,1.6199084e-09,0
32313,1.0,2.1411932e-09,0
32314,1.0,9.585113e-09,0
32315,0.9999999,1.0023565e-07,0
32316,1.0,1.4052086e-10,0
32317,1.0,5.7404397e-11,0
32318,1.0,2.4571667e-09,0
32319,1.0,7.928837e-09,0
32320,1.0,7.46584e-11,0
32321,1.0,2.1531312e-09,0
32322,1.0,8.655795e-09,0
32323,1.0,7.726618e-09,0
32324,1.0,4.761182e-10,0
32325,1.0,8.022468e-09,0
32326,1.0,5.3887474e-11,0
32327,1.0,9.565202e-10,0
32328,1.0,4.6670117e-09,0
32329,0.9999999,6.601056e-08,0
32330,1.0,1.8821874e-08,0
32331,1.0,1.2358185e-10,0
32332,1.0,1.8271061e-08,0
32333,1.0,2.7688693e-10,0
32334,1.0,8.192704e-09,0
32335,1.0,2.54926e-10,0
32336,1.0,1.0527784e-09,0
32337,1.0,3.9172523e-08,0
32338,1.0,5.768821e-12,0
32339,1.0,2.5608646e-09,0
32340,1.0,3.1149363e-09,0
32341,0.9999999,1.0410879e-07,0
32342,1.0,1.9138895e-11,0
32343,1.0,3.283039e-09,0
32344,1.0,1.0714003e-10,0
32345,1.0,1.2053325e-09,0
32346,1.0,1.30522855e-08,0
32347,1.0,6.849022e-09,0
32348,1.0,3.830434e-10,0
32349,1.0,2.1745482e-08,0
32350,1.0,1.8518822e-09,0
32351,1.0,3.0629437e-09,0
32352,1.0,1.8730764e-08,0
32353,1.0,5.7425154e-09,0
32354,1.0,3.2257106e-09,0
32355,1.0,2.4729895e-08,0
32356,1.0,2.0357373e-10,0
32357,1.0,4.444098e-08,0
32358,1.0,6.7112094e-09,0
32359,1.0,1.205425e-08,0
32360,1.0,4.362661e-10,0
32361,1.0,2.6394755e-09,0
32362,1.0,6.573286e-09,0
32363,1.0,8.890806e-09,0
32364,1.0,6.686569e-11,0
32365,1.0,2.1562495e-10,0
32366,0.9999999,9.33558e-08,0
32367,1.0,1.5111971e-09,0
32368,1.0,7.158569e-10,0
32369,1.0,4.2199e-08,0
32370,1.0,4.1842583e-08,0
32371,1.0,3.067865e-10,0
32372,1.0,7.81619e-09,0
32373,1.0,9.613456e-09,0
32374,1.0,1.2187731e-09,0
32375,0.9999999,6.6014834e-08,0
32376,1.0,2.7379995e-10,0
32377,1.0,5.1163178e-11,0
32378,1.0,6.389521e-09,0
32379,1.0,3.6937536e-10,0
32380,1.0,4.6599266e-11,0
32381,1.0,2.1571162e-11,0
32382,1.0,9.386674e-10,0
32383,1.0,8.504805e-10,0
32384,1.0,4.5002416e-08,0
32385,1.0,2.3284583e-09,0
32386,1.0,9.66924e-11,0
32387,1.0,4.8375398e-08,0
32388,1.0,2.2844251e-08,0
32389,1.0,8.411676e-09,0
32390,1.0,4.6020476e-10,0
32391,1.0,3.1686428e-11,0
32392,1.0,1.1327732e-10,0
32393,0.9999995,4.3912084e-07,0
32394,1.0,1.3120626e-08,0
32395,0.9999989,1.0735267e-06,0
32396,1.0,4.0918577e-10,0
32397,1.0,1.4452703e-10,0
32398,1.0,3.285971e-09,0
32399,1.0,2.5111022e-10,0
32400,1.0,8.59856e-10,0
32401,1.0,3.7747333e-10,0
32402,1.0,3.5206822e-09,0
32403,1.0,2.0963911e-11,0
32404,1.0,4.0862993e-09,0
32405,1.0,4.7947393e-09,0
32406,1.0,2.5222371e-11,0
32407,1.0,3.524366e-08,0
32408,1.0,1.3727768e-11,0
32409,1.0,2.5330387e-09,0
32410,1.0,1.9849587e-08,0
32411,1.0,1.1483733e-10,0
32412,1.0,4.8395144e-08,0
32413,1.0,2.124734e-08,0
32414,1.0,2.165248e-12,0
32415,1.0,4.3092672e-11,0
32416,1.0,6.963589e-11,0
32417,1.0,7.4380135e-10,0
32418,1.0,9.444937e-09,0
32419,1.0,1.5887673e-09,0
32420,1.0,3.438455e-10,0
32421,1.0,1.944758e-09,0
32422,1.0,1.0877988e-11,0
32423,1.0,8.64202e-13,0
32424,1.0,3.582216e-08,0
32425,1.0,6.12485e-09,0
32426,1.0,4.464592e-11,0
32427,1.0,2.59161e-09,0
32428,1.0,2.2436344e-09,0
32429,1.0,1.1965097e-08,0
32430,1.0,5.705284e-10,0
32431,1.0,4.2908625e-11,0
32432,0.99999905,9.235372e-07,0
32433,1.0,2.0542226e-09,0
32434,1.0,5.704762e-10,0
32435,0.9999999,7.141255e-08,0
32436,1.0,2.2772818e-08,0
32437,1.0,1.8493559e-08,0
32438,1.0,3.1178327e-08,0
32439,1.0,1.1726954e-09,0
32440,1.0,9.515997e-10,0
32441,1.0,1.3062522e-08,0
32442,1.0,4.27403e-14,0
32443,1.0,2.6848141e-08,0
32444,1.0,5.3812527e-10,0
32445,1.0,6.358055e-10,0
32446,1.0,3.313514e-08,0
32447,1.0,2.5661148e-10,0
32448,0.99999964,3.645318e-07,0
32449,0.99999976,2.3003322e-07,0
32450,1.0,8.2953466e-10,0
32451,1.0,2.1795536e-10,0
32452,1.0,9.5703525e-09,0
32453,1.0,1.4083809e-09,0
32454,1.0,2.478221e-12,0
32455,1.0,1.5779115e-08,0
32456,1.0,6.830672e-11,0
32457,1.0,8.137169e-09,0
32458,1.0,3.2579253e-09,0
32459,1.0,5.240478e-10,0
32460,1.0,1.2271272e-11,0
32461,1.0,1.7186324e-11,0
32462,1.0,1.7318946e-10,0
32463,0.99999976,2.4889323e-07,0
32464,1.0,6.406962e-12,0
32465,1.0,1.7463306e-10,0
32466,1.0,4.915786e-10,0
32467,0.9999987,1.3538511e-06,0
32468,1.0,1.1443217e-10,0
32469,1.0,1.3964296e-09,0
32470,1.0,6.0352406e-10,0
32471,1.0,2.2025815e-09,0
32472,1.0,7.022141e-11,0
32473,0.99999964,3.7921217e-07,0
32474,1.0,8.094102e-10,0
32475,1.0,3.0555214e-09,0
32476,1.0,7.087504e-09,0
32477,1.0,1.058681e-08,0
32478,1.0,3.9549508e-10,0
32479,1.0,5.988308e-10,0
32480,1.0,7.215495e-11,0
32481,1.0,3.526561e-10,0
32482,1.0,1.4168979e-09,0
32483,1.0,4.6456675e-10,0
32484,1.0,2.199925e-08,0
32485,1.0,9.009641e-12,0
32486,1.0,8.3476925e-10,0
32487,1.0,5.6576004e-11,0
32488,1.0,6.6342243e-09,0
32489,1.0,5.0972776e-10,0
32490,1.0,8.8413377e-10,0
32491,1.0,1.5456492e-11,0
32492,1.0,6.094115e-11,0
32493,1.0,2.0083471e-10,0
32494,0.9999999,7.858139e-08,0
32495,1.0,2.7167478e-11,0
32496,1.0,5.2791296e-11,0
32497,1.0,4.3414772e-10,0
32498,0.99999976,2.1413133e-07,0
32499,1.0,5.619881e-08,0
32500,1.0,6.464749e-10,0
32501,1.0,3.347264e-11,0
32502,1.0,8.496683e-10,0
32503,1.0,1.208546e-09,0
32504,1.0,1.4850456e-10,0
32505,0.9999999,6.9417446e-08,0
32506,1.0,3.4602037e-11,0
32507,0.9999999,1.2338477e-07,0
32508,0.99999976,1.9087784e-07,0
32509,1.0,1.48058135e-08,0
32510,1.0,5.921608e-08,0
32511,1.0,4.1623744e-09,0
32512,1.0,3.5984236e-09,0
32513,1.0,7.7568806e-11,0
32514,1.0,3.3603555e-09,0
32515,1.0,6.8208106e-09,0
32516,1.0,2.403812e-08,0
32517,1.0,3.274336e-08,0
32518,0.99999976,1.9526728e-07,0
32519,1.0,9.402195e-09,0
32520,1.0,2.9684843e-10,0
32521,0.9999999,7.797671e-08,0
32522,1.0,9.777122e-10,0
32523,1.0,2.4303564e-09,0
32524,1.0,5.51903e-08,0
32525,1.0,1.9789141e-08,0
32526,1.0,3.3905178e-13,0
32527,1.0,4.9744125e-11,0
32528,1.0,2.4066632e-10,0
32529,1.0,1.7977923e-11,0
32530,1.0,3.5254264e-09,0
32531,0.9999999,9.4849455e-08,0
32532,1.0,2.9084173e-09,0
32533,1.0,4.6751905e-09,0
32534,1.0,2.1695248e-10,0
32535,0.99999964,3.0589345e-07,0
32536,1.0,7.549812e-11,0
32537,1.0,2.0524757e-09,0
32538,1.0,3.452252e-08,0
32539,1.0,3.2734034e-13,0
32540,1.0,4.877436e-11,0
32541,1.0,1.5184085e-09,0
32542,1.0,8.2756154e-12,0
32543,1.0,1.0968277e-12,0
32544,1.0,7.776394e-10,0
32545,1.0,1.5892441e-08,0
32546,1.0,2.343107e-09,0
32547,1.0,3.4697467e-11,0
32548,1.0,2.882839e-10,0
32549,1.0,1.2543272e-10,0
32550,1.0,8.5523665e-11,0
32551,0.99999964,4.0929672e-07,0
32552,1.0,8.831819e-13,0
32553,1.0,2.9019712e-10,0
32554,1.0,1.1596566e-09,0
32555,1.0,8.604438e-09,0
32556,1.0,3.1295754e-12,0
32557,1.0,1.0348724e-09,0
32558,1.0,5.935163e-09,0
32559,1.0,3.2253293e-09,0
32560,1.0,1.3416659e-13,0
32561,1.0,5.0818207e-11,0
32562,1.0,3.1805516e-08,0
32563,1.0,3.3929393e-08,0
32564,0.99999917,7.966006e-07,0
32565,0.9999976,2.369911e-06,0
32566,1.0,1.0421861e-08,0
32567,0.9999994,5.894473e-07,0
32568,1.0,3.302828e-10,0
32569,1.0,5.3312976e-09,0
32570,1.0,8.242327e-09,0
32571,1.0,1.801588e-08,0
32572,1.0,2.8100837e-08,0
32573,1.0,9.087231e-09,0
32574,1.0,1.694257e-08,0
32575,1.0,2.444452e-09,0
32576,1.0,3.2010294e-09,0
32577,0.9999993,6.697191e-07,0
32578,0.99999964,3.29513e-07,0
32579,0.99999976,2.6729506e-07,0
32580,1.0,4.7185253e-08,0
32581,1.0,4.3824816e-08,0
32582,1.0,4.0381147e-09,0
32583,1.0,1.7123288e-09,0
32584,1.0,3.9492864e-08,0
32585,1.0,9.676998e-09,0
32586,0.9999999,6.306898e-08,0
32587,1.0,3.715726e-08,0
32588,1.0,5.020294e-09,0
32589,1.0,4.3416474e-08,0
32590,0.999998,2.0400537e-06,0
32591,0.9999995,4.1995537e-07,0
32592,0.9999999,1.3772181e-07,0
32593,1.0,2.4126334e-10,0
32594,1.0,2.6851357e-09,0
32595,1.0,4.2001947e-08,0
32596,1.0,1.2508541e-09,0
32597,1.0,5.248566e-08,0
32598,0.9999999,1.00031876e-07,0
32599,0.9999999,1.6541236e-07,0
32600,0.9999999,1.6569906e-07,0
32601,1.0,1.6112557e-09,0
32602,0.99999964,2.9902296e-07,0
32603,0.99999976,2.4409363e-07,0
32604,1.0,5.0983914e-08,0
32605,0.99999976,2.5562892e-07,0
32606,0.9999999,1.6627813e-07,0
32607,0.99999976,2.225327e-07,0
32608,0.9999995,4.2198195e-07,0
32609,1.0,2.9994087e-08,0
32610,0.9999999,8.133852e-08,0
32611,0.9999999,8.6637606e-08,0
32612,1.0,1.1411037e-08,0
32613,0.99999964,3.9912888e-07,0
32614,1.0,1.5893562e-08,0
32615,1.0,2.490988e-08,0
32616,1.0,1.03132605e-08,0
32617,1.0,6.8467623e-09,0
32618,1.0,9.549155e-11,0
32619,1.0,6.7438153e-09,0
32620,1.0,8.738304e-09,0
32621,1.0,5.609426e-09,0
32622,1.0,1.6930858e-10,0
32623,0.9999999,7.5358244e-08,0
32624,1.0,5.219194e-09,0
32625,1.0,5.3867386e-09,0
32626,1.0,1.3446769e-08,0
32627,1.0,1.9680733e-08,0
32628,1.0,1.2985036e-09,0
32629,1.0,2.2366454e-08,0
32630,1.0,8.62659e-09,0
32631,0.9999999,8.7791044e-08,0
32632,1.0,4.9761475e-08,0
32633,1.0,3.4458576e-08,0
32634,0.9999999,8.5813326e-08,0
32635,0.99999976,1.9743096e-07,0
32636,1.0,1.9410447e-09,0
32637,1.0,1.2159549e-08,0
32638,1.0,1.2069779e-08,0
32639,0.9999995,4.5643668e-07,0
32640,1.0,4.602535e-08,0
32641,1.0,1.1676161e-08,0
32642,1.0,7.4603634e-10,0
32643,1.0,3.935584e-09,0
32644,1.0,8.200458e-09,0
32645,0.9999999,1.6597379e-07,0
32646,0.9999993,6.820266e-07,0
32647,1.0,2.6972506e-08,0
32648,1.0,2.0066835e-08,0
32649,1.0,2.5572248e-08,0
32650,0.99999976,2.0308185e-07,0
32651,0.9999999,6.367916e-08,0
32652,1.0,1.1936098e-09,0
32653,1.0,5.061348e-09,0
32654,1.0,4.994547e-08,0
32655,1.0,5.867398e-11,0
32656,1.0,5.2799507e-09,0
32657,1.0,1.2369517e-08,0
32658,1.0,3.193956e-08,0
32659,1.0,3.0039313e-08,0
32660,1.0,4.6355814e-12,0
32661,1.0,2.3312682e-08,0
32662,1.0,4.3828807e-09,0
32663,1.0,2.324057e-09,0
32664,1.0,9.724461e-12,0
32665,1.0,8.610812e-12,0
32666,1.0,4.7103997e-14,0
32667,1.0,9.738411e-10,0
32668,1.0,8.544055e-10,0
32669,1.0,4.355367e-11,0
32670,1.0,5.3759304e-09,0
32671,1.0,3.1211407e-08,0
32672,1.0,2.1043975e-09,0
32673,1.0,6.0874874e-09,0
32674,1.0,2.6087223e-11,0
32675,1.0,1.100125e-09,0
32676,1.0,1.4796765e-10,0
32677,1.0,5.1483966e-11,0
32678,1.0,1.7346196e-09,0
32679,1.0,6.191403e-12,0
32680,1.0,4.0108472e-10,0
32681,0.9999999,7.269836e-08,0
32682,1.0,2.352768e-08,0
32683,1.0,3.5115043e-11,0
32684,1.0,4.864084e-08,0
32685,1.0,3.8621686e-11,0
32686,1.0,2.925913e-11,0
32687,1.0,9.425694e-10,0
32688,1.0,1.3339008e-10,0
32689,1.0,1.2110375e-10,0
32690,1.0,3.176623e-08,0
32691,1.0,4.1132805e-11,0
32692,1.0,3.03343e-14,0
32693,1.0,1.42773375e-08,0
32694,1.0,3.3095693e-10,0
32695,1.0,9.648021e-10,0
32696,1.0,3.103815e-10,0
32697,1.0,2.3714491e-10,0
32698,1.0,2.2004075e-08,0
32699,1.0,3.755439e-09,0
32700,0.9999999,6.3093644e-08,0
32701,1.0,4.065038e-09,0
32702,1.0,1.0145944e-10,0
32703,0.9999994,5.434418e-07,0
32704,0.9999999,1.6983265e-07,0
32705,1.0,6.740189e-09,0
32706,1.0,3.9608414e-09,0
32707,1.0,3.097407e-08,0
32708,1.0,4.6380674e-08,0
32709,1.0,2.3145537e-10,0
32710,1.0,5.819642e-10,0
32711,1.0,3.999057e-08,0
32712,1.0,1.7778357e-09,0
32713,1.0,2.9470412e-10,0
32714,0.9999999,6.71645e-08,0
32715,1.0,4.2954727e-11,0
32716,1.0,1.8001558e-08,0
32717,0.99999964,3.417869e-07,0
32718,1.0,2.0639636e-08,0
32719,1.0,1.3271694e-08,0
32720,1.0,8.445194e-09,0
32721,0.9999994,5.5770073e-07,0
32722,0.9999994,5.574008e-07,0
32723,1.0,1.4604878e-08,0
32724,1.0,4.396564e-08,0
32725,1.0,5.6963955e-08,0
32726,1.0,5.728229e-09,0
32727,1.0,1.2947427e-08,0
32728,1.0,5.7963952e-08,0
32729,1.0,4.5251337e-08,0
32730,1.0,1.3988208e-09,0
32731,1.0,1.6632056e-08,0
32732,1.0,4.4441806e-09,0
32733,1.0,1.9012056e-08,0
32734,1.0,3.4104605e-10,0
32735,1.0,2.7046692e-08,0
32736,0.99999976,1.8220969e-07,0
32737,1.0,1.2869478e-08,0
32738,0.99999976,1.8336911e-07,0
32739,1.0,4.7872097e-09,0
32740,1.0,2.6516267e-09,0
32741,0.9999999,8.669397e-08,0
32742,1.0,1.2432404e-09,0
32743,1.0,2.8654531e-08,0
32744,1.0,5.310827e-09,0
32745,1.0,3.132102e-08,0
32746,0.99999905,8.9651036e-07,0
32747,0.99999976,2.0034354e-07,0
32748,0.9999999,8.6689504e-08,0
32749,1.0,3.5516792e-10,0
32750,1.0,1.604475e-09,0
32751,0.9999999,1.16182726e-07,0
32752,0.9999999,9.856295e-08,0
32753,1.0,7.1901827e-09,0
32754,1.0,1.1582242e-09,0
32755,1.0,3.1313206e-11,0
32756,1.0,5.9893474e-10,0
32757,0.99999976,1.9764515e-07,0
32758,1.0,1.6006054e-09,0
32759,0.9999995,4.266086e-07,0
32760,0.9999999,6.960292e-08,0
32761,0.99999964,3.8496353e-07,0
32762,1.0,3.1241767e-09,0
32763,1.0,4.4517503e-08,0
32764,1.0,2.2646423e-08,0
32765,0.99999976,2.1176604e-07,0
32766,0.9999999,1.1634173e-07,0
32767,0.9999999,1.587203e-07,0
32768,0.99999976,1.8471178e-07,0
32769,1.0,7.900241e-10,0
32770,1.0,1.4090466e-10,0
32771,1.0,1.4872695e-08,0
32772,0.9999999,1.02083455e-07,0
32773,1.0,2.4589577e-09,0
32774,1.0,2.9331018e-09,0
32775,1.0,5.266054e-08,0
32776,1.0,5.620492e-08,0
32777,1.0,4.052035e-08,0
32778,0.99999964,3.2012542e-07,0
32779,0.9999999,6.884676e-08,0
32780,1.0,4.8582005e-10,0
32781,0.9999999,7.6294256e-08,0
32782,0.9999999,1.2010626e-07,0
32783,1.0,2.758907e-09,0
32784,1.0,9.194103e-09,0
32785,1.0,9.271229e-10,0
32786,1.0,3.4243328e-09,0
32787,1.0,4.5702184e-09,0
32788,0.99999964,3.3148544e-07,0
32789,1.0,1.06187015e-08,0
32790,1.0,1.251131e-09,0
32791,1.0,3.3688635e-10,0
32792,0.9999999,8.108464e-08,0
32793,0.99999964,3.335543e-07,0
32794,1.0,3.23173e-11,0
32795,0.99999976,2.5069752e-07,0
32796,0.9999999,9.057817e-08,0
32797,0.99999976,1.9195157e-07,0
32798,0.9999999,1.0895347e-07,0
32799,0.9999999,1.05795266e-07,0
32800,0.9999995,4.333672e-07,0
32801,0.99999976,2.0538951e-07,0
32802,1.0,2.3654028e-08,0
32803,0.9999995,5.292467e-07,0
32804,0.99999976,2.5187924e-07,0
32805,1.0,3.0025166e-08,0
32806,0.9999975,2.470063e-06,0
32807,0.9999999,1.5138237e-07,0
32808,1.0,5.412231e-08,0
32809,0.9999999,6.53283e-08,0
32810,1.0,3.3499887e-09,0
32811,1.0,4.9575224e-08,0
32812,0.99999964,3.31052e-07,0
32813,1.0,1.7461448e-09,0
32814,0.9999993,6.9872397e-07,0
32815,0.9999999,1.0719763e-07,0
32816,0.9999994,5.834886e-07,0
32817,1.0,8.012798e-10,0
32818,0.99999976,2.0893452e-07,0
32819,1.0,2.779726e-11,0
32820,0.9999994,5.9756604e-07,0
32821,1.0,4.057253e-09,0
32822,1.0,4.5915225e-08,0
32823,1.0,5.5587208e-08,0
32824,1.0,9.05657e-09,0
32825,1.0,1.2706733e-09,0
32826,0.9999999,9.949148e-08,0
32827,1.0,4.4409965e-08,0
32828,0.99999857,1.4564371e-06,0
32829,0.99999976,2.4205852e-07,0
32830,1.0,2.987453e-08,0
32831,1.0,3.308588e-08,0
32832,1.0,5.31671e-11,0
32833,0.99999964,4.1478503e-07,0
32834,0.99999917,8.371072e-07,0
32835,0.99999976,2.4438756e-07,0
32836,0.9999999,1.0389851e-07,0
32837,1.0,1.00304085e-08,0
32838,1.0,1.1153867e-08,0
32839,0.99999976,2.2455542e-07,0
32840,1.0,1.5152629e-10,0
32841,0.9999999,7.2601225e-08,0
32842,1.0,3.7179877e-08,0
32843,0.9999999,1.1702408e-07,0
32844,1.0,1.6640996e-09,0
32845,0.9999999,1.4341346e-07,0
32846,1.0,1.522568e-08,0
32847,1.0,3.307957e-08,0
32848,0.9999999,1.3374566e-07,0
32849,1.0,1.7052473e-08,0
32850,1.0,1.392889e-09,0
32851,1.0,3.2101838e-08,0
32852,0.9999999,9.578574e-08,0
32853,0.9999999,1.3692387e-07,0
32854,1.0,4.4826624e-08,0
32855,0.9999999,7.2819375e-08,0
32856,0.9999999,7.7301294e-08,0
32857,0.9999989,1.112965e-06,0
32858,0.9999999,6.6715714e-08,0
32859,1.0,1.3728881e-09,0
32860,1.0,1.1122738e-09,0
32861,0.99999917,8.252695e-07,0
32862,0.9999999,1.18205634e-07,0
32863,1.0,1.6561337e-08,0
32864,1.0,3.0315306e-08,0
32865,1.0,3.082467e-08,0
32866,1.0,3.4964852e-08,0
32867,0.99999976,1.8927432e-07,0
32868,1.0,1.883314e-09,0
32869,0.9999999,8.2885215e-08,0
32870,0.9999999,1.2641476e-07,0
32871,1.0,1.6472562e-08,0
32872,1.0,8.496249e-09,0
32873,1.0,9.767267e-09,0
32874,1.0,6.058954e-10,0
32875,0.9999999,1.0732099e-07,0
32876,0.9999975,2.5367108e-06,0
32877,0.9999999,5.967983e-08,0
32878,0.9999999,1.6362921e-07,0
32879,1.0,3.4859774e-08,0
32880,0.99999976,2.160818e-07,0
32881,0.9999999,1.1695714e-07,0
32882,0.9999999,5.969497e-08,0
32883,1.0,4.2121805e-08,0
32884,0.9999994,5.814865e-07,0
32885,1.0,1.3001673e-08,0
32886,1.0,2.9733322e-08,0
32887,1.0,4.6085173e-08,0
32888,0.9999974,2.6517293e-06,0
32889,1.0,3.136759e-08,0
32890,1.0,2.6066855e-09,0
32891,1.0,2.6968083e-08,0
32892,1.0,1.4085475e-09,0
32893,0.99999857,1.4117618e-06,0
32894,1.0,1.0266726e-08,0
32895,1.0,4.1962068e-08,0
32896,1.0,4.355906e-08,0
32897,0.9999993,7.379334e-07,0
32898,1.0,5.1419377e-08,0
32899,1.0,2.0937149e-10,0
32900,1.0,2.0628212e-09,0
32901,1.0,1.3592033e-10,0
32902,1.0,1.28933095e-08,0
32903,1.0,1.1544181e-08,0
32904,0.9999999,6.966282e-08,0
32905,1.0,1.5134931e-09,0
32906,1.0,2.0753006e-08,0
32907,1.0,2.6412597e-08,0
32908,1.0,1.2356854e-08,0
32909,1.0,2.8448355e-08,0
32910,1.0,5.052493e-09,0
32911,0.99999976,2.8250463e-07,0
32912,0.9999999,1.550057e-07,0
32913,1.0,4.61229e-08,0
32914,0.99999976,2.8324433e-07,0
32915,1.0,8.414725e-09,0
32916,0.9999999,1.257906e-07,0
32917,1.0,6.704902e-09,0
32918,1.0,7.644254e-12,0
32919,1.0,5.5161014e-09,0
32920,0.99999976,2.1791075e-07,0
32921,0.9999999,7.098898e-08,0
32922,1.0,2.3220363e-09,0
32923,1.0,8.4481093e-13,0
32924,1.0,4.646813e-09,0
32925,1.0,4.5445211e-10,0
32926,0.9999999,6.298195e-08,0
32927,1.0,8.801059e-10,0
32928,1.0,3.222968e-09,0
32929,1.0,3.4995529e-09,0
32930,1.0,1.9505966e-10,0
32931,1.0,5.8649585e-11,0
32932,1.0,7.922634e-10,0
32933,0.99999976,2.2984246e-07,0
32934,0.9999999,1.01785595e-07,0
32935,1.0,5.361482e-09,0
32936,1.0,1.97378e-08,0
32937,1.0,2.5271719e-08,0
32938,1.0,4.700725e-10,0
32939,1.0,1.44528265e-08,0
32940,1.0,6.6901347e-09,0
32941,0.99999964,3.9081183e-07,0
32942,1.0,4.3848707e-09,0
32943,1.0,2.654764e-09,0
32944,1.0,4.6105395e-08,0
32945,1.0,6.653787e-10,0
32946,0.9999999,6.284335e-08,0
32947,1.0,2.1460885e-08,0
32948,1.0,9.4255e-09,0
32949,1.0,1.3453158e-08,0
32950,0.9999999,1.2904903e-07,0
32951,1.0,2.6841114e-09,0
32952,1.0,3.8047055e-08,0
32953,0.99999964,3.5264443e-07,0
32954,1.0,1.2595982e-08,0
32955,0.99999976,2.672344e-07,0
32956,0.99999964,3.0424735e-07,0
32957,1.0,1.27292505e-08,0
32958,0.99999976,1.83712e-07,0
32959,1.0,1.5640532e-08,0
32960,0.99999964,3.197303e-07,0
32961,1.0,1.6749656e-08,0
32962,1.0,5.833406e-08,0
32963,1.0,2.1850053e-11,0
32964,1.0,2.6728886e-08,0
32965,1.0,1.4032923e-08,0
32966,1.0,1.923268e-08,0
32967,1.0,4.8982307e-09,0
32968,1.0,6.585958e-10,0
32969,1.0,2.6843558e-10,0
32970,1.0,2.8481416e-12,0
32971,1.0,5.985708e-09,0
32972,1.0,4.4985417e-12,0
32973,1.0,2.6056676e-12,0
32974,1.0,6.1376316e-13,0
32975,1.0,1.1335615e-11,0
32976,1.0,1.8680166e-09,0
32977,1.0,1.8738017e-12,0
32978,1.0,4.7714454e-14,0
32979,1.0,3.4456653e-09,0
32980,1.0,3.107538e-08,0
32981,1.0,2.6439635e-14,0
32982,1.0,7.1880396e-10,0
32983,1.0,3.0545377e-12,0
32984,1.0,9.770356e-10,0
32985,1.0,1.9824276e-08,0
32986,1.0,4.689233e-15,0
32987,1.0,2.6741878e-09,0
32988,1.0,5.439074e-12,0
32989,1.0,1.778899e-11,0
32990,1.0,8.0729555e-12,0
32991,1.0,1.9742618e-08,0
32992,1.0,3.5948768e-09,0
32993,0.9999999,7.937192e-08,0
32994,1.0,2.171013e-08,0
32995,1.0,6.259825e-11,0
32996,1.0,5.2514167e-13,0
32997,1.0,2.273738e-10,0
32998,1.0,3.6647216e-14,0
32999,1.0,3.949874e-08,0
33000,1.0,3.5359045e-13,0
33001,1.0,1.2513409e-09,0
33002,1.0,2.0435763e-10,0
33003,1.0,9.072147e-09,0
33004,1.0,5.788529e-08,0
33005,1.0,1.0290914e-09,0
33006,1.0,1.2687257e-10,0
33007,1.0,6.4192033e-13,0
33008,1.0,9.70794e-10,0
33009,0.9999999,8.6873904e-08,0
33010,0.9999994,5.458654e-07,0
33011,1.0,4.2094335e-08,0
33012,1.0,2.1918918e-08,0
33013,1.0,3.751466e-09,0
33014,1.0,9.0028e-09,0
33015,1.0,4.142384e-09,0
33016,1.0,1.3877624e-10,0
33017,1.0,2.7352384e-10,0
33018,1.0,5.733082e-09,0
33019,0.9999999,1.0270412e-07,0
33020,1.0,5.976874e-10,0
33021,1.0,3.0517487e-08,0
33022,1.0,4.478524e-09,0
33023,1.0,1.6006717e-10,0
33024,1.0,4.3717574e-10,0
33025,1.0,1.5130903e-11,0
33026,1.0,1.2019926e-08,0
33027,0.9999999,9.381293e-08,0
33028,1.0,6.873825e-12,0
33029,1.0,5.7532784e-10,0
33030,1.0,1.001511e-09,0
33031,1.0,5.995348e-10,0
33032,1.0,8.4856255e-09,0
33033,1.0,4.004184e-09,0
33034,1.0,3.8173464e-08,0
33035,1.0,3.2770537e-08,0
33036,1.0,1.1969183e-08,0
33037,0.9999999,1.2222941e-07,0
33038,1.0,2.0620828e-08,0
33039,1.0,1.067595e-08,0
33040,1.0,3.423278e-11,0
33041,1.0,2.72362e-09,0
33042,1.0,3.4287005e-08,0
33043,1.0,6.461035e-11,0
33044,1.0,8.963794e-11,0
33045,1.0,1.9727036e-08,0
33046,1.0,3.445174e-08,0
33047,1.0,8.952846e-10,0
33048,1.0,1.5718152e-10,0
33049,1.0,3.6007042e-12,0
33050,1.0,4.40143e-08,0
33051,1.0,1.206902e-08,0
33052,1.0,2.7914348e-08,0
33053,1.0,1.0460965e-10,0
33054,1.0,6.314045e-09,0
33055,1.0,2.462651e-13,0
33056,0.9999999,8.284333e-08,0
33057,1.0,1.5988089e-12,0
33058,1.0,4.4095114e-09,0
33059,1.0,1.1854181e-11,0
33060,1.0,9.376763e-09,0
33061,1.0,2.5263814e-08,0
33062,1.0,9.702372e-13,0
33063,1.0,4.458495e-09,0
33064,1.0,3.9779784e-11,0
33065,1.0,2.1524483e-14,0
33066,1.0,3.629527e-08,0
33067,1.0,5.494279e-10,0
33068,1.0,7.722613e-12,0
33069,1.0,6.1879417e-09,0
33070,1.0,5.6551066e-08,0
33071,1.0,3.9430542e-08,0
33072,1.0,1.3107239e-09,0
33073,0.9999999,9.91503e-08,0
33074,0.99999964,3.7225365e-07,0
33075,1.0,2.4785946e-08,0
33076,1.0,1.808598e-08,0
33077,0.99999976,2.0041271e-07,0
33078,1.0,1.8727684e-09,0
33079,1.0,1.5429439e-09,0
33080,1.0,4.905664e-09,0
33081,0.9999999,1.6830685e-07,0
33082,1.0,7.717265e-09,0
33083,1.0,2.9245172e-08,0
33084,1.0,1.08793e-10,0
33085,0.99999964,4.1638543e-07,0
33086,1.0,2.8846723e-09,0
33087,0.9999999,1.562235e-07,0
33088,1.0,4.259845e-10,0
33089,1.0,3.2188377e-10,0
33090,1.0,2.3186718e-10,0
33091,0.9999999,1.334623e-07,0
33092,1.0,3.5265743e-10,0
33093,1.0,1.2477068e-12,0
33094,1.0,1.379712e-11,0
33095,0.999998,2.0490756e-06,0
33096,0.99999976,2.5581232e-07,0
33097,1.0,1.1940481e-11,0
33098,1.0,1.106475e-11,0
33099,1.0,1.5119833e-10,0
33100,0.99999905,8.963693e-07,0
33101,1.0,1.39399065e-11,0
33102,1.0,3.6186103e-09,0
33103,1.0,1.5286257e-09,0
33104,1.0,9.144089e-12,0
33105,1.0,1.891453e-13,0
33106,0.9999999,6.9373236e-08,0
33107,1.0,2.6024892e-08,0
33108,1.0,3.246457e-12,0
33109,1.0,2.3718542e-08,0
33110,1.0,5.950162e-08,0
33111,1.0,1.4208417e-08,0
33112,1.0,2.1162302e-10,0
33113,1.0,8.8135534e-11,0
33114,1.0,2.1207743e-08,0
33115,1.0,2.7007822e-08,0
33116,1.0,1.1859388e-10,0
33117,1.0,1.621355e-09,0
33118,1.0,9.234138e-09,0
33119,1.0,1.3035503e-10,0
33120,1.0,2.0057804e-08,0
33121,1.0,1.02589055e-10,0
33122,0.9999993,6.5608253e-07,0
33123,0.99999976,2.4724923e-07,0
33124,1.0,2.4595838e-11,0
33125,1.0,1.4401567e-11,0
33126,1.0,2.4317114e-08,0
33127,1.0,2.1319892e-11,0
33128,0.9999999,6.375475e-08,0
33129,1.0,2.6572817e-09,0
33130,1.0,3.478724e-08,0
33131,1.0,2.5996388e-10,0
33132,0.9999995,5.051244e-07,0
33133,1.0,2.0891752e-10,0
33134,1.0,2.2825837e-11,0
33135,1.0,3.682716e-10,0
33136,1.0,7.8032757e-13,0
33137,0.9999999,6.7734284e-08,0
33138,1.0,2.7605374e-10,0
33139,1.0,4.5619728e-12,0
33140,1.0,1.400516e-09,0
33141,1.0,2.635579e-11,0
33142,1.0,1.3479515e-11,0
33143,1.0,1.765351e-08,0
33144,1.0,3.1364838e-08,0
33145,1.0,5.4965696e-08,0
33146,1.0,6.4687083e-10,0
33147,1.0,8.6824453e-10,0
33148,0.99999964,3.771485e-07,0
33149,1.0,6.130805e-11,0
33150,1.0,2.0516507e-12,0
33151,1.0,1.236257e-10,0
33152,1.0,1.6273811e-09,0
33153,0.99999774,2.2197619e-06,0
33154,1.0,7.6737555e-10,0
33155,1.0,6.8012205e-09,0
33156,1.0,1.4469127e-08,0
33157,0.99999976,2.1367356e-07,0
33158,1.0,1.214578e-08,0
33159,1.0,2.1373262e-08,0
33160,1.0,6.828435e-10,0
33161,0.99999714,2.8207114e-06,0
33162,1.0,2.2069888e-09,0
33163,1.0,1.6365957e-08,0
33164,0.9999999,1.0260348e-07,0
33165,1.0,2.6516178e-08,0
33166,1.0,1.9706953e-08,0
33167,1.0,4.6699566e-10,0
33168,1.0,2.0337163e-09,0
33169,0.99999964,2.9967728e-07,0
33170,1.0,3.3392915e-12,0
33171,0.9999999,1.5376601e-07,0
33172,1.0,8.168394e-09,0
33173,1.0,5.5063256e-09,0
33174,0.9999999,1.7784343e-07,0
33175,1.0,7.1364525e-11,0
33176,1.0,4.5372484e-09,0
33177,1.0,5.647957e-09,0
33178,1.0,3.6117996e-08,0
33179,0.9999995,4.49344e-07,0
33180,1.0,1.5030381e-10,0
33181,1.0,8.4719065e-10,0
33182,0.99999905,9.91968e-07,0
33183,1.0,3.910733e-09,0
33184,1.0,2.4888271e-08,0
33185,0.9999999,8.097615e-08,0
33186,1.0,1.1023353e-08,0
33187,1.0,3.0220135e-10,0
33188,0.9999999,1.3259199e-07,0
33189,0.9999981,1.8782945e-06,0
33190,0.99999964,4.0313066e-07,0
33191,1.0,3.6398216e-08,0
33192,1.0,5.5604495e-08,0
33193,1.0,4.7029094e-08,0
33194,1.0,6.208331e-10,0
33195,1.0,5.852912e-11,0
33196,1.0,3.1456924e-08,0
33197,1.0,1.667093e-08,0
33198,0.9999987,1.3331718e-06,0
33199,0.9999999,7.002223e-08,0
33200,1.0,2.8610796e-11,0
33201,0.99999464,5.3460726e-06,0
33202,1.0,2.4437128e-11,0
33203,0.9999999,1.2312135e-07,0
33204,0.9999994,5.538908e-07,0
33205,1.0,4.0901533e-08,0
33206,1.0,8.339413e-11,0
33207,1.0,7.538282e-12,0
33208,1.0,5.4381314e-08,0
33209,0.9999999,1.5689659e-07,0
33210,1.0,1.332581e-10,0
33211,1.0,8.911741e-09,0
33212,0.9999999,1.08541116e-07,0
33213,1.0,1.0267087e-10,0
33214,1.0,6.710941e-09,0
33215,1.0,1.545342e-08,0
33216,1.0,9.034847e-13,0
33217,0.9999999,7.1144186e-08,0
33218,1.0,5.983612e-15,0
33219,0.9999999,1.313508e-07,0
33220,0.9999994,5.465447e-07,0
33221,1.0,1.8637333e-11,0
33222,0.9999995,4.6231406e-07,0
33223,1.0,3.7200693e-10,0
33224,1.0,7.593245e-09,0
33225,1.0,9.995931e-10,0
33226,1.0,3.1553792e-08,0
33227,1.0,4.1625925e-11,0
33228,1.0,2.729865e-10,0
33229,0.9999999,8.1476095e-08,0
33230,1.0,6.021061e-11,0
33231,1.0,2.5348149e-11,0
33232,1.0,5.459267e-09,0
33233,1.0,1.8686917e-11,0
33234,1.0,1.1266973e-09,0
33235,1.0,9.0710867e-10,0
33236,1.0,2.5282134e-08,0
33237,1.0,1.0409642e-12,0
33238,1.0,1.179065e-09,0
33239,1.0,2.5513831e-12,0
33240,1.0,4.114552e-11,0
33241,1.0,6.7345185e-10,0
33242,1.0,2.9425926e-10,0
33243,1.0,3.99825e-11,0
33244,1.0,2.663071e-09,0
33245,1.0,5.972581e-09,0
33246,1.0,1.9037483e-09,0
33247,1.0,1.089608e-10,0
33248,1.0,1.4384451e-09,0
33249,1.0,2.4443864e-13,0
33250,0.9999999,1.7325446e-07,0
33251,1.0,2.5943363e-08,0
33252,1.0,1.0207829e-09,0
33253,1.0,1.5112036e-08,0
33254,1.0,2.8029082e-10,0
33255,1.0,1.0645708e-09,0
33256,1.0,5.910663e-08,0
33257,1.0,2.5920746e-09,0
33258,0.99999976,2.9047825e-07,0
33259,1.0,3.1394477e-11,0
33260,1.0,6.288888e-13,0
33261,0.9999999,1.0241988e-07,0
33262,1.0,3.0916107e-12,0
33263,1.0,1.8161552e-11,0
33264,1.0,7.6397826e-11,0
33265,1.0,1.1217357e-12,0
33266,1.0,4.4279123e-08,0
33267,0.99999917,8.347061e-07,0
33268,1.0,1.7955914e-08,0
33269,0.9999995,4.834938e-07,0
33270,1.0,3.7727124e-09,0
33271,1.0,3.7428766e-08,0
33272,1.0,2.7391085e-09,0
33273,1.0,1.896471e-09,0
33274,1.0,1.6791069e-09,0
33275,1.0,2.7824364e-11,0
33276,1.0,2.20993e-08,0
33277,1.0,1.3769116e-08,0
33278,0.99999964,3.822542e-07,0
33279,0.9999999,1.458145e-07,0
33280,0.9999999,9.528827e-08,0
33281,0.9999999,1.5141846e-07,0
33282,1.0,9.388933e-09,0
33283,0.99999976,2.1817297e-07,0
33284,0.99999976,2.142686e-07,0
33285,1.0,1.794359e-08,0
33286,1.0,7.733754e-09,0
33287,1.0,2.1754358e-08,0
33288,1.0,3.2681648e-08,0
33289,1.0,6.1376206e-09,0
33290,1.0,1.785983e-12,0
33291,1.0,3.0814e-10,0
33292,1.0,5.6517313e-12,0
33293,1.0,3.0023073e-10,0
33294,1.0,3.4149503e-11,0
33295,1.0,1.4965161e-10,0
33296,0.9999988,1.2099927e-06,0
33297,1.0,2.3103889e-11,0
33298,1.0,6.1483735e-10,0
33299,0.99999905,9.70341e-07,0
33300,1.0,1.636818e-11,0
33301,0.99999785,2.0937423e-06,0
33302,1.0,2.2634915e-10,0
33303,1.0,1.9446308e-10,0
33304,1.0,3.6572156e-10,0
33305,1.0,8.414054e-12,0
33306,1.0,9.817532e-12,0
33307,1.0,7.1678047e-10,0
33308,1.0,6.6507376e-11,0
33309,1.0,1.7112474e-10,0
33310,1.0,2.4101451e-10,0
33311,1.0,1.3272269e-09,0
33312,1.0,3.0665898e-10,0
33313,1.0,1.4646353e-09,0
33314,1.0,2.1677264e-13,0
33315,1.0,2.2734417e-11,0
33316,1.0,7.669919e-11,0
33317,1.0,1.3577633e-09,0
33318,1.0,1.3133502e-11,0
33319,0.99999857,1.379961e-06,0
33320,1.0,5.651259e-11,0
33321,1.0,5.843612e-10,0
33322,1.0,1.438251e-12,0
33323,1.0,1.8234349e-10,0
33324,1.0,9.421721e-10,0
33325,1.0,1.5258778e-10,0
33326,1.0,4.590437e-08,0
33327,0.9999993,6.880448e-07,0
33328,1.0,8.495134e-12,0
33329,0.99999964,3.421776e-07,0
33330,1.0,3.82124e-10,0
33331,1.0,1.1384224e-13,0
33332,1.0,5.526081e-14,0
33333,1.0,1.9245365e-09,0
33334,1.0,1.8289497e-09,0
33335,1.0,1.03186806e-10,0
33336,0.9999999,1.1339896e-07,0
33337,1.0,2.2117433e-08,0
33338,1.0,5.645488e-10,0
33339,1.0,2.0660745e-12,0
33340,1.0,1.8228695e-12,0
33341,1.0,2.6521296e-11,0
33342,1.0,7.611199e-12,0
33343,1.0,5.0055897e-12,0
33344,1.0,4.833043e-10,0
33345,1.0,3.861885e-13,0
33346,1.0,1.2810443e-10,0
33347,0.99999976,1.9731596e-07,0
33348,1.0,6.49133e-09,0
33349,0.9999999,1.6978034e-07,0
33350,1.0,5.2296767e-09,0
33351,1.0,4.105711e-10,0
33352,0.99999774,2.3047776e-06,0
33353,0.9999999,1.6127453e-07,0
33354,1.0,4.4049254e-11,0
33355,0.9999999,1.17520194e-07,0
33356,0.9999999,9.347678e-08,0
33357,0.9999995,4.4011952e-07,0
33358,0.99999964,3.311676e-07,0
33359,1.0,5.9305993e-10,0
33360,1.0,1.6805144e-08,0
33361,1.0,1.3330952e-09,0
33362,1.0,5.7956404e-09,0
33363,1.0,1.2373934e-11,0
33364,1.0,1.1710458e-09,0
33365,1.0,3.6407155e-09,0
33366,0.9999999,6.3916445e-08,0
33367,1.0,2.705657e-10,0
33368,1.0,9.95303e-10,0
33369,0.9999999,8.9484665e-08,0
33370,1.0,3.48627e-08,0
33371,0.99999976,2.1040881e-07,0
33372,0.9999994,5.9471887e-07,0
33373,1.0,8.660571e-12,0
33374,1.0,1.1841455e-08,0
33375,1.0,1.1721558e-10,0
33376,1.0,1.3247698e-11,0
33377,0.99999785,2.0944574e-06,0
33378,1.0,5.8857555e-08,0
33379,1.0,1.3972602e-10,0
33380,1.0,9.363789e-09,0
33381,1.0,9.423123e-10,0
33382,1.0,2.37373e-10,0
33383,0.9999999,8.265567e-08,0
33384,1.0,1.5630325e-09,0
33385,1.0,4.7583194e-15,0
33386,0.99999976,2.6160663e-07,0
33387,0.9999988,1.1670783e-06,0
33388,1.0,9.533436e-10,0
33389,0.9999981,1.9552626e-06,0
33390,1.0,8.151907e-14,0
33391,1.0,3.392968e-10,0
33392,1.0,3.0568006e-11,0
33393,1.0,5.1986206e-12,0
33394,0.9999999,1.2063914e-07,0
33395,1.0,1.4215164e-12,0
33396,1.0,1.1741765e-10,0
33397,1.0,2.6060603e-12,0
33398,0.99999976,2.2014031e-07,0
33399,1.0,6.9015965e-12,0
33400,1.0,1.4823757e-08,0
33401,1.0,1.4937356e-10,0
33402,1.0,5.5790697e-09,0
33403,1.0,3.6651324e-11,0
33404,1.0,9.2327855e-12,0
33405,0.99999976,2.5011244e-07,0
33406,1.0,9.6114245e-12,0
33407,1.0,1.899155e-11,0
33408,1.0,5.337211e-12,0
33409,1.0,2.5657513e-11,0
33410,1.0,2.2367723e-09,0
33411,1.0,2.9595293e-10,0
33412,1.0,4.202566e-12,0
33413,0.9999982,1.8202245e-06,0
33414,1.0,4.1749547e-12,0
33415,1.0,7.092169e-09,0
33416,1.0,1.3904298e-11,0
33417,1.0,6.499125e-12,0
33418,1.0,3.1998573e-09,0
33419,1.0,4.96712e-08,0
33420,1.0,3.680472e-12,0
33421,1.0,4.8318584e-12,0
33422,1.0,2.124126e-12,0
33423,0.9999994,5.3764813e-07,0
33424,0.9999999,7.589223e-08,0
33425,1.0,7.9873314e-10,0
33426,1.0,1.1268096e-08,0
33427,1.0,2.5883247e-09,0
33428,1.0,6.058804e-10,0
33429,1.0,1.08276714e-10,0
33430,1.0,1.3747682e-11,0
33431,1.0,1.160701e-09,0
33432,1.0,3.1639183e-12,0
33433,1.0,1.6646993e-13,0
33434,1.0,4.4400204e-09,0
33435,1.0,5.5082133e-10,0
33436,1.0,5.433418e-10,0
33437,1.0,1.49693e-10,0
33438,1.0,3.843998e-09,0
33439,1.0,1.2763037e-09,0
33440,0.99999905,9.986761e-07,0
33441,1.0,3.4057187e-08,0
33442,0.99999785,2.1952321e-06,0
33443,1.0,1.6620783e-10,0
33444,0.99999976,2.962628e-07,0
33445,0.9999999,6.326947e-08,0
33446,1.0,1.8426817e-10,0
33447,0.9999999,1.4614568e-07,0
33448,0.99999964,3.7595407e-07,0
33449,1.0,1.0254909e-11,0
33450,1.0,4.511483e-08,0
33451,1.0,3.45278e-11,0
33452,1.0,4.8115933e-10,0
33453,1.0,4.420233e-08,0
33454,0.9999999,1.09789575e-07,0
33455,1.0,1.2344763e-09,0
33456,1.0,6.438326e-11,0
33457,1.0,1.1240994e-10,0
33458,1.0,6.5151955e-09,0
33459,0.99999857,1.463245e-06,0
33460,0.9999989,1.1047633e-06,0
33461,1.0,2.8227034e-11,0
33462,0.9999999,7.061936e-08,0
33463,1.0,3.5077892e-11,0
33464,1.0,2.4723137e-09,0
33465,1.0,6.2743938e-12,0
33466,1.0,3.825743e-08,0
33467,0.9999982,1.8372987e-06,0
33468,1.0,6.1201294e-10,0
33469,0.99999714,2.826479e-06,0
33470,1.0,5.2038734e-10,0
33471,1.0,9.116239e-13,0
33472,1.0,3.7681155e-10,0
33473,0.9999982,1.7919705e-06,0
33474,1.0,2.8976477e-09,0
33475,1.0,2.6564762e-09,0
33476,1.0,1.2941254e-08,0
33477,1.0,1.5632821e-10,0
33478,1.0,5.936117e-08,0
33479,1.0,5.143158e-10,0
33480,1.0,4.9629263e-11,0
33481,1.0,3.4520867e-12,0
33482,1.0,1.1045525e-10,0
33483,1.0,6.081497e-10,0
33484,1.0,2.0547132e-12,0
33485,1.0,1.3237885e-09,0
33486,1.0,3.4708884e-13,0
33487,1.0,5.701713e-11,0
33488,1.0,5.021847e-12,0
33489,1.0,3.8655646e-08,0
33490,1.0,5.395456e-10,0
33491,1.0,1.971717e-09,0
33492,0.9999999,1.4825572e-07,0
33493,1.0,4.152797e-08,0
33494,0.9999999,8.157966e-08,0
33495,1.0,2.763337e-12,0
33496,1.0,2.4911115e-08,0
33497,1.0,3.115847e-08,0
33498,1.0,8.005965e-11,0
33499,0.9999881,1.1903968e-05,0
33500,0.99999964,3.9731316e-07,0
33501,1.0,4.2914426e-08,0
33502,0.9999999,7.0759846e-08,0
33503,0.999997,2.9722546e-06,0
33504,0.9999999,9.139939e-08,0
33505,1.0,5.358129e-09,0
33506,1.0,1.8684503e-10,0
33507,0.99999964,4.0350838e-07,0
33508,0.9999999,6.6785354e-08,0
33509,1.0,7.268166e-10,0
33510,1.0,8.21248e-09,0
33511,1.0,5.2699324e-08,0
33512,1.0,2.5911155e-09,0
33513,1.0,5.802698e-09,0
33514,1.0,9.314198e-09,0
33515,0.99999964,4.1237118e-07,0
33516,1.0,2.99867e-12,0
33517,0.9999999,1.5351897e-07,0
33518,1.0,4.348308e-09,0
33519,0.9999999,8.5326626e-08,0
33520,1.0,4.6144105e-08,0
33521,1.0,5.24187e-13,0
33522,1.0,2.5630575e-10,0
33523,1.0,1.5934714e-09,0
33524,1.0,7.727774e-11,0
33525,1.0,1.5274415e-10,0
33526,1.0,5.4514778e-11,0
33527,0.9999999,8.721391e-08,0
33528,0.9999976,2.4312028e-06,0
33529,0.9999995,5.2328375e-07,0
33530,1.0,2.6721658e-11,0
33531,1.0,1.2869618e-09,0
33532,1.0,1.5070873e-08,0
33533,1.0,1.7962927e-13,0
33534,0.9999999,7.3840376e-08,0
33535,1.0,2.3422972e-10,0
33536,1.0,5.1240596e-12,0
33537,0.9999999,1.18619845e-07,0
33538,0.9999999,1.6956511e-07,0
33539,1.0,4.0069363e-08,0
33540,0.99999976,2.9546405e-07,0
33541,0.9999994,6.1214774e-07,0
33542,1.0,5.3783438e-08,0
33543,1.0,4.830076e-10,0
33544,0.9999927,7.3047836e-06,0
33545,0.99999964,3.503168e-07,0
33546,1.0,4.170587e-11,0
33547,1.0,3.060781e-10,0
33548,1.0,5.1084466e-08,0
33549,0.9999999,1.1201521e-07,0
33550,0.99999905,1.0050613e-06,0
33551,1.0,1.6662682e-10,0
33552,1.0,1.04775095e-08,0
33553,0.99999976,2.0603613e-07,0
33554,0.9999999,1.5584436e-07,0
33555,1.0,4.389155e-09,0
33556,1.0,1.322227e-12,0
33557,1.0,6.4561564e-11,0
33558,1.0,9.219161e-13,0
33559,0.9999993,7.4852704e-07,0
33560,1.0,1.00619006e-10,0
33561,0.9999993,7.2674027e-07,0
33562,1.0,4.455112e-09,0
33563,1.0,4.421513e-09,0
33564,1.0,1.4594144e-10,0
33565,1.0,3.5626122e-12,0
33566,1.0,4.137962e-09,0
33567,1.0,3.9773237e-12,0
33568,1.0,2.730917e-10,0
33569,1.0,8.759293e-10,0
33570,1.0,1.6017155e-11,0
33571,1.0,1.3169177e-10,0
33572,1.0,1.4027061e-12,0
33573,1.0,7.564741e-12,0
33574,1.0,3.2723078e-11,0
33575,1.0,6.0556875e-09,0
33576,1.0,1.04627956e-11,0
33577,1.0,8.730762e-12,0
33578,1.0,5.257375e-11,0
33579,1.0,1.8739589e-12,0
33580,1.0,1.0817479e-09,0
33581,1.0,1.3185376e-12,0
33582,1.0,2.6195446e-09,0
33583,1.0,2.6131955e-10,0
33584,1.0,2.543262e-10,0
33585,1.0,7.077918e-11,0
33586,1.0,4.2709232e-11,0
33587,1.0,2.5207186e-10,0
33588,1.0,5.414481e-12,0
33589,1.0,1.2617772e-11,0
33590,1.0,2.3638488e-10,0
33591,1.0,2.4221616e-12,0
33592,1.0,3.1843406e-11,0
33593,1.0,2.7368824e-10,0
33594,1.0,3.2496712e-09,0
33595,1.0,2.9695458e-12,0
33596,1.0,4.1443989e-13,0
33597,1.0,1.95181e-10,0
33598,1.0,5.393151e-10,0
33599,1.0,1.4350779e-12,0
33600,0.99999964,3.2239936e-07,0
33601,1.0,1.1688952e-08,0
33602,1.0,9.316823e-10,0
33603,1.0,7.4581893e-13,0
33604,1.0,3.818797e-11,0
33605,1.0,8.964913e-13,0
33606,1.0,2.868811e-08,0
33607,1.0,1.0018042e-11,0
33608,1.0,7.312293e-12,0
33609,1.0,1.3727042e-10,0
33610,1.0,3.056744e-10,0
33611,1.0,1.3531931e-08,0
33612,1.0,2.4322828e-11,0
33613,0.9999999,8.5746905e-08,0
33614,0.9999932,6.8450026e-06,0
33615,1.0,1.4177387e-09,0
33616,1.0,1.1307948e-08,0
33617,1.0,1.0787922e-11,0
33618,1.0,2.4154523e-13,0
33619,1.0,2.978713e-12,0
33620,1.0,3.3734495e-13,0
33621,1.0,1.2698786e-09,0
33622,1.0,2.0006231e-11,0
33623,1.0,5.1743172e-11,0
33624,1.0,2.0546906e-11,0
33625,1.0,6.207703e-14,0
33626,1.0,1.7204493e-11,0
33627,1.0,1.9050768e-10,0
33628,1.0,2.4550292e-10,0
33629,1.0,6.938243e-10,0
33630,1.0,1.1788326e-10,0
33631,1.0,5.11292e-12,0
33632,1.0,4.9046175e-12,0
33633,1.0,1.4281687e-09,0
33634,1.0,1.3299377e-10,0
33635,1.0,3.1784592e-12,0
33636,1.0,3.811322e-12,0
33637,1.0,2.7551006e-12,0
33638,1.0,2.4996842e-15,0
33639,1.0,5.8100426e-12,0
33640,1.0,4.1085604e-11,0
33641,1.0,4.6944844e-12,0
33642,1.0,4.6308953e-13,0
33643,1.0,1.0133899e-09,0
33644,1.0,1.6058839e-12,0
33645,1.0,2.714918e-12,0
33646,1.0,4.7411255e-11,0
33647,1.0,5.75988e-13,0
33648,1.0,3.5502519e-09,0
33649,1.0,1.5707444e-11,0
33650,1.0,2.1824988e-14,0
33651,1.0,1.9967146e-12,0
33652,1.0,4.2369777e-10,0
33653,1.0,3.93558e-11,0
33654,1.0,7.386634e-11,0
33655,1.0,4.768539e-12,0
33656,1.0,3.6978667e-12,0
33657,1.0,2.6027294e-10,0
33658,0.9999993,6.5588983e-07,0
33659,1.0,5.988413e-13,0
33660,1.0,4.669371e-13,0
33661,1.0,1.0048135e-09,0
33662,1.0,6.3882255e-10,0
33663,1.0,5.3063387e-10,0
33664,1.0,1.3842399e-08,0
33665,1.0,6.0687875e-13,0
33666,1.0,1.13488975e-11,0
33667,1.0,5.394277e-12,0
33668,1.0,2.6227215e-11,0
33669,0.9999999,1.11565306e-07,0
33670,1.0,2.5242909e-12,0
33671,1.0,1.3313343e-09,0
33672,1.0,1.4715124e-09,0
33673,1.0,4.20522e-12,0
33674,1.0,2.8280305e-09,0
33675,1.0,1.0583715e-09,0
33676,1.0,3.3126007e-10,0
33677,0.9999999,6.1996985e-08,0
33678,1.0,5.6080998e-09,0
33679,0.9999999,1.6862046e-07,0
33680,1.0,7.905007e-13,0
33681,1.0,1.3634831e-09,0
33682,1.0,5.64863e-11,0
33683,1.0,5.2510312e-11,0
33684,1.0,3.44134e-11,0
33685,1.0,6.115482e-11,0
33686,0.9999993,7.0934567e-07,0
33687,1.0,3.810982e-11,0
33688,1.0,3.620305e-11,0
33689,1.0,3.2417284e-09,0
33690,1.0,5.1463798e-09,0
33691,1.0,6.480066e-11,0
33692,1.0,1.5307613e-09,0
33693,1.0,6.528819e-12,0
33694,1.0,1.8376633e-13,0
33695,1.0,1.2896314e-11,0
33696,1.0,1.6780729e-09,0
33697,1.0,9.574949e-10,0
33698,1.0,1.6447043e-11,0
33699,1.0,5.4508275e-13,0
33700,1.0,1.7744208e-09,0
33701,1.0,4.9040754e-12,0
33702,1.0,8.7618576e-12,0
33703,1.0,1.2632402e-09,0
33704,0.9999999,1.7024988e-07,0
33705,1.0,3.705112e-11,0
33706,1.0,1.0475386e-09,0
33707,1.0,4.7156723e-12,0
33708,1.0,6.4079215e-14,0
33709,1.0,3.4995741e-12,0
33710,1.0,6.4689025e-11,0
33711,1.0,1.221263e-09,0
33712,1.0,2.3646807e-12,0
33713,1.0,8.533175e-10,0
33714,1.0,2.6783875e-10,0
33715,1.0,1.0886233e-10,0
33716,1.0,1.6967203e-09,0
33717,1.0,2.0071353e-08,0
33718,0.9999999,1.7173234e-07,0
33719,1.0,1.8424372e-12,0
33720,1.0,4.85938e-09,0
33721,1.0,5.1599166e-08,0
33722,1.0,4.1770355e-11,0
33723,1.0,1.1875493e-12,0
33724,1.0,2.5536604e-13,0
33725,1.0,2.0749156e-13,0
33726,1.0,3.113059e-13,0
33727,1.0,1.08340786e-13,0
33728,1.0,6.7974586e-13,0
33729,1.0,1.5036037e-13,0
33730,1.0,1.1890453e-12,0
33731,1.0,4.1622155e-09,0
33732,1.0,4.8817244e-12,0
33733,1.0,3.305566e-12,0
33734,1.0,7.018248e-10,0
33735,1.0,5.550126e-09,0
33736,1.0,2.9234282e-09,0
33737,1.0,2.0162988e-11,0
33738,1.0,1.4070592e-10,0
33739,1.0,1.9904178e-12,0
33740,1.0,3.6887517e-08,0
33741,1.0,5.35679e-13,0
33742,1.0,1.4798782e-12,0
33743,0.99999726,2.7675155e-06,0
33744,1.0,1.89533e-11,0
33745,1.0,2.3186142e-10,0
33746,1.0,4.0770365e-12,0
33747,1.0,2.7181044e-12,0
33748,1.0,3.5633052e-12,0
33749,1.0,1.8140409e-10,0
33750,1.0,7.503993e-13,0
33751,1.0,2.5306736e-12,0
33752,1.0,4.068536e-13,0
33753,1.0,3.162813e-09,0
33754,1.0,1.2773636e-12,0
33755,1.0,3.5623648e-10,0
33756,1.0,7.2549833e-13,0
33757,1.0,7.0669577e-13,0
33758,1.0,5.3198805e-09,0
33759,1.0,5.9560998e-12,0
33760,1.0,2.5888826e-13,0
33761,1.0,9.560814e-12,0
33762,0.9999993,7.6394724e-07,0
33763,1.0,5.4776545e-13,0
33764,1.0,5.879138e-11,0
33765,1.0,1.01837885e-10,0
33766,1.0,2.8803945e-13,0
33767,1.0,1.4390749e-11,0
33768,1.0,3.0961858e-11,0
33769,1.0,1.1263217e-12,0
33770,1.0,1.348435e-11,0
33771,1.0,2.2843442e-10,0
33772,1.0,4.529321e-12,0
33773,0.99999833,1.7218001e-06,0
33774,1.0,1.4068559e-13,0
33775,1.0,1.7074441e-12,0
33776,1.0,1.7740207e-10,0
33777,1.0,7.8488743e-10,0
33778,1.0,2.6382197e-11,0
33779,1.0,2.9990754e-09,0
33780,0.99999905,9.045815e-07,0
33781,1.0,1.20536985e-08,0
33782,1.0,5.835806e-13,0
33783,1.0,1.4252405e-13,0
33784,1.0,7.148059e-11,0
33785,1.0,3.1316414e-12,0
33786,1.0,8.402219e-12,0
33787,1.0,7.492209e-13,0
33788,0.99999785,2.1579422e-06,0
33789,1.0,5.6831934e-10,0
33790,1.0,4.578123e-09,0
33791,1.0,1.8151154e-12,0
33792,1.0,8.485467e-12,0
33793,1.0,5.5254284e-10,0
33794,1.0,3.285383e-12,0
33795,1.0,4.088361e-11,0
33796,1.0,5.2979143e-10,0
33797,1.0,3.194614e-12,0
33798,0.99999857,1.3989825e-06,0
33799,1.0,1.098e-08,0
33800,1.0,5.981812e-10,0
33801,1.0,1.4327099e-11,0
33802,1.0,1.2269108e-09,0
33803,1.0,2.3362168e-09,0
33804,1.0,4.0831375e-12,0
33805,1.0,1.1197885e-08,0
33806,1.0,3.2830715e-12,0
33807,1.0,8.033924e-12,0
33808,1.0,6.5087075e-10,0
33809,1.0,2.767149e-13,0
33810,1.0,2.9534577e-09,0
33811,1.0,3.7704367e-14,0
33812,1.0,4.865603e-13,0
33813,1.0,6.3728103e-09,0
33814,1.0,3.4267045e-09,0
33815,1.0,2.3633552e-12,0
33816,1.0,7.266519e-13,0
33817,1.0,3.7684407e-09,0
33818,1.0,1.3161651e-09,0
33819,1.0,2.8604044e-10,0
33820,1.0,8.599971e-10,0
33821,1.0,1.704652e-12,0
33822,1.0,2.2895887e-09,0
33823,1.0,2.2358294e-13,0
33824,1.0,1.1352287e-09,0
33825,1.0,3.4491713e-12,0
33826,1.0,5.796317e-12,0
33827,1.0,1.9123197e-12,0
33828,1.0,1.2904712e-10,0
33829,1.0,3.2015476e-13,0
33830,1.0,5.2747945e-10,0
33831,1.0,2.8475566e-11,0
33832,1.0,1.1179729e-11,0
33833,1.0,8.274944e-14,0
33834,1.0,9.73853e-12,0
33835,1.0,5.945827e-12,0
33836,1.0,8.3887404e-11,0
33837,0.9999962,3.8730077e-06,0
33838,1.0,5.310979e-09,0
33839,0.99999976,2.2182753e-07,0
33840,1.0,6.1684206e-11,0
33841,0.9999957,4.2867487e-06,0
33842,1.0,1.0733435e-10,0
33843,1.0,3.1353007e-11,0
33844,1.0,3.813871e-10,0
33845,1.0,2.366189e-11,0
33846,1.0,1.1711406e-11,0
33847,1.0,3.7273346e-14,0
33848,1.0,3.1444145e-08,0
33849,1.0,4.2024155e-11,0
33850,1.0,1.3224887e-13,0
33851,1.0,4.221665e-11,0
33852,1.0,3.2649387e-11,0
33853,1.0,6.7758875e-11,0
33854,1.0,5.9958106e-12,0
33855,1.0,2.9910718e-09,0
33856,1.0,7.9037856e-13,0
33857,1.0,1.1182902e-08,0
33858,1.0,1.03870775e-11,0
33859,1.0,2.096697e-09,0
33860,1.0,4.774122e-14,0
33861,1.0,2.9117073e-10,0
33862,1.0,3.6697056e-12,0
33863,1.0,4.1601382e-08,0
33864,1.0,1.5797512e-12,0
33865,1.0,4.6826553e-11,0
33866,1.0,3.7334968e-10,0
33867,1.0,6.4501864e-15,0
33868,1.0,2.1161355e-08,0
33869,1.0,8.235274e-12,0
33870,1.0,3.6890287e-14,0
33871,1.0,2.9774308e-11,0
33872,1.0,8.0945875e-12,0
33873,1.0,1.2515593e-11,0
33874,1.0,3.7155535e-13,0
33875,1.0,6.91064e-10,0
33876,1.0,8.311532e-10,0
33877,1.0,2.3860702e-08,0
33878,1.0,3.8545407e-09,0
33879,1.0,3.506267e-13,0
33880,0.9999999,1.3143801e-07,0
33881,1.0,4.2244194e-11,0
33882,1.0,5.5648393e-09,0
33883,1.0,3.101167e-08,0
33884,0.9999994,5.811445e-07,0
33885,1.0,3.5533207e-09,0
33886,1.0,5.2072344e-12,0
33887,1.0,6.625441e-11,0
33888,1.0,1.9366198e-11,0
33889,0.9999999,1.243424e-07,0
33890,1.0,4.3498902e-10,0
33891,1.0,5.14359e-10,0
33892,1.0,4.888113e-13,0
33893,1.0,2.0090873e-13,0
33894,1.0,5.4783286e-11,0
33895,1.0,1.8833749e-13,0
33896,1.0,4.1888776e-10,0
33897,1.0,3.2517634e-11,0
33898,1.0,3.7901845e-11,0
33899,1.0,7.746372e-14,0
33900,1.0,5.0232388e-11,0
33901,1.0,9.820792e-12,0
33902,1.0,1.5496417e-09,0
33903,1.0,4.0550594e-11,0
33904,1.0,7.68425e-12,0
33905,1.0,7.746741e-14,0
33906,1.0,1.6606664e-12,0
33907,1.0,4.182008e-12,0
33908,1.0,9.0457024e-11,0
33909,1.0,1.7157829e-11,0
33910,1.0,4.480311e-12,0
33911,1.0,9.78031e-14,0
33912,1.0,5.0847446e-09,0
33913,1.0,1.0481986e-08,0
33914,1.0,8.7802515e-10,0
33915,1.0,1.0146842e-12,0
33916,1.0,7.248196e-12,0
33917,1.0,3.7386796e-09,0
33918,1.0,1.713024e-10,0
33919,1.0,2.2847289e-09,0
33920,1.0,3.1361363e-12,0
33921,1.0,7.8598705e-10,0
33922,1.0,4.7422088e-08,0
33923,1.0,3.626122e-12,0
33924,1.0,6.3506763e-13,0
33925,1.0,4.4368705e-13,0
33926,1.0,9.811916e-12,0
33927,1.0,1.607351e-13,0
33928,1.0,1.1985562e-12,0
33929,1.0,3.8368815e-11,0
33930,1.0,2.6072983e-12,0
33931,1.0,1.4279317e-13,0
33932,1.0,5.1693083e-10,0
33933,1.0,4.6512624e-10,0
33934,1.0,6.205747e-11,0
33935,1.0,6.529311e-14,0
33936,1.0,2.1756495e-10,0
33937,1.0,5.5403876e-12,0
33938,1.0,1.9082798e-11,0
33939,1.0,3.0458326e-13,0
33940,1.0,7.334156e-15,0
33941,1.0,4.5182294e-10,0
33942,1.0,1.2137633e-11,0
33943,1.0,1.1838687e-10,0
33944,1.0,5.2867953e-12,0
33945,1.0,1.8790997e-11,0
33946,1.0,1.2007707e-09,0
33947,1.0,5.707602e-10,0
33948,1.0,1.2173669e-10,0
33949,1.0,1.819772e-11,0
33950,1.0,2.1629058e-10,0
33951,1.0,2.8267347e-10,0
33952,1.0,3.370184e-12,0
33953,1.0,3.0532198e-13,0
33954,1.0,2.3650382e-11,0
33955,1.0,9.163352e-11,0
33956,1.0,2.782727e-12,0
33957,1.0,6.508177e-13,0
33958,1.0,6.3043326e-13,0
33959,1.0,2.2531545e-13,0
33960,1.0,4.0866612e-11,0
33961,1.0,1.6603876e-12,0
33962,1.0,4.9817833e-10,0
33963,1.0,2.4744448e-10,0
33964,1.0,3.6278393e-11,0
33965,1.0,7.603785e-12,0
33966,1.0,5.1659056e-11,0
33967,1.0,2.2045442e-13,0
33968,1.0,6.05104e-11,0
33969,1.0,4.715135e-11,0
33970,1.0,3.5147993e-12,0
33971,1.0,6.411581e-09,0
33972,1.0,4.0634215e-11,0
33973,1.0,3.3867284e-14,0
33974,1.0,7.9568135e-10,0
33975,1.0,2.2979996e-11,0
33976,1.0,1.0116923e-13,0
33977,1.0,2.447447e-09,0
33978,1.0,2.1556922e-08,0
33979,1.0,2.9141824e-12,0
33980,1.0,2.3000243e-12,0
33981,1.0,6.3447687e-09,0
33982,1.0,1.592866e-10,0
33983,1.0,5.4258264e-14,0
33984,1.0,4.4302426e-12,0
33985,1.0,3.08196e-09,0
33986,1.0,3.170648e-12,0
33987,1.0,2.7523395e-11,0
33988,1.0,1.1147492e-11,0
33989,1.0,1.0919531e-13,0
33990,1.0,1.9380351e-11,0
33991,1.0,2.360652e-12,0
33992,1.0,7.334411e-14,0
33993,1.0,4.3308804e-11,0
33994,1.0,1.2877476e-09,0
33995,1.0,2.0740167e-10,0
33996,1.0,2.045457e-09,0
33997,1.0,4.159638e-12,0
33998,1.0,1.9799003e-11,0
33999,1.0,4.447241e-13,0
34000,1.0,1.0763941e-10,0
34001,1.0,2.4994523e-10,0
34002,1.0,6.6111734e-12,0
34003,1.0,2.458553e-10,0
34004,1.0,4.094766e-12,0
34005,1.0,7.2659093e-13,0
34006,1.0,5.821065e-13,0
34007,0.99998724,1.2759079e-05,0
34008,1.0,6.0414402e-09,0
34009,1.0,2.3957572e-11,0
34010,1.0,4.0487686e-11,0
34011,1.0,6.8658577e-12,0
34012,1.0,1.0382279e-12,0
34013,1.0,4.37684e-13,0
34014,1.0,5.104988e-12,0
34015,1.0,3.0309867e-12,0
34016,1.0,2.447817e-12,0
34017,1.0,2.3680863e-10,0
34018,1.0,4.37286e-09,0
34019,1.0,5.774386e-10,0
34020,1.0,7.07856e-13,0
34021,1.0,7.977256e-09,0
34022,1.0,1.6171746e-11,0
34023,1.0,3.891981e-13,0
34024,1.0,1.7682557e-12,0
34025,1.0,3.2146882e-11,0
34026,1.0,1.6164677e-12,0
34027,1.0,1.0577287e-11,0
34028,1.0,6.4488903e-09,0
34029,1.0,7.337742e-10,0
34030,1.0,1.5026927e-12,0
34031,1.0,1.9745021e-09,0
34032,1.0,1.2973246e-10,0
34033,1.0,1.5893903e-11,0
34034,1.0,1.2544497e-13,0
34035,1.0,4.151569e-12,0
34036,1.0,7.1604696e-13,0
34037,1.0,1.7042035e-12,0
34038,1.0,5.3254325e-13,0
34039,1.0,5.83616e-10,0
34040,1.0,2.4107935e-10,0
34041,1.0,5.1771802e-11,0
34042,1.0,3.804618e-12,0
34043,1.0,5.634324e-09,0
34044,1.0,7.9011336e-13,0
34045,1.0,3.8170543e-12,0
34046,1.0,3.297053e-12,0
34047,1.0,1.1309947e-13,0
34048,1.0,1.7350026e-10,0
34049,1.0,7.619809e-13,0
34050,1.0,1.1454616e-10,0
34051,1.0,3.0532532e-14,0
34052,1.0,3.385189e-08,0
34053,1.0,3.4800066e-11,0
34054,1.0,7.085523e-11,0
34055,1.0,3.0755175e-13,0
34056,1.0,1.2516869e-13,0
34057,1.0,1.0533232e-12,0
34058,1.0,7.093802e-14,0
34059,1.0,5.440628e-13,0
34060,1.0,5.827906e-10,0
34061,1.0,5.3591224e-12,0
34062,1.0,1.725168e-11,0
34063,1.0,4.9189185e-14,0
34064,1.0,9.541026e-13,0
34065,1.0,3.860079e-10,0
34066,1.0,2.7673298e-12,0
34067,1.0,9.8556e-12,0
34068,0.9999999,6.672907e-08,0
34069,1.0,6.4290582e-12,0
34070,1.0,7.312391e-12,0
34071,1.0,2.2533523e-13,0
34072,1.0,5.3557913e-12,0
34073,1.0,1.663368e-11,0
34074,0.9999999,6.2593685e-08,0
34075,1.0,3.002744e-13,0
34076,1.0,1.08389527e-10,0
34077,1.0,8.759084e-12,0
34078,1.0,1.7832354e-09,0
34079,1.0,8.243233e-14,0
34080,1.0,6.0049063e-13,0
34081,1.0,2.5339724e-12,0
34082,1.0,3.7299452e-10,0
34083,1.0,3.851873e-09,0
34084,1.0,2.5079548e-12,0
34085,1.0,3.7852575e-11,0
34086,1.0,2.8076565e-12,0
34087,1.0,1.8062353e-13,0
34088,1.0,7.0607604e-13,0
34089,1.0,1.8142693e-10,0
34090,1.0,1.9450741e-08,0
34091,1.0,9.8109e-13,0
34092,1.0,5.7779475e-09,0
34093,1.0,3.1135045e-13,0
34094,1.0,3.124509e-10,0
34095,1.0,8.347191e-12,0
34096,1.0,3.8008308e-09,0
34097,1.0,4.688502e-14,0
34098,1.0,1.1293877e-11,0
34099,1.0,3.4690683e-13,0
34100,1.0,7.2491358e-12,0
34101,1.0,3.962874e-13,0
34102,1.0,2.3001692e-12,0
34103,1.0,4.4752917e-11,0
34104,1.0,3.2618562e-08,0
34105,1.0,4.8217336e-11,0
34106,1.0,1.3082056e-10,0
34107,0.99999917,7.9696684e-07,0
34108,1.0,5.2047342e-11,0
34109,1.0,1.1696166e-10,0
34110,0.99999297,7.022136e-06,0
34111,1.0,2.103516e-08,0
34112,1.0,5.2399557e-11,0
34113,0.99999964,3.453886e-07,0
34114,1.0,1.654312e-08,0
34115,1.0,1.6187655e-13,0
34116,0.9999999,1.4104576e-07,0
34117,0.99999976,1.8733701e-07,0
34118,0.99999976,1.8470756e-07,0
34119,1.0,5.966407e-10,0
34120,0.99999976,2.553911e-07,0
34121,1.0,1.5211063e-14,0
34122,1.0,1.194634e-10,0
34123,0.99999857,1.3884518e-06,0
34124,1.0,6.024444e-09,0
34125,1.0,1.8488521e-11,0
34126,1.0,9.874666e-11,0
34127,1.0,7.823701e-11,0
34128,1.0,1.0450618e-13,0
34129,1.0,1.1313015e-12,0
34130,1.0,5.0194527e-12,0
34131,1.0,1.6653308e-10,0
34132,1.0,1.049598e-10,0
34133,1.0,1.7682954e-13,0
34134,1.0,1.4926033e-12,0
34135,1.0,3.780784e-11,0
34136,1.0,1.8407013e-13,0
34137,1.0,1.163694e-12,0
34138,0.9999999,1.2271857e-07,0
34139,1.0,5.991269e-13,0
34140,1.0,2.882371e-14,0
34141,1.0,1.840032e-08,0
34142,1.0,4.4758847e-13,0
34143,1.0,7.516721e-11,0
34144,1.0,2.5975532e-13,0
34145,1.0,1.424058e-10,0
34146,1.0,9.1148616e-10,0
34147,1.0,9.9289445e-11,0
34148,1.0,4.0799883e-14,0
34149,1.0,3.0903651e-13,0
34150,1.0,1.5304809e-13,0
34151,1.0,1.8598732e-11,0
34152,1.0,1.6095869e-10,0
34153,1.0,1.0350466e-08,0
34154,1.0,2.7121683e-13,0
34155,1.0,9.515383e-13,0
34156,1.0,1.7680012e-10,0
34157,1.0,1.620963e-12,0
34158,1.0,1.1503468e-09,0
34159,0.99999976,2.8799766e-07,0
34160,1.0,2.5743787e-11,0
34161,0.9999999,1.4486228e-07,0
34162,1.0,5.60553e-10,0
34163,1.0,9.708311e-10,0
34164,1.0,1.30480045e-08,0
34165,1.0,1.7701144e-09,0
34166,1.0,4.3099886e-12,0
34167,1.0,3.4041714e-09,0
34168,1.0,4.579398e-09,0
34169,1.0,4.0358067e-08,0
34170,0.9999982,1.8365979e-06,0
34171,1.0,3.157119e-08,0
34172,1.0,2.0860942e-09,0
34173,1.0,3.2587348e-08,0
34174,1.0,4.8597765e-10,0
34175,1.0,2.370105e-11,0
34176,1.0,2.2498545e-11,0
34177,1.0,1.1463855e-11,0
34178,1.0,1.9104449e-13,0
34179,0.9999968,3.2715818e-06,0
34180,0.99999833,1.7007671e-06,0
34181,1.0,1.8756988e-10,0
34182,1.0,1.108022e-09,0
34183,1.0,8.128559e-13,0
34184,1.0,3.2353318e-11,0
34185,1.0,5.3094716e-12,0
34186,1.0,5.252128e-13,0
34187,0.9999999,1.0569644e-07,0
34188,1.0,2.0999758e-12,0
34189,1.0,1.05338195e-11,0
34190,1.0,6.197461e-13,0
34191,1.0,3.556835e-08,0
34192,0.99999976,1.9294339e-07,0
34193,1.0,6.701021e-11,0
34194,1.0,3.3690015e-12,0
34195,1.0,5.844581e-14,0
34196,1.0,6.90804e-11,0
34197,1.0,3.9823073e-10,0
34198,1.0,2.3645727e-08,0
34199,0.99999976,2.3324296e-07,0
34200,1.0,3.8582794e-08,0
34201,0.99999833,1.6930994e-06,0
34202,1.0,3.2541386e-08,0
34203,1.0,1.287195e-09,0
34204,0.99999845,1.570147e-06,0
34205,1.0,3.5062627e-08,0
34206,1.0,8.489704e-09,0
34207,0.99999976,2.1723288e-07,0
34208,0.9999975,2.5074178e-06,0
34209,0.99999964,4.080554e-07,0
34210,1.0,5.549933e-10,0
34211,1.0,3.2366033e-11,0
34212,1.0,2.0271984e-09,0
34213,0.99999976,2.92318e-07,0
34214,1.0,2.888165e-11,0
34215,0.9999976,2.3435384e-06,0
34216,1.0,3.495765e-08,0
34217,1.0,2.3316495e-09,0
34218,1.0,8.265028e-09,0
34219,0.9999995,4.6534808e-07,0
34220,1.0,1.4666193e-10,0
34221,0.99999964,3.308626e-07,0
34222,1.0,2.5945798e-11,0
34223,0.9999949,5.075468e-06,0
34224,0.9999776,2.2432338e-05,0
34225,0.9999937,6.304327e-06,0
34226,1.0,4.3412097e-11,0
34227,1.0,2.706928e-13,0
34228,1.0,1.523581e-13,0
34229,1.0,5.2374305e-10,0
34230,1.0,1.0066286e-12,0
34231,1.0,1.4913022e-13,0
34232,1.0,4.116803e-12,0
34233,0.9999999,1.192182e-07,0
34234,1.0,1.2927814e-11,0
34235,1.0,2.6327907e-11,0
34236,1.0,1.6589331e-10,0
34237,1.0,7.759462e-13,0
34238,1.0,2.1040817e-08,0
34239,1.0,8.644267e-12,0
34240,1.0,8.938563e-14,0
34241,1.0,2.5850414e-11,0
34242,1.0,1.3687055e-08,0
34243,1.0,8.442186e-12,0
34244,1.0,9.313753e-13,0
34245,1.0,2.6306122e-11,0
34246,1.0,7.7330276e-10,0
34247,1.0,1.7428813e-12,0
34248,1.0,4.2943973e-12,0
34249,1.0,5.615894e-12,0
34250,1.0,3.490072e-10,0
34251,1.0,1.665168e-11,0
34252,1.0,3.415784e-11,0
34253,1.0,3.5743923e-13,0
34254,1.0,3.547811e-11,0
34255,1.0,6.067845e-11,0
34256,1.0,1.1786387e-11,0
34257,1.0,3.6316178e-12,0
34258,1.0,1.20332355e-11,0
34259,0.99999833,1.6796176e-06,0
34260,1.0,5.6716193e-13,0
34261,1.0,1.9073183e-12,0
34262,1.0,1.15868695e-11,0
34263,1.0,7.3250623e-13,0
34264,1.0,7.9924706e-13,0
34265,1.0,8.737683e-14,0
34266,1.0,2.914759e-13,0
34267,1.0,9.006548e-12,0
34268,1.0,3.42741e-13,0
34269,1.0,1.6353077e-11,0
34270,1.0,6.2699883e-13,0
34271,1.0,3.2202283e-12,0
34272,1.0,7.942481e-11,0
34273,1.0,3.9398945e-13,0
34274,1.0,7.478492e-12,0
34275,1.0,6.0909068e-15,0
34276,1.0,8.9629134e-13,0
34277,1.0,6.994361e-12,0
34278,1.0,8.6091245e-11,0
34279,1.0,1.3926088e-11,0
34280,1.0,2.0437009e-10,0
34281,1.0,1.4025556e-13,0
34282,1.0,2.0810242e-12,0
34283,1.0,1.6600592e-11,0
34284,1.0,2.2685449e-13,0
34285,1.0,2.5146354e-13,0
34286,1.0,1.5082e-12,0
34287,1.0,4.4756454e-13,0
34288,1.0,1.1282509e-11,0
34289,1.0,1.6312143e-11,0
34290,1.0,1.0079688e-10,0
34291,1.0,3.3528508e-10,0
34292,1.0,1.3005974e-10,0
34293,1.0,3.5291584e-10,0
34294,1.0,3.1717489e-12,0
34295,1.0,1.9069182e-12,0
34296,1.0,8.3346334e-13,0
34297,1.0,5.920159e-13,0
34298,1.0,4.1109724e-12,0
34299,1.0,1.0801423e-12,0
34300,1.0,4.6346264e-12,0
34301,1.0,2.672999e-13,0
34302,1.0,2.1049034e-09,0
34303,1.0,1.1337367e-11,0
34304,1.0,3.3480452e-10,0
34305,1.0,4.9824977e-13,0
34306,1.0,4.801127e-09,0
34307,1.0,8.059727e-15,0
34308,1.0,5.2700977e-10,0
34309,1.0,1.8836364e-10,0
34310,1.0,2.6832793e-11,0
34311,1.0,9.708338e-12,0
34312,1.0,9.44598e-13,0
34313,1.0,2.2188024e-13,0
34314,1.0,5.154528e-11,0
34315,1.0,1.5393678e-11,0
34316,1.0,1.301142e-12,0
34317,1.0,5.643143e-13,0
34318,1.0,6.598795e-14,0
34319,1.0,1.1795344e-10,0
34320,1.0,3.2042514e-11,0
34321,1.0,2.7393459e-11,0
34322,1.0,2.6829812e-12,0
34323,1.0,2.1939074e-12,0
34324,1.0,4.5236723e-13,0
34325,1.0,1.4835954e-11,0
34326,1.0,1.5763786e-10,0
34327,1.0,2.0365322e-11,0
34328,1.0,1.4744468e-11,0
34329,1.0,2.59429e-13,0
34330,1.0,1.6484236e-10,0
34331,1.0,6.1767887e-12,0
34332,1.0,7.572468e-11,0
34333,1.0,1.2601201e-11,0
34334,1.0,1.3960581e-11,0
34335,1.0,9.5352504e-11,0
34336,1.0,2.1587316e-13,0
34337,1.0,2.3811825e-12,0
34338,1.0,5.306318e-14,0
34339,1.0,4.822785e-10,0
34340,1.0,7.292971e-09,0
34341,1.0,1.6051125e-08,0
34342,1.0,6.263274e-12,0
34343,1.0,2.1448605e-12,0
34344,1.0,5.0520546e-11,0
34345,1.0,2.8468208e-09,0
34346,1.0,3.782937e-09,0
34347,1.0,1.046824e-12,0
34348,1.0,1.4873742e-12,0
34349,1.0,1.0708064e-09,0
34350,1.0,3.4252115e-11,0
34351,1.0,2.1263008e-10,0
34352,1.0,8.1063184e-11,0
34353,1.0,3.4358506e-11,0
34354,1.0,1.5036811e-13,0
34355,1.0,3.9209844e-11,0
34356,1.0,1.8929882e-08,0
34357,1.0,3.4314773e-10,0
34358,1.0,1.4984718e-11,0
34359,1.0,3.9906956e-13,0
34360,1.0,7.879827e-12,0
34361,1.0,1.6956657e-09,0
34362,1.0,3.7452704e-11,0
34363,1.0,6.8206507e-10,0
34364,1.0,2.1599354e-12,0
34365,1.0,1.2272249e-12,0
34366,1.0,2.7569001e-11,0
34367,1.0,8.620434e-10,0
34368,1.0,3.7857735e-13,0
34369,1.0,1.0992089e-12,0
34370,1.0,6.5421606e-11,0
34371,1.0,2.3864294e-12,0
34372,1.0,1.9954946e-10,0
34373,1.0,1.3585747e-12,0
34374,1.0,7.895404e-14,0
34375,1.0,5.287569e-13,0
34376,1.0,3.4007248e-13,0
34377,1.0,4.907535e-13,0
34378,0.99999976,1.8784598e-07,0
34379,1.0,2.7765812e-09,0
34380,1.0,6.026837e-12,0
34381,0.9999987,1.3461687e-06,0
34382,1.0,1.02417e-10,0
34383,1.0,3.0962433e-12,0
34384,1.0,2.7961251e-11,0
34385,1.0,5.090042e-13,0
34386,1.0,1.9940249e-11,0
34387,1.0,5.979214e-13,0
34388,1.0,3.9270575e-13,0
34389,1.0,5.4088864e-12,0
34390,1.0,1.3727873e-11,0
34391,1.0,6.927442e-13,0
34392,1.0,1.2520804e-10,0
34393,1.0,1.371972e-09,0
34394,1.0,1.263387e-13,0
34395,1.0,1.28455215e-11,0
34396,1.0,4.4235747e-11,0
34397,1.0,1.5762291e-09,0
34398,1.0,2.019682e-11,0
34399,1.0,5.2514017e-11,0
34400,1.0,6.4591624e-11,0
34401,1.0,2.645159e-10,0
34402,1.0,2.6880064e-08,0
34403,1.0,7.334332e-09,0
34404,1.0,7.333387e-11,0
34405,1.0,1.678095e-13,0
34406,1.0,9.141801e-13,0
34407,1.0,1.1111138e-13,0
34408,1.0,6.2953484e-12,0
34409,1.0,5.1197387e-13,0
34410,1.0,1.43839975e-11,0
34411,1.0,3.3831549e-12,0
34412,1.0,8.103189e-09,0
34413,1.0,6.853514e-10,0
34414,1.0,6.099665e-10,0
34415,1.0,3.4299606e-13,0
34416,1.0,2.480596e-11,0
34417,1.0,8.9207114e-11,0
34418,1.0,2.976108e-11,0
34419,1.0,2.603349e-11,0
34420,1.0,9.334993e-12,0
34421,1.0,3.7700076e-13,0
34422,1.0,1.9650069e-10,0
34423,1.0,4.8390337e-12,0
34424,1.0,2.561253e-11,0
34425,1.0,1.9896331e-11,0
34426,1.0,2.0462253e-13,0
34427,1.0,1.3311475e-11,0
34428,1.0,9.992661e-12,0
34429,1.0,2.1148504e-10,0
34430,1.0,4.9665888e-12,0
34431,1.0,6.7680784e-13,0
34432,1.0,5.67242e-13,0
34433,1.0,2.3732227e-10,0
34434,1.0,1.601471e-11,0
34435,1.0,7.687636e-12,0
34436,1.0,6.873572e-13,0
34437,1.0,7.571425e-12,0
34438,1.0,2.5773278e-10,0
34439,1.0,9.465621e-13,0
34440,1.0,4.483237e-11,0
34441,1.0,1.837489e-12,0
34442,1.0,2.474592e-13,0
34443,1.0,6.56266e-10,0
34444,1.0,2.839505e-13,0
34445,1.0,1.0594221e-12,0
34446,1.0,1.449888e-12,0
34447,0.9999994,5.5795397e-07,0
34448,1.0,1.4019794e-11,0
34449,1.0,2.7270935e-12,0
34450,1.0,7.418897e-11,0
34451,1.0,3.970718e-10,0
34452,1.0,1.0473907e-09,0
34453,1.0,1.8977682e-11,0
34454,1.0,1.606637e-09,0
34455,1.0,7.355573e-12,0
34456,1.0,1.3066345e-10,0
34457,1.0,5.639286e-11,0
34458,1.0,3.7088896e-10,0
34459,1.0,4.0824348e-13,0
34460,1.0,2.9346473e-12,0
34461,1.0,2.604982e-12,0
34462,0.9999999,1.1711206e-07,0
34463,1.0,2.1597951e-12,0
34464,1.0,1.4602616e-09,0
34465,1.0,6.62887e-10,0
34466,1.0,1.1014866e-11,0
34467,1.0,6.948407e-12,0
34468,1.0,2.1722863e-14,0
34469,1.0,4.171148e-13,0
34470,1.0,8.941869e-11,0
34471,1.0,1.8570933e-08,0
34472,1.0,6.855674e-13,0
34473,1.0,1.6935373e-11,0
34474,1.0,1.0378369e-10,0
34475,1.0,1.1505015e-11,0
34476,1.0,1.0574388e-10,0
34477,0.99999976,1.8425189e-07,0
34478,1.0,1.0855437e-11,0
34479,1.0,6.741284e-12,0
34480,1.0,1.4315916e-09,0
34481,1.0,8.1953444e-13,0
34482,1.0,1.1810405e-10,0
34483,1.0,7.6378306e-11,0
34484,1.0,3.4694537e-12,0
34485,1.0,2.636708e-13,0
34486,1.0,9.481925e-12,0
34487,1.0,3.4805691e-12,0
34488,1.0,2.5715128e-11,0
34489,0.9999999,6.28936e-08,0
34490,1.0,2.7124396e-15,0
34491,1.0,6.9337186e-10,0
34492,1.0,5.963773e-12,0
34493,1.0,7.522749e-10,0
34494,1.0,7.218599e-09,0
34495,1.0,2.8312414e-13,0
34496,1.0,2.0385657e-14,0
34497,0.9999999,1.389971e-07,0
34498,1.0,1.09936525e-10,0
34499,0.9999999,8.024231e-08,0
34500,1.0,6.078078e-13,0
34501,1.0,1.8878723e-11,0
34502,1.0,4.9698297e-12,0
34503,1.0,2.7027968e-12,0
34504,1.0,1.480558e-09,0
34505,0.9999995,4.436975e-07,0
34506,1.0,1.3546275e-10,0
34507,1.0,1.1916545e-11,0
34508,1.0,1.1111977e-11,0
34509,1.0,2.1330047e-12,0
34510,1.0,2.5062452e-10,0
34511,1.0,7.914263e-11,0
34512,1.0,5.0262523e-13,0
34513,1.0,6.423953e-10,0
34514,1.0,3.5452726e-12,0
34515,1.0,5.541677e-12,0
34516,1.0,8.362149e-13,0
34517,1.0,1.9340314e-08,0
34518,1.0,5.5280847e-10,0
34519,1.0,5.818679e-09,0
34520,1.0,6.395916e-11,0
34521,1.0,6.403386e-11,0
34522,1.0,1.1786967e-12,0
34523,1.0,5.5204563e-10,0
34524,1.0,3.6090209e-10,0
34525,1.0,5.733065e-11,0
34526,1.0,5.8008657e-11,0
34527,1.0,4.185293e-13,0
34528,1.0,1.8855818e-13,0
34529,1.0,3.5058978e-10,0
34530,1.0,3.091636e-11,0
34531,1.0,4.207856e-10,0
34532,1.0,5.523186e-13,0
34533,1.0,1.2613032e-11,0
34534,1.0,6.120506e-09,0
34535,1.0,1.6367399e-11,0
34536,1.0,6.86002e-12,0
34537,1.0,1.3177519e-10,0
34538,1.0,3.5164287e-12,0
34539,1.0,9.474761e-13,0
34540,1.0,7.4318874e-14,0
34541,1.0,7.376925e-13,0
34542,1.0,3.7650365e-12,0
34543,1.0,6.218452e-10,0
34544,1.0,4.308518e-08,0
34545,1.0,1.1915465e-13,0
34546,1.0,5.154127e-14,0
34547,0.99997866,2.1352016e-05,0
34548,0.9999958,4.1842054e-06,0
34549,0.9999789,2.1105034e-05,0
34550,0.9999982,1.8278054e-06,0
34551,0.99999976,2.7285463e-07,0
34552,1.0,3.5760782e-12,0
34553,1.0,1.2065751e-08,0
34554,1.0,4.8590576e-12,0
34555,1.0,6.354975e-14,0
34556,0.9999988,1.1628255e-06,0
34557,1.0,2.1726222e-10,0
34558,1.0,3.2530941e-13,0
34559,1.0,1.075646e-12,0
34560,0.99999976,1.8003038e-07,0
34561,0.9999989,1.0374381e-06,0
34562,1.0,4.962783e-08,0
34563,0.9999999,1.3605462e-07,0
34564,0.9999994,6.5207234e-07,0
34565,0.9998919,0.00010806336,0
34566,1.0,3.790275e-09,0
34567,1.0,9.9516964e-11,0
34568,1.0,5.855198e-12,0
34569,1.0,5.663893e-08,0
34570,1.0,2.1790383e-10,0
34571,1.0,1.7493483e-09,0
34572,1.0,1.4276377e-09,0
34573,1.0,7.348144e-11,0
34574,1.0,4.3229474e-12,0
34575,1.0,5.7418247e-13,0
34576,1.0,4.7965748e-14,0
34577,1.0,2.1799767e-11,0
34578,1.0,1.9638558e-11,0
34579,1.0,4.0178876e-12,0
34580,1.0,1.11908956e-13,0
34581,1.0,1.0763578e-09,0
34582,1.0,1.4584396e-11,0
34583,1.0,3.938159e-13,0
34584,1.0,1.186445e-11,0
34585,1.0,1.0288018e-11,0
34586,1.0,2.5473666e-12,0
34587,1.0,3.208176e-08,0
34588,1.0,1.9761727e-11,0
34589,1.0,5.6340366e-12,0
34590,1.0,7.455349e-12,0
34591,1.0,7.3333165e-15,0
34592,1.0,3.0008144e-13,0
34593,1.0,6.7744584e-13,0
34594,1.0,1.2390737e-13,0
34595,1.0,2.1016817e-13,0
34596,1.0,3.6210576e-11,0
34597,1.0,2.198746e-12,0
34598,1.0,5.887683e-13,0
34599,1.0,1.6668188e-09,0
34600,1.0,1.588753e-12,0
34601,1.0,3.921945e-13,0
34602,1.0,1.1947519e-11,0
34603,1.0,2.6282424e-13,0
34604,1.0,1.7467518e-12,0
34605,1.0,1.986178e-12,0
34606,1.0,2.249748e-14,0
34607,1.0,1.98393e-11,0
34608,1.0,6.538265e-12,0
34609,1.0,4.5393578e-10,0
34610,1.0,5.048408e-13,0
34611,1.0,1.801723e-11,0
34612,1.0,7.474599e-12,0
34613,1.0,4.4027164e-11,0
34614,1.0,5.309978e-12,0
34615,1.0,7.1416717e-10,0
34616,1.0,5.383523e-13,0
34617,1.0,1.2260954e-11,0
34618,1.0,8.475712e-12,0
34619,1.0,3.9006185e-12,0
34620,1.0,2.1959181e-11,0
34621,0.99999964,3.6144567e-07,0
34622,1.0,4.2715872e-13,0
34623,1.0,1.3170283e-10,0
34624,1.0,9.210811e-13,0
34625,1.0,1.1316875e-09,0
34626,1.0,1.6599262e-11,0
34627,1.0,1.0655251e-10,0
34628,1.0,4.2785202e-12,0
34629,1.0,2.4736918e-12,0
34630,1.0,5.3864272e-14,0
34631,1.0,6.040638e-11,0
34632,1.0,3.691478e-14,0
34633,1.0,1.9084626e-14,0
34634,1.0,1.221592e-12,0
34635,1.0,6.40886e-11,0
34636,1.0,7.62521e-15,0
34637,1.0,1.7875448e-11,0
34638,1.0,1.3983138e-13,0
34639,1.0,3.752419e-12,0
34640,1.0,3.0574654e-11,0
34641,1.0,3.4357e-11,0
34642,1.0,4.5448652e-11,0
34643,1.0,6.7895967e-12,0
34644,1.0,4.531358e-13,0
34645,1.0,1.0881525e-13,0
34646,1.0,1.778547e-10,0
34647,1.0,9.527397e-11,0
34648,1.0,6.037169e-12,0
34649,1.0,7.0929937e-13,0
34650,1.0,3.0306037e-13,0
34651,1.0,5.6823743e-12,0
34652,1.0,2.0784995e-10,0
34653,1.0,3.140196e-11,0
34654,1.0,5.4988657e-12,0
34655,1.0,4.5683466e-12,0
34656,1.0,2.9868543e-12,0
34657,1.0,4.644234e-13,0
34658,1.0,7.765258e-15,0
34659,1.0,2.7820612e-10,0
34660,1.0,1.7276458e-13,0
34661,1.0,2.8402753e-12,0
34662,1.0,5.2448653e-11,0
34663,1.0,3.5317523e-13,0
34664,1.0,1.5534199e-10,0
34665,1.0,5.6237354e-10,0
34666,1.0,5.5114025e-12,0
34667,1.0,5.526263e-13,0
34668,1.0,2.0491468e-13,0
34669,1.0,6.557423e-12,0
34670,1.0,5.5224094e-12,0
34671,1.0,2.834378e-11,0
34672,1.0,6.0563716e-12,0
34673,1.0,8.701501e-12,0
34674,1.0,1.2724821e-10,0
34675,1.0,6.4645294e-13,0
34676,1.0,6.427903e-09,0
34677,1.0,1.7751053e-12,0
34678,1.0,2.2184195e-11,0
34679,1.0,3.5147574e-13,0
34680,1.0,1.1439207e-13,0
34681,1.0,1.8493335e-13,0
34682,1.0,2.9228692e-10,0
34683,1.0,3.4365538e-10,0
34684,1.0,1.6027499e-09,0
34685,1.0,1.2395235e-12,0
34686,1.0,3.9797804e-13,0
34687,1.0,7.05443e-14,0
34688,1.0,7.8075e-10,0
34689,1.0,3.5173094e-11,0
34690,1.0,2.1316382e-12,0
34691,1.0,9.912761e-12,0
34692,1.0,3.0250743e-11,0
34693,1.0,1.2027665e-10,0
34694,1.0,1.2116099e-11,0
34695,1.0,1.2809838e-13,0
34696,0.99999845,1.5084439e-06,0
34697,1.0,5.519942e-13,0
34698,1.0,5.2406354e-11,0
34699,1.0,1.1170642e-12,0
34700,0.99999976,1.9311699e-07,0
34701,1.0,1.9102062e-11,0
34702,1.0,5.4027563e-14,0
34703,1.0,5.5379785e-12,0
34704,1.0,7.527576e-09,0
34705,1.0,9.863762e-12,0
34706,1.0,1.8818974e-11,0
34707,1.0,8.943672e-12,0
34708,1.0,1.3182202e-09,0
34709,1.0,5.6154603e-10,0
34710,1.0,1.2872912e-12,0
34711,1.0,2.673887e-09,0
34712,1.0,1.9979413e-12,0
34713,1.0,2.0420136e-14,0
34714,1.0,5.665644e-08,0
34715,1.0,1.9802836e-13,0
34716,1.0,1.0020685e-10,0
34717,0.99999976,1.7937197e-07,0
34718,1.0,4.806941e-11,0
34719,1.0,1.9762944e-10,0
34720,1.0,1.1502705e-12,0
34721,1.0,6.1276544e-09,0
34722,1.0,3.3402123e-10,0
34723,1.0,2.5902622e-08,0
34724,1.0,7.747103e-12,0
34725,1.0,5.40523e-14,0
34726,1.0,3.9704148e-10,0
34727,1.0,1.5253424e-10,0
34728,1.0,5.127635e-13,0
34729,0.99999976,2.2710233e-07,0
34730,1.0,3.8613585e-11,0
34731,1.0,3.4070666e-10,0
34732,1.0,2.2803903e-11,0
34733,1.0,4.9067467e-10,0
34734,1.0,5.410424e-12,0
34735,1.0,4.9061337e-12,0
34736,1.0,3.9941528e-13,0
34737,1.0,6.759261e-11,0
34738,1.0,4.5984366e-12,0
34739,1.0,1.3653334e-09,0
34740,1.0,1.5292847e-09,0
34741,1.0,6.759004e-11,0
34742,1.0,2.0964743e-08,0
34743,1.0,9.3181187e-14,0
34744,1.0,1.1239824e-12,0
34745,1.0,4.5625666e-11,0
34746,1.0,9.5407085e-11,0
34747,1.0,3.3361102e-11,0
34748,1.0,1.7412192e-13,0
34749,1.0,9.990598e-13,0
34750,1.0,1.2139655e-10,0
34751,1.0,6.4438117e-09,0
34752,1.0,8.0483765e-11,0
34753,1.0,8.598018e-14,0
34754,1.0,9.724503e-11,0
34755,1.0,8.8398504e-11,0
34756,1.0,2.6642254e-12,0
34757,1.0,1.1917698e-12,0
34758,1.0,1.3423699e-09,0
34759,1.0,2.1088366e-10,0
34760,1.0,5.583503e-11,0
34761,1.0,1.0757969e-10,0
34762,1.0,1.5383867e-12,0
34763,1.0,2.2998213e-13,0
34764,1.0,1.3631496e-10,0
34765,1.0,1.4286564e-09,0
34766,1.0,9.0252355e-13,0
34767,1.0,4.6560507e-12,0
34768,1.0,1.0155521e-11,0
34769,1.0,5.3882433e-11,0
34770,1.0,1.6736782e-12,0
34771,1.0,2.5687494e-10,0
34772,1.0,7.683854e-12,0
34773,1.0,2.3329317e-08,0
34774,1.0,7.153194e-13,0
34775,1.0,3.7576024e-13,0
34776,1.0,1.7338579e-10,0
34777,1.0,9.465747e-13,0
34778,1.0,3.4814106e-13,0
34779,1.0,2.3218116e-12,0
34780,1.0,1.651417e-13,0
34781,1.0,1.9628821e-11,0
34782,1.0,7.623883e-12,0
34783,1.0,2.358826e-11,0
34784,1.0,2.3147446e-09,0
34785,1.0,3.872023e-11,0
34786,1.0,1.4045212e-12,0
34787,1.0,2.3934573e-13,0
34788,0.99997246,2.7541575e-05,0
34789,1.0,9.15359e-14,0
34790,1.0,6.924804e-12,0
34791,1.0,6.587984e-13,0
34792,1.0,7.8865395e-14,0
34793,1.0,3.024298e-13,0
34794,1.0,6.2620525e-13,0
34795,1.0,4.1522456e-14,0
34796,1.0,5.2702235e-12,0
34797,1.0,6.090571e-11,0
34798,1.0,4.8706096e-12,0
34799,1.0,4.345938e-12,0
34800,1.0,1.4945413e-11,0
34801,1.0,1.5041272e-11,0
34802,1.0,2.7481665e-13,0
34803,1.0,1.7351332e-12,0
34804,1.0,1.4960293e-12,0
34805,1.0,7.561666e-09,0
34806,1.0,7.8457757e-10,0
34807,1.0,1.3045826e-10,0
34808,1.0,6.9547554e-09,0
34809,1.0,3.4974892e-10,0
34810,1.0,1.07175235e-13,0
34811,1.0,5.532633e-13,0
34812,1.0,5.9788036e-13,0
34813,1.0,7.5736567e-10,0
34814,1.0,1.2108053e-12,0
34815,1.0,3.6940737e-12,0
34816,1.0,4.678428e-13,0
34817,0.9994987,0.0005012765,0
34818,0.9999989,1.0993285e-06,0
34819,1.0,1.6345521e-12,0
34820,1.0,2.1048531e-11,0
34821,1.0,3.3321963e-09,0
34822,1.0,5.7645232e-11,0
34823,1.0,4.067888e-11,0
34824,1.0,1.4887949e-10,0
34825,1.0,9.851516e-13,0
34826,1.0,1.7013649e-12,0
34827,1.0,1.4710543e-10,0
34828,1.0,7.44401e-12,0
34829,1.0,1.9859385e-09,0
34830,1.0,7.847901e-10,0
34831,1.0,5.9976065e-12,0
34832,1.0,6.6728345e-11,0
34833,0.99999976,2.92468e-07,0
34834,1.0,1.0638325e-08,0
34835,1.0,3.9897863e-11,0
34836,1.0,9.718023e-09,0
34837,1.0,1.4179157e-11,0
34838,1.0,2.9792301e-12,0
34839,1.0,5.5266745e-13,0
34840,1.0,3.2696768e-10,0
34841,1.0,6.3811384e-10,0
34842,1.0,2.0460128e-11,0
34843,1.0,4.2961693e-11,0
34844,1.0,1.43309755e-08,0
34845,1.0,2.3780598e-12,0
34846,1.0,8.761971e-09,0
34847,1.0,1.2175673e-09,0
34848,1.0,1.554166e-11,0
34849,1.0,2.298369e-10,0
34850,1.0,2.3663435e-10,0
34851,1.0,7.843244e-11,0
34852,1.0,2.5599928e-11,0
34853,1.0,5.6992044e-10,0
34854,1.0,3.676461e-11,0
34855,1.0,2.202966e-11,0
34856,1.0,4.2533255e-10,0
34857,1.0,1.0006731e-12,0
34858,1.0,2.3955697e-11,0
34859,1.0,2.1901465e-14,0
34860,1.0,3.813127e-11,0
34861,1.0,4.68924e-12,0
34862,0.99999857,1.4819368e-06,0
34863,1.0,7.06585e-10,0
34864,1.0,1.7125083e-13,0
34865,1.0,2.5039018e-08,0
34866,1.0,7.5312623e-10,0
34867,0.9999981,1.942255e-06,0
34868,1.0,3.1388653e-12,0
34869,1.0,3.4564023e-12,0
34870,1.0,5.2149795e-11,0
34871,1.0,1.13912144e-10,0
34872,1.0,2.2431849e-13,0
34873,1.0,4.6315485e-13,0
34874,1.0,4.931326e-11,0
34875,1.0,7.7457404e-13,0
34876,1.0,9.882456e-13,0
34877,1.0,3.3484886e-12,0
34878,1.0,1.6856547e-11,0
34879,1.0,1.5867256e-10,0
34880,1.0,3.885126e-10,0
34881,1.0,1.741549e-12,0
34882,1.0,4.2334632e-14,0
34883,0.99999833,1.7100017e-06,0
34884,1.0,2.1180819e-08,0
34885,1.0,3.44953e-10,0
34886,1.0,2.3338562e-09,0
34887,1.0,6.005708e-13,0
34888,1.0,2.013309e-11,0
34889,1.0,2.3775507e-13,0
34890,1.0,3.3634843e-13,0
34891,1.0,2.3519267e-10,0
34892,1.0,1.0436481e-12,0
34893,1.0,1.1793533e-12,0
34894,1.0,6.4925516e-14,0
34895,1.0,2.6335552e-14,0
34896,1.0,1.3468663e-12,0
34897,1.0,2.2543023e-13,0
34898,1.0,3.504288e-13,0
34899,1.0,2.994038e-14,0
34900,1.0,1.1177938e-11,0
34901,1.0,2.8615844e-13,0
34902,1.0,1.7697479e-11,0
34903,1.0,7.407408e-13,0
34904,1.0,2.0225347e-11,0
34905,1.0,2.22809e-13,0
34906,1.0,6.573223e-13,0
34907,1.0,7.6199946e-10,0
34908,1.0,3.9235314e-13,0
34909,1.0,1.804752e-12,0
34910,0.9999989,1.0514143e-06,0
34911,1.0,2.429924e-10,0
34912,1.0,5.2278067e-11,0
34913,1.0,1.1971865e-10,0
34914,1.0,1.0045385e-11,0
34915,1.0,1.9456676e-12,0
34916,1.0,9.629145e-13,0
34917,1.0,9.664914e-13,0
34918,1.0,3.3722913e-13,0
34919,1.0,5.0545505e-11,0
34920,1.0,9.862346e-13,0
34921,1.0,3.4631068e-12,0
34922,1.0,2.8996349e-11,0
34923,1.0,1.6117857e-11,0
34924,1.0,2.5506628e-12,0
34925,1.0,6.194648e-13,0
34926,1.0,6.2070106e-12,0
34927,1.0,3.4483555e-12,0
34928,1.0,4.0776896e-12,0
34929,1.0,2.520889e-12,0
34930,1.0,1.1755146e-13,0
34931,1.0,6.231007e-12,0
34932,1.0,1.5214104e-11,0
34933,1.0,1.3885606e-12,0
34934,1.0,6.2558926e-13,0
34935,1.0,5.547459e-09,0
34936,1.0,2.4159721e-10,0
34937,1.0,3.519846e-11,0
34938,1.0,7.816119e-12,0
34939,1.0,8.44904e-14,0
34940,1.0,3.368523e-10,0
34941,1.0,1.9619126e-11,0
34942,1.0,3.5597458e-12,0
34943,1.0,6.715546e-14,0
34944,1.0,2.5107499e-12,0
34945,1.0,1.8755752e-12,0
34946,1.0,2.5353009e-09,0
34947,1.0,4.8459077e-11,0
34948,1.0,1.9613766e-12,0
34949,0.99999964,3.9565177e-07,0
34950,1.0,8.970426e-12,0
34951,1.0,1.1788749e-11,0
34952,1.0,4.048612e-12,0
34953,1.0,5.33355e-11,0
34954,1.0,9.565703e-12,0
34955,1.0,2.1699561e-13,0
34956,1.0,6.2375265e-11,0
34957,1.0,2.291809e-12,0
34958,1.0,2.7899698e-09,0
34959,1.0,2.8171985e-09,0
34960,1.0,3.415634e-11,0
34961,1.0,4.7855595e-12,0
34962,1.0,4.330001e-09,0
34963,1.0,1.4668258e-11,0
34964,1.0,2.2360694e-12,0
34965,1.0,1.3065797e-10,0
34966,1.0,2.3871577e-12,0
34967,1.0,2.557132e-12,0
34968,1.0,5.5254887e-11,0
34969,1.0,3.8870846e-13,0
34970,1.0,2.3533064e-12,0
34971,1.0,4.7555165e-11,0
34972,1.0,1.1187243e-10,0
34973,1.0,1.317836e-12,0
34974,1.0,5.5384717e-13,0
34975,1.0,2.114938e-11,0
34976,1.0,3.913886e-11,0
34977,1.0,3.7709603e-11,0
34978,1.0,2.31132e-10,0
34979,1.0,8.9447926e-13,0
34980,1.0,6.6671038e-09,0
34981,1.0,2.2449924e-12,0
34982,1.0,2.9367513e-13,0
34983,1.0,1.3515984e-09,0
34984,1.0,8.345996e-12,0
34985,1.0,1.5724485e-13,0
34986,1.0,5.2980003e-12,0
34987,1.0,1.5486267e-11,0
34988,1.0,7.5606596e-12,0
34989,1.0,2.649792e-12,0
34990,1.0,2.809911e-09,0
34991,1.0,1.7016203e-13,0
34992,1.0,1.1132478e-13,0
34993,1.0,1.982297e-10,0
34994,0.9999994,5.4410873e-07,0
34995,1.0,7.1394986e-12,0
34996,1.0,6.023315e-10,0
34997,1.0,2.7361396e-11,0
34998,1.0,2.2188151e-09,0
34999,1.0,1.4477842e-13,0
35000,1.0,1.5356236e-14,0
35001,1.0,2.8672076e-12,0
35002,1.0,3.5390607e-10,0
35003,1.0,9.024892e-13,0
35004,1.0,5.1397453e-10,0
35005,1.0,1.5492116e-11,0
35006,1.0,7.365783e-11,0
35007,1.0,6.346321e-12,0
35008,1.0,5.1333235e-12,0
35009,1.0,1.0537491e-12,0
35010,1.0,3.0333464e-12,0
35011,1.0,5.695341e-12,0
35012,1.0,4.9314736e-12,0
35013,1.0,6.382425e-11,0
35014,1.0,2.1284388e-14,0
35015,1.0,2.7702358e-11,0
35016,1.0,1.2148258e-12,0
35017,1.0,1.3883554e-10,0
35018,1.0,2.9545276e-13,0
35019,1.0,5.1629426e-14,0
35020,1.0,1.6756702e-10,0
35021,1.0,1.9809154e-12,0
35022,1.0,4.52738e-11,0
35023,1.0,1.0797932e-10,0
35024,1.0,1.925503e-12,0
35025,1.0,1.7465711e-13,0
35026,1.0,9.2672415e-12,0
35027,1.0,2.5905755e-10,0
35028,1.0,3.6387265e-11,0
35029,1.0,1.0427687e-08,0
35030,0.9999999,1.3968464e-07,0
35031,1.0,3.3895142e-10,0
35032,1.0,4.342533e-12,0
35033,1.0,7.8482604e-10,0
35034,1.0,8.6256176e-13,0
35035,0.9999995,5.2609545e-07,0
35036,1.0,5.854163e-11,0
35037,1.0,3.3490908e-11,0
35038,1.0,7.516463e-11,0
35039,0.9999999,1.5002362e-07,0
35040,1.0,9.380421e-15,0
35041,1.0,5.38708e-12,0
35042,1.0,2.446735e-11,0
35043,1.0,2.1045419e-13,0
35044,1.0,5.2353403e-11,0
35045,1.0,5.6191357e-10,0
35046,1.0,1.9984483e-12,0
35047,1.0,3.851765e-12,0
35048,1.0,1.2640475e-13,0
35049,1.0,1.0538632e-09,0
35050,1.0,1.1373656e-09,0
35051,1.0,9.742758e-10,0
35052,1.0,6.9354085e-11,0
35053,1.0,3.269137e-12,0
35054,1.0,2.5194519e-12,0
35055,1.0,6.733468e-13,0
35056,1.0,8.185417e-11,0
35057,1.0,7.877002e-12,0
35058,1.0,2.4431618e-12,0
35059,1.0,1.3489847e-12,0
35060,0.99999785,2.2030572e-06,0
35061,1.0,3.368937e-12,0
35062,1.0,1.6284183e-09,0
35063,1.0,3.990574e-13,0
35064,0.9999999,8.1680085e-08,0
35065,1.0,1.3107931e-10,0
35066,1.0,2.5782032e-10,0
35067,1.0,1.4734698e-13,0
35068,1.0,4.790269e-13,0
35069,1.0,7.6836565e-10,0
35070,1.0,2.7389488e-11,0
35071,1.0,5.286763e-09,0
35072,0.99999905,9.526753e-07,0
35073,1.0,4.9361723e-11,0
35074,1.0,9.727462e-13,0
35075,1.0,3.3143321e-10,0
35076,1.0,3.2161603e-11,0
35077,1.0,7.773225e-09,0
35078,1.0,7.578641e-14,0
35079,1.0,1.134298e-09,0
35080,1.0,1.2159729e-09,0
35081,1.0,1.5876777e-08,0
35082,1.0,2.3227373e-12,0
35083,1.0,1.4145999e-09,0
35084,0.9999995,5.098061e-07,0
35085,1.0,5.709595e-10,0
35086,1.0,1.175781e-10,0
35087,1.0,1.9604545e-14,0
35088,1.0,1.07713995e-13,0
35089,1.0,4.0119663e-09,0
35090,1.0,7.86552e-11,0
35091,1.0,1.2784903e-11,0
35092,1.0,1.3356359e-08,0
35093,0.9999994,5.404411e-07,0
35094,1.0,1.253908e-11,0
35095,1.0,2.4995805e-14,0
35096,1.0,1.7274739e-10,0
35097,1.0,1.2497763e-09,0
35098,1.0,8.526664e-11,0
35099,1.0,5.3052406e-12,0
35100,1.0,2.7569657e-13,0
35101,1.0,2.0077534e-10,0
35102,1.0,1.0078514e-14,0
35103,1.0,6.652714e-12,0
35104,1.0,1.7602343e-11,0
35105,1.0,1.13533575e-11,0
35106,0.99999976,2.7058874e-07,0
35107,1.0,2.126816e-10,0
35108,1.0,7.743579e-14,0
35109,1.0,3.0932917e-12,0
35110,1.0,1.9706509e-11,0
35111,1.0,1.0230756e-12,0
35112,1.0,8.856954e-13,0
35113,1.0,1.07025296e-13,0
35114,1.0,4.1288872e-13,0
35115,1.0,2.587682e-10,0
35116,1.0,5.390947e-11,0
35117,1.0,3.380221e-08,0
35118,1.0,1.4686363e-08,0
35119,1.0,1.3126264e-11,0
35120,1.0,7.343433e-12,0
35121,1.0,1.865628e-12,0
35122,1.0,5.5052067e-11,0
35123,1.0,7.0478974e-13,0
35124,1.0,1.1981511e-09,0
35125,1.0,8.463888e-12,0
35126,1.0,5.5895125e-11,0
35127,0.9999999,8.102064e-08,0
35128,1.0,6.130842e-14,0
35129,1.0,1.4205964e-10,0
35130,1.0,1.2420712e-10,0
35131,1.0,1.0386795e-12,0
35132,1.0,8.4168745e-13,0
35133,1.0,1.1546003e-09,0
35134,1.0,3.863491e-13,0
35135,1.0,7.1971926e-13,0
35136,1.0,1.6267022e-12,0
35137,1.0,5.452887e-13,0
35138,1.0,6.387689e-10,0
35139,1.0,5.14583e-09,0
35140,1.0,3.1156536e-10,0
35141,1.0,2.2137381e-13,0
35142,1.0,4.6385398e-10,0
35143,1.0,5.960523e-11,0
35144,1.0,1.935046e-12,0
35145,1.0,5.5910454e-12,0
35146,1.0,1.3054736e-10,0
35147,1.0,5.125142e-09,0
35148,1.0,6.9793393e-09,0
35149,1.0,1.1992503e-10,0
35150,1.0,1.0303508e-08,0
35151,1.0,7.4035067e-10,0
35152,1.0,1.7538928e-12,0
35153,1.0,7.199036e-12,0
35154,0.9999994,5.4722796e-07,0
35155,1.0,4.9017772e-11,0
35156,1.0,1.5525061e-12,0
35157,1.0,1.5054252e-10,0
35158,1.0,1.0955905e-11,0
35159,1.0,8.7313656e-11,0
35160,1.0,1.1353326e-09,0
35161,1.0,2.636493e-12,0
35162,1.0,2.4707758e-10,0
35163,1.0,1.9848655e-14,0
35164,1.0,1.4932769e-10,0
35165,0.99999976,2.4954397e-07,0
35166,1.0,2.9344784e-09,0
35167,1.0,1.1697454e-11,0
35168,1.0,1.0296543e-10,0
35169,1.0,4.119277e-12,0
35170,1.0,2.8239688e-11,0
35171,1.0,4.618163e-11,0
35172,1.0,8.583351e-11,0
35173,1.0,1.5323913e-13,0
35174,1.0,7.478442e-14,0
35175,1.0,2.5553974e-11,0
35176,1.0,2.3379887e-11,0
35177,1.0,1.1513987e-12,0
35178,1.0,2.1279488e-13,0
35179,1.0,4.5908347e-10,0
35180,1.0,2.5431082e-09,0
35181,1.0,4.9835727e-09,0
35182,0.9981932,0.001806754,0
35183,1.0,2.315766e-08,0
35184,1.0,1.5618098e-10,0
35185,1.0,1.8838707e-13,0
35186,1.0,2.3532593e-10,0
35187,1.0,1.5446376e-12,0
35188,0.9999982,1.7857282e-06,0
35189,1.0,1.1056449e-09,0
35190,1.0,5.1420906e-13,0
35191,0.99998057,1.9408888e-05,0
35192,1.0,4.1323344e-11,0
35193,1.0,2.2766553e-09,0
35194,1.0,4.2650527e-08,0
35195,1.0,2.1780181e-08,0
35196,1.0,1.3044582e-10,0
35197,1.0,1.1604492e-12,0
35198,1.0,6.564975e-14,0
35199,0.99999964,3.064938e-07,0
35200,1.0,1.1122229e-09,0
35201,0.99999833,1.6555438e-06,0
35202,1.0,5.243633e-08,0
35203,1.0,3.7652814e-08,0
35204,1.0,5.3601977e-15,0
35205,1.0,1.8498955e-12,0
35206,0.99999976,2.608115e-07,0
35207,1.0,2.5118262e-13,0
35208,1.0,2.1430039e-12,0
35209,1.0,9.852678e-10,0
35210,1.0,5.514257e-14,0
35211,1.0,1.1026226e-13,0
35212,0.9999993,6.989626e-07,0
35213,1.0,4.729742e-12,0
35214,1.0,4.954533e-09,0
35215,1.0,3.7485884e-10,0
35216,1.0,3.1485103e-10,0
35217,0.9999999,1.5217645e-07,0
35218,0.99999905,9.264226e-07,0
35219,1.0,1.0895296e-09,0
35220,1.0,4.596891e-13,0
35221,1.0,1.941e-13,0
35222,0.9999975,2.4687208e-06,0
35223,1.0,6.180094e-10,0
35224,1.0,1.7228202e-11,0
35225,1.0,5.464863e-12,0
35226,1.0,1.3006916e-10,0
35227,1.0,3.2315372e-12,0
35228,1.0,3.7419717e-11,0
35229,1.0,2.520679e-11,0
35230,1.0,4.223483e-12,0
35231,0.99999595,4.002448e-06,0
35232,1.0,3.5940196e-13,0
35233,1.0,1.3919169e-13,0
35234,1.0,4.7782624e-12,0
35235,1.0,1.7791008e-13,0
35236,1.0,2.180901e-10,0
35237,1.0,1.03702906e-11,0
35238,1.0,1.3758527e-13,0
35239,1.0,1.03929185e-08,0
35240,1.0,4.7361017e-14,0
35241,1.0,2.2755199e-11,0
35242,1.0,3.1857878e-14,0
35243,1.0,5.2205576e-13,0
35244,1.0,4.9778053e-13,0
35245,1.0,7.1134994e-11,0
35246,1.0,7.873427e-12,0
35247,1.0,1.2776213e-09,0
35248,0.99999964,3.8407026e-07,0
35249,0.9999995,4.3247456e-07,0
35250,1.0,5.590789e-12,0
35251,1.0,2.1020117e-12,0
35252,1.0,1.3944761e-09,0
35253,1.0,2.7199766e-12,0
35254,1.0,5.2281558e-11,0
35255,1.0,2.4611064e-13,0
35256,1.0,1.1623853e-12,0
35257,1.0,4.1678693e-14,0
35258,1.0,4.2553413e-12,0
35259,1.0,3.517638e-11,0
35260,1.0,5.43568e-13,0
35261,1.0,1.8145693e-11,0
35262,1.0,9.949096e-11,0
35263,1.0,3.3669714e-12,0
35264,1.0,2.8280924e-11,0
35265,1.0,2.6962885e-12,0
35266,1.0,5.8175356e-13,0
35267,1.0,1.997448e-10,0
35268,1.0,2.9488583e-13,0
35269,1.0,9.593558e-10,0
35270,1.0,1.1466054e-09,0
35271,1.0,1.0861546e-11,0
35272,1.0,9.17079e-13,0
35273,1.0,2.2234371e-13,0
35274,1.0,4.706675e-13,0
35275,1.0,1.790617e-10,0
35276,1.0,1.3855763e-12,0
35277,1.0,3.398357e-10,0
35278,1.0,1.1396941e-08,0
35279,1.0,1.4774104e-12,0
35280,1.0,1.0736961e-13,0
35281,1.0,1.6478892e-10,0
35282,1.0,6.2122546e-13,0
35283,1.0,3.762655e-11,0
35284,1.0,2.3462676e-10,0
35285,1.0,2.1352835e-13,0
35286,1.0,1.6652901e-13,0
35287,1.0,1.678588e-13,0
35288,0.9999982,1.8458376e-06,0
35289,1.0,1.0846201e-12,0
35290,1.0,2.1714944e-11,0
35291,1.0,1.2245039e-11,0
35292,1.0,6.662422e-14,0
35293,0.9999995,4.7674803e-07,0
35294,1.0,1.0145009e-11,0
35295,1.0,4.4872387e-12,0
35296,1.0,1.1448483e-09,0
35297,1.0,1.7048277e-12,0
35298,1.0,2.4783096e-09,0
35299,1.0,3.6308697e-12,0
35300,1.0,1.6882784e-13,0
35301,1.0,7.328601e-12,0
35302,1.0,3.1698197e-12,0
35303,1.0,7.6854034e-13,0
35304,1.0,5.0769433e-09,0
35305,1.0,2.8113234e-11,0
35306,1.0,1.16618555e-11,0
35307,1.0,1.1192945e-13,0
35308,1.0,1.0159576e-14,0
35309,1.0,1.5357958e-11,0
35310,1.0,1.260807e-12,0
35311,1.0,4.0604373e-08,0
35312,1.0,1.3296733e-11,0
35313,1.0,4.8623833e-13,0
35314,1.0,3.510682e-14,0
35315,1.0,2.6613e-12,0
35316,1.0,1.4413856e-14,0
35317,1.0,1.7312825e-15,0
35318,1.0,1.6173004e-12,0
35319,1.0,3.374341e-11,0
35320,1.0,2.7984739e-14,0
35321,1.0,4.9344872e-11,0
35322,1.0,6.485169e-12,0
35323,1.0,4.4581908e-12,0
35324,1.0,3.6155224e-15,0
35325,1.0,1.1704678e-12,0
35326,1.0,6.1814995e-13,0
35327,1.0,9.0495706e-14,0
35328,1.0,6.643778e-11,0
35329,1.0,5.5652156e-11,0
35330,1.0,2.8159209e-12,0
35331,1.0,2.4804379e-09,0
35332,1.0,1.4311027e-13,0
35333,1.0,1.2167458e-12,0
35334,1.0,8.9716144e-14,0
35335,1.0,5.1085405e-13,0
35336,1.0,2.8558611e-08,0
35337,1.0,8.175633e-15,0
35338,1.0,4.888029e-13,0
35339,1.0,3.2896987e-11,0
35340,1.0,2.1834533e-13,0
35341,1.0,1.7648064e-11,0
35342,1.0,1.7686208e-11,0
35343,1.0,5.6411466e-11,0
35344,1.0,2.5855365e-13,0
35345,1.0,6.1983947e-13,0
35346,1.0,5.3818683e-10,0
35347,0.9999999,1.04863496e-07,0
35348,1.0,1.3680945e-12,0
35349,1.0,1.26781545e-11,0
35350,1.0,2.6700423e-14,0
35351,0.9999999,6.066117e-08,0
35352,1.0,1.6625965e-12,0
35353,1.0,3.2302802e-12,0
35354,0.9999989,1.1249991e-06,0
35355,1.0,5.6431027e-12,0
35356,1.0,2.4083413e-12,0
35357,1.0,1.3818353e-10,0
35358,1.0,5.390757e-13,0
35359,1.0,3.878812e-13,0
35360,1.0,3.3546416e-10,0
35361,1.0,1.1752518e-10,0
35362,1.0,3.9454518e-13,0
35363,1.0,2.2869939e-11,0
35364,1.0,1.0518129e-13,0
35365,1.0,1.0043034e-10,0
35366,1.0,8.971923e-10,0
35367,1.0,5.1717503e-08,0
35368,1.0,3.1760635e-13,0
35369,1.0,1.5793641e-10,0
35370,1.0,8.1698076e-14,0
35371,1.0,8.3481855e-10,0
35372,1.0,8.145045e-12,0
35373,1.0,5.673307e-13,0
35374,1.0,8.490112e-12,0
35375,1.0,2.408369e-12,0
35376,1.0,1.4633494e-11,0
35377,1.0,1.6898524e-11,0
35378,1.0,8.010299e-12,0
35379,1.0,9.518719e-10,0
35380,0.9999999,1.0237496e-07,0
35381,1.0,4.3530067e-12,0
35382,1.0,6.828643e-10,0
35383,1.0,2.3022892e-12,0
35384,1.0,2.5941564e-13,0
35385,1.0,2.986148e-12,0
35386,1.0,3.7094056e-14,0
35387,1.0,3.4875633e-14,0
35388,1.0,6.422518e-14,0
35389,1.0,3.4220946e-12,0
35390,1.0,4.726672e-10,0
35391,1.0,3.6215756e-11,0
35392,1.0,1.3503993e-14,0
35393,0.9999999,6.0895694e-08,0
35394,1.0,1.6276076e-13,0
35395,1.0,8.141222e-09,0
35396,1.0,2.7653646e-10,0
35397,1.0,3.2730585e-10,0
35398,1.0,1.455907e-08,0
35399,1.0,5.13446e-08,0
35400,0.9999999,1.698895e-07,0
35401,1.0,3.65672e-14,0
35402,1.0,9.885515e-12,0
35403,1.0,4.076599e-09,0
35404,1.0,9.583918e-14,0
35405,1.0,1.08929453e-13,0
35406,0.9999999,8.070554e-08,0
35407,1.0,4.4246356e-12,0
35408,0.9999999,1.4445227e-07,0
35409,1.0,5.89815e-12,0
35410,1.0,1.6083126e-11,0
35411,1.0,1.4806073e-11,0
35412,1.0,6.5297967e-10,0
35413,1.0,2.019605e-11,0
35414,1.0,1.3180518e-09,0
35415,1.0,3.6033906e-12,0
35416,1.0,1.2044245e-13,0
35417,0.9999999,8.97217e-08,0
35418,1.0,5.76653e-13,0
35419,1.0,1.4872289e-13,0
35420,1.0,7.426238e-09,0
35421,1.0,1.6803731e-12,0
35422,1.0,3.962152e-11,0
35423,1.0,7.2875717e-10,0
35424,1.0,2.4585132e-12,0
35425,1.0,1.2277406e-11,0
35426,1.0,1.1958868e-12,0
35427,1.0,4.8510384e-12,0
35428,1.0,3.5248124e-14,0
35429,1.0,6.256833e-10,0
35430,1.0,1.6944428e-10,0
35431,1.0,1.1318218e-08,0
35432,0.99999976,1.9439436e-07,0
35433,1.0,2.842919e-13,0
35434,1.0,6.260193e-12,0
35435,1.0,4.2178723e-08,0
35436,1.0,9.473067e-12,0
35437,1.0,1.4991215e-10,0
35438,1.0,3.1780775e-08,0
35439,1.0,1.0765182e-12,0
35440,1.0,1.0073672e-10,0
35441,1.0,8.144623e-09,0
35442,1.0,1.0245329e-11,0
35443,1.0,1.8745595e-12,0
35444,1.0,5.753097e-12,0
35445,1.0,1.2516166e-11,0
35446,1.0,6.6516803e-10,0
35447,1.0,4.5986777e-14,0
35448,1.0,3.506869e-13,0
35449,1.0,1.6748489e-10,0
35450,1.0,7.003876e-09,0
35451,1.0,1.3168167e-11,0
35452,1.0,2.8851083e-08,0
35453,1.0,4.691106e-10,0
35454,1.0,1.2011622e-13,0
35455,1.0,4.996988e-11,0
35456,0.9999963,3.7044506e-06,0
35457,1.0,8.873759e-10,0
35458,1.0,3.5995644e-12,0
35459,1.0,1.2644762e-10,0
35460,1.0,1.7514484e-09,0
35461,1.0,9.207404e-13,0
35462,1.0,5.0919016e-11,0
35463,1.0,4.5212228e-13,0
35464,0.9999963,3.7321522e-06,0
35465,1.0,4.6513556e-08,0
35466,1.0,9.623416e-13,0
35467,1.0,1.7281329e-10,0
35468,1.0,2.8592673e-08,0
35469,1.0,3.432313e-15,0
35470,1.0,5.394074e-11,0
35471,1.0,2.9593898e-09,0
35472,1.0,1.03882946e-13,0
35473,1.0,1.07201305e-11,0
35474,1.0,8.107517e-09,0
35475,1.0,5.66607e-10,0
35476,1.0,3.8542522e-10,0
35477,1.0,4.1700101e-13,0
35478,1.0,4.1943463e-10,0
35479,1.0,7.829664e-13,0
35480,0.9999993,6.6431016e-07,0
35481,1.0,2.4231714e-10,0
35482,1.0,3.522892e-13,0
35483,1.0,5.676752e-12,0
35484,1.0,1.2804079e-12,0
35485,1.0,1.2171282e-13,0
35486,1.0,5.4952275e-12,0
35487,1.0,2.606085e-12,0
35488,1.0,5.4764635e-13,0
35489,1.0,1.2565787e-13,0
35490,1.0,8.0452675e-13,0
35491,1.0,4.1247847e-10,0
35492,1.0,7.0794504e-13,0
35493,0.9999999,1.0914003e-07,0
35494,1.0,2.0258617e-12,0
35495,1.0,2.0539659e-11,0
35496,1.0,4.099766e-09,0
35497,1.0,1.0055227e-13,0
35498,1.0,5.0158856e-11,0
35499,1.0,6.7523036e-11,0
35500,1.0,2.3570179e-11,0
35501,1.0,3.5242897e-13,0
35502,1.0,1.4974005e-11,0
35503,1.0,2.032581e-12,0
35504,0.9999999,1.4001782e-07,0
35505,1.0,6.184516e-14,0
35506,1.0,3.1713843e-13,0
35507,1.0,3.3778747e-08,0
35508,0.9999999,1.2706661e-07,0
35509,1.0,6.2396776e-12,0
35510,1.0,8.6280484e-14,0
35511,1.0,5.555493e-10,0
35512,1.0,1.8715639e-14,0
35513,1.0,1.1038352e-12,0
35514,1.0,5.1522055e-12,0
35515,1.0,2.1347143e-12,0
35516,1.0,1.0322686e-12,0
35517,1.0,8.5892697e-13,0
35518,1.0,8.312824e-12,0
35519,1.0,3.4609015e-12,0
35520,1.0,6.5309242e-12,0
35521,1.0,3.6264663e-13,0
35522,1.0,5.954856e-14,0
35523,1.0,8.521586e-12,0
35524,1.0,7.175489e-11,0
35525,1.0,6.4083556e-12,0
35526,1.0,1.9996102e-13,0
35527,1.0,3.7512757e-11,0
35528,0.99999917,8.305706e-07,0
35529,0.9999969,3.1229029e-06,0
35530,1.0,8.25344e-15,0
35531,1.0,5.463011e-11,0
35532,1.0,9.786796e-12,0
35533,1.0,5.9429274e-11,0
35534,1.0,1.9633614e-11,0
35535,0.9999993,6.896142e-07,0
35536,1.0,1.742132e-10,0
35537,1.0,3.1884826e-09,0
35538,1.0,2.9100956e-11,0
35539,1.0,7.971491e-13,0
35540,1.0,1.3416025e-12,0
35541,0.9999999,1.464726e-07,0
35542,1.0,5.4861684e-12,0
35543,1.0,3.745969e-12,0
35544,1.0,2.2014621e-11,0
35545,0.9999999,6.086887e-08,0
35546,1.0,2.0987589e-08,0
35547,1.0,9.522128e-11,0
35548,0.9999995,4.748898e-07,0
35549,1.0,6.300057e-12,0
35550,1.0,5.4939354e-13,0
35551,1.0,1.1875007e-10,0
35552,1.0,4.051534e-11,0
35553,0.9999994,6.3769585e-07,0
35554,0.9999999,1.7316493e-07,0
35555,1.0,8.3556567e-10,0
35556,1.0,9.322373e-13,0
35557,1.0,5.493064e-10,0
35558,0.9999993,7.4604407e-07,0
35559,0.9999999,9.44667e-08,0
35560,1.0,6.931636e-12,0
35561,0.99999964,4.10343e-07,0
35562,1.0,7.407162e-11,0
35563,0.99999964,3.4257462e-07,0
35564,1.0,4.2566654e-08,0
35565,1.0,5.459904e-12,0
35566,1.0,1.1540917e-09,0
35567,1.0,3.5490872e-09,0
35568,1.0,1.4289805e-13,0
35569,1.0,6.4681715e-12,0
35570,1.0,1.0619147e-08,0
35571,0.9999994,6.0180156e-07,0
35572,1.0,9.339672e-13,0
35573,0.9999789,2.1049556e-05,0
35574,1.0,2.7009379e-11,0
35575,0.99999857,1.3893815e-06,0
35576,1.0,4.948625e-11,0
35577,0.9999999,6.077015e-08,0
35578,1.0,1.4380527e-13,0
35579,0.9999999,6.139695e-08,0
35580,1.0,3.4145967e-12,0
35581,1.0,1.6364637e-09,0
35582,1.0,1.6532836e-12,0
35583,0.9999982,1.8180003e-06,0
35584,1.0,1.2339095e-12,0
35585,0.9999995,5.094863e-07,0
35586,1.0,2.866098e-08,0
35587,1.0,1.2511064e-10,0
35588,0.9999994,5.9470636e-07,0
35589,0.9999999,6.090092e-08,0
35590,1.0,3.790877e-12,0
35591,1.0,6.4871886e-11,0
35592,0.99999964,3.8837155e-07,0
35593,0.99999964,3.5382953e-07,0
35594,0.99999976,2.2137021e-07,0
35595,0.99999964,3.272363e-07,0
35596,0.9999999,1.0932172e-07,0
35597,1.0,2.9073837e-14,0
35598,0.99999833,1.7285258e-06,0
35599,0.99999917,8.627084e-07,0
35600,1.0,4.8209246e-11,0
35601,1.0,9.528152e-09,0
35602,1.0,5.3234706e-10,0
35603,1.0,1.3564102e-12,0
35604,1.0,6.536217e-13,0
35605,1.0,1.2579144e-13,0
35606,0.9999999,1.2172896e-07,0
35607,0.99999785,2.1660185e-06,0
35608,1.0,3.06754e-12,0
35609,1.0,5.610905e-12,0
35610,1.0,3.6290972e-12,0
35611,0.9999999,1.3049814e-07,0
35612,1.0,1.4161541e-10,0
35613,1.0,1.005826e-09,0
35614,1.0,7.897298e-15,0
35615,1.0,1.1355838e-09,0
35616,1.0,8.859467e-14,0
35617,1.0,1.4268345e-13,0
35618,0.99999785,2.1917263e-06,0
35619,0.9999993,6.8696954e-07,0
35620,1.0,1.3735056e-10,0
35621,1.0,6.669408e-12,0
35622,0.9999989,1.0942451e-06,0
35623,1.0,2.5189198e-11,0
35624,1.0,1.1004446e-08,0
35625,1.0,1.4513926e-09,0
35626,0.9999993,7.232976e-07,0
35627,0.9999807,1.9264186e-05,0
35628,1.0,7.1110943e-12,0
35629,1.0,5.717032e-12,0
35630,0.9999988,1.2349901e-06,0
35631,1.0,2.508744e-12,0
35632,1.0,2.9786007e-11,0
35633,1.0,1.9341898e-12,0
35634,1.0,1.7043984e-12,0
35635,0.9999968,3.234429e-06,0
35636,1.0,4.920802e-15,0
35637,1.0,5.986261e-11,0
35638,1.0,6.1615325e-14,0
35639,1.0,2.5077612e-10,0
35640,1.0,2.940072e-11,0
35641,1.0,1.04325296e-14,0
35642,1.0,5.0073254e-13,0
35643,1.0,6.204229e-12,0
35644,1.0,3.7719244e-11,0
35645,1.0,9.55658e-13,0
35646,1.0,4.5838476e-12,0
35647,1.0,3.6707068e-08,0
35648,1.0,1.2325424e-09,0
35649,1.0,3.9774407e-14,0
35650,1.0,6.708902e-14,0
35651,1.0,3.6035285e-08,0
35652,1.0,1.34278855e-11,0
35653,1.0,6.0924363e-09,0
35654,0.99999976,2.920906e-07,0
35655,1.0,7.576766e-13,0
35656,1.0,3.1068814e-11,0
35657,1.0,1.0036364e-11,0
35658,1.0,4.928209e-13,0
35659,0.9999734,2.6544356e-05,0
35660,1.0,2.5833566e-14,0
35661,1.0,4.4374065e-08,0
35662,1.0,2.4749747e-09,0
35663,1.0,6.2972597e-15,0
35664,0.9999944,5.5605087e-06,0
35665,1.0,3.1407252e-10,0
35666,1.0,5.5832984e-08,0
35667,1.0,3.3956777e-08,0
35668,0.99999857,1.4251771e-06,0
35669,1.0,1.4745558e-12,0
35670,0.99998367,1.6349772e-05,0
35671,0.99996936,3.062044e-05,0
35672,1.0,1.1681151e-08,0
35673,1.0,3.0930338e-11,0
35674,0.99999726,2.7204705e-06,0
35675,0.99999535,4.616453e-06,0
35676,1.0,2.2940705e-08,0
35677,1.0,4.5854262e-10,0
35678,1.0,2.833003e-09,0
35679,0.99999833,1.6822594e-06,0
35680,0.99999976,2.915571e-07,0
35681,0.99999964,3.212034e-07,0
35682,0.9999982,1.7567777e-06,0
35683,0.9999987,1.3060351e-06,0
35684,0.99999976,2.8642955e-07,0
35685,1.0,5.90779e-11,0
35686,0.99998355,1.6431835e-05,0
35687,1.0,2.7111048e-08,0
35688,0.9999999,9.746167e-08,0
35689,0.9999999,6.9097766e-08,0
35690,1.0,1.4025914e-08,0
35691,0.9999987,1.3555306e-06,0
35692,0.9999999,1.2968366e-07,0
35693,0.99999976,2.7146035e-07,0
35694,1.0,6.698498e-09,0
35695,1.0,6.790899e-10,0
35696,0.99999976,2.920254e-07,0
35697,0.9999995,4.7870753e-07,0
35698,1.0,9.663566e-10,0
35699,1.0,1.6126247e-08,0
35700,0.9999999,9.5279006e-08,0
35701,1.0,4.789749e-09,0
35702,1.0,1.2709107e-13,0
35703,0.99999976,2.8245262e-07,0
35704,1.0,1.2933751e-12,0
35705,1.0,2.0371073e-11,0
35706,1.0,6.6740474e-10,0
35707,1.0,6.045555e-09,0
35708,0.99999976,2.3227426e-07,0
35709,1.0,9.130963e-09,0
35710,1.0,1.2428557e-10,0
35711,0.999998,2.0221905e-06,0
35712,1.0,1.03253384e-13,0
35713,1.0,3.8012905e-11,0
35714,1.0,1.00591855e-08,0
35715,1.0,8.181472e-10,0
35716,0.9999982,1.780883e-06,0
35717,1.0,8.662604e-12,0
35718,1.0,2.6933424e-09,0
35719,1.0,1.1688717e-10,0
35720,0.999985,1.4993457e-05,0
35721,1.0,4.2176405e-11,0
35722,1.0,1.2213136e-10,0
35723,1.0,3.1531558e-10,0
35724,0.9999993,7.717054e-07,0
35725,1.0,2.1294593e-09,0
35726,0.99999714,2.8067468e-06,0
35727,0.9999993,7.3276505e-07,0
35728,0.9999932,6.803611e-06,0
35729,0.9999989,1.1123062e-06,0
35730,1.0,1.2386327e-08,0
35731,1.0,7.819978e-09,0
35732,0.99998987,1.0087439e-05,0
35733,0.9999999,1.5095392e-07,0
35734,1.0,1.1900505e-08,0
35735,0.9999999,7.6624715e-08,0
35736,1.0,2.9087208e-10,0
35737,1.0,1.5869018e-09,0
35738,0.9999968,3.2300702e-06,0
35739,1.0,5.6345395e-09,0
35740,1.0,1.0250006e-10,0
35741,0.99999833,1.6571502e-06,0
35742,1.0,4.334128e-11,0
35743,1.0,2.4652222e-09,0
35744,1.0,2.5278841e-09,0
35745,1.0,1.1244816e-09,0
35746,0.9999999,1.6954345e-07,0
35747,0.9999962,3.7871519e-06,0
35748,0.9999751,2.4885387e-05,0
35749,1.0,2.4859104e-11,0
35750,1.0,1.3603192e-09,0
35751,0.9999995,5.177692e-07,0
35752,0.999998,2.0349123e-06,0
35753,1.0,6.520127e-10,0
35754,0.99999785,2.0992968e-06,0
35755,0.99999976,2.5314134e-07,0
35756,0.9999999,9.357739e-08,0
35757,0.99999964,3.0726295e-07,0
35758,1.0,3.1247134e-09,0
35759,1.0,2.730383e-08,0
35760,0.9999993,7.413008e-07,0
35761,0.99999857,1.3922319e-06,0
35762,0.9999999,8.9990095e-08,0
35763,0.9999999,1.669442e-07,0
35764,0.9999236,7.642603e-05,0
35765,1.0,8.911641e-12,0
35766,1.0,3.2629266e-08,0
35767,1.0,2.0650583e-08,0
35768,1.0,9.01908e-12,0
35769,0.9999938,6.236064e-06,0
35770,1.0,7.5077514e-11,0
35771,1.0,1.4876752e-08,0
35772,0.99999964,4.0429995e-07,0
35773,1.0,9.823049e-10,0
35774,1.0,5.7939937e-09,0
35775,1.0,2.4678393e-08,0
35776,0.99999905,1.0071051e-06,0
35777,1.0,1.0407608e-10,0
35778,1.0,2.0791717e-08,0
35779,1.0,2.5218536e-10,0
35780,0.9999969,3.1151424e-06,0
35781,1.0,1.0095849e-10,0
35782,1.0,1.4670823e-12,0
35783,1.0,4.0027803e-12,0
35784,0.9999995,4.538644e-07,0
35785,1.0,1.6040022e-11,0
35786,1.0,3.3251915e-10,0
35787,1.0,9.841127e-10,0
35788,0.99999213,7.912561e-06,0
35789,0.9999995,4.6288363e-07,0
35790,1.0,7.0105726e-09,0
35791,0.9999969,3.133637e-06,0
35792,0.99996614,3.381485e-05,0
35793,1.0,4.64684e-09,0
35794,1.0,4.843305e-10,0
35795,0.99999654,3.4304976e-06,0
35796,1.0,5.0504987e-09,0
35797,1.0,2.3797775e-10,0
35798,0.9999999,8.563478e-08,0
35799,0.9999913,8.726617e-06,0
35800,0.9999994,5.9587586e-07,0
35801,0.99999976,2.7303736e-07,0
35802,1.0,1.5608734e-08,0
35803,1.0,6.079814e-14,0
35804,1.0,4.875767e-09,0
35805,0.9999988,1.1628165e-06,0
35806,1.0,2.44834e-12,0
35807,1.0,2.2572422e-08,0
35808,0.9999988,1.1684091e-06,0
35809,1.0,1.1794299e-08,0
35810,1.0,1.6594823e-08,0
35811,0.99999976,2.504533e-07,0
35812,0.99999905,9.638738e-07,0
35813,1.0,1.5595491e-08,0
35814,0.99999344,6.602405e-06,0
35815,0.9999888,1.1189001e-05,0
35816,1.0,1.2309384e-08,0
35817,1.0,4.710097e-09,0
35818,1.0,2.0718341e-10,0
35819,0.9999815,1.8429055e-05,0
35820,1.0,2.3371083e-09,0
35821,1.0,4.4448925e-09,0
35822,0.9999949,5.1051134e-06,0
35823,1.0,7.416718e-11,0
35824,0.9999994,5.7190283e-07,0
35825,1.0,2.7303988e-08,0
35826,0.9999999,1.4983489e-07,0
35827,1.0,3.343216e-09,0
35828,1.0,1.2031922e-08,0
35829,1.0,5.2204485e-09,0
35830,1.0,2.5241442e-10,0
35831,1.0,3.2404504e-08,0
35832,1.0,3.1756837e-12,0
35833,0.9999999,9.740221e-08,0
35834,0.9999994,6.091405e-07,0
35835,0.99999845,1.5714622e-06,0
35836,1.0,2.2341128e-08,0
35837,1.0,7.579958e-10,0
35838,0.99999464,5.3055614e-06,0
35839,0.99999666,3.2813334e-06,0
35840,1.0,7.193937e-10,0
35841,1.0,2.1514982e-12,0
35842,1.0,4.971835e-10,0
35843,1.0,3.746469e-12,0
35844,0.99999857,1.4169008e-06,0
35845,0.9999995,4.2202586e-07,0
35846,0.99999297,7.004452e-06,0
35847,1.0,6.6810774e-10,0
35848,0.9999999,1.2635631e-07,0
35849,1.0,5.1860752e-11,0
35850,1.0,1.6425303e-09,0
35851,0.99999964,3.9883017e-07,0
35852,1.0,3.409446e-10,0
35853,1.0,8.4509864e-11,0
35854,1.0,1.7917991e-10,0
35855,0.99998033,1.9720283e-05,0
35856,1.0,7.155651e-09,0
35857,1.0,9.396529e-09,0
35858,0.99999964,3.7586162e-07,0
35859,0.99999535,4.660281e-06,0
35860,1.0,8.684537e-09,0
35861,1.0,1.1904806e-10,0
35862,0.99999976,2.7805478e-07,0
35863,1.0,5.807052e-08,0
35864,1.0,6.023269e-10,0
35865,0.9999982,1.8162156e-06,0
35866,0.9999976,2.3973575e-06,0
35867,1.0,1.8043511e-10,0
35868,0.9999908,9.2015935e-06,0
35869,1.0,1.8955453e-09,0
35870,0.99998856,1.1484046e-05,0
35871,0.9999994,5.9474837e-07,0
35872,0.999997,2.9893736e-06,0
35873,1.0,5.3814425e-08,0
35874,1.0,3.0228609e-10,0
35875,1.0,1.1427714e-09,0
35876,1.0,2.2451659e-10,0
35877,0.9999995,4.2256025e-07,0
35878,1.0,7.509421e-09,0
35879,1.0,5.665122e-09,0
35880,1.0,3.8839207e-09,0
35881,0.99995697,4.2987966e-05,0
35882,1.0,1.6940292e-10,0
35883,1.0,1.3326103e-08,0
35884,0.99991405,8.59181e-05,0
35885,1.0,8.419248e-10,0
35886,1.0,8.836719e-10,0
35887,0.9999987,1.2742923e-06,0
35888,0.99994063,5.9386217e-05,0
35889,1.0,8.142296e-12,0
35890,0.9999807,1.927751e-05,0
35891,1.0,1.0619182e-09,0
35892,1.0,2.2452527e-09,0
35893,1.0,5.1837046e-10,0
35894,1.0,7.150903e-09,0
35895,0.9999999,9.076824e-08,0
35896,0.9999981,1.8899235e-06,0
35897,0.9999999,1.4804846e-07,0
35898,1.0,1.7474784e-08,0
35899,0.999998,1.9772538e-06,0
35900,0.9999988,1.1671061e-06,0
35901,1.0,1.1790026e-08,0
35902,0.9999999,1.5961467e-07,0
35903,0.99998367,1.6375754e-05,0
35904,1.0,5.71006e-11,0
35905,0.99999964,4.0516764e-07,0
35906,1.0,3.4937373e-09,0
35907,1.0,1.9153558e-13,0
35908,1.0,2.9846706e-10,0
35909,0.99999917,8.3272e-07,0
35910,0.9999974,2.5944657e-06,0
35911,0.9999999,1.216134e-07,0
35912,0.9997193,0.00028059966,0
35913,0.9999927,7.220031e-06,0
35914,1.0,2.0238884e-08,0
35915,1.0,3.9678258e-10,0
35916,0.9999988,1.1948059e-06,0
35917,1.0,1.5930611e-09,0
35918,1.0,1.2347347e-10,0
35919,0.9999968,3.1817035e-06,0
35920,1.0,3.0750373e-09,0
35921,1.0,3.1154772e-09,0
35922,0.9999999,1.4749195e-07,0
35923,1.0,5.313434e-08,0
35924,0.9999999,6.8561874e-08,0
35925,1.0,2.0618997e-10,0
35926,1.0,9.3757176e-11,0
35927,1.0,7.100588e-09,0
35928,0.9999999,1.347476e-07,0
35929,1.0,6.976993e-10,0
35930,1.0,3.4452673e-11,0
35931,1.0,1.03297975e-08,0
35932,1.0,3.579945e-10,0
35933,1.0,2.7770593e-08,0
35934,0.99999404,5.9306326e-06,0
35935,0.9999999,1.381479e-07,0
35936,0.9999968,3.189864e-06,0
35937,0.9999995,4.3660702e-07,0
35938,1.0,6.4431386e-12,0
35939,0.99999225,7.774512e-06,0
35940,1.0,3.6179876e-10,0
35941,0.9999981,1.92606e-06,0
35942,0.9999999,1.17291115e-07,0
35943,1.0,2.4531757e-10,0
35944,1.0,2.1809987e-12,0
35945,0.9999999,9.708615e-08,0
35946,0.9999988,1.2275713e-06,0
35947,0.9999987,1.3417637e-06,0
35948,1.0,3.757985e-08,0
35949,0.99999845,1.5350944e-06,0
35950,0.99999976,2.5446192e-07,0
35951,0.9999999,8.634577e-08,0
35952,0.99999976,2.4445004e-07,0
35953,1.0,1.1190925e-08,0
35954,1.0,4.4871853e-09,0
35955,1.0,7.9929396e-10,0
35956,1.0,2.380329e-08,0
35957,1.0,4.525267e-10,0
35958,1.0,6.51708e-10,0
35959,1.0,1.2134804e-08,0
35960,1.0,3.7485335e-09,0
35961,1.0,1.1387593e-09,0
35962,1.0,4.797468e-08,0
35963,0.9999994,6.1452903e-07,0
35964,1.0,1.366603e-08,0
35965,1.0,7.188327e-10,0
35966,1.0,2.0221511e-09,0
35967,0.9999999,6.746069e-08,0
35968,0.9999999,6.905152e-08,0
35969,0.99999976,2.0636139e-07,0
35970,0.9999999,1.3665813e-07,0
35971,1.0,4.1334345e-09,0
35972,0.99999964,3.804735e-07,0
35973,0.99999964,3.481845e-07,0
35974,1.0,1.8637895e-08,0
35975,0.9999999,8.6027846e-08,0
35976,1.0,5.288727e-10,0
35977,1.0,2.5371876e-09,0
35978,1.0,2.3492076e-08,0
35979,1.0,3.7049756e-12,0
35980,1.0,5.9129064e-08,0
35981,1.0,3.446101e-08,0
35982,1.0,1.096966e-08,0
35983,1.0,1.8487272e-09,0
35984,1.0,1.9314584e-08,0
35985,0.9999995,4.832956e-07,0
35986,1.0,3.943519e-09,0
35987,1.0,3.3782612e-08,0
35988,1.0,3.265953e-08,0
35989,0.9999999,6.5435046e-08,0
35990,0.9999999,1.1476304e-07,0
35991,1.0,2.0763449e-09,0
35992,1.0,6.06792e-09,0
35993,1.0,1.8310333e-09,0
35994,1.0,1.2728134e-08,0
35995,1.0,3.292688e-14,0
35996,1.0,2.9322138e-08,0
35997,1.0,5.752766e-09,0
35998,1.0,1.4559612e-10,0
35999,0.99999976,2.6506677e-07,0
36000,1.0,8.311247e-10,0
36001,1.0,2.3755882e-09,0
36002,1.0,2.0815465e-10,0
36003,1.0,8.2138185e-11,0
36004,1.0,1.3280012e-10,0
36005,1.0,1.5994404e-08,0
36006,1.0,2.9425632e-11,0
36007,1.0,4.052603e-10,0
36008,1.0,9.896467e-10,0
36009,1.0,6.766927e-10,0
36010,1.0,6.8520634e-10,0
36011,1.0,1.30449935e-08,0
36012,1.0,2.9541463e-08,0
36013,0.9999999,7.262962e-08,0
36014,1.0,5.8456435e-09,0
36015,1.0,2.2139464e-08,0
36016,0.99999976,2.8725844e-07,0
36017,1.0,3.174432e-11,0
36018,1.0,3.1616263e-08,0
36019,1.0,5.4927337e-08,0
36020,0.9999999,1.0341354e-07,0
36021,1.0,5.8296656e-09,0
36022,1.0,2.7770208e-09,0
36023,1.0,8.036021e-09,0
36024,1.0,1.676965e-10,0
36025,0.9999999,1.057884e-07,0
36026,0.99999964,3.2863932e-07,0
36027,0.9999999,1.267465e-07,0
36028,1.0,1.5548029e-08,0
36029,1.0,1.71682e-08,0
36030,1.0,5.024645e-08,0
36031,1.0,3.0892416e-08,0
36032,1.0,1.8472477e-08,0
36033,0.9999999,1.7306589e-07,0
36034,1.0,5.79409e-10,0
36035,1.0,2.9416627e-09,0
36036,1.0,5.620996e-08,0
36037,1.0,2.9953497e-08,0
36038,0.9999999,8.430536e-08,0
36039,1.0,1.8029803e-08,0
36040,1.0,1.6557532e-10,0
36041,1.0,1.7411154e-10,0
36042,0.9999999,6.2470605e-08,0
36043,1.0,3.6259426e-08,0
36044,1.0,5.385195e-10,0
36045,1.0,6.7576695e-09,0
36046,1.0,5.0362644e-08,0
36047,1.0,5.648805e-10,0
36048,1.0,2.3730305e-08,0
36049,1.0,1.5865457e-08,0
36050,1.0,1.0189666e-12,0
36051,0.9999999,7.0274574e-08,0
36052,1.0,1.8657314e-08,0
36053,1.0,5.9816524e-10,0
36054,1.0,5.417603e-11,0
36055,1.0,1.6739522e-09,0
36056,1.0,4.3428186e-10,0
36057,1.0,2.3932864e-11,0
36058,0.9999999,1.6041216e-07,0
36059,1.0,4.848449e-08,0
36060,1.0,4.765385e-08,0
36061,1.0,4.890739e-11,0
36062,1.0,2.103548e-08,0
36063,1.0,9.512979e-11,0
36064,1.0,8.112053e-12,0
36065,1.0,3.984813e-11,0
36066,0.99999964,4.1556027e-07,0
36067,1.0,5.347875e-10,0
36068,1.0,6.8980135e-13,0
36069,1.0,1.9472829e-08,0
36070,0.99999917,8.718986e-07,0
36071,0.9999995,4.4477022e-07,0
36072,0.9999999,1.0079797e-07,0
36073,0.9999999,1.5670608e-07,0
36074,0.9999999,1.1113587e-07,0
36075,0.9999999,9.277783e-08,0
36076,0.9999995,5.09495e-07,0
36077,1.0,3.603267e-08,0
36078,1.0,1.4685411e-08,0
36079,1.0,5.7315653e-08,0
36080,1.0,9.415439e-09,0
36081,0.9999999,9.656315e-08,0
36082,0.99999964,3.8438026e-07,0
36083,1.0,7.159869e-13,0
36084,1.0,3.439331e-08,0
36085,0.99999976,2.3082963e-07,0
36086,1.0,4.120731e-08,0
36087,1.0,5.0597357e-09,0
36088,0.9999999,7.583724e-08,0
36089,0.9999995,4.6734542e-07,0
36090,1.0,3.6668106e-11,0
36091,0.9999999,1.4626434e-07,0
36092,0.9999999,7.88351e-08,0
36093,1.0,4.3833843e-08,0
36094,1.0,2.1745263e-09,0
36095,1.0,4.3373767e-08,0
36096,0.9999999,1.1238523e-07,0
36097,1.0,6.9876477e-10,0
36098,1.0,5.251951e-08,0
36099,1.0,3.3415104e-11,0
36100,1.0,5.9994634e-11,0
36101,1.0,5.846494e-08,0
36102,1.0,9.30901e-17,0
36103,1.0,6.5378876e-13,0
36104,1.0,4.1342715e-12,0
36105,1.0,1.19321246e-11,0
36106,0.9999994,6.210184e-07,0
36107,1.0,2.601964e-11,0
36108,0.9999999,6.422967e-08,0
36109,0.99999416,5.8064147e-06,0
36110,1.0,1.0663048e-08,0
36111,1.0,8.145197e-09,0
36112,1.0,1.0901978e-11,0
36113,1.0,6.015986e-11,0
36114,0.99999857,1.4552763e-06,0
36115,1.0,7.9957525e-12,0
36116,0.99999964,4.018831e-07,0
36117,1.0,3.397979e-11,0
36118,1.0,8.012443e-11,0
36119,1.0,9.321627e-09,0
36120,1.0,3.463573e-10,0
36121,1.0,8.918508e-09,0
36122,0.99999964,3.2859765e-07,0
36123,1.0,6.1449175e-13,0
36124,0.99999905,9.756134e-07,0
36125,1.0,6.4582575e-09,0
36126,1.0,9.582837e-11,0
36127,1.0,1.6625396e-08,0
36128,1.0,8.0769685e-10,0
36129,1.0,2.2307904e-09,0
36130,1.0,1.6685412e-11,0
36131,1.0,6.5807377e-09,0
36132,0.99999976,2.7646536e-07,0
36133,1.0,1.623704e-09,0
36134,1.0,3.780759e-09,0
36135,1.0,1.0938445e-08,0
36136,1.0,1.3757105e-10,0
36137,1.0,4.7890023e-08,0
36138,1.0,8.359949e-09,0
36139,1.0,1.5337707e-10,0
36140,1.0,7.133727e-12,0
36141,1.0,1.8600561e-09,0
36142,1.0,1.3696874e-08,0
36143,1.0,1.3388317e-08,0
36144,1.0,1.457089e-10,0
36145,1.0,7.928541e-11,0
36146,1.0,1.5988457e-08,0
36147,0.99999785,2.1469007e-06,0
36148,0.99999964,3.7759474e-07,0
36149,1.0,5.9180515e-08,0
36150,0.99999964,3.68878e-07,0
36151,0.99999976,2.0479277e-07,0
36152,1.0,1.1937197e-08,0
36153,0.9999937,6.349811e-06,0
36154,1.0,1.4515981e-08,0
36155,1.0,1.3067748e-09,0
36156,1.0,1.7085223e-12,0
36157,1.0,2.132162e-09,0
36158,1.0,1.062097e-08,0
36159,1.0,1.826964e-11,0
36160,1.0,1.3747545e-08,0
36161,0.9999999,9.529045e-08,0
36162,0.9999999,1.0558259e-07,0
36163,1.0,5.5869787e-10,0
36164,1.0,7.652179e-11,0
36165,0.99999917,8.554081e-07,0
36166,1.0,3.3675385e-11,0
36167,1.0,4.915637e-10,0
36168,0.99999976,2.4417605e-07,0
36169,1.0,7.973666e-09,0
36170,1.0,1.6430326e-08,0
36171,1.0,2.2181626e-10,0
36172,0.9999999,7.743647e-08,0
36173,1.0,3.7663192e-10,0
36174,0.9999821,1.7866185e-05,0
36175,1.0,1.842276e-08,0
36176,1.0,1.4923231e-10,0
36177,0.99999964,4.1050973e-07,0
36178,1.0,8.709984e-09,0
36179,0.99999964,3.041574e-07,0
36180,1.0,1.0347303e-09,0
36181,0.99999917,8.112562e-07,0
36182,0.99999964,3.9547294e-07,0
36183,1.0,4.61625e-08,0
36184,1.0,1.7334893e-08,0
36185,0.99998987,1.014728e-05,0
36186,0.99999964,3.6000665e-07,0
36187,1.0,3.1827e-08,0
36188,0.9999999,6.470491e-08,0
36189,1.0,3.7461334e-08,0
36190,1.0,1.0428218e-09,0
36191,1.0,2.7204493e-08,0
36192,0.99999976,2.4438665e-07,0
36193,1.0,8.445914e-14,0
36194,0.9999999,7.8508876e-08,0
36195,0.9999794,2.0581141e-05,0
36196,1.0,4.228245e-09,0
36197,1.0,3.8199175e-08,0
36198,1.0,8.941054e-10,0
36199,1.0,1.481837e-10,0
36200,1.0,4.6535565e-08,0
36201,1.0,6.6388406e-10,0
36202,1.0,1.5474155e-08,0
36203,0.99999964,3.1090738e-07,0
36204,0.9999999,1.6264036e-07,0
36205,1.0,8.629099e-11,0
36206,1.0,3.020207e-08,0
36207,0.9999999,9.280615e-08,0
36208,0.99999964,3.3030335e-07,0
36209,1.0,6.484087e-10,0
36210,1.0,7.655201e-11,0
36211,0.9999999,8.8932865e-08,0
36212,1.0,1.3083416e-08,0
36213,1.0,4.3935966e-08,0
36214,1.0,2.5750506e-08,0
36215,1.0,1.0417727e-08,0
36216,1.0,2.7689868e-09,0
36217,0.99999964,3.342415e-07,0
36218,1.0,2.57847e-09,0
36219,0.9999995,5.26505e-07,0
36220,0.99999964,4.150636e-07,0
36221,0.9999999,1.4394428e-07,0
36222,1.0,9.7349885e-11,0
36223,1.0,5.4307506e-08,0
36224,1.0,9.853542e-10,0
36225,1.0,3.1503382e-09,0
36226,0.9999999,9.0136794e-08,0
36227,0.9999999,1.3274052e-07,0
36228,1.0,1.2749941e-10,0
36229,1.0,5.0789314e-08,0
36230,1.0,5.8698886e-09,0
36231,1.0,2.5518359e-08,0
36232,0.99999976,2.9475086e-07,0
36233,1.0,1.6049778e-08,0
36234,1.0,1.1328941e-10,0
36235,0.9999999,1.0877615e-07,0
36236,1.0,1.6338486e-11,0
36237,1.0,5.8806915e-09,0
36238,0.99999976,1.8587932e-07,0
36239,1.0,3.58556e-11,0
36240,1.0,2.7107873e-13,0
36241,1.0,3.4050703e-11,0
36242,1.0,4.8495775e-08,0
36243,1.0,4.7205254e-11,0
36244,0.9999999,1.3230262e-07,0
36245,1.0,4.1743156e-09,0
36246,1.0,2.6402887e-11,0
36247,0.9999982,1.83814e-06,0
36248,1.0,4.660211e-11,0
36249,1.0,3.9865977e-08,0
36250,1.0,8.926898e-09,0
36251,0.99999976,2.7751383e-07,0
36252,1.0,1.2972782e-09,0
36253,0.9999994,6.188794e-07,0
36254,1.0,1.4961107e-10,0
36255,1.0,6.773741e-11,0
36256,0.9999993,7.7328195e-07,0
36257,1.0,2.816394e-08,0
36258,0.99999976,2.1234665e-07,0
36259,0.99998367,1.635665e-05,0
36260,1.0,3.4185363e-10,0
36261,1.0,2.695537e-09,0
36262,0.9999999,6.735462e-08,0
36263,0.9999999,1.2603509e-07,0
36264,1.0,1.9875461e-08,0
36265,1.0,6.6708583e-12,0
36266,1.0,2.7040385e-09,0
36267,1.0,1.1515207e-10,0
36268,1.0,3.0784847e-11,0
36269,0.9999999,1.2653224e-07,0
36270,1.0,4.290124e-12,0
36271,1.0,7.873505e-11,0
36272,1.0,4.1879386e-12,0
36273,1.0,1.3013723e-09,0
36274,1.0,2.2841864e-11,0
36275,0.99999976,2.740302e-07,0
36276,0.9999999,1.02766236e-07,0
36277,0.9999989,1.1060715e-06,0
36278,1.0,8.449439e-11,0
36279,1.0,1.3175717e-09,0
36280,0.9999999,1.6532655e-07,0
36281,1.0,4.0178072e-10,0
36282,1.0,1.9175235e-09,0
36283,1.0,5.485546e-10,0
36284,1.0,1.8756049e-11,0
36285,1.0,1.1993463e-10,0
36286,1.0,4.360199e-10,0
36287,1.0,2.0109947e-11,0
36288,1.0,5.2169078e-08,0
36289,0.99999106,8.934838e-06,0
36290,0.9999945,5.4720313e-06,0
36291,1.0,3.983145e-09,0
36292,1.0,1.2867796e-10,0
36293,1.0,3.0355736e-09,0
36294,1.0,1.0942696e-09,0
36295,1.0,1.0053167e-11,0
36296,0.99999416,5.7853777e-06,0
36297,1.0,5.400467e-11,0
36298,1.0,2.6906886e-12,0
36299,1.0,2.3221982e-11,0
36300,0.9999999,1.2906209e-07,0
36301,0.9999999,8.943859e-08,0
36302,1.0,1.8365598e-09,0
36303,0.99999964,3.038889e-07,0
36304,1.0,2.3608074e-10,0
36305,1.0,5.9547144e-08,0
36306,1.0,5.766003e-09,0
36307,1.0,5.8806275e-08,0
36308,1.0,1.0326251e-08,0
36309,1.0,2.0317845e-10,0
36310,1.0,2.1577182e-10,0
36311,1.0,3.8148716e-08,0
36312,0.9999999,9.345824e-08,0
36313,0.99999964,3.8648352e-07,0
36314,1.0,3.4764028e-08,0
36315,1.0,3.7199133e-10,0
36316,1.0,2.8552483e-10,0
36317,0.9999999,7.77563e-08,0
36318,1.0,4.505326e-08,0
36319,0.9999999,1.7041492e-07,0
36320,1.0,4.622904e-11,0
36321,0.9999999,7.958096e-08,0
36322,0.99999714,2.8109605e-06,0
36323,1.0,3.344037e-10,0
36324,1.0,1.3686388e-10,0
36325,1.0,1.2057341e-10,0
36326,1.0,5.348952e-08,0
36327,1.0,4.2437312e-10,0
36328,1.0,8.251198e-09,0
36329,1.0,2.0878844e-10,0
36330,1.0,1.3239937e-08,0
36331,1.0,8.4735184e-11,0
36332,1.0,4.3143565e-08,0
36333,1.0,1.6962537e-10,0
36334,1.0,1.2969227e-08,0
36335,1.0,3.9477193e-12,0
36336,1.0,8.359025e-09,0
36337,1.0,4.418893e-08,0
36338,1.0,2.950158e-13,0
36339,0.99999976,2.1204573e-07,0
36340,1.0,8.464352e-09,0
36341,0.99999976,2.8461335e-07,0
36342,1.0,2.0345831e-11,0
36343,1.0,1.5870532e-09,0
36344,1.0,1.4213343e-09,0
36345,1.0,1.9914157e-09,0
36346,1.0,1.7033717e-08,0
36347,1.0,6.437498e-09,0
36348,1.0,2.2715813e-08,0
36349,1.0,7.1509847e-09,0
36350,1.0,7.536881e-10,0
36351,1.0,4.3675946e-08,0
36352,0.9999999,1.4106647e-07,0
36353,1.0,1.0878755e-11,0
36354,1.0,1.156803e-08,0
36355,1.0,1.36926435e-08,0
36356,1.0,1.9965054e-08,0
36357,0.9999994,6.482708e-07,0
36358,1.0,1.1234964e-11,0
36359,1.0,1.8920125e-09,0
36360,1.0,1.2784337e-08,0
36361,1.0,4.5198005e-09,0
36362,1.0,8.6097857e-10,0
36363,0.9999994,6.5311355e-07,0
36364,1.0,4.154348e-09,0
36365,1.0,1.5683832e-10,0
36366,1.0,2.6936416e-08,0
36367,0.9999999,1.1184058e-07,0
36368,1.0,1.9933301e-10,0
36369,1.0,2.6116238e-08,0
36370,0.9999999,1.04578675e-07,0
36371,1.0,4.738479e-10,0
36372,0.9999999,6.1906356e-08,0
36373,1.0,5.1775338e-08,0
36374,1.0,3.5532953e-08,0
36375,1.0,6.8192596e-10,0
36376,1.0,3.2529932e-10,0
36377,0.9999999,6.508763e-08,0
36378,1.0,6.697e-10,0
36379,1.0,7.092135e-11,0
36380,1.0,6.958371e-11,0
36381,0.99999976,2.7888785e-07,0
36382,1.0,2.1424025e-09,0
36383,1.0,3.7657895e-09,0
36384,1.0,2.3981186e-09,0
36385,0.99999964,3.2290984e-07,0
36386,1.0,2.1481052e-10,0
36387,0.9999999,1.5118862e-07,0
36388,1.0,2.67063e-09,0
36389,1.0,8.3290885e-09,0
36390,1.0,7.88814e-09,0
36391,1.0,1.5995927e-12,0
36392,1.0,1.0782203e-11,0
36393,1.0,9.907605e-11,0
36394,1.0,2.683304e-08,0
36395,1.0,2.8151667e-10,0
36396,1.0,9.021227e-09,0
36397,1.0,7.1987065e-12,0
36398,1.0,2.1477744e-09,0
36399,1.0,1.9068473e-10,0
36400,1.0,2.4885087e-12,0
36401,0.9999999,1.1014762e-07,0
36402,0.99999976,1.8674409e-07,0
36403,1.0,3.7473642e-11,0
36404,0.999997,2.9208768e-06,0
36405,1.0,8.3464697e-13,0
36406,1.0,1.01963585e-11,0
36407,1.0,5.148854e-09,0
36408,0.99999964,2.9952642e-07,0
36409,0.99999976,1.951001e-07,0
36410,1.0,1.8499775e-11,0
36411,1.0,2.6089353e-08,0
36412,0.99999976,2.1274677e-07,0
36413,1.0,1.3706701e-08,0
36414,1.0,8.851045e-09,0
36415,1.0,2.122231e-08,0
36416,1.0,2.2832094e-12,0
36417,1.0,1.584332e-08,0
36418,1.0,1.2301954e-10,0
36419,1.0,1.1603956e-09,0
36420,1.0,2.437616e-10,0
36421,1.0,7.485756e-12,0
36422,1.0,3.5440643e-11,0
36423,1.0,7.708813e-11,0
36424,1.0,4.1727538e-10,0
36425,1.0,1.9520036e-10,0
36426,1.0,2.0751452e-13,0
36427,0.99999917,8.335129e-07,0
36428,1.0,4.651573e-10,0
36429,1.0,7.761931e-10,0
36430,1.0,7.559088e-12,0
36431,1.0,2.0122572e-11,0
36432,1.0,3.851458e-11,0
36433,1.0,2.3089979e-10,0
36434,1.0,1.571675e-09,0
36435,1.0,2.1807743e-08,0
36436,1.0,3.543733e-11,0
36437,1.0,1.288715e-10,0
36438,1.0,2.6753547e-10,0
36439,1.0,1.0872134e-08,0
36440,1.0,8.6142204e-10,0
36441,1.0,2.9055158e-10,0
36442,1.0,4.4229356e-10,0
36443,1.0,1.1475155e-09,0
36444,0.9999987,1.3406917e-06,0
36445,1.0,2.4842361e-08,0
36446,0.9999999,6.7237046e-08,0
36447,1.0,2.1863321e-10,0
36448,1.0,6.2549806e-11,0
36449,1.0,2.6173033e-12,0
36450,1.0,2.1815501e-10,0
36451,1.0,1.2211442e-09,0
36452,1.0,1.0076516e-10,0
36453,1.0,3.0238326e-08,0
36454,1.0,3.0758552e-11,0
36455,1.0,1.8882407e-10,0
36456,1.0,4.8754174e-11,0
36457,1.0,1.890542e-08,0
36458,1.0,2.2752366e-12,0
36459,0.99999905,9.566065e-07,0
36460,1.0,4.8434764e-08,0
36461,1.0,4.0140964e-08,0
36462,0.9999999,8.6734495e-08,0
36463,1.0,9.183603e-13,0
36464,1.0,1.8128847e-11,0
36465,0.99999857,1.4432409e-06,0
36466,1.0,4.3812364e-08,0
36467,1.0,4.0877744e-08,0
36468,1.0,6.57223e-10,0
36469,0.9999999,8.402523e-08,0
36470,0.99999964,3.874216e-07,0
36471,0.99999976,2.6835554e-07,0
36472,0.99999964,3.2376153e-07,0
36473,1.0,3.3524301e-09,0
36474,0.99999964,4.1505095e-07,0
36475,0.9999989,1.1085891e-06,0
36476,1.0,1.5343539e-09,0
36477,0.99999833,1.7041767e-06,0
36478,0.9999995,4.836137e-07,0
36479,1.0,2.8663396e-11,0
36480,1.0,4.80673e-11,0
36481,0.99999964,4.03702e-07,0
36482,1.0,3.3817297e-08,0
36483,1.0,5.982124e-09,0
36484,0.9999999,1.13692636e-07,0
36485,0.99999964,3.4284068e-07,0
36486,1.0,3.8360146e-09,0
36487,1.0,4.770932e-08,0
36488,0.9999999,1.0254968e-07,0
36489,1.0,1.4045649e-11,0
36490,1.0,1.2958963e-12,0
36491,1.0,5.423934e-10,0
36492,0.9999999,6.498864e-08,0
36493,1.0,5.3318292e-08,0
36494,0.9999995,4.914943e-07,0
36495,1.0,5.3703072e-08,0
36496,1.0,3.65889e-10,0
36497,1.0,3.4870876e-12,0
36498,0.99999976,1.8237311e-07,0
36499,1.0,3.1664706e-09,0
36500,1.0,4.474724e-09,0
36501,1.0,1.7053255e-08,0
36502,1.0,8.286455e-11,0
36503,1.0,2.3869338e-09,0
36504,0.9999994,5.4014635e-07,0
36505,1.0,1.4825849e-08,0
36506,1.0,4.2888475e-12,0
36507,1.0,1.2740789e-08,0
36508,1.0,2.3557618e-09,0
36509,1.0,1.1643623e-12,0
36510,0.9999975,2.5531176e-06,0
36511,1.0,3.1519592e-10,0
36512,0.99999976,2.1976021e-07,0
36513,0.99999964,3.514512e-07,0
36514,1.0,9.8186605e-11,0
36515,1.0,1.42431205e-08,0
36516,0.9999989,1.1024341e-06,0
36517,1.0,1.9263104e-09,0
36518,1.0,3.731279e-12,0
36519,1.0,8.835859e-10,0
36520,0.9999999,7.953969e-08,0
36521,1.0,5.1305976e-10,0
36522,1.0,2.1428612e-08,0
36523,1.0,3.1629924e-10,0
36524,1.0,8.5789546e-13,0
36525,1.0,5.886184e-11,0
36526,1.0,2.6370942e-10,0
36527,1.0,1.6552685e-08,0
36528,1.0,1.822383e-12,0
36529,1.0,9.019188e-11,0
36530,1.0,2.4005659e-10,0
36531,1.0,1.5927253e-11,0
36532,1.0,1.3194679e-09,0
36533,1.0,1.2062478e-09,0
36534,0.9999999,6.7688696e-08,0
36535,1.0,7.621856e-10,0
36536,1.0,6.237315e-10,0
36537,1.0,1.1978153e-09,0
36538,1.0,1.315884e-09,0
36539,1.0,8.47792e-10,0
36540,1.0,3.4878262e-08,0
36541,0.9999993,7.052667e-07,0
36542,1.0,1.748627e-10,0
36543,1.0,1.2431058e-08,0
36544,1.0,1.8461619e-09,0
36545,0.9999995,4.67464e-07,0
36546,0.9999999,1.658619e-07,0
36547,1.0,8.618745e-09,0
36548,0.9999999,8.736642e-08,0
36549,1.0,1.737821e-10,0
36550,1.0,1.782399e-09,0
36551,1.0,3.858866e-13,0
36552,1.0,8.6048065e-11,0
36553,1.0,7.248348e-12,0
36554,1.0,6.7374124e-09,0
36555,1.0,6.782268e-09,0
36556,1.0,6.931471e-10,0
36557,1.0,3.335402e-12,0
36558,1.0,9.804097e-12,0
36559,1.0,2.0869052e-10,0
36560,1.0,4.3118864e-09,0
36561,0.99999917,8.7786833e-07,0
36562,1.0,1.1153245e-09,0
36563,1.0,9.034137e-10,0
36564,1.0,3.742159e-10,0
36565,0.9999999,6.88796e-08,0
36566,0.99999964,3.913844e-07,0
36567,1.0,3.3308045e-09,0
36568,0.99999976,1.9772547e-07,0
36569,1.0,3.5727026e-09,0
36570,0.99999976,2.9752505e-07,0
36571,1.0,4.064224e-09,0
36572,0.99999976,2.0902023e-07,0
36573,1.0,4.6758435e-12,0
36574,1.0,1.2440439e-10,0
36575,0.99999905,9.776643e-07,0
36576,0.9999999,1.341501e-07,0
36577,1.0,8.2439134e-13,0
36578,1.0,3.3865692e-09,0
36579,1.0,1.2022838e-08,0
36580,0.99999964,3.3768768e-07,0
36581,0.9999999,8.233296e-08,0
36582,1.0,3.0704086e-08,0
36583,1.0,1.6372764e-08,0
36584,0.99999833,1.6281135e-06,0
36585,1.0,4.2449655e-12,0
36586,1.0,6.8797074e-10,0
36587,1.0,3.1129468e-09,0
36588,1.0,2.0550535e-09,0
36589,0.9999999,1.3435931e-07,0
36590,1.0,3.3613907e-11,0
36591,1.0,6.098738e-09,0
36592,1.0,4.717881e-10,0
36593,1.0,5.228373e-12,0
36594,1.0,5.288747e-10,0
36595,1.0,1.11298214e-10,0
36596,1.0,6.407482e-10,0
36597,1.0,5.7761547e-08,0
36598,1.0,4.0871018e-09,0
36599,1.0,1.07618785e-08,0
36600,1.0,1.0628056e-09,0
36601,1.0,3.547546e-08,0
36602,1.0,7.482134e-11,0
36603,1.0,4.0604135e-12,0
36604,1.0,8.5872187e-10,0
36605,1.0,5.3520033e-08,0
36606,0.9999994,6.3346323e-07,0
36607,1.0,3.5245455e-09,0
36608,1.0,9.4691706e-11,0
36609,1.0,6.792809e-12,0
36610,1.0,2.848271e-09,0
36611,1.0,2.4181091e-08,0
36612,1.0,2.6916283e-08,0
36613,1.0,1.69191e-11,0
36614,1.0,6.53902e-10,0
36615,1.0,2.1990838e-10,0
36616,1.0,1.1358661e-08,0
36617,1.0,3.935148e-09,0
36618,1.0,3.0435279e-09,0
36619,0.9999999,1.1059918e-07,0
36620,1.0,1.4667748e-08,0
36621,0.99999976,2.7194514e-07,0
36622,1.0,4.9482995e-09,0
36623,1.0,9.035437e-12,0
36624,1.0,1.0798823e-09,0
36625,1.0,3.0119804e-12,0
36626,1.0,3.6027535e-11,0
36627,1.0,2.6371091e-10,0
36628,1.0,4.569743e-11,0
36629,0.99999595,4.0803657e-06,0
36630,1.0,4.4110715e-11,0
36631,1.0,8.1897274e-11,0
36632,1.0,2.1198743e-10,0
36633,0.9999993,7.6190565e-07,0
36634,1.0,5.0511075e-12,0
36635,0.9999999,1.4100071e-07,0
36636,1.0,3.973321e-08,0
36637,1.0,2.3925688e-08,0
36638,0.9999974,2.583247e-06,0
36639,1.0,2.7476807e-08,0
36640,0.9999999,7.9122515e-08,0
36641,1.0,1.40284815e-08,0
36642,0.99999917,7.940657e-07,0
36643,1.0,2.6599556e-08,0
36644,1.0,6.533413e-09,0
36645,1.0,2.2800611e-10,0
36646,0.9999975,2.4573988e-06,0
36647,1.0,1.5518747e-09,0
36648,1.0,9.980594e-10,0
36649,1.0,7.8987455e-11,0
36650,1.0,3.9174835e-12,0
36651,1.0,1.3731853e-11,0
36652,1.0,1.188865e-10,0
36653,1.0,2.6791996e-10,0
36654,0.9999999,8.118911e-08,0
36655,0.9999995,4.3089946e-07,0
36656,1.0,1.1963436e-11,0
36657,1.0,2.1719394e-13,0
36658,1.0,6.288703e-11,0
36659,1.0,1.731731e-12,0
36660,0.9999968,3.1614113e-06,0
36661,0.9999962,3.8432418e-06,0
36662,0.9999999,1.7053735e-07,0
36663,1.0,2.0789186e-11,0
36664,1.0,3.003986e-10,0
36665,1.0,1.5505552e-09,0
36666,1.0,1.0557695e-11,0
36667,0.9999999,8.422291e-08,0
36668,1.0,2.1009335e-08,0
36669,1.0,2.0821191e-09,0
36670,1.0,7.614184e-10,0
36671,1.0,3.796351e-10,0
36672,1.0,6.980317e-11,0
36673,0.99999785,2.179279e-06,0
36674,1.0,7.184325e-10,0
36675,1.0,1.1963124e-10,0
36676,0.9999995,5.161374e-07,0
36677,1.0,3.885443e-11,0
36678,1.0,9.235163e-12,0
36679,1.0,3.5453643e-10,0
36680,1.0,3.153509e-11,0
36681,1.0,7.742285e-09,0
36682,1.0,6.4736856e-09,0
36683,1.0,2.4179971e-09,0
36684,1.0,9.301295e-12,0
36685,1.0,1.9240447e-09,0
36686,1.0,5.4354915e-10,0
36687,1.0,1.7392948e-12,0
36688,0.9999999,1.3304368e-07,0
36689,0.99999857,1.4297524e-06,0
36690,1.0,3.8451783e-13,0
36691,1.0,7.164879e-10,0
36692,1.0,8.9057545e-10,0
36693,1.0,8.959252e-10,0
36694,1.0,1.0931436e-12,0
36695,1.0,2.5560701e-11,0
36696,0.99999976,1.845255e-07,0
36697,1.0,8.6560054e-10,0
36698,1.0,7.4639783e-10,0
36699,1.0,4.6374633e-09,0
36700,1.0,2.709252e-13,0
36701,1.0,2.7709612e-10,0
36702,1.0,4.689802e-09,0
36703,0.99999917,8.5038874e-07,0
36704,1.0,2.3689808e-10,0
36705,1.0,2.8206838e-08,0
36706,1.0,2.2546091e-08,0
36707,1.0,1.344841e-08,0
36708,0.9999999,1.08301855e-07,0
36709,1.0,3.3933873e-11,0
36710,1.0,7.887589e-11,0
36711,1.0,1.639287e-10,0
36712,1.0,1.3721754e-10,0
36713,1.0,6.885204e-11,0
36714,1.0,1.397039e-10,0
36715,1.0,1.6790461e-09,0
36716,1.0,2.2089766e-09,0
36717,1.0,1.6049096e-09,0
36718,1.0,1.2290188e-09,0
36719,1.0,6.718882e-09,0
36720,1.0,4.9543436e-09,0
36721,1.0,1.7931889e-08,0
36722,1.0,2.2613941e-10,0
36723,0.9999993,7.266793e-07,0
36724,0.99999964,4.0744175e-07,0
36725,1.0,4.924495e-10,0
36726,0.9999982,1.8025888e-06,0
36727,1.0,1.993908e-10,0
36728,0.9999999,1.0121932e-07,0
36729,0.9999987,1.3229231e-06,0
36730,0.9999999,7.2707095e-08,0
36731,0.99999976,2.920552e-07,0
36732,1.0,1.117229e-11,0
36733,1.0,1.0578356e-11,0
36734,1.0,2.6642969e-08,0
36735,1.0,3.6432285e-10,0
36736,0.9999999,7.8406224e-08,0
36737,0.9999995,4.667023e-07,0
36738,1.0,1.2918467e-08,0
36739,1.0,3.601587e-10,0
36740,0.9999999,1.5097177e-07,0
36741,0.9999964,3.5692963e-06,0
36742,1.0,1.7250654e-08,0
36743,0.9999999,6.018153e-08,0
36744,1.0,1.6557532e-10,0
36745,1.0,1.0359932e-11,0
36746,0.9999999,8.825526e-08,0
36747,1.0,1.3320455e-09,0
36748,1.0,1.8030594e-08,0
36749,1.0,1.0418143e-12,0
36750,0.99999976,2.0100474e-07,0
36751,1.0,1.103958e-11,0
36752,0.9999982,1.8031681e-06,0
36753,0.9999999,1.767006e-07,0
36754,0.99999964,3.4373116e-07,0
36755,0.9999975,2.4717785e-06,0
36756,1.0,6.1881797e-12,0
36757,1.0,9.3483964e-11,0
36758,1.0,9.678918e-09,0
36759,1.0,6.6920046e-11,0
36760,1.0,2.083742e-11,0
36761,1.0,2.7484598e-13,0
36762,1.0,1.6787187e-10,0
36763,1.0,4.657332e-11,0
36764,1.0,1.2653114e-13,0
36765,1.0,5.545837e-10,0
36766,1.0,1.18495925e-11,0
36767,1.0,1.6123124e-10,0
36768,1.0,2.1099036e-09,0
36769,1.0,1.0012095e-12,0
36770,1.0,6.176597e-13,0
36771,1.0,2.5056432e-10,0
36772,1.0,1.753836e-12,0
36773,1.0,5.803846e-10,0
36774,1.0,2.4702642e-12,0
36775,1.0,1.2310615e-10,0
36776,1.0,2.2024471e-09,0
36777,1.0,1.0378582e-11,0
36778,1.0,1.39474335e-11,0
36779,1.0,8.494726e-09,0
36780,1.0,2.4726022e-12,0
36781,1.0,3.000371e-11,0
36782,1.0,1.1033384e-12,0
36783,1.0,2.8893633e-13,0
36784,1.0,1.8430207e-12,0
36785,1.0,1.5588737e-12,0
36786,0.99999976,1.7896154e-07,0
36787,1.0,8.868945e-12,0
36788,1.0,2.8458966e-10,0
36789,1.0,3.0883735e-13,0
36790,1.0,3.1571926e-11,0
36791,1.0,3.6584537e-12,0
36792,1.0,1.6805007e-09,0
36793,1.0,2.0278559e-09,0
36794,1.0,8.8348606e-11,0
36795,1.0,2.1568467e-13,0
36796,1.0,7.6130796e-10,0
36797,1.0,6.3095427e-09,0
36798,1.0,1.9755244e-11,0
36799,0.9999999,7.173692e-08,0
36800,1.0,4.072354e-10,0
36801,1.0,5.348342e-11,0
36802,1.0,8.114776e-12,0
36803,1.0,2.4750653e-12,0
36804,1.0,1.4975347e-11,0
36805,1.0,1.3785079e-10,0
36806,1.0,8.330601e-12,0
36807,1.0,8.715592e-11,0
36808,1.0,2.6948002e-10,0
36809,1.0,8.973168e-11,0
36810,1.0,2.6721585e-09,0
36811,1.0,2.980911e-13,0
36812,1.0,4.2244333e-12,0
36813,1.0,1.6568129e-12,0
36814,1.0,4.3616437e-11,0
36815,1.0,9.837096e-13,0
36816,1.0,3.930329e-11,0
36817,1.0,3.8356814e-11,0
36818,1.0,7.434365e-11,0
36819,1.0,3.2569933e-09,0
36820,1.0,1.9958122e-12,0
36821,1.0,9.604749e-13,0
36822,1.0,1.995995e-12,0
36823,1.0,1.211056e-10,0
36824,1.0,4.5982085e-12,0
36825,1.0,2.0866195e-09,0
36826,1.0,6.7913843e-12,0
36827,1.0,1.5307707e-12,0
36828,1.0,1.8821989e-11,0
36829,1.0,8.683513e-12,0
36830,1.0,1.1981786e-09,0
36831,1.0,3.0387945e-09,0
36832,1.0,4.85487e-12,0
36833,1.0,3.2122752e-10,0
36834,1.0,2.265946e-09,0
36835,1.0,8.42933e-12,0
36836,1.0,8.8456087e-13,0
36837,1.0,6.831223e-10,0
36838,1.0,1.3125738e-11,0
36839,1.0,1.9054747e-12,0
36840,1.0,2.1098606e-08,0
36841,1.0,3.4803917e-11,0
36842,0.9999981,1.8519239e-06,0
36843,1.0,7.8041686e-13,0
36844,1.0,1.263831e-12,0
36845,1.0,7.689084e-13,0
36846,1.0,1.3064757e-09,0
36847,1.0,3.1960096e-12,0
36848,1.0,1.2915269e-11,0
36849,1.0,3.7676163e-08,0
36850,0.9999999,6.560238e-08,0
36851,1.0,2.8596925e-12,0
36852,1.0,5.924548e-11,0
36853,1.0,4.5092218e-11,0
36854,1.0,6.4549473e-12,0
36855,1.0,3.0694086e-11,0
36856,1.0,8.4938145e-10,0
36857,1.0,1.1289392e-12,0
36858,1.0,1.1099849e-09,0
36859,1.0,1.0312217e-12,0
36860,0.9999999,1.2389782e-07,0
36861,1.0,2.3838908e-12,0
36862,1.0,1.6202938e-10,0
36863,1.0,7.757942e-12,0
36864,1.0,1.857597e-11,0
36865,1.0,1.4654961e-09,0
36866,1.0,3.4949467e-11,0
36867,1.0,6.539284e-13,0
36868,1.0,1.4232581e-12,0
36869,1.0,1.7322878e-10,0
36870,1.0,6.937538e-11,0
36871,1.0,2.4567237e-11,0
36872,1.0,1.7682711e-10,0
36873,1.0,2.2127031e-10,0
36874,1.0,9.416892e-13,0
36875,1.0,1.0459762e-11,0
36876,1.0,1.3115134e-10,0
36877,1.0,2.4341418e-09,0
36878,1.0,1.3212287e-12,0
36879,1.0,7.397843e-11,0
36880,1.0,1.5436959e-11,0
36881,1.0,2.0177346e-14,0
36882,1.0,2.7453642e-09,0
36883,1.0,1.3636267e-12,0
36884,1.0,5.227934e-12,0
36885,1.0,4.3976162e-10,0
36886,0.99999714,2.852214e-06,0
36887,1.0,1.6801744e-12,0
36888,1.0,6.1601085e-11,0
36889,1.0,5.149259e-08,0
36890,0.99999833,1.7091456e-06,0
36891,1.0,2.2548723e-11,0
36892,1.0,3.8621464e-11,0
36893,1.0,2.234328e-10,0
36894,1.0,3.0038724e-13,0
36895,1.0,4.6251496e-09,0
36896,1.0,1.2776371e-11,0
36897,1.0,4.6340053e-13,0
36898,1.0,1.739771e-14,0
36899,1.0,2.4467048e-09,0
36900,1.0,6.485757e-10,0
36901,1.0,5.660145e-12,0
36902,1.0,4.255559e-09,0
36903,1.0,2.291761e-12,0
36904,1.0,7.58898e-11,0
36905,1.0,4.7290505e-11,0
36906,1.0,2.0391805e-10,0
36907,1.0,2.131601e-09,0
36908,1.0,4.0394158e-13,0
36909,1.0,7.5503406e-12,0
36910,1.0,1.4166215e-10,0
36911,1.0,1.3913662e-11,0
36912,1.0,2.3550573e-12,0
36913,1.0,1.1887646e-11,0
36914,1.0,1.3038797e-12,0
36915,1.0,1.8878435e-11,0
36916,1.0,1.892167e-10,0
36917,1.0,1.0296823e-09,0
36918,1.0,2.50407e-11,0
36919,1.0,1.7930476e-13,0
36920,1.0,5.7970056e-11,0
36921,1.0,4.813427e-11,0
36922,1.0,1.36606095e-08,0
36923,1.0,3.550837e-11,0
36924,1.0,2.9081607e-10,0
36925,1.0,1.339253e-12,0
36926,1.0,1.3257513e-10,0
36927,1.0,1.2169659e-09,0
36928,1.0,1.10069544e-10,0
36929,1.0,2.5929375e-11,0
36930,1.0,6.0011653e-12,0
36931,1.0,4.1205855e-10,0
36932,1.0,6.9216646e-11,0
36933,1.0,3.0691126e-13,0
36934,1.0,8.72588e-09,0
36935,1.0,7.3293243e-13,0
36936,1.0,9.936972e-12,0
36937,1.0,7.2910785e-13,0
36938,1.0,4.037244e-13,0
36939,1.0,1.5301271e-10,0
36940,1.0,1.383551e-08,0
36941,1.0,9.8459844e-11,0
36942,1.0,6.868222e-10,0
36943,1.0,1.1596804e-10,0
36944,1.0,8.329684e-11,0
36945,1.0,3.3768746e-09,0
36946,1.0,9.499331e-10,0
36947,1.0,5.2283004e-13,0
36948,0.99999976,2.8718256e-07,0
36949,0.99999976,2.1355989e-07,0
36950,1.0,8.567382e-12,0
36951,1.0,1.802773e-13,0
36952,1.0,3.2203115e-10,0
36953,1.0,5.5021883e-13,0
36954,1.0,2.60183e-11,0
36955,1.0,2.3426577e-11,0
36956,1.0,4.009136e-09,0
36957,1.0,6.846328e-10,0
36958,1.0,4.508876e-12,0
36959,1.0,3.2632187e-12,0
36960,1.0,3.0015819e-09,0
36961,1.0,8.251189e-11,0
36962,1.0,3.8684372e-10,0
36963,1.0,1.0155033e-08,0
36964,1.0,1.4219192e-10,0
36965,1.0,7.3004235e-11,0
36966,1.0,6.282016e-10,0
36967,1.0,6.231129e-11,0
36968,1.0,3.6372017e-10,0
36969,1.0,7.361397e-12,0
36970,1.0,1.6104107e-09,0
36971,0.9999999,6.323135e-08,0
36972,1.0,2.9567785e-12,0
36973,1.0,6.1177656e-12,0
36974,1.0,4.919538e-10,0
36975,1.0,2.4927582e-10,0
36976,1.0,3.5760706e-09,0
36977,1.0,2.784733e-09,0
36978,1.0,4.2739688e-12,0
36979,1.0,7.9199297e-10,0
36980,1.0,2.6175956e-10,0
36981,1.0,7.376989e-11,0
36982,1.0,1.9175758e-08,0
36983,1.0,4.325733e-13,0
36984,0.9999999,6.2787876e-08,0
36985,1.0,3.4546244e-11,0
36986,1.0,3.30476e-08,0
36987,1.0,9.723205e-11,0
36988,1.0,1.6021876e-09,0
36989,1.0,2.19225e-13,0
36990,1.0,1.5102503e-11,0
36991,1.0,2.151651e-11,0
36992,1.0,1.822634e-11,0
36993,1.0,1.1925038e-09,0
36994,1.0,2.3338018e-10,0
36995,1.0,1.4837886e-10,0
36996,0.9999999,8.677172e-08,0
36997,1.0,1.0061325e-10,0
36998,1.0,6.944409e-11,0
36999,1.0,1.658211e-11,0
37000,1.0,7.4281005e-11,0
37001,1.0,2.4991221e-11,0
37002,1.0,3.9833994e-11,0
37003,1.0,1.8901993e-08,0
37004,1.0,3.8838256e-12,0
37005,1.0,2.649177e-11,0
37006,1.0,5.135681e-13,0
37007,1.0,3.4822223e-12,0
37008,0.9999999,6.843318e-08,0
37009,1.0,3.382244e-09,0
37010,1.0,1.4038631e-11,0
37011,1.0,1.0068801e-12,0
37012,1.0,1.06172675e-11,0
37013,1.0,3.747666e-10,0
37014,1.0,2.692578e-12,0
37015,1.0,1.2564583e-10,0
37016,1.0,6.0489693e-09,0
37017,1.0,2.7055216e-11,0
37018,1.0,1.3627129e-10,0
37019,1.0,1.3511285e-10,0
37020,1.0,3.3195782e-13,0
37021,1.0,4.437102e-08,0
37022,0.9999982,1.7611274e-06,0
37023,1.0,2.1030424e-08,0
37024,1.0,1.3466314e-10,0
37025,1.0,8.304298e-12,0
37026,1.0,7.1846945e-10,0
37027,1.0,1.5262533e-10,0
37028,1.0,4.896668e-10,0
37029,1.0,2.9771267e-13,0
37030,1.0,2.2907547e-13,0
37031,1.0,2.5535304e-08,0
37032,1.0,3.0837975e-11,0
37033,1.0,2.2853555e-10,0
37034,1.0,7.485003e-11,0
37035,1.0,1.790341e-13,0
37036,1.0,3.6274678e-10,0
37037,1.0,3.0895478e-08,0
37038,1.0,2.861058e-11,0
37039,1.0,1.471645e-12,0
37040,1.0,1.0553503e-12,0
37041,0.9999993,7.4137296e-07,0
37042,0.99999964,3.2731435e-07,0
37043,1.0,3.6310757e-13,0
37044,1.0,1.0960494e-09,0
37045,1.0,3.8416124e-11,0
37046,0.9999999,1.1490015e-07,0
37047,1.0,1.21186e-10,0
37048,1.0,1.0815942e-11,0
37049,1.0,5.917326e-09,0
37050,1.0,1.2131559e-09,0
37051,0.99999917,8.0432983e-07,0
37052,0.9999982,1.7903783e-06,0
37053,1.0,2.0862456e-09,0
37054,1.0,6.623095e-10,0
37055,1.0,2.8465616e-08,0
37056,1.0,4.3650936e-09,0
37057,0.9999968,3.2323137e-06,0
37058,0.9999999,9.0694684e-08,0
37059,0.99999976,1.8253529e-07,0
37060,0.9999993,7.3948195e-07,0
37061,1.0,1.38877e-08,0
37062,1.0,8.716831e-09,0
37063,0.9999994,6.052561e-07,0
37064,0.9999993,6.771296e-07,0
37065,1.0,9.634587e-12,0
37066,1.0,3.1361485e-12,0
37067,1.0,7.723449e-09,0
37068,1.0,1.9758221e-11,0
37069,1.0,4.936379e-11,0
37070,0.9999999,7.805825e-08,0
37071,1.0,3.8143634e-11,0
37072,1.0,6.5610045e-11,0
37073,1.0,3.84406e-11,0
37074,1.0,1.02249924e-10,0
37075,1.0,4.684125e-09,0
37076,1.0,1.629083e-09,0
37077,1.0,2.5367822e-08,0
37078,1.0,1.4791882e-10,0
37079,1.0,1.2843709e-11,0
37080,1.0,2.872827e-10,0
37081,1.0,7.4529785e-11,0
37082,1.0,4.076835e-08,0
37083,1.0,3.200121e-08,0
37084,1.0,4.4925358e-10,0
37085,1.0,1.1251542e-11,0
37086,1.0,1.7657509e-09,0
37087,1.0,2.5561433e-11,0
37088,1.0,4.0480317e-09,0
37089,1.0,3.6225103e-10,0
37090,1.0,3.2004108e-10,0
37091,1.0,5.501614e-12,0
37092,1.0,8.47891e-13,0
37093,1.0,5.076108e-10,0
37094,1.0,1.8288414e-09,0
37095,1.0,1.4395848e-12,0
37096,1.0,3.008042e-12,0
37097,1.0,4.5425127e-13,0
37098,1.0,2.2642244e-11,0
37099,1.0,1.4838557e-11,0
37100,1.0,2.644574e-10,0
37101,1.0,2.1636204e-13,0
37102,1.0,3.5511525e-09,0
37103,1.0,1.7847974e-09,0
37104,1.0,7.112055e-09,0
37105,1.0,8.156098e-12,0
37106,1.0,8.372424e-10,0
37107,1.0,2.0552375e-09,0
37108,1.0,2.1576257e-08,0
37109,1.0,1.906933e-08,0
37110,1.0,2.2787024e-12,0
37111,1.0,9.059775e-11,0
37112,1.0,1.2612117e-11,0
37113,1.0,1.3457443e-08,0
37114,1.0,5.7723544e-12,0
37115,1.0,1.1665048e-09,0
37116,1.0,5.653683e-08,0
37117,1.0,1.722665e-08,0
37118,1.0,6.218413e-11,0
37119,1.0,3.592985e-09,0
37120,1.0,1.3222819e-13,0
37121,1.0,7.927748e-09,0
37122,1.0,5.4044443e-11,0
37123,1.0,1.1581573e-10,0
37124,1.0,3.3020119e-12,0
37125,1.0,1.2432861e-08,0
37126,1.0,5.250343e-10,0
37127,1.0,5.7677318e-12,0
37128,1.0,9.127727e-12,0
37129,1.0,3.0696192e-11,0
37130,1.0,1.963174e-11,0
37131,1.0,3.9263766e-09,0
37132,1.0,1.5032653e-13,0
37133,1.0,3.7127166e-11,0
37134,1.0,3.206406e-13,0
37135,1.0,6.017636e-12,0
37136,1.0,1.2700876e-08,0
37137,1.0,8.628119e-13,0
37138,1.0,5.187484e-13,0
37139,1.0,1.1001087e-12,0
37140,1.0,1.0763498e-12,0
37141,1.0,7.4455963e-13,0
37142,1.0,3.431361e-13,0
37143,1.0,4.586546e-10,0
37144,1.0,3.4709912e-11,0
37145,1.0,1.0318676e-11,0
37146,1.0,3.5509592e-11,0
37147,1.0,2.3087502e-11,0
37148,1.0,1.8107369e-13,0
37149,1.0,1.0339204e-11,0
37150,1.0,3.1225073e-10,0
37151,1.0,7.053825e-10,0
37152,1.0,1.3306431e-10,0
37153,1.0,6.1049434e-12,0
37154,0.9999999,6.8059464e-08,0
37155,1.0,2.3686916e-10,0
37156,1.0,1.0884863e-10,0
37157,1.0,4.0002713e-11,0
37158,1.0,5.978562e-10,0
37159,1.0,2.7556306e-09,0
37160,1.0,5.58858e-13,0
37161,1.0,1.6733654e-12,0
37162,1.0,1.511994e-11,0
37163,1.0,7.162471e-11,0
37164,1.0,7.536137e-13,0
37165,1.0,2.8672545e-10,0
37166,1.0,1.6376456e-11,0
37167,1.0,4.9802107e-12,0
37168,1.0,2.0630973e-12,0
37169,1.0,2.1522309e-10,0
37170,1.0,1.3768918e-10,0
37171,1.0,4.918229e-12,0
37172,1.0,5.099762e-12,0
37173,1.0,1.3456897e-09,0
37174,1.0,8.9193875e-10,0
37175,1.0,3.8238808e-09,0
37176,1.0,9.510315e-14,0
37177,1.0,1.5377413e-12,0
37178,1.0,3.870799e-10,0
37179,1.0,2.9785083e-12,0
37180,1.0,8.2717055e-11,0
37181,1.0,1.5804451e-11,0
37182,1.0,2.3494517e-10,0
37183,1.0,6.3757517e-13,0
37184,1.0,1.5549734e-10,0
37185,1.0,8.8283505e-09,0
37186,1.0,1.0067226e-12,0
37187,1.0,7.539605e-12,0
37188,1.0,3.0425554e-11,0
37189,1.0,9.4437696e-12,0
37190,1.0,1.762761e-11,0
37191,1.0,3.117398e-12,0
37192,1.0,1.8632925e-11,0
37193,1.0,8.015393e-11,0
37194,1.0,6.514735e-09,0
37195,1.0,1.5373799e-09,0
37196,1.0,7.956438e-09,0
37197,1.0,3.9352195e-11,0
37198,1.0,6.6600236e-13,0
37199,1.0,8.2667845e-11,0
37200,1.0,2.3598363e-09,0
37201,1.0,1.3349188e-10,0
37202,1.0,2.9265496e-11,0
37203,1.0,4.225215e-12,0
37204,1.0,2.2649944e-10,0
37205,1.0,1.5628929e-12,0
37206,1.0,4.9188904e-14,0
37207,1.0,3.1960126e-10,0
37208,1.0,2.434194e-12,0
37209,1.0,7.6468096e-11,0
37210,1.0,8.888606e-12,0
37211,1.0,6.118506e-14,0
37212,1.0,2.5396834e-11,0
37213,1.0,9.846609e-10,0
37214,1.0,9.368378e-13,0
37215,1.0,5.095317e-09,0
37216,1.0,3.965163e-10,0
37217,1.0,8.7648035e-11,0
37218,1.0,2.8733751e-10,0
37219,1.0,8.109184e-10,0
37220,1.0,3.3533623e-10,0
37221,1.0,4.628882e-13,0
37222,1.0,2.2905572e-10,0
37223,1.0,2.8701158e-10,0
37224,1.0,1.8292087e-12,0
37225,1.0,3.9804956e-12,0
37226,1.0,8.071651e-11,0
37227,1.0,5.5230833e-12,0
37228,1.0,4.2664548e-14,0
37229,0.9999964,3.5959256e-06,0
37230,1.0,7.249402e-11,0
37231,1.0,2.0453797e-12,0
37232,0.9999993,7.4080543e-07,0
37233,1.0,4.468032e-08,0
37234,1.0,1.3763647e-09,0
37235,1.0,1.0785612e-12,0
37236,0.9999999,1.3938126e-07,0
37237,1.0,2.2747551e-08,0
37238,1.0,4.5158405e-11,0
37239,0.99999964,3.9538847e-07,0
37240,1.0,2.8701544e-10,0
37241,1.0,1.2901365e-10,0
37242,1.0,4.2169306e-12,0
37243,1.0,4.491434e-12,0
37244,1.0,6.2168565e-12,0
37245,1.0,5.3227905e-10,0
37246,1.0,2.3483394e-11,0
37247,1.0,2.285531e-09,0
37248,1.0,3.0861893e-09,0
37249,1.0,2.9075213e-11,0
37250,1.0,1.1417321e-13,0
37251,1.0,7.3835698e-09,0
37252,1.0,2.5956562e-13,0
37253,1.0,2.36153e-12,0
37254,1.0,4.7030095e-11,0
37255,1.0,8.553997e-11,0
37256,1.0,6.388905e-11,0
37257,1.0,8.653488e-12,0
37258,1.0,6.296324e-11,0
37259,1.0,1.3868971e-10,0
37260,1.0,6.5605357e-09,0
37261,1.0,7.663988e-13,0
37262,1.0,4.184096e-13,0
37263,1.0,5.3643583e-12,0
37264,1.0,2.1348732e-12,0
37265,1.0,1.9992938e-09,0
37266,1.0,3.657498e-12,0
37267,1.0,1.5475643e-10,0
37268,1.0,6.5709326e-12,0
37269,1.0,2.8003296e-12,0
37270,1.0,7.794853e-10,0
37271,1.0,1.1007134e-08,0
37272,1.0,2.4370767e-10,0
37273,1.0,4.28517e-11,0
37274,1.0,2.7228901e-11,0
37275,1.0,5.6352784e-10,0
37276,1.0,3.89127e-12,0
37277,1.0,2.3173742e-08,0
37278,1.0,4.505822e-09,0
37279,1.0,1.1404747e-12,0
37280,1.0,5.042694e-12,0
37281,1.0,6.975536e-12,0
37282,1.0,6.5517973e-12,0
37283,1.0,1.4877545e-12,0
37284,1.0,2.3751463e-11,0
37285,1.0,4.513333e-12,0
37286,1.0,4.827497e-10,0
37287,1.0,5.589656e-13,0
37288,1.0,4.2569717e-09,0
37289,1.0,1.5342549e-12,0
37290,1.0,6.0279155e-09,0
37291,1.0,3.3555936e-11,0
37292,1.0,5.244828e-10,0
37293,1.0,1.4155978e-10,0
37294,1.0,6.171328e-11,0
37295,1.0,3.974988e-12,0
37296,1.0,1.251521e-11,0
37297,1.0,9.17745e-11,0
37298,1.0,5.6628755e-09,0
37299,1.0,1.536853e-08,0
37300,1.0,6.010288e-14,0
37301,1.0,1.0653706e-10,0
37302,1.0,1.5890787e-10,0
37303,1.0,3.8454222e-12,0
37304,1.0,2.7658684e-08,0
37305,1.0,7.567306e-13,0
37306,1.0,8.588914e-12,0
37307,0.9999999,6.650316e-08,0
37308,1.0,1.4087825e-11,0
37309,1.0,2.8095782e-13,0
37310,1.0,3.1654273e-12,0
37311,1.0,5.916894e-10,0
37312,1.0,1.9578288e-09,0
37313,0.99999857,1.4339008e-06,0
37314,1.0,5.2774636e-13,0
37315,1.0,3.419496e-13,0
37316,0.9999944,5.5750575e-06,0
37317,1.0,3.5383538e-09,0
37318,1.0,3.752505e-12,0
37319,1.0,9.1862715e-12,0
37320,1.0,2.8266944e-08,0
37321,1.0,5.104353e-13,0
37322,1.0,3.2041e-10,0
37323,1.0,4.6857448e-08,0
37324,1.0,1.4119999e-11,0
37325,1.0,1.3747773e-13,0
37326,0.99999905,9.108185e-07,0
37327,1.0,9.56205e-13,0
37328,1.0,9.385567e-09,0
37329,1.0,1.07967414e-13,0
37330,1.0,1.6167393e-08,0
37331,0.99999964,4.072957e-07,0
37332,0.99999976,2.3735814e-07,0
37333,1.0,5.25065e-15,0
37334,1.0,6.6749384e-10,0
37335,1.0,5.8876306e-08,0
37336,0.9999999,9.7165994e-08,0
37337,0.9999949,5.118481e-06,0
37338,1.0,1.1161772e-10,0
37339,1.0,2.5438283e-11,0
37340,1.0,1.2564608e-10,0
37341,1.0,2.8769245e-09,0
37342,1.0,2.1689386e-09,0
37343,0.9999999,1.5071743e-07,0
37344,0.99999964,3.792498e-07,0
37345,1.0,3.6207193e-11,0
37346,1.0,1.2111e-10,0
37347,1.0,1.5766666e-11,0
37348,1.0,2.5412206e-10,0
37349,1.0,4.1638946e-11,0
37350,1.0,4.741065e-10,0
37351,1.0,1.456166e-11,0
37352,1.0,8.37537e-12,0
37353,1.0,2.5101632e-10,0
37354,1.0,2.9445e-11,0
37355,0.9999988,1.2456654e-06,0
37356,1.0,1.0103578e-13,0
37357,1.0,5.576439e-10,0
37358,1.0,4.0079697e-11,0
37359,1.0,3.1592888e-11,0
37360,1.0,2.3099953e-12,0
37361,1.0,7.150023e-11,0
37362,1.0,2.155538e-10,0
37363,1.0,5.7441774e-10,0
37364,1.0,1.2356777e-09,0
37365,1.0,1.7868972e-11,0
37366,1.0,6.1207705e-14,0
37367,1.0,1.73595e-09,0
37368,1.0,1.1783718e-10,0
37369,1.0,3.6383483e-09,0
37370,1.0,5.4796636e-12,0
37371,1.0,1.222459e-12,0
37372,1.0,5.275524e-12,0
37373,1.0,1.6273957e-10,0
37374,1.0,3.0588334e-09,0
37375,1.0,5.491895e-12,0
37376,1.0,3.794418e-10,0
37377,1.0,4.7935536e-08,0
37378,1.0,2.9465885e-12,0
37379,1.0,5.8095273e-10,0
37380,1.0,3.0482984e-12,0
37381,1.0,4.342504e-10,0
37382,1.0,2.3705266e-10,0
37383,1.0,3.26129e-12,0
37384,1.0,1.2079475e-08,0
37385,1.0,1.9956e-11,0
37386,1.0,2.086929e-14,0
37387,1.0,4.129604e-13,0
37388,1.0,3.2925693e-10,0
37389,1.0,3.776719e-11,0
37390,1.0,3.2953824e-11,0
37391,1.0,8.894173e-11,0
37392,1.0,1.5987678e-10,0
37393,1.0,1.6863548e-12,0
37394,1.0,2.5918495e-11,0
37395,1.0,2.9167068e-12,0
37396,1.0,2.2159614e-12,0
37397,1.0,2.0082722e-12,0
37398,1.0,1.2725743e-10,0
37399,1.0,3.9936784e-14,0
37400,1.0,1.1714965e-10,0
37401,1.0,5.9750505e-10,0
37402,1.0,6.0089717e-10,0
37403,1.0,1.4453582e-14,0
37404,1.0,5.619007e-10,0
37405,1.0,6.518911e-13,0
37406,1.0,1.4162197e-09,0
37407,1.0,9.418765e-12,0
37408,1.0,1.9922876e-11,0
37409,1.0,5.6825644e-10,0
37410,1.0,5.67898e-13,0
37411,1.0,3.4250415e-11,0
37412,1.0,9.641027e-11,0
37413,1.0,4.6810417e-10,0
37414,1.0,6.120082e-10,0
37415,1.0,5.2587587e-11,0
37416,1.0,2.3510091e-12,0
37417,1.0,3.7142718e-09,0
37418,1.0,8.150769e-11,0
37419,1.0,1.1105551e-12,0
37420,1.0,1.2303721e-09,0
37421,1.0,6.873838e-12,0
37422,1.0,6.2590944e-12,0
37423,1.0,2.8981186e-12,0
37424,1.0,2.1062799e-10,0
37425,0.9999999,6.2309006e-08,0
37426,1.0,1.6625895e-09,0
37427,1.0,3.2951558e-11,0
37428,1.0,1.3020012e-08,0
37429,1.0,9.837359e-13,0
37430,1.0,8.22317e-09,0
37431,1.0,1.8792134e-12,0
37432,1.0,1.08211825e-11,0
37433,1.0,2.2124815e-12,0
37434,1.0,4.306422e-12,0
37435,1.0,2.0221501e-10,0
37436,1.0,3.0746117e-11,0
37437,1.0,2.5270538e-10,0
37438,1.0,1.9780518e-10,0
37439,1.0,4.1682218e-09,0
37440,1.0,2.0737374e-12,0
37441,1.0,4.320267e-09,0
37442,1.0,9.043088e-13,0
37443,1.0,6.476186e-11,0
37444,1.0,4.20013e-12,0
37445,1.0,6.9957486e-12,0
37446,1.0,9.065676e-13,0
37447,1.0,5.723821e-11,0
37448,1.0,2.6989463e-10,0
37449,1.0,4.9535827e-11,0
37450,1.0,1.9708482e-13,0
37451,1.0,3.337365e-14,0
37452,1.0,2.1321913e-12,0
37453,1.0,6.821786e-13,0
37454,1.0,2.1568674e-09,0
37455,1.0,1.3844399e-09,0
37456,1.0,8.184742e-12,0
37457,1.0,4.689025e-12,0
37458,1.0,4.324399e-12,0
37459,1.0,3.392329e-13,0
37460,1.0,5.262093e-10,0
37461,1.0,3.121919e-13,0
37462,1.0,2.5392848e-12,0
37463,1.0,3.811678e-12,0
37464,1.0,2.8537099e-12,0
37465,1.0,1.02614835e-11,0
37466,1.0,2.2608301e-13,0
37467,1.0,6.292434e-11,0
37468,1.0,2.8772156e-09,0
37469,1.0,9.064185e-14,0
37470,1.0,2.2458554e-10,0
37471,1.0,3.5806648e-12,0
37472,1.0,2.880113e-10,0
37473,1.0,3.876444e-10,0
37474,1.0,9.262311e-12,0
37475,1.0,2.8523048e-09,0
37476,1.0,2.3563077e-11,0
37477,1.0,1.5341703e-08,0
37478,1.0,1.914722e-11,0
37479,1.0,1.635066e-09,0
37480,1.0,8.974139e-12,0
37481,1.0,1.4220479e-12,0
37482,1.0,3.0205802e-09,0
37483,1.0,7.1851227e-13,0
37484,1.0,2.9149398e-11,0
37485,1.0,6.790031e-10,0
37486,1.0,2.3857753e-11,0
37487,1.0,8.16883e-09,0
37488,1.0,3.152559e-11,0
37489,1.0,3.49453e-13,0
37490,1.0,5.7103515e-12,0
37491,1.0,2.9326066e-11,0
37492,1.0,5.1614834e-11,0
37493,1.0,8.159141e-10,0
37494,1.0,2.4095593e-08,0
37495,1.0,1.2110982e-09,0
37496,0.9999988,1.1908791e-06,0
37497,1.0,6.328383e-12,0
37498,1.0,3.3625193e-11,0
37499,1.0,3.5365708e-10,0
37500,1.0,5.518813e-14,0
37501,1.0,1.9859527e-10,0
37502,1.0,7.957129e-11,0
37503,0.9999999,1.0976654e-07,0
37504,1.0,2.3450484e-12,0
37505,1.0,3.6952277e-13,0
37506,1.0,1.15956255e-11,0
37507,1.0,4.699678e-13,0
37508,1.0,2.2135652e-13,0
37509,1.0,2.1225102e-08,0
37510,1.0,1.0180595e-08,0
37511,1.0,4.84561e-12,0
37512,1.0,2.290078e-09,0
37513,1.0,4.2895087e-09,0
37514,1.0,1.015391e-08,0
37515,1.0,1.2304417e-10,0
37516,1.0,3.7134057e-10,0
37517,1.0,2.824261e-10,0
37518,1.0,2.6809863e-12,0
37519,1.0,1.3250824e-12,0
37520,1.0,1.076388e-10,0
37521,0.99999976,2.161195e-07,0
37522,1.0,3.5545256e-10,0
37523,1.0,3.361876e-12,0
37524,1.0,2.2423081e-09,0
37525,1.0,1.3848003e-11,0
37526,1.0,1.6432329e-12,0
37527,1.0,5.271903e-08,0
37528,1.0,6.742384e-10,0
37529,1.0,4.727781e-10,0
37530,1.0,4.19814e-10,0
37531,1.0,2.8581206e-13,0
37532,1.0,2.0367433e-10,0
37533,1.0,1.7643031e-09,0
37534,1.0,2.598713e-09,0
37535,1.0,2.6716867e-11,0
37536,1.0,8.097078e-11,0
37537,1.0,1.923799e-09,0
37538,1.0,4.735823e-10,0
37539,1.0,2.6860766e-10,0
37540,1.0,1.9183723e-09,0
37541,1.0,1.2165349e-08,0
37542,1.0,6.454005e-10,0
37543,1.0,8.153657e-12,0
37544,1.0,3.1247611e-09,0
37545,1.0,6.452798e-14,0
37546,1.0,1.7229639e-12,0
37547,1.0,3.2761316e-10,0
37548,1.0,1.042013e-12,0
37549,1.0,1.2068362e-10,0
37550,1.0,1.7173896e-12,0
37551,1.0,1.4550019e-12,0
37552,1.0,1.0606263e-10,0
37553,1.0,1.3383031e-12,0
37554,1.0,3.5030354e-11,0
37555,1.0,5.3377553e-14,0
37556,1.0,8.846998e-12,0
37557,1.0,1.4669908e-11,0
37558,1.0,2.9078984e-11,0
37559,1.0,7.338928e-11,0
37560,1.0,1.5318617e-10,0
37561,1.0,3.222448e-11,0
37562,1.0,5.1409246e-09,0
37563,1.0,1.3098143e-09,0
37564,1.0,1.4156572e-14,0
37565,1.0,1.16503e-10,0
37566,1.0,1.0142929e-13,0
37567,1.0,2.0278637e-09,0
37568,1.0,8.736396e-11,0
37569,1.0,5.184445e-14,0
37570,1.0,2.81753e-10,0
37571,1.0,1.13107836e-10,0
37572,1.0,1.6893183e-10,0
37573,1.0,1.2183833e-08,0
37574,1.0,7.645026e-12,0
37575,1.0,1.905302e-10,0
37576,0.9999999,6.0048066e-08,0
37577,1.0,1.4248221e-09,0
37578,1.0,1.8631886e-12,0
37579,1.0,4.1539655e-10,0
37580,1.0,5.4421975e-12,0
37581,1.0,1.1058162e-08,0
37582,1.0,4.30186e-11,0
37583,1.0,4.8295135e-10,0
37584,1.0,3.256566e-12,0
37585,1.0,4.8826203e-11,0
37586,1.0,3.0568165e-12,0
37587,1.0,2.3119449e-11,0
37588,1.0,1.5790562e-11,0
37589,1.0,2.9872188e-12,0
37590,1.0,5.2713294e-12,0
37591,1.0,1.4477574e-12,0
37592,1.0,6.240233e-13,0
37593,1.0,4.291904e-14,0
37594,1.0,2.353459e-12,0
37595,1.0,2.790724e-10,0
37596,0.9999988,1.1918914e-06,0
37597,0.9999994,5.763713e-07,0
37598,1.0,8.7025265e-13,0
37599,1.0,4.9565126e-11,0
37600,1.0,2.1443626e-11,0
37601,1.0,9.003036e-10,0
37602,1.0,1.5254427e-12,0
37603,1.0,2.8367267e-10,0
37604,1.0,2.0074702e-10,0
37605,1.0,5.3036447e-11,0
37606,1.0,5.9216416e-12,0
37607,1.0,4.723725e-10,0
37608,1.0,7.618542e-10,0
37609,1.0,4.8278076e-11,0
37610,1.0,7.95071e-15,0
37611,1.0,1.3110276e-11,0
37612,1.0,1.1642803e-08,0
37613,1.0,8.483473e-09,0
37614,1.0,4.9050132e-11,0
37615,1.0,9.579418e-15,0
37616,1.0,2.7164484e-14,0
37617,1.0,1.9767438e-13,0
37618,1.0,1.6203247e-10,0
37619,0.99999976,2.5378674e-07,0
37620,1.0,8.722481e-10,0
37621,1.0,1.8014144e-10,0
37622,1.0,5.318883e-10,0
37623,1.0,1.0155754e-11,0
37624,0.99999905,9.0899016e-07,0
37625,1.0,3.6363676e-11,0
37626,1.0,2.4688632e-10,0
37627,1.0,3.2084632e-12,0
37628,1.0,1.187033e-12,0
37629,1.0,1.2771213e-10,0
37630,1.0,4.1502725e-11,0
37631,1.0,4.13983e-14,0
37632,0.99999976,1.9114745e-07,0
37633,0.9999999,7.819147e-08,0
37634,1.0,2.879274e-13,0
37635,1.0,2.8825927e-13,0
37636,1.0,7.109661e-11,0
37637,1.0,2.2707734e-10,0
37638,1.0,2.647451e-10,0
37639,1.0,4.749944e-10,0
37640,1.0,5.9846084e-10,0
37641,1.0,1.3288036e-11,0
37642,1.0,4.1961568e-09,0
37643,1.0,1.2317145e-10,0
37644,1.0,1.715365e-10,0
37645,1.0,4.651493e-10,0
37646,1.0,8.553654e-11,0
37647,0.99999785,2.1677793e-06,0
37648,1.0,9.873541e-10,0
37649,1.0,1.00526545e-10,0
37650,1.0,3.3422278e-09,0
37651,1.0,3.3126623e-11,0
37652,0.99999964,4.011108e-07,0
37653,1.0,2.8026591e-12,0
37654,1.0,1.5687467e-12,0
37655,1.0,1.3122197e-09,0
37656,1.0,1.3327964e-11,0
37657,1.0,1.6701308e-10,0
37658,1.0,5.945918e-12,0
37659,1.0,3.4173758e-10,0
37660,1.0,5.5459482e-12,0
37661,1.0,2.3916824e-09,0
37662,1.0,2.6830234e-11,0
37663,1.0,3.1370131e-10,0
37664,0.99999774,2.2265635e-06,0
37665,0.9999987,1.29934e-06,0
37666,1.0,1.1153606e-09,0
37667,1.0,3.5351864e-11,0
37668,1.0,6.278401e-13,0
37669,1.0,1.161382e-11,0
37670,1.0,6.6118384e-13,0
37671,1.0,2.3163655e-09,0
37672,1.0,2.400559e-08,0
37673,1.0,2.5060637e-10,0
37674,1.0,1.8625729e-13,0
37675,1.0,4.8562846e-13,0
37676,1.0,1.6155624e-11,0
37677,0.9999999,1.7138402e-07,0
37678,1.0,7.620994e-11,0
37679,1.0,6.42896e-12,0
37680,1.0,4.107986e-12,0
37681,1.0,9.709551e-10,0
37682,1.0,2.163012e-11,0
37683,1.0,3.4529172e-08,0
37684,1.0,6.5808603e-10,0
37685,1.0,2.6240852e-09,0
37686,1.0,5.5599317e-11,0
37687,1.0,2.904535e-14,0
37688,1.0,4.3169548e-13,0
37689,1.0,4.1582555e-13,0
37690,1.0,1.226296e-08,0
37691,1.0,7.269101e-12,0
37692,1.0,7.415784e-11,0
37693,1.0,6.6659525e-11,0
37694,1.0,9.530259e-13,0
37695,1.0,4.757606e-10,0
37696,1.0,3.7008725e-12,0
37697,1.0,1.3084483e-09,0
37698,1.0,7.851528e-09,0
37699,1.0,3.0532379e-09,0
37700,1.0,1.5576247e-13,0
37701,1.0,2.2953308e-12,0
37702,1.0,6.2186324e-13,0
37703,1.0,3.9216783e-08,0
37704,1.0,8.5882706e-13,0
37705,1.0,2.9703833e-09,0
37706,1.0,7.1686723e-12,0
37707,1.0,8.0496265e-13,0
37708,0.99999964,3.4030765e-07,0
37709,1.0,4.0026375e-11,0
37710,0.9999995,5.217256e-07,0
37711,1.0,2.6080256e-11,0
37712,1.0,6.1880856e-12,0
37713,1.0,4.014555e-12,0
37714,1.0,1.9624948e-09,0
37715,0.99999976,2.7366667e-07,0
37716,1.0,5.3463e-12,0
37717,1.0,1.892972e-10,0
37718,1.0,1.19479305e-11,0
37719,1.0,2.0238633e-10,0
37720,1.0,1.5950274e-10,0
37721,1.0,4.3904875e-12,0
37722,1.0,2.365042e-08,0
37723,0.9999999,1.1638168e-07,0
37724,1.0,3.883796e-12,0
37725,1.0,3.9615364e-09,0
37726,1.0,5.520764e-13,0
37727,1.0,5.041665e-12,0
37728,1.0,1.3183804e-10,0
37729,0.99999857,1.4503329e-06,0
37730,1.0,1.2921763e-09,0
37731,1.0,2.3002394e-12,0
37732,0.99999964,3.8826195e-07,0
37733,1.0,1.5487765e-12,0
37734,1.0,1.7247057e-13,0
37735,1.0,3.827259e-13,0
37736,1.0,4.0206494e-11,0
37737,1.0,6.6445884e-11,0
37738,0.9999994,5.598579e-07,0
37739,1.0,8.137685e-12,0
37740,1.0,1.2944259e-09,0
37741,1.0,1.1783617e-12,0
37742,1.0,5.164327e-12,0
37743,1.0,7.30215e-11,0
37744,1.0,5.951004e-11,0
37745,1.0,4.849086e-12,0
37746,1.0,3.3004523e-11,0
37747,1.0,9.556453e-09,0
37748,1.0,8.5987696e-11,0
37749,1.0,1.5730552e-12,0
37750,1.0,6.0240014e-11,0
37751,1.0,1.1190145e-10,0
37752,1.0,2.9428927e-12,0
37753,1.0,3.088608e-10,0
37754,1.0,1.3261729e-11,0
37755,1.0,5.5574694e-12,0
37756,1.0,2.9055618e-09,0
37757,1.0,4.925598e-12,0
37758,1.0,4.2543332e-13,0
37759,1.0,8.389435e-13,0
37760,1.0,5.941482e-13,0
37761,1.0,5.0373876e-12,0
37762,1.0,1.9864678e-10,0
37763,1.0,5.425563e-12,0
37764,1.0,9.066018e-14,0
37765,1.0,5.525931e-11,0
37766,1.0,2.4623613e-12,0
37767,1.0,7.046234e-12,0
37768,1.0,1.0050091e-09,0
37769,0.99999845,1.530833e-06,0
37770,1.0,1.3747281e-12,0
37771,1.0,6.2623455e-11,0
37772,1.0,2.0306077e-09,0
37773,1.0,9.817238e-11,0
37774,1.0,5.011668e-11,0
37775,0.9999999,6.60753e-08,0
37776,1.0,6.528655e-09,0
37777,0.99999857,1.4720179e-06,0
37778,0.99999917,8.685631e-07,0
37779,0.99999976,2.731556e-07,0
37780,1.0,1.7705736e-09,0
37781,1.0,1.3082562e-09,0
37782,1.0,5.9036376e-10,0
37783,1.0,2.1386872e-09,0
37784,0.9999995,4.4005571e-07,0
37785,0.999995,5.0118665e-06,0
37786,1.0,3.776307e-08,0
37787,1.0,1.0431034e-11,0
37788,1.0,8.962324e-11,0
37789,1.0,1.4790238e-11,0
37790,1.0,1.4518603e-13,0
37791,1.0,1.119696e-13,0
37792,1.0,1.3335229e-12,0
37793,1.0,3.4846048e-10,0
37794,1.0,1.929629e-11,0
37795,1.0,2.0059458e-11,0
37796,0.9999846,1.5431204e-05,0
37797,1.0,1.737404e-13,0
37798,1.0,8.0401563e-10,0
37799,1.0,8.5368025e-11,0
37800,1.0,9.370416e-13,0
37801,1.0,5.198482e-12,0
37802,1.0,4.8601977e-12,0
37803,1.0,3.221414e-12,0
37804,1.0,7.724785e-14,0
37805,1.0,2.1013733e-09,0
37806,0.9999988,1.1679256e-06,0
37807,1.0,1.646112e-09,0
37808,1.0,3.3835603e-09,0
37809,0.99999857,1.4710074e-06,0
37810,0.9999999,6.195821e-08,0
37811,1.0,1.2815715e-11,0
37812,1.0,1.1762054e-13,0
37813,1.0,2.7292424e-12,0
37814,1.0,1.3570377e-10,0
37815,1.0,2.7490736e-09,0
37816,1.0,1.9501418e-11,0
37817,1.0,2.3666752e-12,0
37818,1.0,1.6202227e-10,0
37819,1.0,3.849704e-14,0
37820,1.0,2.6471162e-11,0
37821,1.0,8.1316453e-13,0
37822,0.99999833,1.6385281e-06,0
37823,1.0,3.179852e-13,0
37824,1.0,2.9210412e-10,0
37825,1.0,1.13944895e-11,0
37826,1.0,8.4478605e-11,0
37827,1.0,2.0575625e-10,0
37828,1.0,4.4712477e-11,0
37829,1.0,1.76414e-11,0
37830,1.0,1.1902909e-12,0
37831,1.0,1.2442385e-10,0
37832,1.0,1.1302097e-13,0
37833,1.0,4.653068e-12,0
37834,1.0,1.01701626e-10,0
37835,1.0,2.5136115e-11,0
37836,1.0,1.8590787e-11,0
37837,1.0,5.938732e-12,0
37838,1.0,1.3322378e-10,0
37839,1.0,7.213089e-14,0
37840,1.0,1.6836688e-11,0
37841,1.0,5.0669934e-11,0
37842,1.0,7.693941e-09,0
37843,1.0,1.650436e-11,0
37844,1.0,4.9691516e-14,0
37845,1.0,3.5281673e-11,0
37846,1.0,4.7093866e-13,0
37847,1.0,5.3974884e-12,0
37848,1.0,2.4977352e-11,0
37849,1.0,1.0399453e-10,0
37850,1.0,4.046702e-10,0
37851,1.0,1.7822943e-12,0
37852,1.0,4.465031e-09,0
37853,1.0,3.097769e-11,0
37854,1.0,1.280395e-13,0
37855,1.0,1.354335e-11,0
37856,1.0,4.139679e-11,0
37857,1.0,6.622481e-12,0
37858,1.0,6.507361e-12,0
37859,1.0,8.184465e-11,0
37860,1.0,4.8057374e-12,0
37861,1.0,5.815608e-12,0
37862,1.0,1.256759e-12,0
37863,1.0,9.0436393e-13,0
37864,1.0,1.782165e-12,0
37865,1.0,9.981269e-12,0
37866,1.0,1.1675622e-09,0
37867,1.0,3.1004153e-12,0
37868,1.0,1.2315242e-10,0
37869,1.0,6.1855603e-12,0
37870,1.0,4.7161334e-11,0
37871,1.0,7.485878e-10,0
37872,1.0,9.200448e-10,0
37873,1.0,1.9444082e-10,0
37874,1.0,1.4037273e-10,0
37875,1.0,3.1762093e-09,0
37876,1.0,2.4199025e-09,0
37877,1.0,2.5082263e-09,0
37878,1.0,9.707957e-14,0
37879,1.0,1.8098116e-09,0
37880,1.0,6.2058267e-12,0
37881,1.0,2.932327e-11,0
37882,1.0,5.775302e-13,0
37883,1.0,1.41256555e-11,0
37884,1.0,4.8348107e-11,0
37885,1.0,2.185811e-10,0
37886,1.0,1.8954836e-13,0
37887,1.0,3.706665e-12,0
37888,1.0,1.0551787e-09,0
37889,1.0,2.2711026e-10,0
37890,1.0,1.3940385e-11,0
37891,1.0,1.8242001e-10,0
37892,1.0,3.321578e-14,0
37893,1.0,4.2838116e-12,0
37894,1.0,1.8315433e-09,0
37895,1.0,1.3935986e-09,0
37896,1.0,6.961885e-12,0
37897,1.0,2.5798794e-11,0
37898,1.0,1.747554e-13,0
37899,1.0,8.778456e-11,0
37900,1.0,3.20333e-10,0
37901,1.0,8.7415014e-10,0
37902,1.0,2.4391203e-12,0
37903,1.0,3.019654e-12,0
37904,1.0,7.870788e-11,0
37905,1.0,3.8098866e-10,0
37906,1.0,1.1134129e-14,0
37907,1.0,3.9927595e-09,0
37908,1.0,1.2728632e-10,0
37909,1.0,9.334418e-13,0
37910,1.0,2.162115e-09,0
37911,1.0,9.632608e-11,0
37912,1.0,4.944273e-12,0
37913,1.0,3.1269518e-11,0
37914,1.0,4.3766275e-11,0
37915,1.0,3.496465e-12,0
37916,1.0,6.2659122e-09,0
37917,0.9999976,2.3782518e-06,0
37918,1.0,2.1461239e-13,0
37919,1.0,2.081463e-10,0
37920,1.0,2.886049e-12,0
37921,1.0,4.0440125e-12,0
37922,1.0,1.7570728e-13,0
37923,1.0,1.9105808e-08,0
37924,1.0,9.607552e-13,0
37925,1.0,1.0294983e-08,0
37926,1.0,2.9821295e-12,0
37927,1.0,3.6376922e-11,0
37928,1.0,6.287476e-12,0
37929,1.0,3.0415285e-11,0
37930,1.0,9.107832e-12,0
37931,1.0,8.119301e-11,0
37932,1.0,8.328849e-13,0
37933,1.0,3.5079868e-09,0
37934,1.0,5.366832e-13,0
37935,1.0,1.8857624e-12,0
37936,1.0,3.2294978e-12,0
37937,1.0,1.1479956e-08,0
37938,1.0,4.247049e-11,0
37939,1.0,3.9765175e-13,0
37940,1.0,3.568134e-12,0
37941,1.0,9.244222e-12,0
37942,1.0,1.7249978e-10,0
37943,1.0,1.6081447e-10,0
37944,1.0,9.099298e-10,0
37945,1.0,6.0001987e-10,0
37946,1.0,7.4499226e-11,0
37947,1.0,4.41877e-14,0
37948,1.0,6.523756e-11,0
37949,1.0,1.0577443e-12,0
37950,1.0,6.9830894e-14,0
37951,1.0,4.0369286e-09,0
37952,1.0,1.4611286e-12,0
37953,1.0,8.891886e-14,0
37954,1.0,9.89238e-12,0
37955,1.0,1.4545635e-12,0
37956,0.9999974,2.6676792e-06,0
37957,1.0,6.4230465e-10,0
37958,1.0,8.809724e-14,0
37959,1.0,1.0080398e-14,0
37960,1.0,4.1599794e-08,0
37961,1.0,7.0335744e-15,0
37962,1.0,8.7899075e-09,0
37963,0.9999989,1.0368684e-06,0
37964,1.0,1.0580844e-10,0
37965,1.0,1.942919e-09,0
37966,1.0,8.393197e-09,0
37967,1.0,1.6448211e-14,0
37968,1.0,2.1597758e-11,0
37969,1.0,1.7787818e-13,0
37970,1.0,1.8910727e-11,0
37971,1.0,4.859586e-12,0
37972,1.0,1.051493e-11,0
37973,1.0,8.59674e-10,0
37974,1.0,5.825175e-09,0
37975,1.0,4.2078577e-13,0
37976,1.0,7.1891944e-13,0
37977,1.0,4.62294e-11,0
37978,1.0,2.846655e-11,0
37979,1.0,1.0008846e-09,0
37980,1.0,9.221592e-12,0
37981,1.0,7.1214605e-13,0
37982,1.0,4.750204e-11,0
37983,1.0,1.5799402e-13,0
37984,1.0,1.741612e-12,0
37985,1.0,9.162714e-09,0
37986,1.0,3.3442742e-13,0
37987,1.0,2.2994771e-11,0
37988,1.0,1.1958981e-12,0
37989,1.0,3.893854e-12,0
37990,1.0,1.8908345e-11,0
37991,1.0,5.273021e-11,0
37992,1.0,9.046262e-13,0
37993,1.0,2.4487812e-10,0
37994,1.0,2.8396935e-10,0
37995,1.0,4.2985705e-11,0
37996,1.0,1.7801461e-13,0
37997,1.0,6.5917546e-13,0
37998,1.0,1.0395367e-10,0
37999,1.0,3.2800502e-11,0
38000,1.0,3.596048e-10,0
38001,1.0,6.698708e-11,0
38002,1.0,1.9272982e-10,0
38003,1.0,8.758131e-12,0
38004,1.0,1.4644502e-10,0
38005,1.0,1.0198181e-12,0
38006,1.0,2.2634569e-10,0
38007,1.0,1.3536653e-12,0
38008,1.0,6.294307e-11,0
38009,1.0,6.389521e-09,0
38010,1.0,4.245638e-08,0
38011,1.0,1.223958e-10,0
38012,1.0,1.2721538e-11,0
38013,1.0,2.4355037e-08,0
38014,1.0,1.426661e-12,0
38015,0.9999993,7.0331015e-07,0
38016,1.0,3.7373832e-12,0
38017,1.0,7.974855e-12,0
38018,1.0,1.9325609e-11,0
38019,1.0,2.0739374e-10,0
38020,1.0,3.0386424e-10,0
38021,1.0,4.8227615e-12,0
38022,1.0,2.5381794e-13,0
38023,1.0,1.6383516e-11,0
38024,1.0,1.3670538e-12,0
38025,0.99999976,2.613341e-07,0
38026,0.9999999,1.3681084e-07,0
38027,1.0,1.3832744e-11,0
38028,1.0,3.181792e-14,0
38029,1.0,2.8290557e-09,0
38030,1.0,6.315426e-14,0
38031,0.9999995,5.0272484e-07,0
38032,1.0,1.1882335e-12,0
38033,1.0,1.3554274e-12,0
38034,1.0,3.3947607e-14,0
38035,1.0,2.7100044e-11,0
38036,1.0,8.06285e-11,0
38037,1.0,1.078178e-13,0
38038,1.0,1.9255103e-12,0
38039,0.9999999,8.176628e-08,0
38040,1.0,8.8080944e-14,0
38041,1.0,2.4343238e-12,0
38042,1.0,6.625681e-11,0
38043,1.0,4.8940046e-11,0
38044,1.0,4.0433995e-10,0
38045,1.0,5.2491965e-12,0
38046,1.0,2.9396893e-12,0
38047,1.0,2.7171806e-13,0
38048,1.0,4.6521628e-12,0
38049,1.0,4.433924e-14,0
38050,1.0,1.08889995e-13,0
38051,1.0,5.410865e-13,0
38052,0.9999976,2.3985626e-06,0
38053,1.0,1.7202507e-13,0
38054,1.0,5.8236505e-10,0
38055,0.9999981,1.8496612e-06,0
38056,1.0,1.1108978e-09,0
38057,1.0,2.813532e-12,0
38058,1.0,1.0049226e-13,0
38059,1.0,1.6416605e-08,0
38060,1.0,1.0380259e-12,0
38061,1.0,2.9113964e-10,0
38062,0.9999993,6.9584456e-07,0
38063,1.0,4.860592e-10,0
38064,0.9999999,1.0186989e-07,0
38065,1.0,7.3645685e-09,0
38066,1.0,2.3756934e-12,0
38067,1.0,1.0667695e-10,0
38068,1.0,4.083066e-09,0
38069,1.0,5.272179e-10,0
38070,1.0,1.8542546e-12,0
38071,1.0,5.5025956e-10,0
38072,1.0,5.2983895e-10,0
38073,1.0,1.7519545e-11,0
38074,1.0,6.02887e-09,0
38075,1.0,2.0360118e-11,0
38076,1.0,4.0692307e-11,0
38077,1.0,3.6984432e-13,0
38078,1.0,9.9289015e-12,0
38079,1.0,1.5183853e-13,0
38080,1.0,1.5608391e-10,0
38081,0.9999982,1.784482e-06,0
38082,1.0,5.948644e-11,0
38083,1.0,1.3851966e-11,0
38084,1.0,2.2320713e-13,0
38085,1.0,5.138743e-11,0
38086,1.0,1.0510885e-10,0
38087,1.0,7.3528167e-10,0
38088,1.0,1.3249139e-11,0
38089,1.0,5.35395e-13,0
38090,1.0,2.7123574e-11,0
38091,1.0,3.652963e-10,0
38092,1.0,2.078221e-11,0
38093,1.0,1.11510644e-11,0
38094,1.0,4.647948e-09,0
38095,1.0,7.7373906e-11,0
38096,1.0,2.2457352e-14,0
38097,1.0,6.1130094e-11,0
38098,1.0,1.7862907e-11,0
38099,1.0,1.7570125e-13,0
38100,1.0,4.891469e-10,0
38101,1.0,1.3533149e-11,0
38102,1.0,1.10179185e-10,0
38103,1.0,1.0296719e-14,0
38104,1.0,5.5308423e-12,0
38105,1.0,3.6993407e-12,0
38106,1.0,3.876593e-13,0
38107,1.0,1.0898189e-12,0
38108,1.0,3.938591e-11,0
38109,1.0,6.413635e-13,0
38110,1.0,1.2448537e-13,0
38111,1.0,2.1509801e-13,0
38112,1.0,2.9427932e-11,0
38113,1.0,5.511928e-12,0
38114,0.99999905,9.399721e-07,0
38115,1.0,2.2939192e-14,0
38116,1.0,4.8383487e-13,0
38117,1.0,5.032682e-12,0
38118,1.0,1.6038606e-12,0
38119,1.0,1.9029541e-12,0
38120,1.0,8.070415e-12,0
38121,1.0,8.903504e-12,0
38122,1.0,7.5079727e-13,0
38123,1.0,6.596109e-12,0
38124,1.0,5.3494687e-13,0
38125,1.0,4.0913857e-12,0
38126,1.0,8.322375e-12,0
38127,1.0,1.5394369e-09,0
38128,1.0,4.268767e-14,0
38129,1.0,2.8168516e-11,0
38130,1.0,2.1989934e-12,0
38131,1.0,6.4583707e-12,0
38132,1.0,3.842548e-12,0
38133,1.0,7.421606e-13,0
38134,1.0,1.5465833e-12,0
38135,1.0,1.4155196e-10,0
38136,1.0,9.570266e-12,0
38137,1.0,1.1570042e-11,0
38138,1.0,4.1353383e-11,0
38139,1.0,5.5243208e-14,0
38140,1.0,2.4088925e-12,0
38141,1.0,5.5683138e-08,0
38142,1.0,6.3527217e-10,0
38143,1.0,6.184357e-12,0
38144,1.0,3.0806857e-12,0
38145,1.0,1.9150864e-12,0
38146,1.0,6.93429e-13,0
38147,1.0,2.6179224e-12,0
38148,1.0,2.9744492e-12,0
38149,1.0,3.9780257e-10,0
38150,1.0,6.4487906e-13,0
38151,1.0,3.3859648e-11,0
38152,1.0,8.836133e-13,0
38153,1.0,1.4197249e-09,0
38154,1.0,8.837789e-12,0
38155,1.0,3.2762017e-13,0
38156,1.0,2.1048852e-11,0
38157,1.0,1.5353522e-09,0
38158,1.0,3.792562e-12,0
38159,1.0,3.435934e-12,0
38160,1.0,2.474983e-10,0
38161,1.0,7.592567e-12,0
38162,1.0,1.050632e-09,0
38163,1.0,2.6393787e-10,0
38164,1.0,2.0714241e-09,0
38165,1.0,4.5218094e-13,0
38166,1.0,1.3726249e-11,0
38167,1.0,3.3526667e-13,0
38168,1.0,6.356594e-12,0
38169,1.0,1.4717803e-11,0
38170,1.0,2.3229866e-11,0
38171,1.0,3.7197165e-09,0
38172,1.0,3.4293707e-10,0
38173,1.0,1.532604e-10,0
38174,1.0,4.4641556e-12,0
38175,1.0,5.509931e-12,0
38176,1.0,1.6289516e-10,0
38177,1.0,9.412287e-11,0
38178,1.0,2.1668676e-12,0
38179,1.0,2.0906861e-10,0
38180,1.0,3.964962e-12,0
38181,1.0,7.26477e-10,0
38182,1.0,4.288842e-11,0
38183,1.0,5.8866947e-13,0
38184,1.0,8.0723205e-13,0
38185,1.0,1.1658779e-12,0
38186,0.99999917,8.215387e-07,0
38187,1.0,2.5106315e-11,0
38188,1.0,4.0467595e-12,0
38189,1.0,5.117386e-13,0
38190,1.0,3.6724904e-13,0
38191,1.0,2.7989172e-10,0
38192,1.0,7.0196904e-11,0
38193,1.0,3.6434263e-12,0
38194,1.0,2.0494625e-10,0
38195,1.0,3.812965e-12,0
38196,1.0,1.6810312e-11,0
38197,1.0,2.7583635e-10,0
38198,1.0,2.285739e-10,0
38199,1.0,5.4741776e-09,0
38200,1.0,6.463124e-13,0
38201,1.0,2.311269e-12,0
38202,1.0,1.7518226e-09,0
38203,1.0,1.8008786e-10,0
38204,1.0,7.737505e-12,0
38205,1.0,2.7872876e-10,0
38206,1.0,6.765217e-12,0
38207,1.0,3.752977e-12,0
38208,1.0,3.7601262e-13,0
38209,1.0,5.5501628e-11,0
38210,1.0,3.2768923e-11,0
38211,1.0,1.6489967e-09,0
38212,1.0,3.556368e-11,0
38213,1.0,1.0214934e-10,0
38214,1.0,7.1714488e-12,0
38215,1.0,3.3155572e-11,0
38216,1.0,3.307438e-09,0
38217,1.0,1.4637995e-10,0
38218,1.0,7.024961e-13,0
38219,1.0,1.4711509e-12,0
38220,1.0,3.6735412e-13,0
38221,0.99999976,2.1489765e-07,0
38222,0.9999999,1.4704968e-07,0
38223,1.0,2.848261e-12,0
38224,1.0,1.1878263e-11,0
38225,1.0,9.759873e-13,0
38226,1.0,9.335506e-09,0
38227,1.0,2.837514e-12,0
38228,1.0,1.4288935e-13,0
38229,1.0,1.4827376e-08,0
38230,1.0,3.1293742e-11,0
38231,1.0,7.092653e-10,0
38232,1.0,1.06703e-10,0
38233,1.0,3.9202552e-09,0
38234,1.0,5.2021915e-12,0
38235,1.0,2.4236912e-12,0
38236,0.9999995,4.5015722e-07,0
38237,1.0,7.543e-12,0
38238,1.0,1.6990077e-08,0
38239,1.0,8.7983737e-10,0
38240,1.0,1.9896578e-13,0
38241,0.9999988,1.1374419e-06,0
38242,1.0,9.320937e-12,0
38243,1.0,1.7351539e-11,0
38244,1.0,1.3666778e-13,0
38245,1.0,2.5286629e-11,0
38246,1.0,5.3523516e-15,0
38247,0.99999976,2.267141e-07,0
38248,0.9999999,7.0417336e-08,0
38249,0.9999974,2.6502e-06,0
38250,1.0,5.2575935e-08,0
38251,1.0,1.3122584e-11,0
38252,1.0,2.7923814e-09,0
38253,1.0,1.5804474e-12,0
38254,0.99999976,2.136962e-07,0
38255,1.0,1.8130722e-14,0
38256,1.0,1.2048927e-10,0
38257,0.99994946,5.0524697e-05,0
38258,1.0,2.8814015e-12,0
38259,1.0,1.367256e-10,0
38260,1.0,2.0453435e-13,0
38261,1.0,1.9647276e-12,0
38262,1.0,3.5570988e-12,0
38263,1.0,3.8583676e-12,0
38264,1.0,4.4107013e-11,0
38265,1.0,4.468892e-12,0
38266,1.0,4.8392207e-11,0
38267,1.0,1.3121601e-12,0
38268,1.0,8.381859e-12,0
38269,1.0,1.506062e-11,0
38270,1.0,1.4044677e-12,0
38271,0.99999845,1.5383142e-06,0
38272,1.0,4.1882867e-10,0
38273,1.0,1.0028022e-11,0
38274,1.0,5.6679134e-08,0
38275,1.0,2.3905788e-09,0
38276,1.0,1.2683984e-11,0
38277,1.0,5.712306e-14,0
38278,1.0,4.0569297e-12,0
38279,1.0,2.2407283e-11,0
38280,1.0,4.0848572e-13,0
38281,1.0,9.182908e-12,0
38282,1.0,2.8911273e-13,0
38283,1.0,4.7257864e-11,0
38284,1.0,1.08061766e-13,0
38285,1.0,1.1942786e-10,0
38286,1.0,1.0585168e-09,0
38287,1.0,1.075422e-09,0
38288,1.0,8.0053775e-13,0
38289,1.0,2.4868467e-13,0
38290,1.0,1.9675508e-09,0
38291,1.0,2.3557964e-10,0
38292,1.0,1.9517708e-12,0
38293,1.0,4.0902308e-12,0
38294,1.0,2.886631e-13,0
38295,0.9999989,1.0764034e-06,0
38296,1.0,4.296015e-14,0
38297,1.0,1.5200943e-10,0
38298,1.0,8.975491e-12,0
38299,1.0,3.3722966e-10,0
38300,1.0,1.1787007e-09,0
38301,1.0,5.3283034e-11,0
38302,1.0,5.8242083e-13,0
38303,1.0,8.593055e-13,0
38304,1.0,3.097067e-14,0
38305,1.0,6.083034e-12,0
38306,1.0,1.5759548e-10,0
38307,1.0,1.7634083e-13,0
38308,1.0,5.8699022e-12,0
38309,1.0,2.5452796e-11,0
38310,1.0,1.8379447e-12,0
38311,1.0,7.989125e-11,0
38312,1.0,2.6226202e-12,0
38313,1.0,3.4410857e-10,0
38314,1.0,4.657992e-10,0
38315,1.0,6.463007e-11,0
38316,1.0,1.9929621e-13,0
38317,1.0,1.2235746e-11,0
38318,1.0,6.4152985e-13,0
38319,1.0,1.7572773e-13,0
38320,1.0,2.775374e-09,0
38321,1.0,2.5370567e-13,0
38322,1.0,2.0140723e-12,0
38323,1.0,2.1214658e-12,0
38324,1.0,6.2951346e-11,0
38325,1.0,7.328825e-12,0
38326,1.0,1.2309e-13,0
38327,1.0,4.4025927e-10,0
38328,1.0,5.60638e-12,0
38329,1.0,3.701516e-15,0
38330,1.0,3.9210548e-13,0
38331,1.0,3.2119182e-11,0
38332,1.0,5.0448014e-12,0
38333,1.0,1.2412654e-11,0
38334,1.0,2.2118063e-12,0
38335,1.0,8.364797e-13,0
38336,1.0,4.3578146e-13,0
38337,0.9999995,4.3004144e-07,0
38338,1.0,5.2406037e-08,0
38339,1.0,3.9994955e-10,0
38340,1.0,7.104767e-11,0
38341,1.0,3.9117664e-11,0
38342,1.0,1.1842662e-10,0
38343,1.0,2.1396445e-14,0
38344,1.0,2.7408707e-12,0
38345,1.0,1.2065623e-14,0
38346,0.9999958,4.130614e-06,0
38347,1.0,1.2755523e-12,0
38348,1.0,2.5634217e-12,0
38349,1.0,5.03704e-09,0
38350,1.0,9.647377e-10,0
38351,0.9999999,1.5950785e-07,0
38352,1.0,1.25673765e-08,0
38353,1.0,6.354006e-10,0
38354,1.0,3.3115847e-13,0
38355,0.9999995,5.2725017e-07,0
38356,1.0,6.202245e-11,0
38357,1.0,1.3995092e-13,0
38358,1.0,1.2130772e-09,0
38359,1.0,6.926914e-13,0
38360,1.0,2.4586857e-09,0
38361,1.0,3.9679964e-08,0
38362,1.0,4.7442983e-12,0
38363,1.0,1.2330067e-11,0
38364,1.0,6.633641e-13,0
38365,1.0,1.1179004e-11,0
38366,1.0,5.3663136e-08,0
38367,1.0,2.2402132e-13,0
38368,1.0,6.173684e-18,0
38369,1.0,1.4100138e-11,0
38370,1.0,1.5053628e-09,0
38371,1.0,6.2130834e-13,0
38372,1.0,5.6359686e-13,0
38373,1.0,2.0237917e-12,0
38374,1.0,2.9927736e-12,0
38375,1.0,4.3877046e-10,0
38376,1.0,3.4239733e-13,0
38377,1.0,1.6494332e-10,0
38378,1.0,9.1200786e-10,0
38379,1.0,2.270309e-11,0
38380,1.0,2.2056988e-11,0
38381,1.0,2.8769985e-11,0
38382,1.0,5.3972924e-12,0
38383,1.0,7.920394e-11,0
38384,1.0,4.8047334e-14,0
38385,1.0,1.5996768e-10,0
38386,0.9999969,3.113108e-06,0
38387,1.0,2.3036026e-12,0
38388,1.0,2.452938e-13,0
38389,1.0,3.7649197e-13,0
38390,1.0,2.3146798e-08,0
38391,1.0,4.0544217e-13,0
38392,1.0,2.1281243e-12,0
38393,1.0,1.0402092e-10,0
38394,1.0,1.12922456e-10,0
38395,1.0,2.581555e-13,0
38396,0.99999976,2.398052e-07,0
38397,1.0,9.476659e-13,0
38398,1.0,9.413917e-12,0
38399,1.0,2.831926e-10,0
38400,1.0,1.8185209e-13,0
38401,1.0,5.8411323e-12,0
38402,1.0,3.0665104e-12,0
38403,1.0,2.3300945e-08,0
38404,1.0,3.7810022e-10,0
38405,1.0,1.5312964e-12,0
38406,1.0,6.221554e-12,0
38407,1.0,1.1841036e-10,0
38408,1.0,2.0103006e-11,0
38409,1.0,2.2720351e-13,0
38410,1.0,1.5240062e-12,0
38411,1.0,2.669896e-13,0
38412,1.0,2.7094979e-11,0
38413,1.0,1.5186429e-13,0
38414,1.0,1.7098453e-09,0
38415,1.0,2.4153396e-11,0
38416,1.0,3.2669553e-12,0
38417,1.0,2.6414407e-12,0
38418,1.0,7.3169915e-09,0
38419,1.0,1.3407929e-10,0
38420,1.0,4.601663e-13,0
38421,1.0,1.058093e-09,0
38422,1.0,5.676576e-13,0
38423,0.9999999,1.2724328e-07,0
38424,1.0,2.8626409e-11,0
38425,1.0,1.090711e-12,0
38426,1.0,1.7173698e-12,0
38427,1.0,2.2541435e-09,0
38428,1.0,1.3168662e-12,0
38429,1.0,2.4760177e-13,0
38430,1.0,3.4854553e-10,0
38431,1.0,5.702836e-10,0
38432,1.0,2.7527335e-11,0
38433,1.0,1.4560153e-12,0
38434,1.0,1.2488266e-11,0
38435,1.0,4.943302e-12,0
38436,1.0,2.2648733e-10,0
38437,1.0,9.442401e-12,0
38438,1.0,1.4126256e-10,0
38439,1.0,3.5709578e-13,0
38440,1.0,2.340274e-10,0
38441,1.0,2.751862e-11,0
38442,0.9999994,6.029551e-07,0
38443,0.9999999,1.534973e-07,0
38444,0.9999999,6.5843565e-08,0
38445,0.9999999,8.7408594e-08,0
38446,0.9999999,1.306295e-07,0
38447,1.0,3.8822817e-10,0
38448,1.0,5.1419837e-09,0
38449,0.9999999,1.023244e-07,0
38450,1.0,3.6966694e-11,0
38451,0.9999999,7.0558634e-08,0
38452,1.0,2.3307834e-12,0
38453,1.0,8.006672e-10,0
38454,1.0,6.4662986e-15,0
38455,1.0,5.3188116e-14,0
38456,1.0,1.166042e-13,0
38457,1.0,1.3278485e-11,0
38458,1.0,5.889121e-09,0
38459,1.0,3.2289434e-12,0
38460,1.0,4.2154168e-13,0
38461,1.0,9.500693e-13,0
38462,1.0,3.796959e-10,0
38463,1.0,8.20345e-12,0
38464,1.0,7.2442156e-12,0
38465,1.0,1.8689305e-11,0
38466,1.0,2.968736e-12,0
38467,1.0,2.0301408e-11,0
38468,1.0,2.8932236e-13,0
38469,1.0,3.7317027e-10,0
38470,0.9999999,1.2468773e-07,0
38471,1.0,3.9364675e-10,0
38472,1.0,3.36033e-09,0
38473,1.0,1.7567468e-14,0
38474,1.0,8.221472e-10,0
38475,1.0,9.591372e-12,0
38476,1.0,1.8595743e-12,0
38477,1.0,3.070388e-10,0
38478,1.0,1.3196338e-13,0
38479,1.0,1.3156154e-13,0
38480,1.0,3.8956624e-14,0
38481,1.0,5.7069356e-11,0
38482,1.0,1.5452674e-13,0
38483,0.9999988,1.1352919e-06,0
38484,1.0,2.658337e-12,0
38485,1.0,3.5186665e-10,0
38486,1.0,9.2240804e-14,0
38487,1.0,2.6632077e-13,0
38488,1.0,8.6992874e-10,0
38489,0.9999993,7.3467385e-07,0
38490,1.0,1.0812466e-09,0
38491,1.0,1.2528742e-09,0
38492,1.0,2.6675867e-08,0
38493,1.0,5.1904866e-08,0
38494,0.9999995,4.463475e-07,0
38495,1.0,1.2468362e-12,0
38496,1.0,7.321228e-11,0
38497,1.0,1.0529145e-10,0
38498,1.0,1.7014354e-13,0
38499,1.0,1.068476e-10,0
38500,1.0,1.4452662e-08,0
38501,1.0,2.7603517e-11,0
38502,1.0,1.7660348e-08,0
38503,1.0,1.03678385e-11,0
38504,1.0,1.3180046e-08,0
38505,1.0,8.8881694e-11,0
38506,1.0,7.2823925e-13,0
38507,1.0,6.737113e-10,0
38508,1.0,3.136868e-11,0
38509,0.9999989,1.0170947e-06,0
38510,0.99999857,1.4393758e-06,0
38511,1.0,1.8660986e-11,0
38512,1.0,8.6637387e-13,0
38513,1.0,5.002977e-11,0
38514,1.0,3.8819634e-10,0
38515,1.0,2.6445413e-08,0
38516,1.0,1.7263614e-09,0
38517,1.0,1.4681685e-12,0
38518,1.0,1.2742829e-12,0
38519,0.9999964,3.5409184e-06,0
38520,1.0,1.709701e-10,0
38521,1.0,4.9188015e-12,0
38522,1.0,2.1727447e-08,0
38523,1.0,1.0934095e-10,0
38524,0.9999999,1.3120457e-07,0
38525,0.99999976,2.8105242e-07,0
38526,1.0,5.8925256e-09,0
38527,0.99999535,4.6917644e-06,0
38528,1.0,3.2793968e-09,0
38529,1.0,1.8855722e-08,0
38530,1.0,4.7102583e-13,0
38531,1.0,3.9049883e-12,0
38532,0.99999845,1.5148751e-06,0
38533,1.0,1.0758959e-09,0
38534,1.0,2.8054067e-13,0
38535,1.0,3.9742334e-10,0
38536,0.9999994,6.026929e-07,0
38537,0.99999857,1.4225468e-06,0
38538,1.0,1.2079683e-08,0
38539,1.0,1.3185878e-12,0
38540,1.0,8.841599e-12,0
38541,1.0,7.097943e-14,0
38542,1.0,2.5775075e-08,0
38543,1.0,8.7141205e-13,0
38544,1.0,2.0439583e-10,0
38545,1.0,6.67014e-10,0
38546,1.0,2.0172443e-08,0
38547,0.99999976,2.698152e-07,0
38548,0.9999987,1.2909005e-06,0
38549,1.0,6.182096e-11,0
38550,1.0,8.9803e-09,0
38551,0.9999999,1.2077406e-07,0
38552,1.0,1.9609043e-09,0
38553,1.0,2.397675e-09,0
38554,1.0,5.269786e-10,0
38555,1.0,3.6516152e-08,0
38556,1.0,2.3593297e-11,0
38557,0.9999999,6.7869166e-08,0
38558,1.0,5.163797e-11,0
38559,1.0,1.5130694e-12,0
38560,0.99999905,1.0107826e-06,0
38561,1.0,1.3430762e-10,0
38562,1.0,3.553495e-10,0
38563,1.0,7.508296e-11,0
38564,1.0,4.563609e-12,0
38565,1.0,9.528405e-13,0
38566,0.99999857,1.4037495e-06,0
38567,0.99999905,9.580198e-07,0
38568,1.0,3.3965275e-11,0
38569,1.0,1.18364684e-11,0
38570,1.0,1.0185512e-11,0
38571,0.9999999,1.3293993e-07,0
38572,1.0,1.7560284e-12,0
38573,1.0,5.231984e-12,0
38574,1.0,4.9010995e-09,0
38575,0.999892,0.000107995795,0
38576,0.999998,2.008661e-06,0
38577,0.9999999,6.0815836e-08,0
38578,0.9999974,2.652855e-06,0
38579,0.99999905,9.338605e-07,0
38580,0.99999976,2.5591237e-07,0
38581,1.0,1.6705817e-08,0
38582,1.0,1.8643668e-14,0
38583,1.0,2.0683379e-08,0
38584,0.99999976,1.9342792e-07,0
38585,0.9999943,5.704137e-06,0
38586,1.0,1.9237428e-10,0
38587,0.9999976,2.3712357e-06,0
38588,0.9999999,9.344791e-08,0
38589,1.0,5.534463e-08,0
38590,0.99999917,8.567314e-07,0
38591,1.0,9.82639e-09,0
38592,1.0,7.709982e-13,0
38593,0.9999994,5.6406384e-07,0
38594,0.9999999,1.4618305e-07,0
38595,0.99999857,1.3934632e-06,0
38596,1.0,6.6213354e-11,0
38597,0.999998,2.0205887e-06,0
38598,0.9999999,8.108434e-08,0
38599,1.0,5.958978e-11,0
38600,1.0,5.676022e-10,0
38601,0.9999995,4.2987415e-07,0
38602,1.0,3.646167e-11,0
38603,0.99999976,1.8278891e-07,0
38604,1.0,2.6103987e-08,0
38605,1.0,4.8009623e-09,0
38606,1.0,1.6384806e-10,0
38607,0.9999999,1.0199529e-07,0
38608,1.0,3.1407457e-12,0
38609,1.0,2.4945668e-09,0
38610,0.9999999,7.554966e-08,0
38611,1.0,1.5978212e-12,0
38612,1.0,5.040139e-11,0
38613,1.0,4.7910022e-12,0
38614,1.0,3.2948215e-08,0
38615,1.0,2.6450923e-11,0
38616,1.0,4.791674e-14,0
38617,1.0,2.1525325e-12,0
38618,1.0,1.2045884e-08,0
38619,1.0,6.516161e-10,0
38620,1.0,2.5490584e-08,0
38621,0.99999726,2.7774204e-06,0
38622,1.0,2.0682828e-08,0
38623,1.0,8.708619e-17,0
38624,1.0,1.0703741e-08,0
38625,0.99999976,2.470826e-07,0
38626,1.0,3.4527028e-10,0
38627,1.0,7.102833e-10,0
38628,1.0,1.1595024e-08,0
38629,1.0,6.9128384e-11,0
38630,1.0,1.1294947e-12,0
38631,1.0,2.3951257e-08,0
38632,1.0,1.2228888e-11,0
38633,1.0,2.8128465e-11,0
38634,1.0,3.712129e-11,0
38635,1.0,1.7621255e-11,0
38636,1.0,7.9523645e-11,0
38637,0.99999976,1.7963389e-07,0
38638,0.99999964,3.229357e-07,0
38639,1.0,2.1921219e-08,0
38640,1.0,8.549243e-09,0
38641,1.0,2.1184697e-08,0
38642,0.99999976,2.3173529e-07,0
38643,0.99999547,4.475069e-06,0
38644,1.0,6.9977073e-09,0
38645,1.0,1.09336575e-10,0
38646,0.9999988,1.2243328e-06,0
38647,1.0,2.5798684e-08,0
38648,1.0,3.964651e-09,0
38649,1.0,1.3748587e-09,0
38650,1.0,4.6380824e-09,0
38651,0.99999976,1.806871e-07,0
38652,1.0,5.088635e-09,0
38653,0.9999999,1.3023543e-07,0
38654,1.0,4.7855693e-08,0
38655,0.9999963,3.6591211e-06,0
38656,0.99999845,1.5825373e-06,0
38657,0.99999976,2.2247497e-07,0
38658,1.0,4.0387907e-10,0
38659,0.9999999,7.7608576e-08,0
38660,0.9999999,1.2411802e-07,0
38661,1.0,1.5828851e-08,0
38662,1.0,2.4981011e-08,0
38663,1.0,4.2311004e-09,0
38664,0.99999976,2.0419444e-07,0
38665,0.99999976,2.6353828e-07,0
38666,1.0,4.8952606e-09,0
38667,0.9999999,1.4230187e-07,0
38668,1.0,3.4755807e-08,0
38669,0.99999976,2.0635943e-07,0
38670,1.0,5.4921998e-08,0
38671,1.0,4.1272083e-10,0
38672,0.99999857,1.4265707e-06,0
38673,1.0,2.126399e-09,0
38674,0.9999925,7.548241e-06,0
38675,0.9999999,8.6263626e-08,0
38676,1.0,3.6275577e-10,0
38677,1.0,1.03777355e-10,0
38678,1.0,2.0382383e-11,0
38679,0.9999324,6.753722e-05,0
38680,0.9999999,7.4700814e-08,0
38681,1.0,9.90736e-11,0
38682,0.99999595,4.0647415e-06,0
38683,0.9998419,0.00015806803,0
38684,1.0,8.509794e-12,0
38685,1.0,3.2978442e-09,0
38686,1.0,8.181947e-12,0
38687,0.99999976,2.3020068e-07,0
38688,0.9999958,4.15635e-06,0
38689,1.0,4.766613e-11,0
38690,0.9999999,1.2338465e-07,0
38691,1.0,3.6257541e-09,0
38692,1.0,1.5890349e-08,0
38693,0.99999666,3.334816e-06,0
38694,1.0,6.804376e-12,0
38695,1.0,3.5291958e-08,0
38696,1.0,3.556933e-10,0
38697,1.0,2.0058434e-10,0
38698,1.0,1.34532645e-11,0
38699,1.0,4.824704e-08,0
38700,0.9999993,6.855873e-07,0
38701,1.0,5.997312e-11,0
38702,1.0,8.350563e-09,0
38703,0.9999981,1.8743222e-06,0
38704,1.0,3.178641e-12,0
38705,1.0,2.990276e-11,0
38706,1.0,2.5995928e-11,0
38707,1.0,8.5016916e-10,0
38708,1.0,4.0217977e-12,0
38709,1.0,1.3815711e-11,0
38710,1.0,9.410115e-11,0
38711,0.9999975,2.5249278e-06,0
38712,1.0,4.1155507e-10,0
38713,1.0,3.563316e-10,0
38714,0.99999285,7.207917e-06,0
38715,0.99999905,9.041718e-07,0
38716,1.0,9.485254e-12,0
38717,0.9999982,1.8236544e-06,0
38718,0.9999989,1.077116e-06,0
38719,0.9997857,0.00021430929,0
38720,0.9999945,5.498768e-06,0
38721,1.0,6.718846e-12,0
38722,1.0,1.0405197e-08,0
38723,0.99999976,2.2390363e-07,0
38724,0.99999964,3.3952026e-07,0
38725,0.99995875,4.1199626e-05,0
38726,1.0,1.38761875e-11,0
38727,0.9999994,5.428363e-07,0
38728,1.0,3.8018474e-08,0
38729,0.99999976,2.2448049e-07,0
38730,0.9999993,7.680388e-07,0
38731,1.0,5.872906e-11,0
38732,1.0,1.2638727e-11,0
38733,0.9999962,3.794527e-06,0
38734,0.99999917,8.2242144e-07,0
38735,0.999998,2.0089947e-06,0
38736,1.0,4.1187985e-08,0
38737,0.99999046,9.540815e-06,0
38738,1.0,1.7492967e-11,0
38739,0.99999845,1.6053291e-06,0
38740,0.99997294,2.7024758e-05,0
38741,1.0,8.026515e-11,0
38742,0.99999595,4.069244e-06,0
38743,1.0,6.2770546e-11,0
38744,0.9999951,4.853875e-06,0
38745,0.9999875,1.2521253e-05,0
38746,0.9999999,6.327816e-08,0
38747,1.0,5.7489405e-08,0
38748,1.0,3.9715458e-09,0
38749,0.9999994,5.533586e-07,0
38750,1.0,2.0797368e-10,0
38751,1.0,8.863127e-12,0
38752,1.0,2.3940661e-08,0
38753,0.9999969,3.0749795e-06,0
38754,1.0,1.6310782e-10,0
38755,0.9999999,7.2627124e-08,0
38756,0.9999938,6.2129843e-06,0
38757,1.0,5.4188793e-13,0
38758,1.0,1.6061232e-08,0
38759,1.0,3.562701e-08,0
38760,0.9999995,4.235956e-07,0
38761,1.0,8.573528e-12,0
38762,0.99999785,2.1652706e-06,0
38763,1.0,3.5348529e-09,0
38764,1.0,5.153847e-12,0
38765,0.9999999,1.5228171e-07,0
38766,1.0,2.3045277e-10,0
38767,1.0,2.92324e-08,0
38768,0.99999976,2.2676815e-07,0
38769,1.0,1.1049872e-09,0
38770,1.0,6.325623e-11,0
38771,0.9999999,1.6114478e-07,0
38772,1.0,3.902561e-08,0
38773,1.0,4.4295593e-08,0
38774,1.0,1.346806e-10,0
38775,0.9999988,1.1775146e-06,0
38776,1.0,1.0192758e-08,0
38777,1.0,2.4186772e-11,0
38778,1.0,5.92545e-08,0
38779,0.9999999,6.4508235e-08,0
38780,1.0,2.3533502e-09,0
38781,1.0,3.7575434e-10,0
38782,0.9999988,1.1844547e-06,0
38783,1.0,1.965677e-11,0
38784,1.0,4.6789728e-09,0
38785,0.9999999,1.5603575e-07,0
38786,1.0,6.863688e-11,0
38787,1.0,2.2536716e-08,0
38788,1.0,8.103358e-13,0
38789,0.99999833,1.6914339e-06,0
38790,0.9999999,8.0086956e-08,0
38791,1.0,4.122042e-09,0
38792,1.0,1.9648292e-08,0
38793,0.99995136,4.8629183e-05,0
38794,0.9999708,2.9250386e-05,0
38795,0.9999993,7.531614e-07,0
38796,0.9999987,1.3699562e-06,0
38797,1.0,1.5511911e-13,0
38798,1.0,8.780226e-12,0
38799,1.0,6.52492e-09,0
38800,1.0,1.2958136e-10,0
38801,1.0,1.3358728e-08,0
38802,0.9999969,3.1047234e-06,0
38803,0.9999999,1.6350378e-07,0
38804,0.99999964,3.5879467e-07,0
38805,0.99999774,2.270487e-06,0
38806,0.9999999,6.854278e-08,0
38807,1.0,5.8453455e-08,0
38808,0.99999845,1.580798e-06,0
38809,1.0,1.960437e-09,0
38810,0.9999995,4.9245614e-07,0
38811,0.9999989,1.1068862e-06,0
38812,1.0,1.2627831e-08,0
38813,0.9999999,1.5367775e-07,0
38814,1.0,3.323223e-08,0
38815,1.0,8.993074e-12,0
38816,1.0,2.8579317e-08,0
38817,0.9999653,3.4731132e-05,0
38818,0.9999994,5.909496e-07,0
38819,1.0,1.4306205e-08,0
38820,1.0,4.2692946e-11,0
38821,0.9999994,5.513369e-07,0
38822,0.9999994,5.8158747e-07,0
38823,1.0,6.9624234e-10,0
38824,1.0,1.3548667e-08,0
38825,0.9999976,2.384611e-06,0
38826,1.0,1.645052e-08,0
38827,0.9999784,2.1523705e-05,0
38828,1.0,2.4120423e-08,0
38829,1.0,1.8587748e-10,0
38830,0.99999917,8.874493e-07,0
38831,1.0,2.0997536e-10,0
38832,1.0,1.0498218e-11,0
38833,1.0,6.9910866e-10,0
38834,1.0,1.9703974e-09,0
38835,0.99999964,3.4973732e-07,0
38836,1.0,4.846856e-09,0
38837,0.9999969,3.1173208e-06,0
38838,1.0,1.293104e-08,0
38839,1.0,1.6976851e-09,0
38840,0.9999993,6.7960224e-07,0
38841,0.9999913,8.676328e-06,0
38842,0.99999857,1.4290681e-06,0
38843,0.9999987,1.289911e-06,0
38844,1.0,3.0308975e-10,0
38845,1.0,1.6125552e-10,0
38846,0.9999994,5.988954e-07,0
38847,1.0,7.591185e-10,0
38848,1.0,1.78784e-09,0
38849,0.9999999,1.00038164e-07,0
38850,1.0,7.385528e-09,0
38851,1.0,3.9899993e-11,0
38852,0.9999995,4.6021796e-07,0
38853,1.0,6.4542185e-09,0
38854,0.99999976,2.7383635e-07,0
38855,1.0,9.151963e-11,0
38856,0.99999595,4.006274e-06,0
38857,0.9999949,5.134145e-06,0
38858,1.0,2.1064375e-09,0
38859,0.9999931,6.959933e-06,0
38860,0.9999981,1.9365566e-06,0
38861,0.9999999,1.0879586e-07,0
38862,1.0,7.2542536e-12,0
38863,1.0,1.9279902e-09,0
38864,0.99999964,3.1895217e-07,0
38865,1.0,2.5713782e-09,0
38866,0.9999982,1.794262e-06,0
38867,0.99999917,8.1085705e-07,0
38868,0.9999989,1.0449149e-06,0
38869,0.9999999,1.0989097e-07,0
38870,0.9999999,1.6677139e-07,0
38871,1.0,7.478553e-11,0
38872,0.9999995,4.87991e-07,0
38873,0.9999999,1.7014113e-07,0
38874,1.0,1.6562743e-10,0
38875,0.99999976,2.5132184e-07,0
38876,1.0,3.8136786e-08,0
38877,1.0,8.665806e-09,0
38878,0.9999974,2.583843e-06,0
38879,1.0,4.4102996e-10,0
38880,1.0,1.8404146e-08,0
38881,0.9999999,9.021901e-08,0
38882,1.0,1.8220937e-09,0
38883,1.0,1.5741088e-08,0
38884,0.99999976,2.5542664e-07,0
38885,0.9999976,2.4308226e-06,0
38886,1.0,1.3510976e-10,0
38887,1.0,2.7937077e-09,0
38888,0.9999999,1.0896698e-07,0
38889,1.0,6.923143e-11,0
38890,0.9999994,5.556717e-07,0
38891,0.9999981,1.9655154e-06,0
38892,0.9999999,1.05479735e-07,0
38893,1.0,1.7091322e-08,0
38894,1.0,2.3944302e-09,0
38895,0.999997,2.9307266e-06,0
38896,0.9999962,3.797474e-06,0
38897,1.0,1.8547233e-10,0
38898,1.0,5.4589124e-09,0
38899,1.0,9.450067e-10,0
38900,0.9999989,1.0684322e-06,0
38901,1.0,5.5485283e-09,0
38902,1.0,2.0568501e-12,0
38903,0.9999999,1.3136383e-07,0
38904,1.0,6.447801e-11,0
38905,0.9999989,1.0416355e-06,0
38906,0.9999994,5.9165956e-07,0
38907,0.99999917,7.779293e-07,0
38908,0.9999999,1.0504467e-07,0
38909,1.0,3.0335245e-09,0
38910,0.9999999,8.264101e-08,0
38911,1.0,2.3694767e-11,0
38912,1.0,3.4808865e-09,0
38913,0.99999964,3.3235466e-07,0
38914,1.0,4.521689e-09,0
38915,1.0,1.8167617e-11,0
38916,1.0,9.447274e-10,0
38917,1.0,7.2583814e-11,0
38918,1.0,4.4154973e-08,0
38919,1.0,7.192185e-09,0
38920,0.9999999,8.758049e-08,0
38921,1.0,2.1426324e-08,0
38922,1.0,1.7608484e-08,0
38923,1.0,1.1511139e-11,0
38924,1.0,1.5299973e-08,0
38925,1.0,2.5245426e-11,0
38926,0.99999976,1.9306266e-07,0
38927,1.0,6.3416805e-10,0
38928,0.9999999,1.0960503e-07,0
38929,1.0,1.6270946e-10,0
38930,0.9999994,6.42744e-07,0
38931,1.0,2.0051798e-08,0
38932,1.0,3.3180044e-08,0
38933,1.0,3.902306e-09,0
38934,1.0,2.2350292e-08,0
38935,0.99999285,7.150004e-06,0
38936,1.0,9.958536e-10,0
38937,0.9999999,1.7513315e-07,0
38938,0.9999999,1.0526007e-07,0
38939,1.0,2.3390436e-09,0
38940,0.99999905,1.0116062e-06,0
38941,1.0,1.2583489e-09,0
38942,1.0,8.192883e-11,0
38943,1.0,9.011081e-09,0
38944,1.0,3.4184744e-08,0
38945,1.0,4.419599e-09,0
38946,1.0,4.7116044e-10,0
38947,1.0,1.38811115e-11,0
38948,0.9999999,7.326519e-08,0
38949,1.0,3.376955e-11,0
38950,0.9999999,1.6380017e-07,0
38951,0.9999999,8.409161e-08,0
38952,0.9999999,7.044689e-08,0
38953,0.99999976,1.8534915e-07,0
38954,1.0,1.2673484e-08,0
38955,1.0,4.6208262e-10,0
38956,1.0,1.6229114e-09,0
38957,0.9999999,1.3458475e-07,0
38958,1.0,8.619932e-12,0
38959,1.0,1.4363567e-08,0
38960,1.0,1.5932079e-08,0
38961,1.0,3.3551185e-08,0
38962,0.9999999,7.4560454e-08,0
38963,1.0,6.2048064e-09,0
38964,1.0,5.429668e-10,0
38965,1.0,1.5194572e-09,0
38966,0.9999999,7.768574e-08,0
38967,0.9999999,1.2983982e-07,0
38968,1.0,3.013516e-11,0
38969,0.9999995,4.2785697e-07,0
38970,0.9999995,4.6842436e-07,0
38971,0.9999999,1.018085e-07,0
38972,1.0,3.218915e-08,0
38973,0.9999999,7.785098e-08,0
38974,1.0,1.0938741e-11,0
38975,0.9999999,1.3382221e-07,0
38976,0.99999976,2.9664108e-07,0
38977,1.0,6.201916e-10,0
38978,0.9999999,6.095205e-08,0
38979,1.0,9.888246e-09,0
38980,1.0,1.0541789e-09,0
38981,1.0,1.6374354e-12,0
38982,0.99999714,2.8351747e-06,0
38983,1.0,5.0045884e-08,0
38984,1.0,7.671202e-12,0
38985,0.9999999,1.6399461e-07,0
38986,1.0,4.2527866e-08,0
38987,0.99999917,8.8515696e-07,0
38988,1.0,1.5204248e-10,0
38989,0.99999976,2.5094056e-07,0
38990,0.9999987,1.2785846e-06,0
38991,1.0,5.4024653e-11,0
38992,0.9999999,1.08479036e-07,0
38993,1.0,2.2474291e-09,0
38994,1.0,2.6365283e-08,0
38995,1.0,6.0746714e-09,0
38996,1.0,1.2063846e-11,0
38997,0.99999905,9.016532e-07,0
38998,1.0,1.8230096e-11,0
38999,0.9999999,1.7101829e-07,0
39000,1.0,9.597992e-13,0
39001,0.9999999,1.3635832e-07,0
39002,1.0,1.3433227e-09,0
39003,1.0,5.6245458e-08,0
39004,0.9999999,6.7522485e-08,0
39005,0.99999964,3.3379362e-07,0
39006,1.0,1.10058735e-08,0
39007,1.0,1.5891106e-12,0
39008,1.0,7.275517e-10,0
39009,1.0,1.7899204e-10,0
39010,1.0,7.250906e-12,0
39011,0.99999964,4.167509e-07,0
39012,0.9999999,8.123403e-08,0
39013,1.0,5.478878e-09,0
39014,1.0,1.1602722e-08,0
39015,0.99999976,2.0698658e-07,0
39016,1.0,1.2648465e-08,0
39017,0.9999988,1.1880658e-06,0
39018,0.9999994,5.418143e-07,0
39019,1.0,2.3726707e-10,0
39020,1.0,7.595461e-09,0
39021,1.0,2.1926955e-11,0
39022,1.0,4.8052524e-08,0
39023,1.0,9.92957e-11,0
39024,0.9999999,9.588261e-08,0
39025,0.9999944,5.5851688e-06,0
39026,1.0,4.8678497e-09,0
39027,1.0,5.570249e-11,0
39028,0.9999999,1.389861e-07,0
39029,1.0,5.17398e-08,0
39030,0.9999999,8.651079e-08,0
39031,0.99999976,1.9169107e-07,0
39032,0.9999999,1.0862894e-07,0
39033,0.9999999,9.645013e-08,0
39034,1.0,2.5539042e-09,0
39035,1.0,5.5907067e-11,0
39036,1.0,3.771628e-08,0
39037,1.0,6.8708167e-10,0
39038,1.0,4.223602e-09,0
39039,1.0,1.9496882e-11,0
39040,0.99999845,1.5832286e-06,0
39041,0.99999964,3.118401e-07,0
39042,1.0,4.1397165e-08,0
39043,0.9999999,1.538957e-07,0
39044,1.0,5.285124e-11,0
39045,1.0,4.9160986e-09,0
39046,1.0,1.1640977e-09,0
39047,1.0,1.9277182e-09,0
39048,1.0,9.22413e-11,0
39049,1.0,3.2193408e-14,0
39050,1.0,7.215209e-10,0
39051,1.0,5.9835605e-13,0
39052,1.0,1.4310618e-09,0
39053,1.0,1.7333859e-09,0
39054,0.9999999,5.981898e-08,0
39055,1.0,1.0907564e-09,0
39056,1.0,1.1198744e-11,0
39057,0.9999999,8.1009674e-08,0
39058,1.0,5.6643015e-09,0
39059,0.9999981,1.9213596e-06,0
39060,1.0,9.745907e-12,0
39061,1.0,2.2203308e-09,0
39062,1.0,1.7969345e-08,0
39063,0.99999964,3.3019816e-07,0
39064,0.9999999,1.1373157e-07,0
39065,1.0,1.0541769e-09,0
39066,0.9999989,1.1268718e-06,0
39067,1.0,5.623449e-09,0
39068,1.0,4.375824e-12,0
39069,1.0,5.788297e-08,0
39070,0.9999994,6.55116e-07,0
39071,1.0,3.6410302e-08,0
39072,1.0,2.4692659e-08,0
39073,1.0,1.3176075e-08,0
39074,1.0,2.2962602e-11,0
39075,1.0,2.4873345e-10,0
39076,1.0,3.903291e-08,0
39077,1.0,3.6875345e-08,0
39078,0.9999989,1.0911273e-06,0
39079,1.0,5.8776106e-08,0
39080,0.9999995,4.9093825e-07,0
39081,0.9999995,4.4922575e-07,0
39082,1.0,7.0497266e-09,0
39083,1.0,4.4034454e-08,0
39084,0.99999964,3.279474e-07,0
39085,1.0,3.4758312e-09,0
39086,0.99999976,2.2597135e-07,0
39087,0.99999917,7.844569e-07,0
39088,1.0,8.002764e-10,0
39089,0.99999976,2.739552e-07,0
39090,1.0,7.904647e-09,0
39091,0.9999999,1.1160468e-07,0
39092,0.9999999,1.5772501e-07,0
39093,1.0,7.7793505e-09,0
39094,0.99999976,1.92726e-07,0
39095,1.0,9.988836e-11,0
39096,0.99999964,3.5947693e-07,0
39097,1.0,2.8830066e-12,0
39098,0.9999999,7.487655e-08,0
39099,1.0,1.8146553e-08,0
39100,0.99999976,1.8833227e-07,0
39101,0.9999994,6.5114085e-07,0
39102,1.0,1.0981047e-08,0
39103,1.0,8.286116e-09,0
39104,1.0,5.080816e-10,0
39105,1.0,3.8575176e-10,0
39106,1.0,6.4234786e-09,0
39107,1.0,1.9923863e-11,0
39108,1.0,7.981779e-12,0
39109,1.0,1.7636e-09,0
39110,1.0,2.8364022e-10,0
39111,1.0,1.1090717e-11,0
39112,1.0,1.7999918e-11,0
39113,0.99999976,2.0575888e-07,0
39114,0.9999976,2.3840607e-06,0
39115,1.0,1.2310111e-08,0
39116,1.0,2.8451907e-10,0
39117,0.9999931,6.8881823e-06,0
39118,1.0,2.3626825e-09,0
39119,1.0,2.600705e-10,0
39120,0.9999999,1.7269723e-07,0
39121,1.0,3.036215e-10,0
39122,1.0,5.0523846e-10,0
39123,0.9999999,1.038573e-07,0
39124,1.0,7.429896e-12,0
39125,1.0,6.2768597e-12,0
39126,0.9999999,1.4897273e-07,0
39127,1.0,2.661049e-10,0
39128,1.0,3.7891496e-08,0
39129,0.99999917,8.404381e-07,0
39130,1.0,1.0455883e-09,0
39131,1.0,2.527027e-12,0
39132,1.0,1.28197195e-08,0
39133,1.0,3.2883175e-08,0
39134,1.0,3.736883e-09,0
39135,1.0,4.1499305e-08,0
39136,1.0,1.4196227e-08,0
39137,1.0,1.4387249e-09,0
39138,1.0,2.8692237e-10,0
39139,1.0,5.75135e-09,0
39140,1.0,3.4921e-08,0
39141,1.0,9.528256e-10,0
39142,0.99999964,3.3716057e-07,0
39143,1.0,2.8199148e-08,0
39144,1.0,1.3422507e-11,0
39145,1.0,1.754727e-11,0
39146,1.0,5.468591e-10,0
39147,0.9999999,6.78983e-08,0
39148,0.9999999,6.306886e-08,0
39149,1.0,4.0430642e-08,0
39150,1.0,5.010868e-10,0
39151,1.0,6.8091795e-12,0
39152,1.0,1.3986601e-10,0
39153,1.0,5.1476896e-11,0
39154,1.0,1.1373402e-08,0
39155,1.0,1.1271416e-10,0
39156,1.0,4.842931e-08,0
39157,1.0,3.1774714e-08,0
39158,1.0,1.8888684e-09,0
39159,1.0,5.7337926e-09,0
39160,1.0,5.2787316e-13,0
39161,1.0,2.7652078e-09,0
39162,1.0,4.4968758e-09,0
39163,0.99999976,2.0768577e-07,0
39164,1.0,4.199105e-08,0
39165,1.0,1.620541e-10,0
39166,0.9999999,9.332553e-08,0
39167,0.9999999,1.05000794e-07,0
39168,1.0,8.735172e-09,0
39169,1.0,6.2870293e-13,0
39170,1.0,1.1855286e-08,0
39171,1.0,1.27192274e-08,0
39172,1.0,1.7943719e-09,0
39173,1.0,1.9965892e-08,0
39174,1.0,2.74194e-10,0
39175,1.0,1.1249901e-09,0
39176,1.0,2.1048892e-11,0
39177,0.9999999,1.1437669e-07,0
39178,0.9999999,6.7208845e-08,0
39179,1.0,2.3259337e-12,0
39180,0.99999905,9.23465e-07,0
39181,1.0,4.388531e-11,0
39182,1.0,1.6620449e-08,0
39183,1.0,2.4072484e-12,0
39184,1.0,4.734125e-10,0
39185,1.0,7.2084725e-09,0
39186,1.0,1.6742269e-09,0
39187,1.0,5.681096e-08,0
39188,0.9999988,1.2482138e-06,0
39189,0.99999976,2.2944934e-07,0
39190,1.0,3.4675869e-09,0
39191,1.0,4.1209827e-08,0
39192,1.0,3.0338327e-08,0
39193,1.0,1.4883244e-09,0
39194,1.0,1.1184075e-08,0
39195,1.0,1.7274525e-08,0
39196,0.99999976,2.1889677e-07,0
39197,1.0,1.1595909e-08,0
39198,0.9999999,7.910109e-08,0
39199,1.0,1.0769389e-09,0
39200,1.0,1.2140441e-10,0
39201,1.0,4.849152e-08,0
39202,1.0,1.2229419e-08,0
39203,0.9999995,4.9930895e-07,0
39204,1.0,5.920651e-11,0
39205,0.99999976,2.0397782e-07,0
39206,1.0,9.2902763e-10,0
39207,1.0,8.665739e-09,0
39208,0.99999964,3.1367955e-07,0
39209,1.0,2.6210202e-08,0
39210,0.9999989,1.1220354e-06,0
39211,1.0,1.6696706e-08,0
39212,1.0,5.742625e-09,0
39213,0.99999964,3.026828e-07,0
39214,1.0,3.4136511e-09,0
39215,1.0,7.2689144e-10,0
39216,0.9999999,7.377492e-08,0
39217,1.0,1.2661403e-08,0
39218,1.0,5.6797683e-10,0
39219,0.99999976,1.8701871e-07,0
39220,0.9999981,1.8941512e-06,0
39221,1.0,3.368891e-09,0
39222,0.9999999,1.4995153e-07,0
39223,1.0,2.2272628e-08,0
39224,1.0,6.779846e-10,0
39225,1.0,5.9196545e-08,0
39226,1.0,2.358187e-11,0
39227,1.0,4.777514e-09,0
39228,1.0,1.2460227e-09,0
39229,0.9999962,3.8331827e-06,0
39230,1.0,1.0468425e-11,0
39231,1.0,1.4566057e-10,0
39232,1.0,8.1331314e-10,0
39233,0.9999999,6.016007e-08,0
39234,1.0,1.1073761e-08,0
39235,1.0,6.873657e-11,0
39236,1.0,3.739052e-08,0
39237,0.9999999,1.02359145e-07,0
39238,1.0,1.6125815e-08,0
39239,1.0,1.7916609e-08,0
39240,0.99999976,2.3749784e-07,0
39241,1.0,2.9654454e-10,0
39242,1.0,2.863221e-10,0
39243,1.0,1.6480974e-09,0
39244,1.0,4.2021914e-11,0
39245,1.0,3.2259181e-10,0
39246,1.0,2.6432239e-09,0
39247,1.0,3.9775705e-10,0
39248,0.9999999,1.0288705e-07,0
39249,1.0,1.8083945e-08,0
39250,1.0,7.911305e-11,0
39251,1.0,9.738578e-10,0
39252,1.0,2.1361828e-10,0
39253,1.0,5.030019e-10,0
39254,1.0,1.0038795e-11,0
39255,1.0,7.739224e-10,0
39256,1.0,3.8102956e-09,0
39257,1.0,2.8237363e-08,0
39258,1.0,4.0389367e-10,0
39259,1.0,1.7301504e-11,0
39260,0.9999999,1.2848047e-07,0
39261,0.99999964,4.1577434e-07,0
39262,1.0,1.7004363e-13,0
39263,0.9999999,1.3275346e-07,0
39264,1.0,9.012946e-11,0
39265,1.0,2.7198162e-08,0
39266,1.0,9.596779e-10,0
39267,1.0,1.47329935e-08,0
39268,1.0,6.8133502e-12,0
39269,1.0,2.9591922e-09,0
39270,1.0,1.4525939e-10,0
39271,1.0,8.764311e-09,0
39272,1.0,3.8039616e-10,0
39273,1.0,3.797609e-11,0
39274,1.0,3.6313702e-11,0
39275,1.0,2.6863378e-10,0
39276,1.0,1.9701962e-11,0
39277,0.99999964,3.3977648e-07,0
39278,1.0,1.4810571e-10,0
39279,1.0,4.384628e-09,0
39280,1.0,1.07398795e-11,0
39281,1.0,4.2700967e-09,0
39282,1.0,6.1132726e-09,0
39283,0.9999993,7.1026693e-07,0
39284,1.0,1.0155377e-09,0
39285,1.0,7.238698e-10,0
39286,1.0,1.3129013e-08,0
39287,1.0,1.8877006e-10,0
39288,1.0,5.5148735e-08,0
39289,1.0,7.920658e-13,0
39290,1.0,2.2162702e-08,0
39291,1.0,1.718539e-09,0
39292,1.0,2.8094234e-09,0
39293,0.9999999,7.5224975e-08,0
39294,1.0,5.0696112e-08,0
39295,1.0,1.8285685e-10,0
39296,1.0,4.5188004e-09,0
39297,0.9999999,7.063148e-08,0
39298,1.0,1.3655711e-08,0
39299,1.0,9.848056e-10,0
39300,1.0,4.1180442e-08,0
39301,1.0,1.1490354e-09,0
39302,1.0,3.0086318e-09,0
39303,1.0,1.1277384e-08,0
39304,1.0,8.96411e-09,0
39305,1.0,8.062797e-09,0
39306,1.0,4.9018385e-09,0
39307,0.9999938,6.185594e-06,0
39308,1.0,1.0301454e-10,0
39309,1.0,4.294429e-09,0
39310,1.0,1.4261307e-08,0
39311,1.0,1.3779494e-08,0
39312,1.0,4.5619207e-12,0
39313,1.0,5.502546e-09,0
39314,0.9999999,1.2052094e-07,0
39315,1.0,5.7538238e-11,0
39316,0.9999994,6.1497167e-07,0
39317,1.0,2.92081e-08,0
39318,1.0,1.526057e-08,0
39319,1.0,1.6176338e-08,0
39320,1.0,6.907756e-13,0
39321,1.0,3.3415795e-08,0
39322,1.0,8.412559e-09,0
39323,1.0,2.5066251e-12,0
39324,1.0,3.448382e-12,0
39325,0.9999999,1.5116971e-07,0
39326,0.9999999,6.301799e-08,0
39327,1.0,8.097596e-09,0
39328,1.0,2.8900568e-10,0
39329,1.0,3.5190607e-11,0
39330,0.9999999,6.019921e-08,0
39331,1.0,2.5732855e-10,0
39332,1.0,4.9790525e-08,0
39333,1.0,1.1695089e-11,0
39334,0.99999976,2.2723968e-07,0
39335,1.0,7.889078e-11,0
39336,1.0,2.4741792e-11,0
39337,1.0,1.1235276e-09,0
39338,1.0,1.2482175e-10,0
39339,1.0,7.402437e-09,0
39340,1.0,1.6895334e-11,0
39341,1.0,1.527419e-09,0
39342,1.0,9.450127e-09,0
39343,0.9999999,9.635102e-08,0
39344,1.0,2.825258e-10,0
39345,1.0,9.335198e-10,0
39346,0.9999944,5.6370964e-06,0
39347,0.9999999,7.773687e-08,0
39348,1.0,4.755199e-11,0
39349,1.0,3.4914058e-09,0
39350,0.9999999,1.12568124e-07,0
39351,1.0,3.0517253e-08,0
39352,1.0,1.8524412e-08,0
39353,1.0,1.6871801e-10,0
39354,1.0,4.549189e-09,0
39355,0.9999993,7.023356e-07,0
39356,1.0,2.5896705e-11,0
39357,1.0,4.0682915e-11,0
39358,1.0,5.0711266e-09,0
39359,0.99999976,2.8221595e-07,0
39360,1.0,3.0927968e-08,0
39361,1.0,1.2573274e-08,0
39362,1.0,4.7017408e-09,0
39363,0.9999999,6.0273656e-08,0
39364,0.9999988,1.152372e-06,0
39365,1.0,3.17566e-08,0
39366,0.9999999,6.8983994e-08,0
39367,1.0,5.7249025e-11,0
39368,1.0,1.2550613e-11,0
39369,0.99999917,8.3535434e-07,0
39370,1.0,2.2753888e-08,0
39371,1.0,2.3756017e-09,0
39372,1.0,5.5048687e-08,0
39373,1.0,1.121361e-09,0
39374,1.0,1.05948095e-08,0
39375,1.0,2.7051825e-10,0
39376,1.0,1.0741283e-09,0
39377,1.0,2.608322e-09,0
39378,1.0,4.235521e-11,0
39379,1.0,1.4190987e-10,0
39380,1.0,6.862461e-10,0
39381,1.0,2.54104e-11,0
39382,1.0,1.8513788e-11,0
39383,1.0,9.07187e-09,0
39384,0.9999999,9.552284e-08,0
39385,0.9999999,1.05705105e-07,0
39386,1.0,1.4091084e-10,0
39387,1.0,7.866679e-10,0
39388,1.0,2.459266e-10,0
39389,0.9999999,8.7262336e-08,0
39390,1.0,2.417551e-08,0
39391,1.0,8.103715e-09,0
39392,1.0,5.066087e-10,0
39393,1.0,5.5276894e-12,0
39394,1.0,7.464971e-11,0
39395,1.0,4.5415884e-08,0
39396,1.0,7.101082e-11,0
39397,1.0,3.9201826e-08,0
39398,1.0,2.3102413e-09,0
39399,1.0,2.9464453e-10,0
39400,1.0,2.6645967e-08,0
39401,1.0,5.3218235e-11,0
39402,1.0,5.595219e-11,0
39403,0.9999999,1.2282628e-07,0
39404,0.9999988,1.1928454e-06,0
39405,0.99999976,2.1032635e-07,0
39406,0.9999999,1.7607752e-07,0
39407,1.0,1.5179734e-10,0
39408,1.0,2.7167678e-08,0
39409,1.0,2.1672926e-09,0
39410,1.0,4.2559973e-09,0
39411,0.9999999,9.8770144e-08,0
39412,0.9999999,1.0310138e-07,0
39413,1.0,6.69692e-11,0
39414,0.9999999,7.9122216e-08,0
39415,0.99999976,2.7093222e-07,0
39416,1.0,1.6058894e-09,0
39417,1.0,5.016166e-10,0
39418,1.0,4.3004228e-08,0
39419,1.0,2.5239023e-11,0
39420,1.0,8.571816e-11,0
39421,0.9999933,6.670389e-06,0
39422,1.0,1.5652653e-11,0
39423,1.0,3.4824006e-09,0
39424,1.0,1.04102886e-10,0
39425,1.0,2.5764999e-08,0
39426,1.0,6.0173124e-09,0
39427,1.0,8.61186e-09,0
39428,1.0,5.820075e-10,0
39429,1.0,6.2247296e-10,0
39430,1.0,2.735468e-10,0
39431,1.0,1.9568562e-11,0
39432,1.0,1.4138062e-10,0
39433,0.99999857,1.3933251e-06,0
39434,1.0,5.1462745e-08,0
39435,0.9999999,7.1506605e-08,0
39436,1.0,2.4163085e-10,0
39437,1.0,6.9114836e-10,0
39438,1.0,8.968917e-09,0
39439,1.0,3.7939298e-08,0
39440,1.0,1.0199753e-09,0
39441,1.0,1.5738619e-09,0
39442,1.0,3.980595e-08,0
39443,1.0,5.909603e-08,0
39444,0.9999999,9.852893e-08,0
39445,0.99999976,2.7987582e-07,0
39446,1.0,1.05986695e-08,0
39447,0.999998,2.0059658e-06,0
39448,0.9999994,5.4376636e-07,0
39449,1.0,6.3176495e-12,0
39450,1.0,5.69118e-09,0
39451,0.9999999,7.259998e-08,0
39452,1.0,1.4882116e-08,0
39453,1.0,4.376131e-09,0
39454,1.0,2.8668276e-10,0
39455,1.0,3.945522e-08,0
39456,0.9999999,1.2162384e-07,0
39457,1.0,4.1400936e-09,0
39458,1.0,1.2051209e-09,0
39459,1.0,5.0636553e-09,0
39460,1.0,5.77091e-09,0
39461,1.0,4.247655e-08,0
39462,1.0,1.2985791e-11,0
39463,1.0,2.0412935e-10,0
39464,1.0,1.6883762e-08,0
39465,1.0,3.0291435e-08,0
39466,1.0,6.6121095e-11,0
39467,0.9999993,7.375943e-07,0
39468,1.0,8.260066e-12,0
39469,1.0,4.8318426e-11,0
39470,1.0,4.288854e-09,0
39471,1.0,3.3017825e-10,0
39472,1.0,1.7614797e-08,0
39473,0.9999999,6.016408e-08,0
39474,1.0,6.920836e-10,0
39475,1.0,3.0680084e-08,0
39476,0.9999999,1.0532353e-07,0
39477,1.0,1.5309575e-12,0
39478,1.0,7.5618456e-11,0
39479,1.0,2.8522419e-11,0
39480,1.0,1.5448697e-09,0
39481,1.0,3.523354e-10,0
39482,1.0,7.2038707e-12,0
39483,1.0,3.538438e-11,0
39484,1.0,6.7926123e-09,0
39485,1.0,5.709601e-08,0
39486,1.0,3.8448833e-10,0
39487,0.9999981,1.9611844e-06,0
39488,0.99999964,4.018034e-07,0
39489,1.0,9.00362e-10,0
39490,1.0,9.403665e-09,0
39491,1.0,3.170272e-09,0
39492,1.0,3.4859038e-12,0
39493,1.0,5.877403e-10,0
39494,1.0,3.8500186e-11,0
39495,1.0,1.652349e-10,0
39496,1.0,4.097878e-11,0
39497,1.0,5.7919633e-12,0
39498,1.0,7.904001e-12,0
39499,1.0,2.1682518e-09,0
39500,1.0,5.2153954e-08,0
39501,1.0,1.4943546e-09,0
39502,1.0,9.620531e-10,0
39503,1.0,4.2958415e-11,0
39504,1.0,2.2997668e-11,0
39505,1.0,5.872209e-12,0
39506,1.0,2.3362692e-10,0
39507,1.0,3.2765815e-10,0
39508,1.0,1.7347122e-09,0
39509,1.0,7.4542865e-11,0
39510,1.0,3.2504596e-12,0
39511,1.0,1.3818248e-10,0
39512,1.0,2.8124295e-10,0
39513,1.0,8.234739e-12,0
39514,1.0,1.1216483e-08,0
39515,1.0,5.1690354e-09,0
39516,0.9999999,1.2423264e-07,0
39517,1.0,7.968793e-11,0
39518,1.0,6.617721e-12,0
39519,1.0,2.2671607e-13,0
39520,1.0,3.258941e-11,0
39521,0.99999976,2.069254e-07,0
39522,1.0,6.7157937e-09,0
39523,0.99999964,3.0710268e-07,0
39524,1.0,1.3965469e-09,0
39525,1.0,2.5752395e-10,0
39526,1.0,1.7651525e-08,0
39527,1.0,3.172008e-09,0
39528,1.0,4.13554e-09,0
39529,0.9999968,3.1853347e-06,0
39530,0.99999976,2.2277476e-07,0
39531,1.0,1.9464725e-09,0
39532,1.0,5.573847e-09,0
39533,0.99999833,1.6880628e-06,0
39534,1.0,2.3200786e-10,0
39535,1.0,2.686146e-08,0
39536,1.0,4.8707406e-08,0
39537,1.0,4.578475e-08,0
39538,0.9999981,1.8631267e-06,0
39539,1.0,3.4549145e-11,0
39540,1.0,1.2677562e-09,0
39541,1.0,6.426205e-11,0
39542,0.9999994,5.711953e-07,0
39543,0.99999976,1.8718734e-07,0
39544,1.0,2.4216846e-09,0
39545,0.9999994,5.761498e-07,0
39546,1.0,7.1785076e-09,0
39547,1.0,1.2356347e-10,0
39548,1.0,8.4186863e-10,0
39549,1.0,1.41198315e-08,0
39550,1.0,6.790092e-11,0
39551,1.0,2.3599545e-08,0
39552,0.9999999,6.6396446e-08,0
39553,0.9999994,5.7526694e-07,0
39554,1.0,4.3099973e-08,0
39555,1.0,3.126645e-09,0
39556,1.0,6.1713895e-10,0
39557,1.0,6.568812e-09,0
39558,1.0,1.2087206e-10,0
39559,1.0,3.1714859e-10,0
39560,1.0,2.959738e-10,0
39561,1.0,1.4893686e-10,0
39562,1.0,1.5254247e-09,0
39563,1.0,5.345907e-10,0
39564,0.99999833,1.7207857e-06,0
39565,0.99999857,1.4144895e-06,0
39566,1.0,1.9446624e-08,0
39567,0.9999999,6.509633e-08,0
39568,0.99999976,2.1571118e-07,0
39569,1.0,1.6831753e-10,0
39570,1.0,1.4540783e-08,0
39571,0.9999999,1.04597426e-07,0
39572,1.0,1.1416941e-11,0
39573,0.99999964,3.020588e-07,0
39574,1.0,2.5611689e-08,0
39575,1.0,8.547962e-11,0
39576,0.99999976,1.8113361e-07,0
39577,1.0,7.7037534e-12,0
39578,0.9999999,6.822297e-08,0
39579,0.99999976,1.8085537e-07,0
39580,1.0,2.0779118e-11,0
39581,0.9999999,1.7420648e-07,0
39582,1.0,2.4184457e-08,0
39583,0.9999989,1.1230803e-06,0
39584,0.99999964,3.2124444e-07,0
39585,1.0,2.3451459e-09,0
39586,0.9999994,5.657231e-07,0
39587,1.0,1.5621292e-13,0
39588,0.9999994,5.7921176e-07,0
39589,1.0,3.59348e-08,0
39590,1.0,3.934325e-08,0
39591,1.0,5.148301e-10,0
39592,1.0,3.1114569e-09,0
39593,0.9999975,2.4554802e-06,0
39594,1.0,5.1284896e-08,0
39595,1.0,4.7081544e-10,0
39596,1.0,7.1622563e-10,0
39597,1.0,6.283673e-09,0
39598,1.0,1.3839191e-10,0
39599,0.99999905,9.764623e-07,0
39600,1.0,8.203211e-09,0
39601,1.0,1.2088072e-08,0
39602,1.0,2.3881413e-12,0
39603,1.0,5.09544e-10,0
39604,1.0,4.22369e-13,0
39605,1.0,8.3441073e-11,0
39606,1.0,2.6401931e-11,0
39607,1.0,8.4536994e-10,0
39608,1.0,8.370584e-11,0
39609,1.0,3.911451e-12,0
39610,0.9999999,1.2112055e-07,0
39611,1.0,1.270726e-10,0
39612,1.0,1.3071287e-09,0
39613,1.0,5.049706e-10,0
39614,1.0,1.4438134e-09,0
39615,1.0,1.3440493e-11,0
39616,0.9999999,1.2722144e-07,0
39617,1.0,8.412261e-11,0
39618,1.0,1.4934066e-08,0
39619,0.9999999,1.0647952e-07,0
39620,1.0,1.5179461e-08,0
39621,1.0,7.049635e-12,0
39622,1.0,4.580208e-10,0
39623,1.0,1.3031266e-08,0
39624,1.0,2.1705442e-09,0
39625,0.99999964,3.6062585e-07,0
39626,1.0,2.5860745e-09,0
39627,1.0,5.1106563e-09,0
39628,1.0,9.073925e-10,0
39629,0.9999999,1.1167815e-07,0
39630,1.0,1.22387e-09,0
39631,1.0,6.482764e-10,0
39632,1.0,2.96367e-10,0
39633,1.0,7.4364714e-09,0
39634,1.0,3.3330144e-10,0
39635,1.0,1.149457e-08,0
39636,1.0,8.363147e-11,0
39637,0.9999999,9.0169294e-08,0
39638,1.0,2.8746923e-09,0
39639,1.0,8.8051684e-11,0
39640,1.0,7.568314e-10,0
39641,1.0,4.3973263e-12,0
39642,1.0,4.951549e-12,0
39643,1.0,4.1631045e-09,0
39644,1.0,3.6806185e-09,0
39645,1.0,7.1228873e-13,0
39646,1.0,4.41666e-08,0
39647,1.0,1.10321766e-10,0
39648,1.0,3.4518372e-08,0
39649,1.0,4.7813513e-09,0
39650,1.0,2.8086342e-10,0
39651,1.0,2.0167268e-10,0
39652,0.9999999,9.342028e-08,0
39653,1.0,2.0025358e-11,0
39654,1.0,3.185044e-08,0
39655,0.9999999,9.9534944e-08,0
39656,1.0,5.0580983e-08,0
39657,0.99999964,3.010778e-07,0
39658,1.0,6.037071e-10,0
39659,1.0,1.8040406e-11,0
39660,1.0,1.074854e-09,0
39661,1.0,3.0290003e-11,0
39662,1.0,1.0853384e-08,0
39663,1.0,1.7542602e-09,0
39664,1.0,5.064721e-08,0
39665,1.0,2.0589965e-09,0
39666,1.0,1.2244724e-09,0
39667,1.0,6.473546e-10,0
39668,1.0,4.0644026e-09,0
39669,1.0,2.23603e-09,0
39670,1.0,1.7394268e-09,0
39671,1.0,6.805833e-11,0
39672,1.0,6.35075e-09,0
39673,1.0,1.7272243e-09,0
39674,1.0,3.30773e-08,0
39675,1.0,1.750394e-08,0
39676,1.0,5.6901783e-10,0
39677,1.0,1.6252779e-09,0
39678,1.0,9.971543e-09,0
39679,1.0,2.2371434e-09,0
39680,0.9999988,1.1925724e-06,0
39681,1.0,1.3923437e-10,0
39682,1.0,3.7909655e-11,0
39683,1.0,9.528165e-10,0
39684,0.99999976,2.7938324e-07,0
39685,1.0,3.3919006e-10,0
39686,0.9999999,6.130205e-08,0
39687,1.0,7.5020545e-11,0
39688,1.0,2.9407468e-10,0
39689,0.9999995,5.156651e-07,0
39690,1.0,1.21862485e-08,0
39691,1.0,1.6516716e-10,0
39692,1.0,7.7242857e-10,0
39693,1.0,3.3268492e-09,0
39694,1.0,9.821668e-09,0
39695,1.0,1.7287733e-09,0
39696,1.0,2.8185113e-08,0
39697,1.0,8.359196e-10,0
39698,1.0,1.5776609e-09,0
39699,1.0,6.6224126e-10,0
39700,0.99999976,2.2191344e-07,0
39701,1.0,1.1262573e-08,0
39702,1.0,2.124682e-11,0
39703,1.0,1.3114697e-08,0
39704,1.0,1.7327505e-10,0
39705,0.9999999,8.0932296e-08,0
39706,1.0,2.4903324e-08,0
39707,0.9999999,1.2087983e-07,0
39708,1.0,4.3278153e-08,0
39709,0.9999982,1.7335823e-06,0
39710,1.0,6.536788e-10,0
39711,0.99999857,1.4416506e-06,0
39712,1.0,2.5368887e-08,0
39713,1.0,1.8511132e-08,0
39714,1.0,6.52459e-11,0
39715,1.0,2.2347605e-08,0
39716,1.0,7.152096e-11,0
39717,0.9999999,1.6089999e-07,0
39718,1.0,6.6506307e-09,0
39719,1.0,2.3798432e-08,0
39720,0.99999976,2.3952407e-07,0
39721,0.9999999,1.740112e-07,0
39722,0.9999999,9.485453e-08,0
39723,1.0,2.1403025e-17,0
39724,1.0,7.88479e-19,0
39725,0.9999999,7.83808e-08,0
39726,1.0,1.1423101e-08,0
39727,0.9999999,7.785841e-08,0
39728,1.0,7.216305e-19,0
39729,1.0,1.4791051e-08,0
39730,0.99999964,2.9830886e-07,0
39731,1.0,5.94513e-10,0
39732,1.0,4.887762e-08,0
39733,1.0,1.6271732e-09,0
39734,0.99999964,3.6073695e-07,0
39735,1.0,2.5692884e-10,0
39736,1.0,7.865111e-12,0
39737,1.0,2.4640894e-09,0
39738,0.9999999,1.4994897e-07,0
39739,1.0,1.6278165e-08,0
39740,0.9999999,1.1058631e-07,0
39741,1.0,3.4717973e-12,0
39742,1.0,5.9306364e-09,0
39743,1.0,2.002347e-09,0
39744,0.9999988,1.2196083e-06,0
39745,0.9999989,1.1174883e-06,0
39746,1.0,7.912037e-09,0
39747,1.0,2.7603161e-10,0
39748,1.0,5.1998184e-09,0
39749,1.0,2.8494391e-09,0
39750,0.99999774,2.2996358e-06,0
39751,0.9999999,6.895149e-08,0
39752,1.0,7.83795e-11,0
39753,1.0,1.4421317e-09,0
39754,1.0,9.911372e-10,0
39755,1.0,3.615373e-10,0
39756,1.0,3.799623e-11,0
39757,1.0,1.9019927e-08,0
39758,1.0,8.4608896e-11,0
39759,1.0,4.953781e-11,0
39760,1.0,2.2431564e-08,0
39761,1.0,3.0529725e-11,0
39762,1.0,2.5565322e-08,0
39763,1.0,1.7200555e-11,0
39764,1.0,4.2214898e-10,0
39765,1.0,1.0269835e-09,0
39766,1.0,1.618483e-11,0
39767,1.0,2.354218e-08,0
39768,1.0,9.452897e-10,0
39769,1.0,1.8672435e-09,0
39770,0.9999933,6.618253e-06,0
39771,1.0,7.567509e-09,0
39772,1.0,2.054199e-09,0
39773,0.99999976,2.1241064e-07,0
39774,1.0,3.8345424e-10,0
39775,1.0,1.1953458e-09,0
39776,1.0,2.7653844e-11,0
39777,1.0,9.675254e-11,0
39778,1.0,1.2019118e-09,0
39779,1.0,7.180897e-11,0
39780,1.0,2.0796604e-11,0
39781,1.0,1.5817534e-08,0
39782,0.9999999,7.007033e-08,0
39783,1.0,1.6432754e-10,0
39784,1.0,2.8390854e-11,0
39785,1.0,9.510475e-11,0
39786,1.0,8.2956e-10,0
39787,1.0,6.93647e-10,0
39788,1.0,5.5850773e-08,0
39789,1.0,7.692958e-09,0
39790,0.9999999,6.717219e-08,0
39791,1.0,1.09793294e-08,0
39792,1.0,9.422368e-10,0
39793,1.0,2.3532759e-11,0
39794,1.0,6.440334e-13,0
39795,1.0,1.200244e-09,0
39796,1.0,3.5898495e-08,0
39797,0.9999999,1.2799788e-07,0
39798,1.0,1.004675e-10,0
39799,1.0,1.2839485e-09,0
39800,1.0,1.6600428e-08,0
39801,1.0,2.8282851e-12,0
39802,1.0,1.4067103e-10,0
39803,1.0,5.7797447e-09,0
39804,1.0,1.0011864e-09,0
39805,1.0,6.9830945e-09,0
39806,1.0,6.280829e-14,0
39807,1.0,1.4852964e-08,0
39808,1.0,1.0653315e-11,0
39809,1.0,2.288902e-10,0
39810,1.0,1.8879275e-10,0
39811,1.0,3.0656673e-09,0
39812,1.0,1.5801062e-09,0
39813,1.0,3.510727e-11,0
39814,1.0,1.3863213e-09,0
39815,1.0,1.00746425e-08,0
39816,1.0,1.5732691e-11,0
39817,1.0,1.0985258e-08,0
39818,0.99999905,9.0806657e-07,0
39819,1.0,1.6408557e-12,0
39820,1.0,1.0749037e-08,0
39821,1.0,4.423254e-11,0
39822,1.0,2.2517488e-10,0
39823,1.0,3.1268876e-10,0
39824,1.0,2.1975619e-10,0
39825,1.0,3.441201e-08,0
39826,1.0,1.5252946e-08,0
39827,1.0,1.6173992e-08,0
39828,0.9999995,4.5433816e-07,0
39829,1.0,2.8140945e-09,0
39830,1.0,1.2247754e-10,0
39831,1.0,2.8488493e-11,0
39832,1.0,4.1689074e-08,0
39833,1.0,2.0330684e-13,0
39834,1.0,1.5854956e-12,0
39835,1.0,8.622308e-10,0
39836,1.0,3.189139e-13,0
39837,1.0,3.9878214e-12,0
39838,1.0,3.2999972e-12,0
39839,1.0,4.1432968e-11,0
39840,1.0,1.0539352e-10,0
39841,1.0,6.3991736e-11,0
39842,1.0,3.373226e-08,0
39843,0.9999999,8.4470024e-08,0
39844,1.0,5.2606833e-08,0
39845,1.0,1.1696924e-10,0
39846,1.0,1.7595053e-08,0
39847,0.9999951,4.9101686e-06,0
39848,0.9999999,1.332734e-07,0
39849,1.0,9.906447e-12,0
39850,1.0,1.7967144e-09,0
39851,1.0,1.00786685e-10,0
39852,1.0,4.7260046e-10,0
39853,1.0,1.6519882e-08,0
39854,1.0,7.4300624e-13,0
39855,1.0,1.6974243e-11,0
39856,1.0,1.5609669e-10,0
39857,1.0,1.3068172e-09,0
39858,1.0,5.9928756e-11,0
39859,1.0,1.3915435e-08,0
39860,1.0,4.6247315e-14,0
39861,1.0,1.2178024e-08,0
39862,1.0,7.074949e-11,0
39863,1.0,7.762198e-10,0
39864,1.0,2.8281232e-12,0
39865,1.0,1.8736107e-10,0
39866,1.0,4.4831243e-08,0
39867,1.0,3.4981515e-09,0
39868,1.0,1.08544694e-10,0
39869,1.0,2.8168948e-11,0
39870,1.0,1.5427437e-09,0
39871,1.0,1.958151e-08,0
39872,1.0,6.307415e-12,0
39873,1.0,3.274734e-09,0
39874,1.0,1.7658023e-08,0
39875,1.0,7.7754414e-11,0
39876,1.0,1.1042882e-08,0
39877,1.0,2.6171538e-08,0
39878,1.0,8.686922e-09,0
39879,1.0,2.5030494e-10,0
39880,1.0,2.1045754e-08,0
39881,1.0,6.574061e-10,0
39882,1.0,6.683885e-09,0
39883,0.9999999,9.199404e-08,0
39884,1.0,1.3109726e-11,0
39885,1.0,6.5196265e-11,0
39886,1.0,3.7006714e-10,0
39887,0.9999999,7.538987e-08,0
39888,1.0,4.677191e-08,0
39889,1.0,2.0079066e-10,0
39890,1.0,3.573198e-10,0
39891,1.0,2.0346762e-11,0
39892,1.0,1.2908767e-11,0
39893,0.99999976,1.8975436e-07,0
39894,1.0,3.3918278e-11,0
39895,0.99999964,4.05875e-07,0
39896,0.9999999,6.5575605e-08,0
39897,0.9999968,3.2381265e-06,0
39898,1.0,4.78438e-09,0
39899,1.0,5.08987e-08,0
39900,1.0,5.3746948e-11,0
39901,1.0,7.3527784e-09,0
39902,1.0,1.7733054e-08,0
39903,1.0,7.195114e-11,0
39904,1.0,5.370148e-10,0
39905,0.99999976,2.3377854e-07,0
39906,1.0,5.7314992e-08,0
39907,1.0,1.05723305e-10,0
39908,1.0,2.980101e-11,0
39909,0.9999999,1.6718798e-07,0
39910,1.0,2.7968587e-09,0
39911,1.0,3.6113313e-08,0
39912,1.0,4.7262033e-10,0
39913,1.0,5.865362e-11,0
39914,1.0,5.750125e-08,0
39915,1.0,8.867909e-09,0
39916,0.9999999,8.637657e-08,0
39917,1.0,1.638543e-10,0
39918,1.0,6.982155e-11,0
39919,1.0,2.927556e-10,0
39920,1.0,7.3365563e-09,0
39921,1.0,4.3783043e-08,0
39922,1.0,1.0750267e-08,0
39923,0.9999999,1.08830726e-07,0
39924,1.0,1.565897e-09,0
39925,1.0,3.4571557e-11,0
39926,1.0,1.7885828e-10,0
39927,1.0,2.1894934e-08,0
39928,0.9999999,7.743735e-08,0
39929,1.0,1.5082116e-12,0
39930,0.9999999,1.6725718e-07,0
39931,1.0,2.451527e-08,0
39932,0.9999999,6.064787e-08,0
39933,1.0,1.4608967e-09,0
39934,1.0,4.9134643e-09,0
39935,0.99999833,1.7228842e-06,0
39936,0.9999999,9.077135e-08,0
39937,1.0,5.8828675e-09,0
39938,1.0,2.9395832e-08,0
39939,1.0,6.283151e-11,0
39940,1.0,3.5348664e-09,0
39941,1.0,2.7757765e-09,0
39942,1.0,7.285237e-10,0
39943,1.0,5.711207e-10,0
39944,1.0,1.3896974e-08,0
39945,1.0,1.3615832e-13,0
39946,1.0,7.294247e-10,0
39947,1.0,4.1987103e-09,0
39948,0.99999976,1.831482e-07,0
39949,1.0,3.5659337e-10,0
39950,1.0,2.8906482e-09,0
39951,1.0,1.0028299e-09,0
39952,1.0,6.068033e-10,0
39953,1.0,5.5559274e-10,0
39954,0.9999999,1.075267e-07,0
39955,1.0,4.2550538e-10,0
39956,1.0,9.556868e-10,0
39957,0.9999999,1.069552e-07,0
39958,1.0,3.546088e-10,0
39959,1.0,6.0023306e-09,0
39960,0.9999999,1.3366558e-07,0
39961,1.0,1.991227e-08,0
39962,1.0,7.1451223e-09,0
39963,0.9999999,1.2568029e-07,0
39964,1.0,9.132886e-11,0
39965,1.0,4.2340612e-10,0
39966,1.0,2.1773555e-14,0
39967,1.0,4.423073e-09,0
39968,1.0,1.6163243e-10,0
39969,1.0,4.6479634e-10,0
39970,1.0,1.4143794e-08,0
39971,1.0,5.6720606e-10,0
39972,0.9999999,8.3856804e-08,0
39973,1.0,3.1730317e-12,0
39974,1.0,1.5206975e-10,0
39975,0.9999994,5.723142e-07,0
39976,1.0,2.3418481e-08,0
39977,1.0,3.2815507e-08,0
39978,1.0,2.4865268e-11,0
39979,1.0,7.838327e-10,0
39980,1.0,2.5770724e-10,0
39981,1.0,4.9498267e-10,0
39982,0.9999999,1.5912147e-07,0
39983,0.99999976,2.2857682e-07,0
39984,1.0,8.4830275e-11,0
39985,1.0,3.751523e-09,0
39986,0.99999964,3.392251e-07,0
39987,1.0,3.9893547e-10,0
39988,0.99999905,9.906048e-07,0
39989,1.0,3.519019e-08,0
39990,1.0,2.9344488e-10,0
39991,1.0,2.9218322e-10,0
39992,1.0,1.7371798e-08,0
39993,1.0,3.0308397e-10,0
39994,1.0,1.0760559e-09,0
39995,1.0,5.311222e-09,0
39996,1.0,2.0022988e-11,0
39997,1.0,1.4707219e-08,0
39998,1.0,3.5891407e-10,0
39999,1.0,4.0490028e-10,0
40000,1.0,5.1383385e-12,0
40001,1.0,4.1582183e-08,0
40002,1.0,4.72395e-10,0
40003,1.0,1.8462515e-11,0
40004,1.0,1.6045862e-08,0
40005,1.0,4.9657722e-09,0
40006,1.0,5.892132e-09,0
40007,1.0,2.765689e-08,0
40008,1.0,3.139813e-11,0
40009,1.0,1.7897575e-09,0
40010,1.0,1.0479332e-11,0
40011,1.0,4.4329185e-10,0
40012,1.0,3.7580074e-11,0
40013,1.0,1.3055298e-08,0
40014,1.0,3.767555e-10,0
40015,1.0,2.3531458e-11,0
40016,1.0,1.1952188e-08,0
40017,1.0,3.1452827e-09,0
40018,1.0,9.824482e-12,0
40019,1.0,4.9886245e-12,0
40020,1.0,5.726691e-12,0
40021,1.0,1.0155347e-11,0
40022,1.0,8.342754e-11,0
40023,1.0,1.4499129e-12,0
40024,1.0,1.017022e-10,0
40025,1.0,2.9550366e-08,0
40026,1.0,1.3240815e-09,0
40027,1.0,1.9280996e-10,0
40028,1.0,1.560574e-10,0
40029,1.0,2.2753095e-09,0
40030,1.0,2.6369584e-10,0
40031,1.0,9.774228e-11,0
40032,1.0,5.6123712e-12,0
40033,1.0,1.222893e-08,0
40034,1.0,1.3572053e-11,0
40035,1.0,2.1602117e-08,0
40036,1.0,2.4387553e-10,0
40037,1.0,1.4109037e-08,0
40038,1.0,3.027741e-11,0
40039,1.0,1.940645e-09,0
40040,1.0,3.1451595e-11,0
40041,1.0,2.876935e-13,0
40042,1.0,9.3718056e-14,0
40043,1.0,3.01019e-11,0
40044,1.0,1.8234331e-12,0
40045,1.0,1.2907462e-11,0
40046,0.99999976,2.7647565e-07,0
40047,1.0,1.3668608e-12,0
40048,1.0,1.8484008e-11,0
40049,1.0,4.024925e-10,0
40050,1.0,2.6488145e-10,0
40051,1.0,1.8874817e-09,0
40052,1.0,1.2680198e-09,0
40053,1.0,2.8556386e-11,0
40054,1.0,1.5383155e-13,0
40055,1.0,5.024218e-10,0
40056,1.0,3.4795572e-10,0
40057,1.0,1.4758692e-09,0
40058,1.0,1.5571858e-12,0
40059,1.0,2.0308955e-08,0
40060,1.0,4.0499334e-08,0
40061,1.0,1.8610565e-13,0
40062,1.0,3.5230516e-10,0
40063,1.0,7.8158297e-10,0
40064,1.0,2.2064825e-10,0
40065,1.0,5.0903353e-12,0
40066,1.0,7.170133e-09,0
40067,1.0,4.589226e-09,0
40068,1.0,7.249866e-09,0
40069,1.0,3.62917e-10,0
40070,1.0,1.777606e-08,0
40071,0.9999999,8.566125e-08,0
40072,1.0,4.0374325e-11,0
40073,0.99999976,2.141697e-07,0
40074,1.0,6.305545e-10,0
40075,1.0,6.6125203e-09,0
40076,1.0,7.791051e-09,0
40077,1.0,4.6082926e-10,0
40078,1.0,1.0451721e-08,0
40079,0.99999976,1.8304168e-07,0
40080,1.0,1.9685154e-09,0
40081,1.0,4.461815e-08,0
40082,1.0,5.898227e-09,0
40083,1.0,4.6049465e-13,0
40084,1.0,5.6956015e-12,0
40085,1.0,7.3698166e-11,0
40086,0.9999999,1.4079149e-07,0
40087,1.0,7.965214e-09,0
40088,1.0,3.1318205e-12,0
40089,1.0,6.697214e-11,0
40090,0.9999995,4.7116362e-07,0
40091,1.0,6.023502e-09,0
40092,1.0,9.2372385e-09,0
40093,1.0,5.2631822e-08,0
40094,1.0,1.0897899e-08,0
40095,1.0,1.1683769e-10,0
40096,0.9999995,4.991747e-07,0
40097,1.0,9.489239e-11,0
40098,1.0,1.2314937e-10,0
40099,1.0,2.283824e-08,0
40100,1.0,6.418806e-11,0
40101,1.0,2.7502024e-12,0
40102,1.0,7.171794e-11,0
40103,0.9999987,1.26934e-06,0
40104,1.0,3.9752476e-11,0
40105,1.0,1.1193069e-14,0
40106,1.0,2.818311e-09,0
40107,0.9999993,7.573742e-07,0
40108,1.0,4.3406767e-09,0
40109,1.0,2.2014097e-09,0
40110,1.0,3.426002e-11,0
40111,1.0,9.907223e-12,0
40112,1.0,1.3272067e-09,0
40113,1.0,1.5926047e-10,0
40114,1.0,1.0304289e-09,0
40115,1.0,3.007365e-12,0
40116,1.0,3.1308296e-08,0
40117,1.0,1.9084399e-11,0
40118,0.9999999,6.481113e-08,0
40119,1.0,6.253847e-11,0
40120,1.0,6.464218e-10,0
40121,1.0,8.925549e-10,0
40122,1.0,3.323914e-08,0
40123,1.0,6.9468604e-11,0
40124,1.0,1.5251547e-12,0
40125,1.0,1.9513951e-08,0
40126,1.0,1.3842879e-11,0
40127,1.0,7.694763e-09,0
40128,0.99999976,1.8671007e-07,0
40129,0.99999976,2.121592e-07,0
40130,0.99999964,4.009559e-07,0
40131,1.0,1.6584405e-09,0
40132,1.0,1.3542892e-10,0
40133,1.0,3.981242e-11,0
40134,1.0,2.6691072e-09,0
40135,0.9999999,9.754277e-08,0
40136,1.0,3.4388878e-10,0
40137,1.0,1.6708468e-11,0
40138,1.0,1.15815855e-08,0
40139,1.0,3.023456e-13,0
40140,1.0,2.5097782e-08,0
40141,0.9999995,4.252393e-07,0
40142,1.0,1.7014437e-11,0
40143,0.99999905,9.080423e-07,0
40144,1.0,4.313603e-10,0
40145,1.0,2.4798203e-11,0
40146,1.0,9.228006e-10,0
40147,1.0,8.17811e-12,0
40148,1.0,1.6945412e-12,0
40149,0.9999999,8.0923186e-08,0
40150,1.0,7.591844e-12,0
40151,1.0,6.340979e-10,0
40152,1.0,3.3897244e-08,0
40153,1.0,1.746498e-09,0
40154,1.0,3.452196e-10,0
40155,1.0,5.1487868e-12,0
40156,0.9999989,1.114011e-06,0
40157,1.0,3.770734e-13,0
40158,1.0,4.393556e-11,0
40159,0.9999999,6.605161e-08,0
40160,1.0,5.7814967e-13,0
40161,1.0,3.390618e-11,0
40162,1.0,2.361128e-13,0
40163,1.0,3.074508e-10,0
40164,1.0,1.9094832e-09,0
40165,1.0,1.0019753e-09,0
40166,1.0,1.0245267e-08,0
40167,1.0,4.2490175e-11,0
40168,1.0,1.0599255e-12,0
40169,1.0,1.6081815e-10,0
40170,1.0,2.8160825e-08,0
40171,1.0,2.788044e-09,0
40172,1.0,7.816656e-12,0
40173,1.0,1.1212156e-09,0
40174,1.0,3.055055e-09,0
40175,1.0,1.1244093e-08,0
40176,1.0,6.964167e-09,0
40177,1.0,6.3542456e-11,0
40178,1.0,2.037598e-10,0
40179,1.0,7.171818e-12,0
40180,1.0,4.7636193e-09,0
40181,1.0,1.051269e-10,0
40182,1.0,5.0883214e-10,0
40183,1.0,3.024741e-10,0
40184,0.9999999,1.6769802e-07,0
40185,1.0,1.6378064e-09,0
40186,1.0,6.382615e-09,0
40187,1.0,2.8370594e-12,0
40188,1.0,1.131571e-09,0
40189,1.0,3.4509666e-09,0
40190,1.0,1.919701e-09,0
40191,1.0,1.3285375e-11,0
40192,1.0,1.6982071e-12,0
40193,1.0,6.429242e-12,0
40194,1.0,6.366109e-11,0
40195,1.0,1.6717011e-11,0
40196,1.0,3.0072174e-11,0
40197,1.0,3.7475856e-11,0
40198,1.0,3.2621952e-10,0
40199,1.0,1.1454665e-09,0
40200,1.0,1.6164214e-12,0
40201,1.0,1.246038e-11,0
40202,1.0,1.3805596e-11,0
40203,1.0,1.06764486e-10,0
40204,0.99999976,2.2079294e-07,0
40205,1.0,3.4755757e-11,0
40206,1.0,1.0833322e-08,0
40207,1.0,2.111387e-11,0
40208,0.99999976,1.9085272e-07,0
40209,1.0,7.931366e-12,0
40210,1.0,1.5476287e-11,0
40211,1.0,3.0686695e-12,0
40212,1.0,7.1835204e-09,0
40213,1.0,3.0490718e-12,0
40214,1.0,2.202488e-10,0
40215,1.0,3.5730921e-12,0
40216,1.0,7.940599e-12,0
40217,1.0,9.454413e-10,0
40218,1.0,1.029003e-09,0
40219,1.0,2.6707189e-11,0
40220,1.0,1.9585066e-11,0
40221,1.0,4.423284e-09,0
40222,1.0,8.619015e-11,0
40223,1.0,1.2168428e-09,0
40224,1.0,9.148543e-11,0
40225,1.0,8.479958e-10,0
40226,1.0,1.5742987e-11,0
40227,1.0,4.017734e-12,0
40228,1.0,1.779183e-12,0
40229,0.9999999,1.0430874e-07,0
40230,1.0,1.6276773e-11,0
40231,1.0,8.14909e-11,0
40232,1.0,1.9132929e-09,0
40233,1.0,3.6736413e-12,0
40234,1.0,5.189741e-13,0
40235,0.9999999,1.148088e-07,0
40236,1.0,5.8032956e-09,0
40237,1.0,2.8773114e-11,0
40238,1.0,2.3923943e-09,0
40239,1.0,4.417622e-11,0
40240,1.0,8.974375e-09,0
40241,1.0,1.1459232e-09,0
40242,1.0,2.3010403e-10,0
40243,1.0,1.6244481e-12,0
40244,1.0,2.6108204e-13,0
40245,1.0,1.3272161e-10,0
40246,1.0,4.2842875e-11,0
40247,1.0,4.7278305e-12,0
40248,1.0,1.2540474e-10,0
40249,1.0,8.939609e-09,0
40250,1.0,8.344834e-12,0
40251,1.0,2.5784455e-09,0
40252,1.0,7.926703e-13,0
40253,1.0,6.8903674e-11,0
40254,1.0,1.3190136e-11,0
40255,1.0,8.466793e-12,0
40256,0.9999999,1.249825e-07,0
40257,1.0,2.4699344e-12,0
40258,1.0,1.488286e-11,0
40259,1.0,1.3596552e-09,0
40260,1.0,3.4593307e-12,0
40261,1.0,9.773319e-10,0
40262,1.0,7.02788e-10,0
40263,1.0,9.603101e-09,0
40264,1.0,2.7981792e-11,0
40265,1.0,2.932183e-10,0
40266,1.0,3.2715965e-11,0
40267,1.0,2.3635197e-10,0
40268,1.0,2.6247698e-10,0
40269,1.0,4.548788e-10,0
40270,1.0,1.5580794e-09,0
40271,1.0,5.855346e-11,0
40272,1.0,5.3810907e-09,0
40273,1.0,1.2185197e-09,0
40274,1.0,4.941108e-11,0
40275,1.0,4.827875e-10,0
40276,1.0,4.6457626e-11,0
40277,1.0,9.3953335e-12,0
40278,1.0,1.7287668e-09,0
40279,1.0,3.1361877e-10,0
40280,1.0,1.8538331e-09,0
40281,1.0,2.0240601e-10,0
40282,1.0,2.442527e-09,0
40283,1.0,2.7618013e-10,0
40284,1.0,6.01924e-13,0
40285,1.0,1.7204979e-08,0
40286,1.0,2.0774225e-09,0
40287,1.0,9.148211e-11,0
40288,0.9999999,6.954546e-08,0
40289,1.0,4.296417e-10,0
40290,1.0,3.1600343e-12,0
40291,1.0,1.1941791e-09,0
40292,1.0,1.0220926e-12,0
40293,1.0,1.4576764e-09,0
40294,1.0,3.827294e-10,0
40295,1.0,2.5803172e-11,0
40296,1.0,1.5577228e-09,0
40297,0.9999999,1.0379353e-07,0
40298,1.0,5.524817e-10,0
40299,1.0,6.6641923e-09,0
40300,1.0,8.787497e-12,0
40301,1.0,6.0713524e-11,0
40302,1.0,6.3389615e-13,0
40303,0.99998367,1.6320717e-05,0
40304,1.0,3.189641e-11,0
40305,1.0,9.29293e-11,0
40306,1.0,3.472307e-12,0
40307,1.0,5.7266996e-09,0
40308,1.0,2.0047189e-10,0
40309,1.0,1.8438761e-11,0
40310,1.0,7.2134654e-09,0
40311,1.0,2.628719e-09,0
40312,1.0,2.5961046e-11,0
40313,1.0,5.301093e-12,0
40314,1.0,2.7283673e-09,0
40315,1.0,1.5144445e-11,0
40316,1.0,1.2665192e-12,0
40317,1.0,1.2698374e-13,0
40318,1.0,2.6091578e-09,0
40319,1.0,6.278196e-10,0
40320,0.9999999,8.090096e-08,0
40321,1.0,2.0300306e-09,0
40322,1.0,1.13692264e-10,0
40323,1.0,5.2292726e-11,0
40324,1.0,5.9658527e-09,0
40325,1.0,1.2514058e-12,0
40326,1.0,6.254378e-09,0
40327,1.0,1.224299e-10,0
40328,1.0,5.164529e-10,0
40329,0.99999857,1.4199011e-06,0
40330,1.0,5.6936275e-11,0
40331,1.0,6.1913e-11,0
40332,1.0,1.6233107e-09,0
40333,1.0,9.200041e-11,0
40334,1.0,1.572975e-11,0
40335,0.9999995,4.86607e-07,0
40336,1.0,2.1459592e-10,0
40337,1.0,1.0227011e-08,0
40338,1.0,2.3010052e-10,0
40339,1.0,1.3018447e-08,0
40340,1.0,3.9373256e-09,0
40341,1.0,3.9825827e-09,0
40342,1.0,1.2589821e-10,0
40343,1.0,1.3786828e-08,0
40344,1.0,7.5747214e-11,0
40345,1.0,4.3157488e-11,0
40346,1.0,1.36970634e-11,0
40347,1.0,5.0507025e-12,0
40348,1.0,4.5093274e-10,0
40349,1.0,9.076373e-12,0
40350,1.0,1.97089e-09,0
40351,1.0,9.475461e-14,0
40352,1.0,2.5574932e-08,0
40353,1.0,2.6640918e-13,0
40354,1.0,1.191762e-10,0
40355,1.0,1.4404872e-10,0
40356,1.0,2.1217027e-10,0
40357,1.0,2.2878393e-08,0
40358,1.0,5.4489725e-11,0
40359,1.0,9.257538e-13,0
40360,1.0,3.470607e-11,0
40361,1.0,3.2937125e-10,0
40362,1.0,1.1336956e-11,0
40363,1.0,8.882306e-11,0
40364,1.0,1.1306654e-08,0
40365,1.0,6.386681e-13,0
40366,1.0,7.5872475e-10,0
40367,1.0,4.154359e-11,0
40368,1.0,2.614897e-13,0
40369,1.0,2.0508838e-12,0
40370,1.0,5.8211186e-10,0
40371,1.0,2.3485555e-10,0
40372,1.0,7.9042656e-10,0
40373,1.0,6.855315e-11,0
40374,1.0,1.5958499e-09,0
40375,1.0,6.1255883e-12,0
40376,1.0,5.1728715e-09,0
40377,1.0,3.3337475e-09,0
40378,1.0,1.704167e-09,0
40379,1.0,1.3499128e-10,0
40380,1.0,1.5058654e-09,0
40381,1.0,3.705237e-12,0
40382,1.0,1.8265686e-09,0
40383,1.0,1.1882858e-08,0
40384,1.0,9.948564e-11,0
40385,0.99999905,8.9627605e-07,0
40386,1.0,3.7547244e-12,0
40387,1.0,1.383037e-11,0
40388,0.9999999,7.965264e-08,0
40389,1.0,2.0186875e-12,0
40390,1.0,3.010632e-11,0
40391,1.0,4.4715933e-09,0
40392,1.0,2.221413e-11,0
40393,1.0,1.8841224e-09,0
40394,1.0,1.7436421e-09,0
40395,1.0,3.0415546e-09,0
40396,1.0,1.6426431e-09,0
40397,1.0,2.8885947e-11,0
40398,1.0,3.2115033e-10,0
40399,1.0,1.8340124e-08,0
40400,1.0,1.0404939e-08,0
40401,1.0,2.7417009e-09,0
40402,1.0,5.603414e-10,0
40403,1.0,3.1908537e-10,0
40404,1.0,1.851837e-12,0
40405,1.0,5.093463e-12,0
40406,1.0,6.971809e-09,0
40407,1.0,3.056828e-12,0
40408,1.0,3.9361264e-08,0
40409,1.0,3.2082996e-11,0
40410,1.0,3.3073135e-08,0
40411,1.0,7.425214e-10,0
40412,1.0,1.4580927e-10,0
40413,1.0,2.2531106e-10,0
40414,0.9999933,6.618253e-06,0
40415,1.0,7.2634986e-13,0
40416,1.0,1.1876253e-10,0
40417,1.0,1.9750226e-12,0
40418,1.0,3.3808898e-09,0
40419,1.0,8.593178e-11,0
40420,1.0,2.2492806e-10,0
40421,1.0,6.994231e-11,0
40422,1.0,1.6399822e-09,0
40423,1.0,5.705194e-11,0
40424,1.0,7.719259e-11,0
40425,1.0,1.5435509e-08,0
40426,1.0,4.4021262e-12,0
40427,1.0,1.677517e-08,0
40428,1.0,9.997704e-10,0
40429,1.0,8.719416e-11,0
40430,1.0,2.7114098e-08,0
40431,1.0,7.594085e-09,0
40432,1.0,2.2257424e-08,0
40433,1.0,5.7888954e-11,0
40434,0.99999964,3.3641095e-07,0
40435,1.0,7.286353e-09,0
40436,1.0,2.093058e-12,0
40437,1.0,5.541444e-12,0
40438,1.0,2.0954157e-11,0
40439,1.0,2.6025213e-10,0
40440,1.0,1.10808064e-10,0
40441,1.0,2.6904312e-09,0
40442,1.0,1.20645085e-08,0
40443,0.9999999,1.457422e-07,0
40444,1.0,1.0401768e-11,0
40445,1.0,8.6191676e-10,0
40446,1.0,4.0836303e-11,0
40447,1.0,2.3848232e-12,0
40448,1.0,5.764375e-09,0
40449,1.0,2.2818425e-12,0
40450,1.0,2.1789603e-09,0
40451,1.0,3.5820793e-08,0
40452,1.0,6.7957154e-11,0
40453,1.0,2.9268216e-08,0
40454,1.0,2.9471776e-09,0
40455,1.0,7.759079e-09,0
40456,1.0,6.075091e-12,0
40457,1.0,1.4508617e-12,0
40458,1.0,1.7407046e-09,0
40459,1.0,2.5936631e-12,0
40460,1.0,3.172124e-12,0
40461,1.0,7.688058e-09,0
40462,1.0,3.518148e-11,0
40463,1.0,3.0110187e-10,0
40464,1.0,1.11594525e-10,0
40465,1.0,8.41975e-09,0
40466,1.0,5.195731e-10,0
40467,1.0,4.4389215e-12,0
40468,1.0,9.566555e-13,0
40469,1.0,7.28631e-13,0
40470,1.0,1.6947086e-09,0
40471,1.0,6.5823663e-10,0
40472,1.0,1.77056e-09,0
40473,1.0,1.624297e-11,0
40474,1.0,6.5306376e-12,0
40475,1.0,1.5434633e-11,0
40476,1.0,4.741607e-10,0
40477,1.0,6.695094e-11,0
40478,1.0,1.0943968e-13,0
40479,1.0,2.343869e-11,0
40480,1.0,3.356904e-12,0
40481,1.0,4.005201e-12,0
40482,0.9999999,6.900531e-08,0
40483,1.0,3.4710044e-11,0
40484,1.0,1.0414632e-11,0
40485,1.0,2.5260115e-11,0
40486,1.0,1.4187078e-08,0
40487,1.0,3.656497e-10,0
40488,1.0,1.865268e-09,0
40489,1.0,1.2435789e-10,0
40490,1.0,8.321967e-11,0
40491,1.0,1.3595937e-08,0
40492,1.0,8.136303e-12,0
40493,1.0,1.4440152e-08,0
40494,1.0,1.7990864e-10,0
40495,1.0,5.0196904e-09,0
40496,1.0,2.0823078e-11,0
40497,1.0,7.294605e-11,0
40498,1.0,1.0917246e-12,0
40499,0.9999993,7.0077937e-07,0
40500,0.99999917,8.0754796e-07,0
40501,1.0,1.4779164e-10,0
40502,1.0,5.6267473e-11,0
40503,1.0,2.5123978e-12,0
40504,1.0,1.0777597e-11,0
40505,1.0,6.0515877e-13,0
40506,1.0,3.975612e-11,0
40507,1.0,1.0172348e-11,0
40508,1.0,4.7020946e-11,0
40509,1.0,9.5496324e-14,0
40510,1.0,7.204844e-09,0
40511,1.0,1.1635733e-10,0
40512,1.0,1.4174675e-10,0
40513,1.0,9.091482e-12,0
40514,1.0,1.6326905e-10,0
40515,1.0,1.16036854e-10,0
40516,0.99999976,2.3874776e-07,0
40517,1.0,1.0977188e-09,0
40518,1.0,5.428874e-09,0
40519,1.0,3.0541855e-10,0
40520,1.0,3.3637074e-14,0
40521,1.0,5.5134976e-11,0
40522,0.99999905,9.306066e-07,0
40523,1.0,3.4127918e-09,0
40524,1.0,5.8124946e-11,0
40525,1.0,1.0178337e-09,0
40526,1.0,6.9023404e-10,0
40527,1.0,1.2823014e-09,0
40528,0.99999976,1.955923e-07,0
40529,1.0,3.5204552e-12,0
40530,1.0,1.0381066e-09,0
40531,1.0,9.736943e-10,0
40532,1.0,8.807277e-09,0
40533,1.0,1.5597811e-08,0
40534,1.0,9.046422e-12,0
40535,1.0,1.8123265e-09,0
40536,1.0,3.66203e-11,0
40537,1.0,9.68346e-09,0
40538,1.0,2.3443742e-11,0
40539,1.0,1.286215e-10,0
40540,1.0,4.2190447e-09,0
40541,1.0,1.7349618e-11,0
40542,1.0,2.7371199e-08,0
40543,0.99999976,2.5879348e-07,0
40544,1.0,2.3683752e-10,0
40545,1.0,2.6824004e-10,0
40546,1.0,2.633008e-10,0
40547,1.0,3.229241e-11,0
40548,1.0,2.2651067e-10,0
40549,1.0,3.0334491e-13,0
40550,1.0,4.8502795e-12,0
40551,1.0,3.1317043e-10,0
40552,1.0,6.1193294e-12,0
40553,1.0,6.4185085e-12,0
40554,1.0,2.5752248e-10,0
40555,1.0,4.3230792e-12,0
40556,1.0,2.7529683e-08,0
40557,1.0,7.261265e-10,0
40558,1.0,4.333025e-09,0
40559,1.0,2.8082592e-10,0
40560,0.9999999,7.587298e-08,0
40561,1.0,2.4356349e-11,0
40562,1.0,4.4556023e-10,0
40563,1.0,4.8121514e-11,0
40564,1.0,1.5619588e-10,0
40565,1.0,3.5124994e-09,0
40566,1.0,1.4741059e-12,0
40567,1.0,2.5971272e-09,0
40568,1.0,2.4689195e-10,0
40569,1.0,3.0216833e-11,0
40570,1.0,4.493084e-10,0
40571,1.0,1.2946489e-08,0
40572,1.0,4.2403733e-10,0
40573,1.0,2.6982491e-08,0
40574,0.99999845,1.5663542e-06,0
40575,0.9999964,3.606813e-06,0
40576,1.0,1.5852984e-09,0
40577,1.0,5.6233873e-08,0
40578,1.0,2.8343933e-08,0
40579,1.0,9.09137e-10,0
40580,1.0,5.5382634e-12,0
40581,1.0,1.4515317e-08,0
40582,1.0,9.771138e-10,0
40583,1.0,1.5015596e-10,0
40584,1.0,4.2659713e-12,0
40585,1.0,3.3937024e-12,0
40586,1.0,5.4635346e-10,0
40587,1.0,3.612538e-11,0
40588,1.0,3.1059317e-12,0
40589,1.0,3.2261995e-11,0
40590,1.0,2.81598e-12,0
40591,1.0,2.4828112e-11,0
40592,1.0,7.525166e-12,0
40593,1.0,6.8841336e-13,0
40594,1.0,1.0522404e-09,0
40595,1.0,4.256383e-11,0
40596,1.0,6.1128497e-10,0
40597,1.0,2.9226238e-10,0
40598,1.0,1.0908878e-12,0
40599,1.0,1.1328007e-11,0
40600,1.0,4.3558762e-10,0
40601,1.0,7.486274e-11,0
40602,1.0,7.875662e-09,0
40603,1.0,2.3771939e-08,0
40604,1.0,2.560414e-10,0
40605,1.0,1.2650955e-11,0
40606,1.0,3.9467106e-12,0
40607,1.0,1.510736e-09,0
40608,1.0,4.0575196e-11,0
40609,0.9999999,6.362913e-08,0
40610,0.9999999,1.3177538e-07,0
40611,1.0,1.9421085e-08,0
40612,1.0,1.8850947e-11,0
40613,1.0,4.1964062e-12,0
40614,1.0,1.6721421e-10,0
40615,1.0,2.2117157e-10,0
40616,1.0,6.651575e-11,0
40617,1.0,2.7770566e-10,0
40618,1.0,2.955755e-10,0
40619,1.0,4.384076e-09,0
40620,1.0,3.223602e-12,0
40621,1.0,2.0419543e-11,0
40622,1.0,1.9053203e-10,0
40623,1.0,1.2652154e-12,0
40624,1.0,1.6658248e-08,0
40625,1.0,1.5708544e-12,0
40626,1.0,1.288871e-12,0
40627,1.0,2.4217588e-09,0
40628,1.0,3.253972e-11,0
40629,1.0,9.98134e-13,0
40630,1.0,6.701456e-11,0
40631,1.0,2.8101369e-12,0
40632,1.0,3.6106507e-11,0
40633,1.0,2.704127e-12,0
40634,1.0,6.917844e-09,0
40635,1.0,4.2823595e-11,0
40636,1.0,1.0849202e-08,0
40637,0.99999905,9.544941e-07,0
40638,1.0,7.6675374e-14,0
40639,1.0,1.3273001e-13,0
40640,1.0,4.6238922e-11,0
40641,0.9999999,1.1452644e-07,0
40642,1.0,4.0011663e-10,0
40643,1.0,1.3108418e-12,0
40644,1.0,1.7020102e-09,0
40645,1.0,6.784367e-12,0
40646,0.99999976,2.4537778e-07,0
40647,1.0,3.1999334e-11,0
40648,1.0,7.533194e-12,0
40649,1.0,2.970801e-10,0
40650,1.0,2.8207645e-12,0
40651,1.0,5.4418553e-12,0
40652,1.0,1.4296036e-11,0
40653,1.0,1.3058822e-10,0
40654,1.0,6.712035e-11,0
40655,1.0,5.6281408e-08,0
40656,1.0,1.4194046e-10,0
40657,1.0,8.911382e-13,0
40658,1.0,1.7966944e-12,0
40659,1.0,4.6069985e-11,0
40660,1.0,3.3119705e-09,0
40661,1.0,4.602987e-10,0
40662,1.0,3.6838208e-09,0
40663,1.0,3.8036133e-10,0
40664,1.0,2.7387712e-11,0
40665,1.0,3.7451012e-10,0
40666,1.0,6.4130727e-09,0
40667,1.0,7.966046e-10,0
40668,1.0,8.600377e-11,0
40669,1.0,1.222104e-13,0
40670,1.0,1.6701858e-09,0
40671,1.0,1.3090785e-11,0
40672,1.0,9.186101e-11,0
40673,1.0,4.323696e-09,0
40674,1.0,5.1699273e-11,0
40675,1.0,1.5981985e-09,0
40676,1.0,7.270762e-09,0
40677,1.0,1.5139754e-09,0
40678,1.0,7.5885895e-11,0
40679,1.0,1.5615417e-10,0
40680,1.0,1.2590199e-11,0
40681,1.0,1.8611944e-10,0
40682,1.0,3.0299478e-11,0
40683,1.0,1.5377914e-08,0
40684,1.0,7.262872e-10,0
40685,1.0,4.160098e-12,0
40686,1.0,2.8649758e-13,0
40687,1.0,1.0737863e-09,0
40688,0.9999999,8.0345224e-08,0
40689,1.0,8.6921553e-10,0
40690,1.0,6.2354267e-13,0
40691,1.0,2.2548476e-10,0
40692,0.999997,3.0319584e-06,0
40693,0.9999999,9.18536e-08,0
40694,1.0,3.158254e-10,0
40695,1.0,2.0340245e-11,0
40696,1.0,5.7668103e-11,0
40697,1.0,1.0703432e-12,0
40698,1.0,2.8013447e-12,0
40699,1.0,9.2705704e-11,0
40700,1.0,1.7098104e-08,0
40701,1.0,5.289965e-11,0
40702,1.0,4.9198032e-09,0
40703,1.0,3.1326587e-11,0
40704,1.0,2.4616312e-10,0
40705,1.0,5.9479257e-12,0
40706,1.0,4.6040256e-09,0
40707,1.0,5.5523575e-10,0
40708,1.0,1.1475225e-12,0
40709,1.0,1.364354e-10,0
40710,1.0,1.654795e-08,0
40711,1.0,5.8899326e-12,0
40712,1.0,1.7027115e-09,0
40713,1.0,7.664591e-12,0
40714,1.0,6.4422356e-10,0
40715,1.0,2.8924429e-11,0
40716,1.0,2.2076865e-10,0
40717,0.9999999,9.6908366e-08,0
40718,1.0,1.3231366e-10,0
40719,1.0,1.1587937e-10,0
40720,1.0,1.770896e-11,0
40721,1.0,2.3177012e-12,0
40722,1.0,2.3176196e-10,0
40723,0.9999999,1.4642595e-07,0
40724,1.0,1.5623601e-11,0
40725,1.0,4.1200982e-10,0
40726,1.0,1.6219186e-12,0
40727,0.9999999,6.839887e-08,0
40728,1.0,5.5646526e-11,0
40729,0.99999285,7.1831237e-06,0
40730,1.0,3.266683e-11,0
40731,1.0,1.1873796e-08,0
40732,1.0,8.194977e-11,0
40733,1.0,1.2433755e-09,0
40734,1.0,6.7054136e-09,0
40735,1.0,3.7854058e-09,0
40736,1.0,1.657098e-11,0
40737,1.0,4.7765063e-11,0
40738,1.0,4.6311604e-13,0
40739,1.0,3.3187588e-11,0
40740,1.0,2.3995599e-09,0
40741,1.0,5.4217435e-09,0
40742,1.0,1.1189574e-09,0
40743,1.0,9.829641e-11,0
40744,1.0,9.204617e-12,0
40745,1.0,6.04318e-09,0
40746,1.0,9.160979e-10,0
40747,1.0,4.5094392e-10,0
40748,1.0,3.2233014e-08,0
40749,1.0,1.8415502e-10,0
40750,1.0,3.4085615e-10,0
40751,0.9999976,2.3265256e-06,0
40752,1.0,3.6214434e-08,0
40753,0.9999999,7.423861e-08,0
40754,1.0,5.468542e-09,0
40755,1.0,3.089742e-12,0
40756,1.0,8.8939696e-11,0
40757,1.0,1.7791026e-11,0
40758,1.0,4.396624e-11,0
40759,1.0,1.3584317e-09,0
40760,1.0,2.9301703e-10,0
40761,1.0,1.4049245e-10,0
40762,1.0,1.3291312e-10,0
40763,1.0,4.014475e-10,0
40764,1.0,9.3723945e-14,0
40765,1.0,8.69944e-09,0
40766,1.0,1.3705949e-11,0
40767,1.0,6.229498e-12,0
40768,1.0,1.12950246e-10,0
40769,1.0,1.5739196e-12,0
40770,1.0,1.8322972e-10,0
40771,1.0,2.8365576e-11,0
40772,1.0,2.6656092e-11,0
40773,1.0,6.345958e-12,0
40774,1.0,7.184445e-11,0
40775,1.0,9.784892e-12,0
40776,1.0,4.323337e-11,0
40777,1.0,1.0712512e-10,0
40778,1.0,1.6414536e-12,0
40779,1.0,2.1603577e-10,0
40780,1.0,3.9616552e-10,0
40781,1.0,1.6080991e-13,0
40782,1.0,3.9952652e-13,0
40783,1.0,8.731266e-11,0
40784,1.0,1.215953e-11,0
40785,1.0,3.0733745e-11,0
40786,1.0,7.695688e-09,0
40787,1.0,3.9964146e-10,0
40788,1.0,4.895998e-13,0
40789,1.0,3.3980308e-11,0
40790,1.0,4.3831102e-11,0
40791,1.0,4.8470106e-10,0
40792,1.0,5.374588e-09,0
40793,1.0,9.320618e-12,0
40794,1.0,5.1994338e-12,0
40795,1.0,1.1072635e-09,0
40796,1.0,4.1586404e-11,0
40797,1.0,7.545881e-11,0
40798,1.0,2.7618028e-09,0
40799,0.99999976,1.9198416e-07,0
40800,1.0,2.6343772e-08,0
40801,0.9999999,9.9705e-08,0
40802,1.0,2.8207645e-12,0
40803,1.0,8.4222386e-13,0
40804,1.0,3.5772488e-10,0
40805,1.0,8.254464e-11,0
40806,1.0,5.0766086e-11,0
40807,1.0,5.889733e-11,0
40808,1.0,1.8526636e-12,0
40809,1.0,8.82295e-12,0
40810,1.0,4.861127e-11,0
40811,1.0,2.3914373e-08,0
40812,1.0,1.6652919e-11,0
40813,1.0,8.542291e-11,0
40814,1.0,1.292644e-10,0
40815,1.0,3.1808806e-11,0
40816,1.0,5.787993e-10,0
40817,1.0,8.672123e-09,0
40818,1.0,5.328715e-13,0
40819,1.0,1.6224865e-10,0
40820,1.0,2.1835138e-11,0
40821,1.0,1.1093023e-11,0
40822,1.0,1.8529358e-12,0
40823,1.0,2.5511203e-12,0
40824,1.0,3.547087e-11,0
40825,1.0,2.8489145e-11,0
40826,1.0,2.649153e-10,0
40827,1.0,8.0126725e-11,0
40828,1.0,1.9278064e-09,0
40829,1.0,1.5895525e-09,0
40830,1.0,1.7547368e-11,0
40831,0.9999995,4.9236365e-07,0
40832,1.0,3.630207e-11,0
40833,1.0,7.570529e-12,0
40834,1.0,9.49856e-12,0
40835,1.0,1.0901744e-08,0
40836,1.0,4.096317e-10,0
40837,1.0,8.1185114e-11,0
40838,1.0,6.2139134e-13,0
40839,1.0,2.4202232e-11,0
40840,1.0,8.5143814e-10,0
40841,1.0,1.5703785e-08,0
40842,1.0,7.851049e-13,0
40843,1.0,5.960109e-09,0
40844,1.0,6.418432e-13,0
40845,1.0,1.1244398e-11,0
40846,1.0,1.8069212e-09,0
40847,1.0,2.7175926e-11,0
40848,1.0,3.1435042e-11,0
40849,1.0,6.6399104e-12,0
40850,1.0,1.4353639e-10,0
40851,1.0,3.4022446e-12,0
40852,1.0,1.0788039e-12,0
40853,1.0,4.141928e-08,0
40854,1.0,6.5935465e-11,0
40855,1.0,3.599163e-10,0
40856,1.0,5.6837725e-12,0
40857,1.0,3.5889283e-10,0
40858,1.0,2.3741012e-10,0
40859,1.0,4.596906e-14,0
40860,1.0,1.1355151e-08,0
40861,1.0,3.904102e-12,0
40862,1.0,2.0817835e-11,0
40863,1.0,5.631372e-12,0
40864,1.0,6.374573e-09,0
40865,1.0,3.0041014e-13,0
40866,1.0,3.5386267e-11,0
40867,1.0,2.3032458e-09,0
40868,1.0,8.3047146e-11,0
40869,1.0,7.993275e-10,0
40870,1.0,6.6763034e-13,0
40871,1.0,2.5719222e-13,0
40872,1.0,5.0331237e-12,0
40873,1.0,1.8108691e-08,0
40874,1.0,5.680137e-10,0
40875,1.0,5.5138e-12,0
40876,1.0,7.754965e-13,0
40877,1.0,1.315547e-10,0
40878,1.0,1.9756252e-12,0
40879,1.0,8.698515e-12,0
40880,1.0,2.654641e-10,0
40881,1.0,3.46579e-08,0
40882,1.0,1.1056011e-12,0
40883,1.0,1.780266e-12,0
40884,1.0,2.6872113e-12,0
40885,1.0,1.2461772e-09,0
40886,1.0,2.0606424e-13,0
40887,1.0,6.0987404e-12,0
40888,1.0,1.6609007e-12,0
40889,1.0,8.662203e-09,0
40890,1.0,2.1066685e-11,0
40891,1.0,5.720739e-09,0
40892,1.0,8.601537e-12,0
40893,1.0,1.13414104e-11,0
40894,1.0,8.7118935e-13,0
40895,1.0,9.314362e-12,0
40896,1.0,8.123286e-14,0
40897,1.0,9.610545e-12,0
40898,1.0,1.7925014e-12,0
40899,1.0,8.739155e-09,0
40900,1.0,6.8628134e-14,0
40901,1.0,1.762893e-10,0
40902,1.0,6.9386967e-09,0
40903,1.0,3.9753576e-13,0
40904,1.0,2.7592229e-09,0
40905,1.0,8.333474e-09,0
40906,1.0,8.632605e-11,0
40907,1.0,1.9770832e-13,0
40908,1.0,2.2161146e-11,0
40909,1.0,1.2601556e-08,0
40910,1.0,2.064178e-10,0
40911,1.0,1.8992698e-12,0
40912,1.0,1.639703e-10,0
40913,1.0,1.2407109e-12,0
40914,1.0,2.2018653e-11,0
40915,1.0,1.2479968e-09,0
40916,1.0,3.35975e-11,0
40917,1.0,1.17422e-12,0
40918,1.0,4.4279687e-09,0
40919,1.0,2.9673448e-11,0
40920,1.0,1.3793804e-11,0
40921,1.0,1.9312962e-08,0
40922,1.0,1.5751938e-11,0
40923,1.0,4.4698196e-09,0
40924,1.0,4.0166964e-10,0
40925,1.0,3.8202757e-11,0
40926,1.0,6.420854e-10,0
40927,1.0,2.7047284e-10,0
40928,1.0,6.8057777e-12,0
40929,1.0,7.1018235e-12,0
40930,1.0,3.0031134e-11,0
40931,1.0,2.0301519e-08,0
40932,1.0,4.1836295e-11,0
40933,1.0,8.707645e-12,0
40934,1.0,1.5749887e-12,0
40935,1.0,3.047906e-10,0
40936,0.99999833,1.6266827e-06,0
40937,1.0,3.0490936e-13,0
40938,1.0,1.9031883e-10,0
40939,1.0,6.3795987e-12,0
40940,1.0,1.655435e-09,0
40941,1.0,2.674278e-10,0
40942,1.0,2.3540536e-10,0
40943,1.0,3.7146345e-12,0
40944,1.0,1.0056167e-13,0
40945,1.0,7.786757e-13,0
40946,1.0,1.8289155e-12,0
40947,1.0,7.9532175e-10,0
40948,1.0,3.1184275e-08,0
40949,1.0,9.34803e-13,0
40950,1.0,7.9625373e-10,0
40951,1.0,1.0387934e-10,0
40952,1.0,1.5780789e-13,0
40953,0.9999999,1.481688e-07,0
40954,1.0,1.5660941e-09,0
40955,1.0,4.331967e-09,0
40956,1.0,1.175822e-09,0
40957,1.0,7.305452e-11,0
40958,1.0,4.8167494e-12,0
40959,1.0,1.3767985e-12,0
40960,1.0,2.3234749e-14,0
40961,1.0,1.3588357e-13,0
40962,1.0,7.340167e-09,0
40963,1.0,1.0238258e-11,0
40964,1.0,2.0048168e-08,0
40965,1.0,6.013827e-12,0
40966,1.0,4.8783316e-10,0
40967,1.0,3.298226e-10,0
40968,1.0,5.044962e-13,0
40969,1.0,1.7264716e-11,0
40970,1.0,3.9443515e-10,0
40971,1.0,6.6924033e-10,0
40972,1.0,1.7340488e-11,0
40973,1.0,1.3645602e-09,0
40974,1.0,1.8983783e-09,0
40975,1.0,3.4926142e-11,0
40976,1.0,1.2475607e-10,0
40977,1.0,1.1324815e-10,0
40978,1.0,1.0451826e-11,0
40979,1.0,4.082542e-10,0
40980,1.0,2.9929233e-11,0
40981,0.99999976,1.9155547e-07,0
40982,1.0,2.934667e-10,0
40983,1.0,1.6486248e-10,0
40984,1.0,1.6081946e-09,0
40985,1.0,6.9517704e-13,0
40986,1.0,6.846237e-10,0
40987,1.0,1.0773832e-08,0
40988,1.0,1.8404047e-11,0
40989,1.0,4.8111466e-09,0
40990,1.0,4.0140573e-12,0
40991,1.0,3.630525e-11,0
40992,1.0,1.1437353e-09,0
40993,1.0,5.669786e-11,0
40994,1.0,2.4085092e-10,0
40995,1.0,2.5887665e-11,0
40996,1.0,7.896768e-12,0
40997,1.0,1.0145875e-12,0
40998,1.0,1.5151973e-09,0
40999,1.0,5.4715496e-08,0
41000,1.0,1.4379494e-08,0
41001,1.0,1.2014488e-09,0
41002,1.0,2.132877e-10,0
41003,1.0,1.5145963e-09,0
41004,1.0,1.3043705e-11,0
41005,1.0,7.4109416e-09,0
41006,1.0,7.2611197e-12,0
41007,1.0,3.7213199e-13,0
41008,1.0,4.419474e-12,0
41009,1.0,3.480025e-08,0
41010,1.0,1.4252673e-10,0
41011,1.0,7.611755e-11,0
41012,1.0,7.0313855e-12,0
41013,1.0,2.3176548e-10,0
41014,1.0,2.655721e-13,0
41015,1.0,2.6077188e-10,0
41016,1.0,3.5469232e-12,0
41017,1.0,9.851296e-12,0
41018,1.0,7.607589e-11,0
41019,1.0,2.5651994e-10,0
41020,1.0,5.5584475e-11,0
41021,1.0,3.067514e-10,0
41022,0.99999964,3.4806897e-07,0
41023,1.0,1.2960509e-10,0
41024,1.0,2.7933122e-10,0
41025,1.0,1.8039363e-12,0
41026,1.0,9.818852e-10,0
41027,1.0,4.1522974e-12,0
41028,1.0,2.1316505e-12,0
41029,1.0,1.4096386e-09,0
41030,1.0,4.6978994e-11,0
41031,1.0,1.6130607e-09,0
41032,1.0,6.9534717e-12,0
41033,1.0,1.7098527e-08,0
41034,0.9999999,1.1369622e-07,0
41035,1.0,6.2515126e-10,0
41036,1.0,1.1656924e-10,0
41037,1.0,1.5977009e-10,0
41038,1.0,4.7412635e-10,0
41039,1.0,2.6119072e-12,0
41040,1.0,2.8917786e-09,0
41041,1.0,2.0625547e-08,0
41042,1.0,3.856451e-10,0
41043,1.0,3.5862938e-10,0
41044,1.0,5.698511e-13,0
41045,1.0,3.994984e-09,0
41046,1.0,5.4819663e-11,0
41047,1.0,2.7368317e-09,0
41048,1.0,4.7896504e-12,0
41049,1.0,2.1761641e-10,0
41050,1.0,1.5202255e-09,0
41051,0.9999999,1.7146706e-07,0
41052,1.0,2.575205e-10,0
41053,1.0,1.4825359e-13,0
41054,1.0,1.5029579e-10,0
41055,1.0,5.3919607e-09,0
41056,0.9999995,5.1138574e-07,0
41057,1.0,2.077134e-12,0
41058,1.0,6.761105e-11,0
41059,1.0,1.1710893e-11,0
41060,1.0,9.716392e-09,0
41061,1.0,3.321998e-13,0
41062,1.0,1.0395214e-09,0
41063,1.0,2.1346128e-08,0
41064,1.0,3.4652232e-11,0
41065,1.0,6.384958e-11,0
41066,1.0,1.0157126e-08,0
41067,1.0,2.1088032e-11,0
41068,0.99999976,1.7881926e-07,0
41069,1.0,8.041647e-13,0
41070,1.0,1.837583e-09,0
41071,1.0,6.5674396e-11,0
41072,1.0,4.0809127e-11,0
41073,1.0,2.1686086e-08,0
41074,1.0,8.0457857e-10,0
41075,1.0,8.739501e-10,0
41076,1.0,6.6128825e-10,0
41077,1.0,5.420947e-13,0
41078,1.0,5.214964e-13,0
41079,1.0,7.963627e-11,0
41080,1.0,1.0499349e-09,0
41081,1.0,2.4332945e-11,0
41082,1.0,1.7731604e-11,0
41083,1.0,2.7143447e-11,0
41084,1.0,1.2963043e-08,0
41085,1.0,1.2687504e-09,0
41086,1.0,2.585851e-14,0
41087,1.0,2.6527606e-12,0
41088,1.0,3.6315384e-10,0
41089,1.0,9.079343e-14,0
41090,1.0,1.0404065e-08,0
41091,1.0,1.16590305e-11,0
41092,1.0,5.333393e-09,0
41093,1.0,1.7794842e-13,0
41094,0.9999999,9.240678e-08,0
41095,1.0,4.613649e-10,0
41096,1.0,8.559714e-10,0
41097,1.0,2.2105866e-09,0
41098,1.0,9.743767e-09,0
41099,1.0,4.906976e-12,0
41100,1.0,7.688406e-10,0
41101,1.0,4.4256845e-11,0
41102,1.0,2.0569738e-10,0
41103,1.0,7.1783044e-12,0
41104,1.0,1.7013398e-11,0
41105,1.0,2.1868982e-11,0
41106,1.0,3.1895395e-10,0
41107,1.0,8.952803e-12,0
41108,1.0,4.0083574e-12,0
41109,1.0,3.205876e-08,0
41110,1.0,1.9443165e-09,0
41111,1.0,4.9820658e-11,0
41112,1.0,1.2776359e-13,0
41113,1.0,5.0150123e-12,0
41114,1.0,4.276189e-11,0
41115,1.0,5.910324e-12,0
41116,1.0,4.8455617e-09,0
41117,1.0,7.3067548e-09,0
41118,1.0,5.4416086e-11,0
41119,1.0,3.9892196e-09,0
41120,1.0,1.0469273e-09,0
41121,1.0,2.87863e-10,0
41122,1.0,2.1532233e-11,0
41123,1.0,4.780218e-10,0
41124,1.0,8.7532515e-09,0
41125,1.0,3.266845e-11,0
41126,1.0,2.350161e-09,0
41127,0.99999964,3.7994448e-07,0
41128,1.0,1.15665125e-11,0
41129,1.0,9.6220636e-12,0
41130,1.0,2.1595021e-09,0
41131,1.0,1.5547754e-09,0
41132,1.0,1.8214449e-08,0
41133,1.0,1.3638186e-09,0
41134,1.0,1.4587576e-10,0
41135,1.0,5.5989613e-09,0
41136,0.99999917,7.951494e-07,0
41137,1.0,4.94741e-10,0
41138,1.0,5.8632615e-10,0
41139,0.9999976,2.32649e-06,0
41140,1.0,3.5893354e-12,0
41141,1.0,4.4705822e-11,0
41142,1.0,4.1709216e-11,0
41143,1.0,4.9247883e-13,0
41144,1.0,9.090191e-10,0
41145,1.0,1.7252362e-12,0
41146,1.0,7.790884e-10,0
41147,1.0,4.1011167e-10,0
41148,1.0,1.6207963e-08,0
41149,1.0,2.8327661e-12,0
41150,1.0,1.351334e-11,0
41151,1.0,1.7730913e-09,0
41152,1.0,5.2215867e-08,0
41153,1.0,1.1962291e-08,0
41154,0.99999917,7.9802254e-07,0
41155,1.0,6.0018013e-10,0
41156,1.0,5.490419e-12,0
41157,1.0,8.17185e-10,0
41158,1.0,1.966443e-10,0
41159,1.0,5.863907e-11,0
41160,1.0,1.5590032e-10,0
41161,1.0,3.0976135e-12,0
41162,1.0,6.768717e-15,0
41163,1.0,1.138839e-10,0
41164,1.0,6.7387165e-11,0
41165,1.0,1.0452155e-09,0
41166,1.0,5.7887473e-09,0
41167,1.0,3.500564e-11,0
41168,1.0,9.961315e-09,0
41169,1.0,2.9945477e-13,0
41170,1.0,4.074611e-12,0
41171,1.0,6.226519e-11,0
41172,1.0,1.3659306e-08,0
41173,1.0,9.122188e-13,0
41174,1.0,2.6573637e-12,0
41175,1.0,4.914551e-13,0
41176,1.0,5.14037e-11,0
41177,1.0,1.16352886e-10,0
41178,1.0,1.3674321e-08,0
41179,1.0,5.83683e-13,0
41180,0.9999999,7.91592e-08,0
41181,1.0,1.2821456e-08,0
41182,1.0,3.4861356e-09,0
41183,1.0,4.116528e-12,0
41184,1.0,3.2823002e-09,0
41185,1.0,1.4536344e-12,0
41186,1.0,5.6841283e-09,0
41187,1.0,2.4643934e-10,0
41188,0.9999999,1.6725623e-07,0
41189,1.0,1.5101251e-09,0
41190,1.0,1.357419e-09,0
41191,1.0,8.0782505e-13,0
41192,1.0,9.0835785e-12,0
41193,1.0,3.7896555e-08,0
41194,0.9999982,1.7388228e-06,0
41195,1.0,5.3807566e-11,0
41196,1.0,2.5270138e-11,0
41197,1.0,3.138559e-09,0
41198,0.99998724,1.2727773e-05,0
41199,1.0,3.1825342e-09,0
41200,1.0,7.2708035e-09,0
41201,1.0,1.986934e-10,0
41202,1.0,1.3408076e-11,0
41203,1.0,4.0223366e-11,0
41204,1.0,1.4603048e-11,0
41205,1.0,5.223937e-12,0
41206,1.0,7.805967e-10,0
41207,1.0,4.5039636e-10,0
41208,1.0,1.1235614e-10,0
41209,1.0,1.5856107e-12,0
41210,1.0,3.37405e-08,0
41211,1.0,9.898458e-12,0
41212,1.0,3.523235e-09,0
41213,1.0,4.5589548e-12,0
41214,1.0,2.1441416e-11,0
41215,1.0,6.398457e-10,0
41216,1.0,3.6706263e-10,0
41217,1.0,8.822817e-12,0
41218,1.0,1.5798205e-12,0
41219,1.0,1.4057374e-13,0
41220,1.0,3.5694071e-12,0
41221,1.0,1.5023454e-09,0
41222,0.9999976,2.4021358e-06,0
41223,1.0,1.6305299e-11,0
41224,1.0,1.4430336e-10,0
41225,1.0,4.860592e-10,0
41226,0.99999964,3.4755283e-07,0
41227,1.0,2.870836e-08,0
41228,1.0,3.0092517e-09,0
41229,1.0,2.4628805e-10,0
41230,1.0,4.011677e-12,0
41231,1.0,6.783801e-11,0
41232,1.0,1.5033953e-08,0
41233,1.0,3.614377e-08,0
41234,1.0,8.602896e-09,0
41235,1.0,2.3109905e-09,0
41236,1.0,2.2742552e-09,0
41237,1.0,6.3651626e-11,0
41238,0.9999958,4.150266e-06,0
41239,1.0,6.3009313e-09,0
41240,1.0,8.3001455e-13,0
41241,1.0,4.29465e-09,0
41242,1.0,1.5032045e-10,0
41243,1.0,2.7381548e-11,0
41244,1.0,6.664834e-11,0
41245,1.0,3.6170175e-12,0
41246,1.0,5.197515e-10,0
41247,1.0,2.9758598e-10,0
41248,1.0,4.090931e-09,0
41249,1.0,1.5425119e-12,0
41250,0.99999976,2.6622934e-07,0
41251,1.0,2.8903284e-09,0
41252,1.0,1.9827875e-11,0
41253,1.0,3.316533e-10,0
41254,1.0,3.1455778e-12,0
41255,0.9999999,6.1761874e-08,0
41256,1.0,1.5955082e-10,0
41257,1.0,8.2847523e-10,0
41258,1.0,1.6262764e-09,0
41259,1.0,1.0917637e-09,0
41260,1.0,3.176715e-11,0
41261,1.0,2.2874225e-10,0
41262,1.0,1.2663739e-09,0
41263,1.0,7.900418e-11,0
41264,1.0,3.688556e-11,0
41265,1.0,9.588609e-12,0
41266,1.0,5.097239e-10,0
41267,0.9999999,1.06083e-07,0
41268,0.9999975,2.542126e-06,0
41269,1.0,2.3370389e-11,0
41270,1.0,4.6218637e-11,0
41271,0.99999976,2.336252e-07,0
41272,1.0,3.3027476e-13,0
41273,1.0,3.626027e-11,0
41274,0.9999987,1.3068947e-06,0
41275,1.0,1.6158475e-09,0
41276,1.0,1.7819688e-11,0
41277,1.0,8.398758e-12,0
41278,1.0,2.878158e-10,0
41279,1.0,5.7950245e-08,0
41280,1.0,2.5069313e-12,0
41281,1.0,3.9549058e-10,0
41282,1.0,5.2624664e-13,0
41283,1.0,2.4337298e-08,0
41284,1.0,9.7471024e-11,0
41285,0.99999964,3.372442e-07,0
41286,0.99997616,2.3856846e-05,0
41287,1.0,4.0535153e-10,0
41288,1.0,9.546905e-13,0
41289,1.0,1.1950528e-11,0
41290,1.0,1.10920766e-10,0
41291,1.0,1.3803745e-12,0
41292,1.0,1.6910518e-11,0
41293,1.0,2.2574498e-11,0
41294,1.0,2.9899336e-11,0
41295,1.0,1.6337418e-12,0
41296,1.0,6.907131e-11,0
41297,1.0,7.049316e-11,0
41298,1.0,2.1126238e-11,0
41299,1.0,1.0656133e-12,0
41300,1.0,3.3501257e-11,0
41301,1.0,4.5453923e-12,0
41302,1.0,2.996112e-10,0
41303,1.0,3.9300307e-10,0
41304,1.0,2.969124e-10,0
41305,1.0,1.0485936e-10,0
41306,1.0,5.9852383e-13,0
41307,1.0,7.0768325e-09,0
41308,1.0,8.519274e-13,0
41309,1.0,6.7911965e-10,0
41310,1.0,1.4615816e-10,0
41311,1.0,3.2370974e-11,0
41312,1.0,7.5605977e-13,0
41313,1.0,9.8301e-13,0
41314,1.0,3.6642434e-12,0
41315,1.0,2.1187795e-13,0
41316,1.0,3.9780845e-11,0
41317,1.0,1.2845074e-12,0
41318,1.0,7.855506e-11,0
41319,1.0,5.0451475e-12,0
41320,1.0,6.3423065e-11,0
41321,1.0,3.2881777e-09,0
41322,1.0,8.8066666e-14,0
41323,1.0,1.6084137e-11,0
41324,1.0,2.0541207e-09,0
41325,1.0,1.0724375e-09,0
41326,1.0,1.764957e-08,0
41327,1.0,9.764044e-13,0
41328,1.0,5.790801e-09,0
41329,1.0,2.2304977e-12,0
41330,1.0,1.3013944e-13,0
41331,1.0,3.7432835e-12,0
41332,1.0,4.0919653e-11,0
41333,0.9999993,6.6124596e-07,0
41334,1.0,5.03629e-13,0
41335,1.0,2.1426373e-11,0
41336,1.0,2.7941396e-09,0
41337,1.0,1.6702616e-10,0
41338,1.0,3.6433573e-08,0
41339,1.0,2.9071412e-13,0
41340,1.0,6.5739816e-11,0
41341,1.0,1.2511047e-09,0
41342,1.0,3.592291e-10,0
41343,1.0,8.687009e-12,0
41344,1.0,8.283891e-12,0
41345,1.0,3.0234393e-09,0
41346,1.0,4.1644587e-11,0
41347,1.0,4.6470766e-10,0
41348,1.0,2.0761864e-13,0
41349,1.0,1.3826955e-09,0
41350,1.0,6.926743e-09,0
41351,1.0,6.142521e-11,0
41352,1.0,2.4727426e-13,0
41353,1.0,3.308905e-11,0
41354,1.0,9.627072e-09,0
41355,1.0,1.7542501e-09,0
41356,1.0,5.255598e-12,0
41357,1.0,1.8019033e-09,0
41358,1.0,6.570193e-12,0
41359,1.0,2.1301164e-10,0
41360,1.0,6.1946277e-12,0
41361,1.0,3.5490668e-09,0
41362,1.0,3.1879355e-09,0
41363,1.0,1.2953632e-11,0
41364,1.0,3.6686487e-12,0
41365,1.0,2.9302374e-10,0
41366,1.0,4.1291864e-13,0
41367,1.0,1.3119388e-10,0
41368,1.0,1.2202531e-08,0
41369,1.0,1.1551261e-10,0
41370,1.0,5.003113e-10,0
41371,1.0,1.4457043e-12,0
41372,1.0,3.6101805e-12,0
41373,1.0,1.6909147e-13,0
41374,1.0,3.358247e-13,0
41375,1.0,4.0411154e-11,0
41376,1.0,8.966999e-13,0
41377,1.0,1.8337245e-09,0
41378,1.0,6.6999094e-11,0
41379,1.0,3.4841943e-13,0
41380,1.0,3.1239755e-12,0
41381,1.0,2.3480116e-08,0
41382,1.0,3.6913536e-13,0
41383,1.0,1.7227389e-10,0
41384,1.0,9.312728e-12,0
41385,0.9999999,9.873323e-08,0
41386,1.0,3.0729468e-11,0
41387,1.0,4.781048e-10,0
41388,1.0,1.1672905e-09,0
41389,1.0,1.3608383e-09,0
41390,1.0,3.1031858e-11,0
41391,1.0,2.8171741e-11,0
41392,1.0,1.07446224e-13,0
41393,0.99999917,7.8952905e-07,0
41394,1.0,2.6502306e-13,0
41395,1.0,1.0388057e-13,0
41396,1.0,1.0170459e-09,0
41397,1.0,9.753118e-09,0
41398,1.0,1.8136294e-10,0
41399,1.0,1.0586709e-08,0
41400,1.0,1.4193192e-12,0
41401,1.0,1.2792923e-12,0
41402,1.0,2.734187e-12,0
41403,1.0,8.8437163e-10,0
41404,1.0,2.4648423e-12,0
41405,1.0,6.750127e-11,0
41406,1.0,1.3429339e-12,0
41407,1.0,1.4356322e-10,0
41408,1.0,1.3435328e-09,0
41409,1.0,2.0350995e-11,0
41410,1.0,1.06837005e-10,0
41411,1.0,2.8390706e-10,0
41412,1.0,6.067197e-11,0
41413,1.0,7.6323003e-10,0
41414,1.0,1.4104381e-12,0
41415,1.0,5.366697e-10,0
41416,1.0,6.2776357e-09,0
41417,1.0,1.249222e-11,0
41418,1.0,1.4012061e-12,0
41419,1.0,6.278982e-11,0
41420,1.0,9.0533664e-11,0
41421,1.0,3.1350495e-11,0
41422,1.0,2.889708e-11,0
41423,1.0,2.1387919e-10,0
41424,1.0,7.668485e-11,0
41425,1.0,5.2856587e-11,0
41426,1.0,1.8090247e-09,0
41427,1.0,1.790482e-08,0
41428,1.0,9.003552e-10,0
41429,1.0,8.2131295e-11,0
41430,1.0,2.8696837e-10,0
41431,1.0,1.7401744e-08,0
41432,1.0,2.851765e-10,0
41433,1.0,6.283037e-13,0
41434,1.0,7.794919e-12,0
41435,0.9999999,8.1519154e-08,0
41436,1.0,2.185988e-12,0
41437,1.0,7.5745195e-11,0
41438,1.0,5.6214777e-12,0
41439,1.0,3.560099e-12,0
41440,1.0,3.6541653e-08,0
41441,1.0,1.7378291e-12,0
41442,1.0,3.7457667e-13,0
41443,1.0,1.1192189e-11,0
41444,1.0,5.501074e-10,0
41445,1.0,5.585865e-12,0
41446,1.0,7.5859416e-11,0
41447,1.0,4.0765274e-10,0
41448,1.0,4.159719e-11,0
41449,1.0,1.9714593e-11,0
41450,1.0,1.1991359e-10,0
41451,1.0,9.782237e-13,0
41452,1.0,4.9058736e-11,0
41453,1.0,2.2708285e-11,0
41454,1.0,2.4489189e-12,0
41455,1.0,1.2964087e-11,0
41456,1.0,1.6854385e-08,0
41457,1.0,2.6646563e-09,0
41458,1.0,2.9386665e-10,0
41459,1.0,6.911842e-13,0
41460,1.0,1.2161838e-09,0
41461,1.0,2.3309167e-12,0
41462,1.0,9.9195555e-11,0
41463,1.0,1.3714525e-11,0
41464,1.0,8.0345374e-12,0
41465,1.0,1.6761053e-13,0
41466,1.0,3.413539e-10,0
41467,1.0,9.67721e-11,0
41468,1.0,1.7481776e-09,0
41469,1.0,1.3071069e-12,0
41470,1.0,4.6485458e-11,0
41471,1.0,4.068879e-12,0
41472,1.0,6.662012e-11,0
41473,1.0,1.4008501e-09,0
41474,1.0,3.4835945e-10,0
41475,1.0,5.11313e-10,0
41476,1.0,5.7553608e-11,0
41477,1.0,8.538972e-10,0
41478,1.0,1.8172105e-09,0
41479,1.0,1.02157525e-10,0
41480,1.0,1.557948e-10,0
41481,1.0,2.0850034e-10,0
41482,1.0,9.41547e-10,0
41483,1.0,3.9908615e-10,0
41484,1.0,5.5210427e-11,0
41485,1.0,1.8668802e-09,0
41486,1.0,2.4294351e-08,0
41487,1.0,1.7656085e-10,0
41488,1.0,5.6726363e-13,0
41489,1.0,6.089517e-10,0
41490,1.0,8.3331966e-11,0
41491,1.0,1.4567041e-12,0
41492,1.0,9.21539e-11,0
41493,1.0,2.1468495e-12,0
41494,1.0,6.424461e-12,0
41495,1.0,1.3006658e-08,0
41496,1.0,5.7664144e-11,0
41497,1.0,2.2684338e-08,0
41498,1.0,2.3898142e-08,0
41499,1.0,2.100777e-12,0
41500,1.0,8.6599355e-10,0
41501,1.0,1.0364832e-11,0
41502,1.0,9.469622e-11,0
41503,1.0,2.1950912e-09,0
41504,1.0,1.5466498e-10,0
41505,1.0,4.62818e-11,0
41506,1.0,3.0634928e-09,0
41507,1.0,1.1689547e-13,0
41508,1.0,3.1157472e-11,0
41509,1.0,7.5572135e-12,0
41510,1.0,1.12848004e-13,0
41511,1.0,2.3618286e-11,0
41512,1.0,1.5234075e-12,0
41513,1.0,3.212399e-13,0
41514,1.0,4.110565e-12,0
41515,1.0,5.183373e-12,0
41516,1.0,4.8076126e-10,0
41517,1.0,1.331251e-12,0
41518,1.0,8.937738e-12,0
41519,1.0,2.7722694e-12,0
41520,1.0,1.814637e-09,0
41521,1.0,7.0885715e-09,0
41522,1.0,5.0255286e-11,0
41523,1.0,6.333373e-11,0
41524,1.0,4.5171885e-13,0
41525,1.0,1.2293722e-10,0
41526,1.0,5.861336e-11,0
41527,1.0,2.8660392e-11,0
41528,1.0,3.1906225e-10,0
41529,1.0,1.5247753e-10,0
41530,1.0,1.5571992e-10,0
41531,1.0,1.7847401e-12,0
41532,1.0,1.926145e-09,0
41533,1.0,1.3053728e-12,0
41534,1.0,3.131462e-12,0
41535,1.0,1.7211592e-10,0
41536,1.0,7.807269e-12,0
41537,1.0,6.0263196e-12,0
41538,1.0,2.5580406e-11,0
41539,1.0,5.331559e-10,0
41540,1.0,1.1884104e-12,0
41541,1.0,4.4953507e-12,0
41542,0.99999976,2.8648637e-07,0
41543,1.0,3.381402e-11,0
41544,1.0,1.5730304e-13,0
41545,1.0,1.883775e-08,0
41546,1.0,9.302649e-11,0
41547,1.0,1.605124e-09,0
41548,1.0,4.7546255e-12,0
41549,1.0,9.540317e-09,0
41550,1.0,3.0793305e-11,0
41551,1.0,1.324459e-11,0
41552,1.0,1.1896323e-09,0
41553,1.0,3.7595008e-10,0
41554,1.0,1.7252756e-12,0
41555,1.0,2.8913205e-13,0
41556,1.0,1.3653027e-12,0
41557,1.0,2.72767e-09,0
41558,0.99999964,3.310855e-07,0
41559,1.0,1.5779723e-11,0
41560,1.0,2.0624198e-09,0
41561,1.0,8.8778385e-10,0
41562,1.0,1.4409356e-13,0
41563,1.0,3.201334e-13,0
41564,1.0,3.7199277e-10,0
41565,1.0,4.399132e-11,0
41566,1.0,4.634273e-12,0
41567,1.0,1.6114361e-10,0
41568,1.0,6.1750516e-10,0
41569,1.0,3.0700073e-10,0
41570,1.0,1.75746e-11,0
41571,1.0,1.0381057e-11,0
41572,1.0,2.3191206e-12,0
41573,1.0,5.9936496e-12,0
41574,1.0,8.300047e-10,0
41575,1.0,4.6339304e-11,0
41576,1.0,9.8088435e-09,0
41577,1.0,7.41867e-11,0
41578,0.9999999,8.4943245e-08,0
41579,1.0,9.735197e-10,0
41580,1.0,2.8447375e-12,0
41581,1.0,1.141397e-09,0
41582,1.0,4.8559724e-12,0
41583,0.99999964,3.0298372e-07,0
41584,1.0,4.842958e-12,0
41585,1.0,6.458993e-10,0
41586,1.0,3.4187105e-11,0
41587,1.0,1.4710459e-10,0
41588,1.0,8.581575e-09,0
41589,1.0,9.182728e-13,0
41590,1.0,2.2021173e-11,0
41591,1.0,1.2682252e-13,0
41592,1.0,5.046716e-12,0
41593,1.0,3.293106e-12,0
41594,1.0,4.530518e-10,0
41595,1.0,6.2280664e-10,0
41596,1.0,4.761302e-13,0
41597,1.0,1.4050573e-08,0
41598,1.0,3.800642e-09,0
41599,1.0,3.2400253e-11,0
41600,1.0,2.4676156e-10,0
41601,1.0,2.8856102e-11,0
41602,1.0,8.1914683e-13,0
41603,1.0,1.6084453e-10,0
41604,1.0,3.105796e-08,0
41605,1.0,5.5249194e-11,0
41606,1.0,1.7515201e-11,0
41607,1.0,5.893149e-11,0
41608,1.0,5.300735e-10,0
41609,1.0,1.0515016e-10,0
41610,1.0,5.1059303e-13,0
41611,1.0,4.0595968e-10,0
41612,1.0,1.0806565e-10,0
41613,1.0,3.903408e-09,0
41614,1.0,1.2051478e-10,0
41615,1.0,4.081211e-10,0
41616,0.99999964,4.1359922e-07,0
41617,1.0,4.977181e-12,0
41618,0.9999995,4.652975e-07,0
41619,1.0,1.1926221e-09,0
41620,1.0,2.7182355e-11,0
41621,1.0,6.335672e-10,0
41622,1.0,7.35499e-14,0
41623,1.0,1.0307492e-13,0
41624,1.0,1.3902878e-13,0
41625,1.0,3.1045506e-09,0
41626,1.0,4.9763485e-11,0
41627,1.0,8.220217e-10,0
41628,1.0,4.3741843e-10,0
41629,1.0,3.440151e-08,0
41630,1.0,2.6920674e-10,0
41631,1.0,3.9831823e-13,0
41632,1.0,7.72818e-09,0
41633,1.0,1.1372815e-12,0
41634,1.0,1.2780613e-11,0
41635,1.0,5.898646e-08,0
41636,1.0,5.7779775e-10,0
41637,1.0,3.4996865e-09,0
41638,1.0,2.061752e-12,0
41639,1.0,4.6893297e-12,0
41640,1.0,4.1709376e-11,0
41641,1.0,7.656771e-09,0
41642,1.0,5.485496e-13,0
41643,1.0,9.540812e-12,0
41644,1.0,8.87797e-11,0
41645,1.0,3.14954e-12,0
41646,1.0,6.2606975e-11,0
41647,1.0,2.0332964e-10,0
41648,1.0,4.5334155e-13,0
41649,1.0,1.6842061e-10,0
41650,1.0,3.943695e-11,0
41651,1.0,4.3412784e-10,0
41652,1.0,2.4940553e-11,0
41653,1.0,3.526349e-12,0
41654,1.0,3.5570193e-11,0
41655,1.0,1.3018794e-12,0
41656,1.0,1.4366211e-10,0
41657,1.0,1.1452578e-11,0
41658,1.0,3.1446215e-10,0
41659,1.0,8.475034e-12,0
41660,1.0,1.6803892e-12,0
41661,1.0,1.6205643e-12,0
41662,1.0,1.021036e-13,0
41663,1.0,1.751101e-09,0
41664,1.0,7.014762e-12,0
41665,1.0,1.8959737e-11,0
41666,1.0,3.463936e-10,0
41667,1.0,1.0458121e-12,0
41668,1.0,3.1088892e-12,0
41669,1.0,1.713456e-09,0
41670,1.0,2.6031925e-13,0
41671,1.0,4.7336888e-11,0
41672,1.0,9.449397e-11,0
41673,1.0,3.2980751e-10,0
41674,1.0,1.675039e-08,0
41675,1.0,1.0139888e-10,0
41676,1.0,2.467799e-10,0
41677,1.0,1.129363e-09,0
41678,1.0,4.4103188e-09,0
41679,1.0,9.070741e-10,0
41680,1.0,5.2491688e-11,0
41681,1.0,1.24723174e-11,0
41682,1.0,1.6942292e-14,0
41683,1.0,1.8901622e-13,0
41684,1.0,1.3086342e-11,0
41685,1.0,5.022594e-12,0
41686,0.9999999,1.6582428e-07,0
41687,1.0,4.395274e-11,0
41688,1.0,3.7276675e-11,0
41689,1.0,1.341293e-12,0
41690,1.0,8.081132e-13,0
41691,1.0,1.0988123e-09,0
41692,1.0,4.6163734e-08,0
41693,1.0,1.4835436e-12,0
41694,1.0,1.2186237e-10,0
41695,1.0,4.5706845e-11,0
41696,1.0,1.338265e-08,0
41697,1.0,9.1851145e-12,0
41698,1.0,7.857884e-12,0
41699,1.0,1.3802338e-10,0
41700,1.0,2.0781428e-10,0
41701,1.0,1.0492421e-13,0
41702,1.0,6.074233e-12,0
41703,1.0,8.318824e-11,0
41704,1.0,2.070024e-11,0
41705,1.0,6.5192934e-10,0
41706,1.0,8.19454e-11,0
41707,1.0,4.983717e-12,0
41708,1.0,7.871993e-10,0
41709,1.0,3.1915384e-08,0
41710,1.0,1.9273736e-08,0
41711,1.0,7.065927e-11,0
41712,1.0,3.0612482e-10,0
41713,1.0,2.162748e-11,0
41714,1.0,1.6404293e-13,0
41715,1.0,6.0785075e-09,0
41716,1.0,2.337546e-12,0
41717,1.0,1.7977537e-12,0
41718,1.0,2.148483e-13,0
41719,1.0,5.282766e-11,0
41720,1.0,7.4454093e-10,0
41721,1.0,4.821948e-10,0
41722,1.0,1.8136031e-12,0
41723,1.0,6.194648e-13,0
41724,1.0,7.602491e-09,0
41725,1.0,9.9258386e-11,0
41726,1.0,1.5308357e-11,0
41727,1.0,4.7379708e-11,0
41728,1.0,4.9754455e-08,0
41729,1.0,5.9785815e-11,0
41730,1.0,3.4506245e-09,0
41731,1.0,1.1237623e-11,0
41732,1.0,4.9262212e-11,0
41733,1.0,7.880935e-13,0
41734,1.0,1.7295698e-11,0
41735,1.0,1.1693004e-09,0
41736,1.0,5.016137e-10,0
41737,1.0,1.3447532e-09,0
41738,1.0,2.1634186e-09,0
41739,1.0,3.269561e-12,0
41740,1.0,3.528433e-13,0
41741,1.0,7.0808254e-10,0
41742,1.0,1.3173385e-12,0
41743,1.0,9.413988e-12,0
41744,1.0,8.077974e-09,0
41745,1.0,1.9938842e-11,0
41746,0.9999981,1.9056332e-06,0
41747,0.9999994,6.516701e-07,0
41748,1.0,1.4878574e-11,0
41749,1.0,5.9113923e-09,0
41750,1.0,3.9335986e-11,0
41751,1.0,1.5062754e-10,0
41752,1.0,7.033357e-12,0
41753,1.0,8.4043594e-10,0
41754,1.0,5.711866e-12,0
41755,1.0,5.081796e-13,0
41756,1.0,3.5930812e-09,0
41757,1.0,4.7938545e-12,0
41758,1.0,4.6358663e-11,0
41759,1.0,8.2055546e-10,0
41760,1.0,2.914292e-13,0
41761,1.0,1.5124312e-09,0
41762,1.0,8.247674e-09,0
41763,1.0,1.0035009e-14,0
41764,1.0,5.0760056e-12,0
41765,0.999998,2.0834093e-06,0
41766,1.0,7.4989564e-13,0
41767,1.0,4.9590467e-11,0
41768,1.0,2.2242757e-14,0
41769,1.0,3.1827374e-11,0
41770,1.0,4.3123482e-12,0
41771,1.0,5.922582e-11,0
41772,1.0,1.1623698e-12,0
41773,1.0,8.7694185e-11,0
41774,1.0,5.594835e-11,0
41775,1.0,5.547927e-12,0
41776,0.9999999,1.0604518e-07,0
41777,1.0,3.630624e-10,0
41778,1.0,1.32109035e-08,0
41779,1.0,2.2031667e-08,0
41780,1.0,4.85771e-10,0
41781,1.0,9.616669e-12,0
41782,1.0,1.1328839e-09,0
41783,1.0,3.2780332e-09,0
41784,1.0,1.9629036e-12,0
41785,1.0,2.303273e-12,0
41786,1.0,7.6746855e-12,0
41787,1.0,4.1726103e-10,0
41788,1.0,4.9056093e-12,0
41789,1.0,3.754538e-12,0
41790,1.0,2.0347928e-11,0
41791,1.0,3.8580588e-08,0
41792,1.0,6.119277e-10,0
41793,1.0,4.4914902e-10,0
41794,1.0,1.5349268e-10,0
41795,1.0,2.51021e-11,0
41796,1.0,8.8855166e-13,0
41797,1.0,6.560454e-11,0
41798,1.0,1.2782197e-11,0
41799,1.0,1.0792655e-11,0
41800,1.0,9.420194e-10,0
41801,1.0,3.5291823e-08,0
41802,1.0,1.633343e-12,0
41803,1.0,4.200737e-09,0
41804,1.0,1.5057648e-09,0
41805,1.0,7.930976e-11,0
41806,1.0,1.2330684e-10,0
41807,1.0,4.125095e-12,0
41808,1.0,9.4020806e-14,0
41809,1.0,1.746995e-08,0
41810,1.0,6.9988515e-10,0
41811,1.0,7.791144e-12,0
41812,1.0,6.4668613e-09,0
41813,1.0,1.01274935e-11,0
41814,1.0,9.0489677e-10,0
41815,1.0,2.8708973e-11,0
41816,1.0,2.1972254e-11,0
41817,1.0,1.5992983e-10,0
41818,1.0,2.2554658e-11,0
41819,1.0,4.68072e-10,0
41820,0.99999845,1.605326e-06,0
41821,1.0,3.3084063e-11,0
41822,1.0,4.294514e-11,0
41823,1.0,1.5409013e-11,0
41824,1.0,5.446505e-13,0
41825,1.0,4.146174e-11,0
41826,1.0,7.137674e-12,0
41827,1.0,6.859716e-09,0
41828,1.0,9.153779e-11,0
41829,1.0,7.387979e-09,0
41830,1.0,7.132496e-14,0
41831,1.0,2.1853346e-11,0
41832,1.0,2.681122e-10,0
41833,1.0,2.3572362e-09,0
41834,1.0,1.1203252e-11,0
41835,1.0,9.654368e-11,0
41836,1.0,5.9392053e-13,0
41837,1.0,5.7533175e-08,0
41838,1.0,2.516887e-12,0
41839,1.0,2.0552669e-11,0
41840,1.0,3.487455e-11,0
41841,1.0,5.1145126e-11,0
41842,1.0,2.489914e-12,0
41843,1.0,1.666725e-11,0
41844,1.0,4.642888e-13,0
41845,1.0,4.647462e-12,0
41846,1.0,1.519584e-10,0
41847,1.0,3.664488e-12,0
41848,1.0,1.3301019e-11,0
41849,1.0,3.5458678e-12,0
41850,0.9999993,7.3506914e-07,0
41851,1.0,6.4685846e-10,0
41852,1.0,7.8002356e-14,0
41853,1.0,1.4091964e-11,0
41854,1.0,1.2570768e-10,0
41855,0.9999999,8.551008e-08,0
41856,1.0,1.6176258e-10,0
41857,1.0,1.0844608e-12,0
41858,1.0,1.612543e-10,0
41859,1.0,1.9793247e-09,0
41860,1.0,1.0628973e-12,0
41861,1.0,5.1218066e-14,0
41862,1.0,5.3391254e-12,0
41863,1.0,1.5300192e-10,0
41864,1.0,1.7867414e-10,0
41865,1.0,1.33847164e-08,0
41866,1.0,2.0472376e-12,0
41867,1.0,1.6420079e-12,0
41868,1.0,2.1748579e-13,0
41869,1.0,1.0364606e-09,0
41870,1.0,3.0350582e-09,0
41871,1.0,9.506485e-11,0
41872,1.0,7.4410676e-13,0
41873,0.99999976,2.732116e-07,0
41874,1.0,7.651759e-14,0
41875,1.0,5.844743e-12,0
41876,1.0,2.070877e-11,0
41877,1.0,3.9496267e-11,0
41878,1.0,8.943856e-09,0
41879,1.0,4.872176e-10,0
41880,1.0,5.4886264e-09,0
41881,1.0,1.9469577e-10,0
41882,1.0,2.8890894e-12,0
41883,1.0,1.9509297e-12,0
41884,1.0,1.882999e-08,0
41885,0.9999999,8.276989e-08,0
41886,1.0,3.3413495e-12,0
41887,1.0,5.5546952e-11,0
41888,1.0,1.37946e-10,0
41889,1.0,7.818535e-12,0
41890,1.0,7.323683e-12,0
41891,1.0,2.4467715e-08,0
41892,1.0,2.174465e-08,0
41893,1.0,1.0379551e-11,0
41894,1.0,2.5841688e-11,0
41895,1.0,1.4589356e-10,0
41896,1.0,6.778553e-10,0
41897,1.0,1.0395e-12,0
41898,1.0,4.915868e-11,0
41899,1.0,6.386944e-11,0
41900,1.0,2.9495364e-11,0
41901,1.0,6.9272676e-10,0
41902,1.0,1.2264172e-09,0
41903,1.0,1.3707935e-11,0
41904,1.0,2.5016175e-10,0
41905,1.0,3.86717e-09,0
41906,1.0,3.7175905e-12,0
41907,1.0,3.6463324e-12,0
41908,1.0,1.9610119e-10,0
41909,1.0,2.737779e-11,0
41910,1.0,3.1702158e-10,0
41911,1.0,1.6546852e-11,0
41912,1.0,1.6521897e-12,0
41913,1.0,1.1365312e-12,0
41914,1.0,1.1833399e-11,0
41915,1.0,1.1770712e-10,0
41916,1.0,1.1914266e-12,0
41917,1.0,1.0908234e-08,0
41918,1.0,5.677126e-10,0
41919,1.0,7.784642e-11,0
41920,1.0,4.442057e-11,0
41921,0.99999845,1.6026995e-06,0
41922,0.9999987,1.3668307e-06,0
41923,1.0,8.495074e-11,0
41924,1.0,5.5918478e-11,0
41925,1.0,6.114149e-12,0
41926,1.0,1.187667e-12,0
41927,1.0,4.187467e-12,0
41928,1.0,2.5476181e-13,0
41929,1.0,1.1447911e-10,0
41930,1.0,8.228475e-12,0
41931,1.0,5.458886e-11,0
41932,1.0,1.7598796e-10,0
41933,1.0,2.1617447e-12,0
41934,1.0,2.3389496e-13,0
41935,1.0,1.6967399e-09,0
41936,1.0,3.4345354e-10,0
41937,0.99999845,1.6002116e-06,0
41938,1.0,1.2686205e-08,0
41939,1.0,1.44017545e-08,0
41940,1.0,4.0138375e-11,0
41941,1.0,2.1835388e-11,0
41942,1.0,2.0132448e-10,0
41943,1.0,8.536884e-11,0
41944,1.0,8.5661156e-10,0
41945,1.0,5.2553746e-13,0
41946,1.0,8.2567786e-11,0
41947,1.0,2.11197e-12,0
41948,1.0,4.7879214e-13,0
41949,1.0,2.8753773e-13,0
41950,1.0,2.9321296e-12,0
41951,1.0,4.3729725e-11,0
41952,1.0,1.8380589e-10,0
41953,1.0,1.6634506e-11,0
41954,1.0,3.4035168e-12,0
41955,1.0,1.01258025e-13,0
41956,1.0,6.9478014e-11,0
41957,1.0,1.2913908e-12,0
41958,1.0,2.0783943e-12,0
41959,1.0,6.746375e-09,0
41960,1.0,8.6054186e-10,0
41961,1.0,1.5775374e-09,0
41962,1.0,2.7539096e-11,0
41963,1.0,2.53635e-13,0
41964,1.0,1.0654625e-09,0
41965,1.0,2.4332364e-13,0
41966,1.0,2.1969235e-11,0
41967,1.0,5.583141e-11,0
41968,1.0,1.3973395e-11,0
41969,1.0,2.3205099e-12,0
41970,1.0,5.450854e-11,0
41971,1.0,1.3287098e-11,0
41972,1.0,1.23477175e-11,0
41973,1.0,1.216844e-11,0
41974,1.0,6.3447536e-10,0
41975,1.0,5.2071124e-13,0
41976,1.0,7.50846e-13,0
41977,1.0,2.1255029e-09,0
41978,1.0,3.5207763e-09,0
41979,1.0,2.7994536e-12,0
41980,1.0,4.0410497e-13,0
41981,1.0,6.386944e-11,0
41982,1.0,6.633192e-11,0
41983,1.0,2.8938667e-11,0
41984,1.0,2.6714204e-12,0
41985,1.0,1.3127991e-11,0
41986,1.0,1.650061e-08,0
41987,1.0,2.5762946e-11,0
41988,1.0,9.4530016e-11,0
41989,1.0,7.32405e-11,0
41990,1.0,7.386756e-12,0
41991,1.0,2.5040209e-12,0
41992,1.0,2.6510169e-11,0
41993,1.0,6.2872004e-12,0
41994,1.0,1.4641374e-10,0
41995,1.0,1.6491156e-10,0
41996,1.0,2.8636428e-13,0
41997,1.0,8.441458e-09,0
41998,1.0,1.5481762e-13,0
41999,1.0,2.5370847e-10,0
42000,1.0,4.8659374e-09,0
42001,1.0,2.5607157e-11,0
42002,1.0,1.4887827e-11,0
42003,1.0,1.0711643e-12,0
42004,1.0,7.817943e-11,0
42005,1.0,3.1941628e-12,0
42006,1.0,8.415173e-13,0
42007,1.0,1.6124314e-11,0
42008,1.0,7.690192e-11,0
42009,1.0,2.2084182e-11,0
42010,1.0,4.6525175e-12,0
42011,1.0,3.4738126e-11,0
42012,1.0,4.887941e-11,0
42013,1.0,5.6089305e-10,0
42014,1.0,6.1321816e-12,0
42015,1.0,3.197735e-12,0
42016,1.0,1.669294e-09,0
42017,1.0,6.5732295e-11,0
42018,1.0,8.041471e-11,0
42019,1.0,1.8867943e-09,0
42020,1.0,1.1679001e-10,0
42021,1.0,2.3631354e-11,0
42022,1.0,2.5555935e-10,0
42023,1.0,7.3352403e-13,0
42024,1.0,4.9731604e-11,0
42025,1.0,7.505035e-10,0
42026,1.0,1.3329183e-11,0
42027,1.0,4.297378e-13,0
42028,1.0,2.6159944e-13,0
42029,1.0,6.989716e-13,0
42030,1.0,1.4975646e-13,0
42031,1.0,3.5660591e-12,0
42032,1.0,9.084549e-12,0
42033,1.0,3.115019e-13,0
42034,1.0,2.018991e-09,0
42035,1.0,1.5143621e-13,0
42036,1.0,6.079353e-13,0
42037,1.0,1.2981673e-12,0
42038,1.0,8.6559065e-10,0
42039,1.0,1.4066479e-11,0
42040,1.0,1.9727918e-10,0
42041,0.99999356,6.4799046e-06,0
42042,0.999997,2.9730145e-06,0
42043,1.0,1.0260711e-09,0
42044,1.0,7.4837575e-12,0
42045,1.0,2.972568e-11,0
42046,1.0,2.2734245e-11,0
42047,1.0,1.9004884e-11,0
42048,1.0,3.3717935e-11,0
42049,1.0,6.067934e-12,0
42050,1.0,9.049171e-11,0
42051,1.0,4.0811407e-10,0
42052,1.0,1.1992503e-10,0
42053,1.0,4.0710284e-09,0
42054,1.0,2.6239224e-11,0
42055,1.0,3.4985348e-11,0
42056,1.0,4.2932696e-11,0
42057,1.0,1.20818e-12,0
42058,1.0,2.9730982e-09,0
42059,1.0,1.8695172e-09,0
42060,1.0,5.4893924e-12,0
42061,1.0,1.3842049e-09,0
42062,1.0,2.426403e-11,0
42063,1.0,2.2926366e-11,0
42064,0.9999994,5.3748045e-07,0
42065,1.0,1.6269356e-11,0
42066,1.0,2.4200938e-11,0
42067,1.0,1.4017333e-11,0
42068,1.0,4.1388555e-12,0
42069,1.0,4.4536774e-12,0
42070,1.0,2.0986466e-12,0
42071,1.0,3.2613323e-09,0
42072,1.0,9.258346e-14,0
42073,1.0,2.7761017e-11,0
42074,1.0,2.66215e-14,0
42075,1.0,3.5137065e-12,0
42076,1.0,1.3714997e-11,0
42077,1.0,1.2317531e-12,0
42078,1.0,1.3122759e-11,0
42079,1.0,1.0926782e-13,0
42080,1.0,1.9528776e-11,0
42081,1.0,3.208327e-13,0
42082,1.0,3.608119e-10,0
42083,1.0,5.9869346e-11,0
42084,1.0,9.541945e-11,0
42085,1.0,1.1660192e-10,0
42086,1.0,4.7240223e-10,0
42087,1.0,4.8872093e-09,0
42088,0.99999976,2.6996705e-07,0
42089,1.0,1.0990642e-12,0
42090,1.0,1.4176568e-10,0
42091,1.0,1.562273e-12,0
42092,1.0,7.2788797e-09,0
42093,1.0,4.0281233e-12,0
42094,1.0,4.1961065e-10,0
42095,1.0,1.5756994e-10,0
42096,1.0,3.2035956e-12,0
42097,1.0,1.8784824e-12,0
42098,1.0,1.0809507e-11,0
42099,1.0,3.4364584e-12,0
42100,1.0,2.68592e-12,0
42101,1.0,6.215606e-10,0
42102,1.0,6.694544e-11,0
42103,1.0,7.8633644e-10,0
42104,1.0,2.1964615e-12,0
42105,1.0,5.275068e-13,0
42106,1.0,2.407735e-12,0
42107,1.0,8.913023e-11,0
42108,1.0,4.7920075e-12,0
42109,1.0,3.4155102e-11,0
42110,0.99999917,8.739898e-07,0
42111,1.0,9.777085e-10,0
42112,0.9999913,8.672523e-06,0
42113,1.0,5.794485e-11,0
42114,1.0,2.3820808e-13,0
42115,1.0,1.4720071e-12,0
42116,1.0,2.159302e-11,0
42117,1.0,1.4724507e-12,0
42118,1.0,1.0163909e-08,0
42119,1.0,1.3368648e-11,0
42120,1.0,8.207628e-12,0
42121,1.0,8.612705e-11,0
42122,1.0,1.4153265e-12,0
42123,1.0,2.246512e-09,0
42124,1.0,3.860257e-13,0
42125,1.0,1.5693421e-12,0
42126,1.0,4.9321935e-10,0
42127,1.0,6.4022104e-12,0
42128,1.0,5.4438693e-12,0
42129,1.0,4.223239e-13,0
42130,1.0,5.6535723e-09,0
42131,1.0,3.4482486e-13,0
42132,1.0,9.540079e-13,0
42133,1.0,1.6484354e-11,0
42134,1.0,3.1860645e-12,0
42135,1.0,1.3254042e-11,0
42136,1.0,6.873899e-13,0
42137,1.0,2.1574856e-12,0
42138,1.0,1.04718643e-10,0
42139,1.0,5.123012e-09,0
42140,1.0,3.8446193e-10,0
42141,1.0,2.4313078e-12,0
42142,1.0,1.8602929e-10,0
42143,1.0,2.6751235e-11,0
42144,1.0,3.0867513e-11,0
42145,1.0,1.7652322e-13,0
42146,1.0,1.2691008e-10,0
42147,1.0,1.1185716e-12,0
42148,1.0,5.0400812e-11,0
42149,1.0,5.965284e-09,0
42150,1.0,1.122697e-08,0
42151,1.0,3.096902e-10,0
42152,1.0,1.6666945e-13,0
42153,1.0,3.0637335e-12,0
42154,1.0,1.6918206e-10,0
42155,1.0,2.289833e-13,0
42156,1.0,1.6464549e-12,0
42157,1.0,1.6733545e-10,0
42158,1.0,1.41158845e-14,0
42159,1.0,2.2619993e-09,0
42160,1.0,5.206246e-10,0
42161,1.0,2.3598e-13,0
42162,0.9999987,1.3687886e-06,0
42163,1.0,3.74584e-12,0
42164,1.0,1.8109263e-10,0
42165,1.0,7.390692e-11,0
42166,1.0,2.1836408e-13,0
42167,1.0,1.8357184e-10,0
42168,1.0,6.370634e-13,0
42169,1.0,8.259551e-11,0
42170,1.0,6.2338155e-11,0
42171,0.9117865,0.088213466,0
42172,1.0,1.4111431e-12,0
42173,1.0,5.314857e-10,0
42174,1.0,2.5796185e-11,0
42175,1.0,4.2243045e-12,0
42176,1.0,1.541487e-10,0
42177,1.0,5.877543e-12,0
42178,1.0,1.1157562e-13,0
42179,1.0,1.5562721e-11,0
42180,1.0,3.681182e-08,0
42181,1.0,1.2772345e-12,0
42182,1.0,3.927393e-10,0
42183,1.0,1.9516198e-14,0
42184,1.0,8.344831e-09,0
42185,1.0,3.4624085e-11,0
42186,1.0,1.0911267e-09,0
42187,1.0,1.746069e-08,0
42188,1.0,2.7712664e-11,0
42189,1.0,1.5665953e-10,0
42190,1.0,2.1704633e-11,0
42191,1.0,1.7790162e-09,0
42192,1.0,6.6766703e-10,0
42193,1.0,6.907641e-12,0
42194,1.0,6.402659e-13,0
42195,1.0,2.994151e-11,0
42196,1.0,2.2007243e-10,0
42197,1.0,2.1070702e-11,0
42198,1.0,6.335717e-11,0
42199,1.0,3.29263e-11,0
42200,1.0,5.7621437e-09,0
42201,1.0,1.6185069e-12,0
42202,1.0,1.4007132e-10,0
42203,1.0,3.469978e-11,0
42204,1.0,1.5340217e-11,0
42205,1.0,2.2782427e-11,0
42206,1.0,1.4309552e-13,0
42207,0.9999999,1.0419282e-07,0
42208,1.0,2.4855546e-11,0
42209,1.0,3.689179e-09,0
42210,1.0,4.1518367e-09,0
42211,1.0,4.5417137e-10,0
42212,1.0,1.2812372e-10,0
42213,1.0,4.5879636e-10,0
42214,1.0,1.5318032e-10,0
42215,1.0,2.3277114e-10,0
42216,1.0,6.3692736e-09,0
42217,1.0,4.4394485e-11,0
42218,1.0,2.0297557e-09,0
42219,1.0,2.625542e-13,0
42220,1.0,4.3885331e-10,0
42221,1.0,6.106883e-10,0
42222,1.0,1.7341514e-11,0
42223,1.0,4.2968104e-10,0
42224,1.0,2.6687559e-09,0
42225,1.0,1.6095132e-10,0
42226,1.0,7.561586e-11,0
42227,1.0,7.020621e-13,0
42228,1.0,2.088737e-10,0
42229,1.0,1.0338356e-11,0
42230,0.9999974,2.6402433e-06,0
42231,1.0,1.4676793e-11,0
42232,1.0,8.3496185e-14,0
42233,1.0,1.1343796e-10,0
42234,1.0,2.8384519e-11,0
42235,1.0,1.0371471e-12,0
42236,0.9999999,1.00053626e-07,0
42237,1.0,4.0828457e-10,0
42238,1.0,2.360992e-10,0
42239,0.99999845,1.5592761e-06,0
42240,1.0,1.3043275e-12,0
42241,1.0,2.3141764e-08,0
42242,1.0,2.6810438e-11,0
42243,1.0,1.0896136e-11,0
42244,1.0,1.9903941e-13,0
42245,1.0,4.6322602e-11,0
42246,1.0,6.235442e-12,0
42247,1.0,2.2919655e-09,0
42248,1.0,3.0833943e-13,0
42249,1.0,4.4725906e-13,0
42250,1.0,8.53821e-13,0
42251,1.0,3.6145194e-13,0
42252,1.0,1.1126208e-11,0
42253,1.0,2.05386e-11,0
42254,1.0,3.3890193e-12,0
42255,1.0,5.340923e-10,0
42256,1.0,3.4068567e-11,0
42257,1.0,3.599813e-11,0
42258,1.0,5.5577473e-11,0
42259,1.0,3.1661642e-12,0
42260,0.9999999,1.2882818e-07,0
42261,0.9999995,4.386663e-07,0
42262,1.0,8.4812476e-11,0
42263,1.0,9.276314e-12,0
42264,1.0,4.3452875e-14,0
42265,1.0,5.8110485e-09,0
42266,1.0,1.8933917e-09,0
42267,1.0,3.354234e-09,0
42268,0.9999993,7.605089e-07,0
42269,0.9999995,4.213237e-07,0
42270,0.99999976,1.8051624e-07,0
42271,0.9999999,9.949831e-08,0
42272,1.0,6.251039e-09,0
42273,1.0,1.0289833e-09,0
42274,1.0,1.7906511e-10,0
42275,0.9999982,1.7813959e-06,0
42276,1.0,4.0779537e-12,0
42277,1.0,4.2316914e-12,0
42278,1.0,4.5758785e-13,0
42279,1.0,2.0124826e-12,0
42280,1.0,1.0193481e-11,0
42281,1.0,6.142744e-11,0
42282,1.0,9.3722e-10,0
42283,1.0,1.5626366e-12,0
42284,1.0,1.1197362e-10,0
42285,1.0,5.9220565e-13,0
42286,1.0,1.5537376e-13,0
42287,1.0,6.573628e-12,0
42288,1.0,4.9344704e-14,0
42289,0.999995,4.9639507e-06,0
42290,1.0,2.045766e-12,0
42291,1.0,1.11048575e-11,0
42292,1.0,9.236387e-10,0
42293,1.0,4.8926184e-13,0
42294,1.0,1.4610506e-12,0
42295,1.0,3.9561432e-10,0
42296,1.0,4.887675e-13,0
42297,1.0,2.1856399e-10,0
42298,1.0,4.340231e-12,0
42299,1.0,5.2905983e-12,0
42300,1.0,1.887381e-13,0
42301,1.0,6.2253556e-11,0
42302,1.0,8.803475e-14,0
42303,1.0,1.2309166e-09,0
42304,1.0,2.3952214e-12,0
42305,1.0,4.1509357e-12,0
42306,1.0,7.5892004e-14,0
42307,1.0,2.6162605e-08,0
42308,1.0,5.687707e-09,0
42309,1.0,3.054178e-11,0
42310,1.0,5.906988e-12,0
42311,1.0,2.551718e-09,0
42312,1.0,2.1110518e-12,0
42313,1.0,3.764807e-12,0
42314,1.0,7.598685e-11,0
42315,1.0,1.9285545e-11,0
42316,1.0,6.260793e-11,0
42317,1.0,6.0112124e-12,0
42318,1.0,8.811973e-11,0
42319,1.0,4.6255984e-13,0
42320,1.0,5.0647073e-13,0
42321,1.0,2.0313116e-10,0
42322,1.0,4.134043e-12,0
42323,1.0,1.9845185e-13,0
42324,1.0,5.241415e-11,0
42325,1.0,1.2736464e-08,0
42326,1.0,7.0555066e-14,0
42327,1.0,1.1850474e-11,0
42328,1.0,1.1841565e-12,0
42329,1.0,8.7291253e-13,0
42330,1.0,1.573344e-11,0
42331,1.0,1.6047488e-11,0
42332,1.0,5.848152e-13,0
42333,0.99999666,3.3728452e-06,0
42334,1.0,1.5609522e-10,0
42335,1.0,9.765101e-10,0
42336,1.0,3.609654e-10,0
42337,1.0,2.480965e-11,0
42338,1.0,1.493942e-12,0
42339,1.0,1.4721249e-12,0
42340,1.0,1.7843991e-09,0
42341,1.0,7.792448e-13,0
42342,1.0,2.9805927e-13,0
42343,1.0,7.1195905e-12,0
42344,0.99999964,3.860216e-07,0
42345,1.0,1.8958244e-12,0
42346,1.0,3.5405373e-11,0
42347,1.0,3.2057779e-12,0
42348,1.0,1.39927575e-11,0
42349,1.0,1.1820218e-12,0
42350,1.0,1.5881175e-11,0
42351,1.0,2.0300625e-12,0
42352,1.0,3.5801716e-13,0
42353,1.0,4.9598958e-12,0
42354,1.0,2.1748435e-11,0
42355,1.0,1.05326e-10,0
42356,1.0,3.594311e-11,0
42357,1.0,9.667607e-13,0
42358,1.0,2.1233349e-13,0
42359,1.0,3.1496816e-10,0
42360,1.0,3.3144633e-11,0
42361,1.0,3.700398e-09,0
42362,1.0,2.6437356e-11,0
42363,1.0,2.6352347e-13,0
42364,1.0,2.5700628e-10,0
42365,1.0,6.8314247e-12,0
42366,1.0,8.678786e-10,0
42367,1.0,1.3219496e-12,0
42368,1.0,5.3746434e-11,0
42369,1.0,4.2773476e-11,0
42370,1.0,1.4770836e-12,0
42371,1.0,1.1854181e-11,0
42372,1.0,1.8797468e-09,0
42373,1.0,4.5877555e-09,0
42374,1.0,6.086739e-11,0
42375,1.0,3.5454213e-12,0
42376,1.0,5.961106e-10,0
42377,1.0,1.6905044e-10,0
42378,1.0,6.448959e-14,0
42379,1.0,2.1230386e-10,0
42380,1.0,4.2776105e-10,0
42381,1.0,2.8508904e-13,0
42382,1.0,3.870221e-11,0
42383,1.0,2.3788347e-09,0
42384,1.0,4.8777524e-11,0
42385,1.0,2.5815355e-13,0
42386,1.0,1.5270197e-13,0
42387,1.0,1.7875015e-10,0
42388,1.0,3.8807788e-10,0
42389,1.0,1.9795724e-14,0
42390,1.0,5.4742967e-11,0
42391,1.0,7.637215e-12,0
42392,1.0,2.1746288e-10,0
42393,1.0,2.1513761e-11,0
42394,1.0,3.0145767e-13,0
42395,1.0,1.1393115e-12,0
42396,1.0,8.122148e-12,0
42397,1.0,3.9053138e-13,0
42398,1.0,3.0710935e-12,0
42399,1.0,3.3097504e-11,0
42400,1.0,2.1992462e-11,0
42401,1.0,1.5537814e-10,0
42402,1.0,1.2594339e-13,0
42403,1.0,3.4783247e-09,0
42404,1.0,1.0184658e-11,0
42405,1.0,1.7137738e-12,0
42406,1.0,1.5951995e-08,0
42407,1.0,3.1051486e-09,0
42408,1.0,2.0772529e-12,0
42409,1.0,1.7991189e-12,0
42410,1.0,1.3101632e-10,0
42411,1.0,1.5268814e-11,0
42412,0.9999999,1.15729115e-07,0
42413,1.0,4.1371315e-10,0
42414,1.0,7.798131e-12,0
42415,1.0,2.1353763e-10,0
42416,1.0,1.360783e-10,0
42417,1.0,2.3727949e-12,0
42418,1.0,8.7158745e-11,0
42419,1.0,1.4341099e-11,0
42420,1.0,2.5697792e-13,0
42421,1.0,5.6917324e-13,0
42422,1.0,1.8670226e-13,0
42423,1.0,5.63524e-12,0
42424,1.0,1.967063e-09,0
42425,1.0,2.540486e-12,0
42426,1.0,2.0074078e-11,0
42427,1.0,5.9463895e-10,0
42428,1.0,2.846295e-12,0
42429,1.0,9.91494e-11,0
42430,1.0,3.2619057e-12,0
42431,1.0,2.402557e-11,0
42432,1.0,1.374894e-11,0
42433,1.0,2.2276674e-11,0
42434,1.0,1.6953065e-13,0
42435,1.0,5.84779e-11,0
42436,1.0,9.03895e-09,0
42437,1.0,1.6482059e-11,0
42438,1.0,2.3385385e-10,0
42439,1.0,3.5132947e-10,0
42440,1.0,9.435943e-11,0
42441,1.0,3.2844495e-12,0
42442,1.0,1.8253512e-11,0
42443,1.0,5.8492127e-09,0
42444,1.0,3.8963576e-12,0
42445,0.99999416,5.7820457e-06,0
42446,1.0,6.5984245e-12,0
42447,1.0,2.1209397e-12,0
42448,1.0,3.7082564e-12,0
42449,1.0,4.1324547e-10,0
42450,1.0,2.2769842e-10,0
42451,1.0,7.6221055e-13,0
42452,1.0,3.4550595e-11,0
42453,1.0,6.2295095e-12,0
42454,1.0,3.956128e-10,0
42455,1.0,2.0312719e-11,0
42456,1.0,3.869723e-09,0
42457,1.0,4.779867e-12,0
42458,1.0,2.331646e-12,0
42459,1.0,1.5493586e-12,0
42460,1.0,3.0396376e-11,0
42461,1.0,2.7954122e-10,0
42462,1.0,1.7955665e-13,0
42463,1.0,5.4510073e-12,0
42464,1.0,2.4618741e-11,0
42465,1.0,3.77496e-12,0
42466,1.0,1.4283662e-11,0
42467,1.0,1.7983289e-13,0
42468,1.0,6.045987e-11,0
42469,1.0,9.191183e-11,0
42470,1.0,8.537218e-09,0
42471,1.0,6.8164302e-12,0
42472,1.0,7.391491e-12,0
42473,1.0,1.7878013e-14,0
42474,1.0,1.6506817e-11,0
42475,1.0,8.490432e-13,0
42476,1.0,4.3198458e-13,0
42477,1.0,1.3775144e-10,0
42478,1.0,3.5050133e-11,0
42479,1.0,1.9657379e-10,0
42480,1.0,2.3374477e-12,0
42481,1.0,6.314137e-14,0
42482,1.0,1.852396e-11,0
42483,1.0,5.257182e-12,0
42484,1.0,9.546164e-12,0
42485,1.0,5.5665503e-12,0
42486,1.0,7.9036395e-12,0
42487,1.0,2.0456031e-11,0
42488,1.0,3.504024e-11,0
42489,1.0,5.742624e-13,0
42490,1.0,1.319452e-14,0
42491,1.0,1.1678683e-11,0
42492,1.0,2.8967176e-10,0
42493,1.0,2.949943e-10,0
42494,1.0,7.207613e-11,0
42495,1.0,1.3022607e-10,0
42496,1.0,1.4818411e-12,0
42497,1.0,3.0659663e-12,0
42498,1.0,5.9481805e-14,0
42499,1.0,1.2299901e-12,0
42500,1.0,9.1590485e-12,0
42501,1.0,2.9121722e-11,0
42502,1.0,2.4652386e-11,0
42503,1.0,5.7682626e-11,0
42504,1.0,1.6005535e-09,0
42505,1.0,6.542656e-12,0
42506,1.0,3.7484024e-10,0
42507,1.0,3.985468e-10,0
42508,1.0,2.7240666e-13,0
42509,1.0,5.643501e-12,0
42510,1.0,5.7077164e-12,0
42511,1.0,5.21093e-12,0
42512,1.0,1.519766e-11,0
42513,1.0,3.3379813e-11,0
42514,1.0,5.4941685e-12,0
42515,0.9999993,7.01883e-07,0
42516,1.0,1.2131553e-10,0
42517,1.0,2.2378625e-11,0
42518,1.0,8.147003e-12,0
42519,1.0,9.843211e-10,0
42520,0.9999982,1.7649861e-06,0
42521,1.0,1.1543002e-10,0
42522,1.0,2.9415443e-13,0
42523,1.0,9.6749535e-12,0
42524,1.0,2.1381861e-12,0
42525,1.0,6.5886935e-11,0
42526,1.0,3.0414835e-10,0
42527,1.0,2.5266764e-11,0
42528,1.0,5.132039e-09,0
42529,1.0,1.7201983e-13,0
42530,1.0,1.5473135e-10,0
42531,1.0,5.360132e-13,0
42532,1.0,3.0582935e-11,0
42533,0.99999964,3.8403363e-07,0
42534,1.0,4.9526216e-10,0
42535,1.0,3.168696e-08,0
42536,1.0,2.4075102e-12,0
42537,1.0,7.5218845e-11,0
42538,1.0,5.152346e-11,0
42539,0.99999976,2.2024278e-07,0
42540,1.0,9.183316e-11,0
42541,1.0,2.9307348e-10,0
42542,1.0,2.0093298e-12,0
42543,1.0,4.626473e-09,0
42544,1.0,2.1834566e-10,0
42545,1.0,2.453426e-12,0
42546,1.0,2.639059e-12,0
42547,1.0,1.6915663e-13,0
42548,1.0,5.4444328e-11,0
42549,1.0,1.2739919e-11,0
42550,1.0,2.788e-10,0
42551,1.0,7.1609645e-12,0
42552,1.0,1.0405081e-11,0
42553,0.99999905,9.3011323e-07,0
42554,1.0,5.2271265e-12,0
42555,1.0,3.931481e-12,0
42556,1.0,1.0864317e-12,0
42557,1.0,5.610838e-13,0
42558,1.0,7.932458e-11,0
42559,1.0,1.5258801e-11,0
42560,1.0,3.2523392e-08,0
42561,1.0,4.7253135e-09,0
42562,1.0,2.5433736e-10,0
42563,1.0,8.7333884e-13,0
42564,1.0,2.9989466e-11,0
42565,1.0,9.127709e-12,0
42566,1.0,9.56045e-12,0
42567,1.0,8.4862964e-11,0
42568,1.0,6.5606257e-12,0
42569,0.9999995,5.3214006e-07,0
42570,1.0,6.060997e-11,0
42571,1.0,3.859074e-12,0
42572,1.0,4.6967057e-12,0
42573,1.0,2.0927716e-11,0
42574,1.0,1.1081096e-11,0
42575,1.0,7.0616964e-11,0
42576,1.0,3.7280352e-12,0
42577,1.0,3.399924e-11,0
42578,1.0,7.0979234e-12,0
42579,1.0,2.6430383e-12,0
42580,1.0,7.6426143e-10,0
42581,1.0,7.9442307e-13,0
42582,1.0,7.282091e-12,0
42583,1.0,1.3640755e-10,0
42584,0.9999999,1.57272e-07,0
42585,1.0,4.3278974e-12,0
42586,1.0,8.377196e-11,0
42587,1.0,2.8276889e-14,0
42588,1.0,3.1297187e-12,0
42589,1.0,1.4759633e-11,0
42590,1.0,1.1251036e-13,0
42591,1.0,9.6102924e-11,0
42592,1.0,4.3357155e-11,0
42593,1.0,2.3325124e-09,0
42594,1.0,4.300381e-12,0
42595,1.0,2.4005737e-11,0
42596,1.0,3.7271433e-10,0
42597,1.0,1.4561902e-12,0
42598,1.0,5.5122014e-12,0
42599,1.0,5.06499e-12,0
42600,1.0,1.6092706e-10,0
42601,1.0,1.6221514e-11,0
42602,1.0,5.6002796e-11,0
42603,1.0,3.8630748e-11,0
42604,1.0,3.3407586e-11,0
42605,1.0,1.00435125e-10,0
42606,1.0,2.0145075e-11,0
42607,1.0,1.8407882e-10,0
42608,1.0,3.1686198e-10,0
42609,1.0,6.5261517e-13,0
42610,1.0,2.1406543e-09,0
42611,1.0,3.2498944e-09,0
42612,1.0,7.1854314e-11,0
42613,1.0,4.7634324e-11,0
42614,1.0,1.5498137e-12,0
42615,1.0,2.33904e-12,0
42616,1.0,4.6234488e-12,0
42617,1.0,1.4636257e-11,0
42618,1.0,1.6483693e-11,0
42619,1.0,4.2505763e-10,0
42620,1.0,3.86503e-10,0
42621,1.0,1.7631265e-12,0
42622,1.0,3.1866555e-11,0
42623,1.0,5.766698e-12,0
42624,1.0,2.2272338e-11,0
42625,1.0,1.1919887e-11,0
42626,1.0,2.9582142e-10,0
42627,1.0,2.4042546e-10,0
42628,1.0,7.1745887e-10,0
42629,1.0,2.8855043e-12,0
42630,1.0,3.259053e-11,0
42631,1.0,3.5466e-11,0
42632,1.0,2.5878618e-12,0
42633,1.0,1.7238376e-09,0
42634,1.0,1.4588467e-10,0
42635,1.0,1.9722471e-13,0
42636,1.0,7.344698e-11,0
42637,1.0,2.6926615e-11,0
42638,1.0,6.652139e-13,0
42639,1.0,4.2712922e-10,0
42640,1.0,3.0225867e-12,0
42641,1.0,6.7348197e-12,0
42642,1.0,7.172533e-11,0
42643,1.0,1.978578e-12,0
42644,1.0,6.7935935e-10,0
42645,1.0,2.1485671e-11,0
42646,1.0,6.937816e-11,0
42647,1.0,3.7220207e-14,0
42648,0.99999917,7.829293e-07,0
42649,1.0,5.1235363e-14,0
42650,1.0,9.032112e-12,0
42651,1.0,6.1996723e-09,0
42652,1.0,3.901541e-12,0
42653,1.0,1.115916e-09,0
42654,1.0,7.19732e-12,0
42655,1.0,3.289548e-11,0
42656,1.0,2.6916784e-09,0
42657,1.0,4.2365715e-11,0
42658,1.0,3.5636726e-12,0
42659,1.0,2.1099188e-10,0
42660,1.0,4.8499833e-12,0
42661,1.0,7.767315e-12,0
42662,1.0,5.813108e-10,0
42663,1.0,1.2356529e-11,0
42664,1.0,1.2477021e-12,0
42665,1.0,2.3554686e-10,0
42666,1.0,4.987557e-09,0
42667,1.0,2.8884296e-11,0
42668,1.0,1.2261866e-11,0
42669,1.0,4.3971397e-13,0
42670,1.0,4.4086046e-12,0
42671,1.0,2.9072257e-12,0
42672,1.0,9.4147835e-11,0
42673,1.0,3.5070638e-09,0
42674,1.0,1.24475e-12,0
42675,1.0,1.0717371e-11,0
42676,1.0,2.2449732e-10,0
42677,1.0,1.2193677e-10,0
42678,1.0,5.43755e-08,0
42679,1.0,5.1837094e-12,0
42680,1.0,4.0833753e-10,0
42681,1.0,1.5801235e-10,0
42682,0.9999927,7.2583334e-06,0
42683,1.0,1.186432e-10,0
42684,1.0,1.3127623e-10,0
42685,1.0,1.04693684e-10,0
42686,1.0,1.9870135e-10,0
42687,1.0,1.11934435e-08,0
42688,1.0,2.250096e-10,0
42689,1.0,4.3274886e-10,0
42690,0.9999999,1.2423705e-07,0
42691,1.0,6.58706e-11,0
42692,1.0,9.398134e-11,0
42693,0.99999917,8.054298e-07,0
42694,0.9999994,6.070852e-07,0
42695,1.0,1.6977433e-09,0
42696,1.0,1.9258189e-12,0
42697,1.0,1.8948275e-11,0
42698,0.9999995,4.1804614e-07,0
42699,1.0,2.9262957e-09,0
42700,0.9999999,1.3164198e-07,0
42701,1.0,3.474746e-08,0
42702,0.9999987,1.2521386e-06,0
42703,1.0,2.4876864e-13,0
42704,0.9999989,1.097194e-06,0
42705,1.0,8.011443e-09,0
42706,1.0,3.4521577e-13,0
42707,1.0,3.7207242e-09,0
42708,1.0,2.391478e-12,0
42709,1.0,1.149077e-13,0
42710,1.0,1.1820038e-12,0
42711,1.0,4.944561e-14,0
42712,0.999998,1.9973565e-06,0
42713,1.0,1.2250284e-09,0
42714,1.0,2.1053992e-11,0
42715,1.0,2.8552605e-09,0
42716,1.0,4.727621e-13,0
42717,1.0,2.420243e-10,0
42718,1.0,2.3020136e-11,0
42719,1.0,2.0960435e-11,0
42720,1.0,5.7072023e-09,0
42721,1.0,1.3074765e-11,0
42722,1.0,4.6327575e-10,0
42723,0.99999726,2.7953888e-06,0
42724,1.0,2.3796024e-12,0
42725,1.0,9.1442363e-14,0
42726,1.0,2.7162853e-12,0
42727,1.0,5.306885e-10,0
42728,1.0,2.6501156e-12,0
42729,1.0,2.5026826e-13,0
42730,1.0,1.0982183e-11,0
42731,1.0,3.9590527e-12,0
42732,1.0,7.607909e-11,0
42733,1.0,1.8223727e-08,0
42734,1.0,1.1074547e-11,0
42735,1.0,6.922127e-11,0
42736,1.0,1.3882489e-11,0
42737,1.0,4.295366e-11,0
42738,1.0,1.0786045e-08,0
42739,1.0,1.7800171e-13,0
42740,0.99999523,4.8044462e-06,0
42741,1.0,2.2090407e-12,0
42742,0.9999999,1.2573543e-07,0
42743,1.0,2.7908795e-13,0
42744,1.0,1.8196052e-11,0
42745,1.0,2.5847393e-12,0
42746,1.0,1.833276e-10,0
42747,1.0,7.885092e-11,0
42748,1.0,1.5072597e-08,0
42749,1.0,1.023775e-11,0
42750,1.0,4.162094e-14,0
42751,0.99999964,3.9905657e-07,0
42752,1.0,1.1775265e-11,0
42753,1.0,1.659361e-13,0
42754,1.0,4.3313016e-11,0
42755,1.0,1.5518918e-10,0
42756,1.0,1.0450509e-11,0
42757,1.0,7.4497275e-10,0
42758,1.0,5.687278e-11,0
42759,1.0,3.978331e-09,0
42760,1.0,2.0310906e-14,0
42761,1.0,8.5074295e-11,0
42762,1.0,3.0012354e-11,0
42763,0.9999999,1.645175e-07,0
42764,1.0,6.232342e-11,0
42765,1.0,1.690348e-12,0
42766,1.0,1.8658353e-11,0
42767,1.0,3.043979e-10,0
42768,1.0,4.17305e-13,0
42769,1.0,2.5247977e-11,0
42770,1.0,2.307895e-12,0
42771,1.0,8.309753e-11,0
42772,1.0,2.1996048e-13,0
42773,1.0,1.5914998e-13,0
42774,1.0,1.8869742e-13,0
42775,1.0,2.882391e-12,0
42776,1.0,3.6675155e-12,0
42777,1.0,3.0809046e-11,0
42778,1.0,5.7736617e-13,0
42779,1.0,4.5852826e-08,0
42780,1.0,2.6471035e-13,0
42781,1.0,1.086266e-12,0
42782,1.0,1.8537038e-11,0
42783,1.0,2.2013181e-12,0
42784,1.0,5.5149413e-10,0
42785,1.0,5.9472955e-14,0
42786,1.0,2.5941133e-12,0
42787,1.0,6.6510106e-13,0
42788,1.0,1.5227726e-14,0
42789,1.0,1.311092e-12,0
42790,1.0,3.1454868e-09,0
42791,1.0,1.499531e-13,0
42792,1.0,6.916903e-14,0
42793,1.0,3.8778822e-08,0
42794,1.0,1.0966195e-14,0
42795,1.0,7.2534097e-12,0
42796,1.0,5.666497e-12,0
42797,1.0,4.587709e-14,0
42798,1.0,1.7188077e-13,0
42799,1.0,9.56802e-12,0
42800,1.0,7.71569e-13,0
42801,1.0,1.1874712e-14,0
42802,1.0,2.1354232e-08,0
42803,1.0,1.0951001e-10,0
42804,1.0,9.078495e-10,0
42805,1.0,1.0118675e-10,0
42806,1.0,1.9404514e-10,0
42807,1.0,3.855092e-13,0
42808,1.0,2.582268e-10,0
42809,1.0,1.0438313e-12,0
42810,1.0,5.9226783e-09,0
42811,1.0,4.821058e-13,0
42812,1.0,2.1199874e-10,0
42813,1.0,5.0936154e-13,0
42814,1.0,7.4363996e-13,0
42815,1.0,4.0038034e-12,0
42816,1.0,4.962491e-11,0
42817,1.0,1.2659578e-10,0
42818,1.0,4.2355516e-12,0
42819,1.0,5.9563277e-08,0
42820,1.0,1.3137767e-10,0
42821,1.0,9.335945e-10,0
42822,1.0,1.6584995e-14,0
42823,1.0,9.396295e-13,0
42824,1.0,6.2124706e-12,0
42825,1.0,2.6627584e-11,0
42826,1.0,8.224553e-12,0
42827,1.0,1.5856864e-08,0
42828,1.0,9.929546e-12,0
42829,1.0,1.3898352e-12,0
42830,1.0,8.23072e-12,0
42831,1.0,4.3012854e-11,0
42832,1.0,2.770248e-10,0
42833,0.9999999,1.1646806e-07,0
42834,1.0,5.634357e-09,0
42835,1.0,8.25531e-12,0
42836,1.0,5.224866e-11,0
42837,1.0,7.8432356e-13,0
42838,1.0,9.906519e-09,0
42839,1.0,8.828585e-13,0
42840,1.0,2.3138008e-12,0
42841,1.0,3.3571414e-08,0
42842,1.0,2.5168535e-12,0
42843,1.0,9.263079e-14,0
42844,1.0,2.2292175e-12,0
42845,1.0,1.5148309e-12,0
42846,1.0,1.679625e-10,0
42847,1.0,1.5374642e-10,0
42848,1.0,4.1888354e-11,0
42849,1.0,1.3252942e-09,0
42850,1.0,5.3002266e-11,0
42851,1.0,4.013458e-13,0
42852,1.0,2.7809124e-12,0
42853,1.0,3.5865842e-12,0
42854,1.0,2.9250175e-13,0
42855,1.0,2.5555912e-12,0
42856,1.0,4.827386e-10,0
42857,1.0,3.449599e-12,0
42858,1.0,4.4170598e-10,0
42859,1.0,1.2482855e-08,0
42860,1.0,4.0273976e-10,0
42861,1.0,3.503802e-08,0
42862,1.0,1.5328744e-12,0
42863,1.0,1.31170985e-08,0
42864,1.0,1.6321433e-09,0
42865,1.0,8.9867336e-11,0
42866,1.0,1.8585211e-12,0
42867,1.0,1.1744082e-12,0
42868,1.0,9.21608e-10,0
42869,1.0,1.5710666e-09,0
42870,1.0,3.785391e-13,0
42871,1.0,6.8422545e-10,0
42872,1.0,2.1376267e-09,0
42873,1.0,1.2826027e-12,0
42874,1.0,1.0218091e-10,0
42875,1.0,7.3991446e-10,0
42876,1.0,1.9704668e-11,0
42877,1.0,3.636402e-11,0
42878,1.0,5.328227e-13,0
42879,1.0,2.4120583e-10,0
42880,1.0,2.8973296e-11,0
42881,1.0,1.7534446e-12,0
42882,1.0,2.226342e-11,0
42883,1.0,4.054609e-12,0
42884,1.0,4.8617924e-12,0
42885,1.0,1.0017302e-10,0
42886,1.0,1.0966839e-11,0
42887,1.0,1.3069853e-11,0
42888,1.0,5.6299327e-12,0
42889,1.0,3.602221e-09,0
42890,1.0,2.2195677e-10,0
42891,1.0,1.3670019e-08,0
42892,1.0,1.478973e-11,0
42893,1.0,2.0927626e-12,0
42894,1.0,7.125327e-11,0
42895,1.0,5.064544e-09,0
42896,1.0,2.4468683e-09,0
42897,1.0,2.471394e-13,0
42898,0.9999999,6.545951e-08,0
42899,1.0,2.128952e-09,0
42900,0.99999976,2.0602258e-07,0
42901,1.0,1.2865457e-11,0
42902,1.0,2.6850082e-12,0
42903,1.0,1.132104e-13,0
42904,1.0,6.6083367e-12,0
42905,1.0,4.6649778e-11,0
42906,1.0,1.5708277e-08,0
42907,1.0,7.578042e-12,0
42908,1.0,1.2444337e-09,0
42909,1.0,3.1530595e-14,0
42910,1.0,1.2684691e-10,0
42911,1.0,2.586806e-08,0
42912,1.0,1.7267975e-11,0
42913,0.9999994,5.969782e-07,0
42914,1.0,7.27319e-09,0
42915,1.0,3.7762976e-13,0
42916,1.0,2.0492015e-13,0
42917,1.0,5.5944294e-11,0
42918,1.0,6.705234e-13,0
42919,1.0,1.48395705e-08,0
42920,1.0,5.923234e-12,0
42921,1.0,4.2853196e-10,0
42922,0.9999995,4.247242e-07,0
42923,1.0,6.371697e-11,0
42924,1.0,4.3216798e-11,0
42925,1.0,6.2999817e-13,0
42926,1.0,1.9111865e-11,0
42927,1.0,6.698581e-11,0
42928,1.0,3.6250192e-10,0
42929,1.0,1.1561962e-12,0
42930,1.0,1.0712951e-12,0
42931,0.9999981,1.947413e-06,0
42932,1.0,2.3547936e-11,0
42933,1.0,6.4110696e-12,0
42934,1.0,4.339933e-12,0
42935,1.0,7.0871555e-12,0
42936,1.0,1.8194674e-10,0
42937,1.0,6.645384e-12,0
42938,1.0,3.6691353e-10,0
42939,1.0,8.206814e-12,0
42940,1.0,5.866231e-12,0
42941,1.0,8.431115e-12,0
42942,1.0,5.797644e-12,0
42943,1.0,1.4749615e-11,0
42944,1.0,3.305555e-11,0
42945,1.0,7.200488e-13,0
42946,1.0,9.941992e-09,0
42947,1.0,1.2575702e-11,0
42948,1.0,1.6098527e-08,0
42949,1.0,1.5285315e-10,0
42950,1.0,1.7417001e-10,0
42951,1.0,2.4119375e-11,0
42952,1.0,1.9491036e-08,0
42953,0.9999999,6.4010145e-08,0
42954,1.0,2.9387872e-08,0
42955,0.99999976,2.844812e-07,0
42956,1.0,1.5334893e-11,0
42957,1.0,1.188751e-11,0
42958,1.0,1.4474039e-12,0
42959,1.0,6.7980746e-11,0
42960,1.0,8.704482e-10,0
42961,1.0,2.9108174e-11,0
42962,1.0,9.20845e-11,0
42963,1.0,8.090837e-12,0
42964,1.0,2.6828714e-10,0
42965,1.0,7.5287204e-10,0
42966,1.0,1.0653045e-12,0
42967,1.0,2.486247e-11,0
42968,1.0,1.5551416e-11,0
42969,0.99999857,1.3953222e-06,0
42970,1.0,5.284807e-09,0
42971,1.0,1.2276247e-09,0
42972,0.9999999,1.1679663e-07,0
42973,1.0,1.279545e-10,0
42974,1.0,8.394717e-13,0
42975,1.0,7.413118e-13,0
42976,1.0,1.3732817e-08,0
42977,1.0,1.6006884e-12,0
42978,1.0,3.232194e-10,0
42979,1.0,4.9469262e-11,0
42980,1.0,3.090872e-13,0
42981,1.0,1.4048769e-13,0
42982,1.0,1.05433566e-13,0
42983,1.0,1.7569019e-13,0
42984,1.0,5.493359e-13,0
42985,1.0,2.596606e-10,0
42986,0.9999999,1.6400493e-07,0
42987,1.0,1.0919531e-13,0
42988,1.0,2.9629517e-14,0
42989,1.0,2.95592e-13,0
42990,1.0,1.2943055e-12,0
42991,0.99999964,4.0288467e-07,0
42992,1.0,8.1363773e-13,0
42993,1.0,7.1178756e-13,0
42994,1.0,1.0946392e-09,0
42995,1.0,2.9374783e-10,0
42996,0.9999995,4.2721766e-07,0
42997,1.0,2.3323818e-14,0
42998,1.0,2.2556098e-13,0
42999,1.0,3.8381846e-11,0
43000,1.0,1.5538504e-09,0
43001,1.0,3.476061e-14,0
43002,1.0,3.1181695e-13,0
43003,1.0,6.842098e-10,0
43004,1.0,2.2202472e-12,0
43005,1.0,4.2841916e-10,0
43006,1.0,1.7421985e-10,0
43007,1.0,9.0688455e-12,0
43008,1.0,9.0246976e-14,0
43009,1.0,1.8574324e-13,0
43010,1.0,1.2185493e-10,0
43011,1.0,1.1975667e-12,0
43012,1.0,3.4620898e-12,0
43013,1.0,4.992227e-10,0
43014,1.0,1.41935575e-14,0
43015,1.0,5.24526e-13,0
43016,1.0,1.0690294e-12,0
43017,1.0,4.0817244e-10,0
43018,1.0,2.7786976e-11,0
43019,1.0,1.2475375e-09,0
43020,1.0,5.4257597e-12,0
43021,1.0,7.0590365e-13,0
43022,1.0,1.3168398e-14,0
43023,1.0,5.2605094e-13,0
43024,1.0,2.7108524e-11,0
43025,1.0,2.9886748e-14,0
43026,1.0,1.1986688e-11,0
43027,1.0,8.508167e-13,0
43028,1.0,5.6279414e-10,0
43029,1.0,5.449622e-13,0
43030,1.0,6.023415e-11,0
43031,1.0,8.400461e-11,0
43032,1.0,2.9035407e-12,0
43033,1.0,2.3214608e-09,0
43034,1.0,1.5280062e-11,0
43035,1.0,6.7407377e-14,0
43036,1.0,1.8768992e-12,0
43037,1.0,7.657869e-12,0
43038,1.0,4.7055467e-12,0
43039,1.0,4.275665e-12,0
43040,1.0,6.9782908e-12,0
43041,1.0,5.250956e-13,0
43042,1.0,3.699902e-10,0
43043,1.0,5.2959213e-11,0
43044,1.0,3.6050437e-14,0
43045,1.0,1.2717535e-11,0
43046,1.0,3.9534387e-12,0
43047,1.0,1.1893238e-09,0
43048,1.0,9.991866e-11,0
43049,0.9999995,5.0700174e-07,0
43050,1.0,5.636514e-10,0
43051,1.0,1.3489199e-09,0
43052,1.0,7.7313864e-11,0
43053,1.0,4.7646553e-09,0
43054,1.0,3.5825709e-12,0
43055,1.0,9.712555e-13,0
43056,1.0,3.1820985e-12,0
43057,1.0,4.998212e-13,0
43058,1.0,3.945132e-11,0
43059,1.0,1.478789e-12,0
43060,1.0,9.550917e-12,0
43061,1.0,6.9219586e-10,0
43062,1.0,1.7284098e-10,0
43063,1.0,1.2822512e-11,0
43064,1.0,1.9759723e-08,0
43065,1.0,1.5912709e-11,0
43066,1.0,2.4842598e-12,0
43067,1.0,4.0711596e-13,0
43068,1.0,1.5510057e-08,0
43069,1.0,1.15902364e-10,0
43070,1.0,2.6104184e-08,0
43071,1.0,3.40453e-08,0
43072,1.0,1.4468975e-10,0
43073,1.0,6.9657035e-14,0
43074,0.9999976,2.356717e-06,0
43075,1.0,7.09154e-11,0
43076,1.0,3.5582388e-12,0
43077,1.0,2.4625518e-10,0
43078,1.0,7.450853e-13,0
43079,1.0,1.673337e-08,0
43080,1.0,6.9539222e-12,0
43081,1.0,6.358316e-12,0
43082,1.0,4.3251245e-12,0
43083,1.0,7.931849e-12,0
43084,1.0,9.655707e-12,0
43085,1.0,1.2446234e-13,0
43086,1.0,1.8777122e-12,0
43087,1.0,2.9018052e-10,0
43088,1.0,3.811262e-13,0
43089,1.0,5.020602e-12,0
43090,1.0,7.468695e-13,0
43091,0.9999999,7.626691e-08,0
43092,1.0,1.3664503e-10,0
43093,1.0,5.0100127e-08,0
43094,1.0,4.9036426e-13,0
43095,1.0,3.5946246e-12,0
43096,1.0,1.8650276e-11,0
43097,1.0,2.4919856e-12,0
43098,1.0,3.0614542e-09,0
43099,1.0,9.552653e-11,0
43100,1.0,1.4989769e-12,0
43101,1.0,5.019711e-12,0
43102,0.99999976,1.8008036e-07,0
43103,1.0,3.4316508e-12,0
43104,1.0,2.2278457e-11,0
43105,1.0,2.8810496e-12,0
43106,1.0,5.916434e-13,0
43107,1.0,1.0591398e-11,0
43108,1.0,5.9459633e-12,0
43109,1.0,5.448416e-13,0
43110,1.0,4.5427187e-10,0
43111,1.0,3.0292067e-12,0
43112,1.0,2.9727282e-10,0
43113,1.0,2.0426145e-13,0
43114,1.0,1.7520675e-08,0
43115,1.0,3.394546e-11,0
43116,0.9999989,1.1205939e-06,0
43117,1.0,2.659713e-11,0
43118,1.0,3.7666332e-11,0
43119,1.0,3.7649056e-13,0
43120,1.0,2.2004023e-09,0
43121,1.0,2.153012e-09,0
43122,1.0,3.891707e-09,0
43123,1.0,5.0748438e-12,0
43124,1.0,5.6457648e-11,0
43125,1.0,1.6746331e-12,0
43126,1.0,1.5122493e-13,0
43127,1.0,1.109734e-11,0
43128,1.0,1.7327651e-12,0
43129,1.0,2.2813247e-12,0
43130,1.0,5.3619414e-13,0
43131,1.0,1.6863741e-12,0
43132,1.0,1.14935e-11,0
43133,1.0,1.0408264e-10,0
43134,1.0,2.0599085e-12,0
43135,1.0,3.6932535e-10,0
43136,1.0,2.3526073e-11,0
43137,1.0,8.025746e-12,0
43138,1.0,7.427731e-11,0
43139,1.0,2.5379774e-12,0
43140,1.0,5.6454546e-14,0
43141,1.0,1.2334307e-10,0
43142,1.0,7.778997e-12,0
43143,0.99999845,1.5438035e-06,0
43144,1.0,5.70828e-13,0
43145,1.0,2.325845e-12,0
43146,1.0,2.1137765e-11,0
43147,1.0,7.9752593e-10,0
43148,1.0,4.1726483e-11,0
43149,1.0,1.2111888e-12,0
43150,1.0,6.570556e-12,0
43151,1.0,1.8461752e-10,0
43152,1.0,1.2240965e-09,0
43153,1.0,3.4729646e-11,0
43154,1.0,2.6668617e-10,0
43155,1.0,1.2360388e-12,0
43156,1.0,2.8397354e-11,0
43157,1.0,2.693197e-10,0
43158,0.99999964,4.0518466e-07,0
43159,1.0,6.9498123e-12,0
43160,1.0,3.5138378e-10,0
43161,1.0,7.292268e-11,0
43162,1.0,3.4203884e-10,0
43163,0.9999957,4.3357572e-06,0
43164,0.99999964,3.642593e-07,0
43165,1.0,1.4922305e-12,0
43166,0.99999905,9.255519e-07,0
43167,1.0,4.9267144e-13,0
43168,1.0,1.005906e-10,0
43169,1.0,2.4178173e-09,0
43170,1.0,4.411574e-12,0
43171,1.0,2.9823002e-12,0
43172,1.0,8.202793e-12,0
43173,1.0,1.2109487e-08,0
43174,1.0,1.4866254e-12,0
43175,1.0,4.567944e-13,0
43176,1.0,1.41914406e-11,0
43177,1.0,1.3771327e-11,0
43178,1.0,5.904039e-11,0
43179,1.0,3.6397574e-09,0
43180,1.0,9.605318e-09,0
43181,1.0,1.4548015e-09,0
43182,1.0,2.023454e-10,0
43183,1.0,1.1206427e-09,0
43184,1.0,3.8270585e-11,0
43185,1.0,1.0464826e-12,0
43186,1.0,2.201822e-12,0
43187,1.0,3.3356429e-09,0
43188,1.0,3.4135844e-10,0
43189,1.0,1.1006151e-11,0
43190,1.0,4.377959e-13,0
43191,1.0,1.0706093e-11,0
43192,1.0,2.5650036e-14,0
43193,1.0,4.8104095e-14,0
43194,1.0,2.155138e-11,0
43195,1.0,7.724499e-12,0
43196,1.0,5.876041e-12,0
43197,1.0,9.347969e-11,0
43198,1.0,2.1780876e-13,0
43199,1.0,1.28841686e-11,0
43200,1.0,2.505158e-12,0
43201,1.0,1.8603388e-14,0
43202,1.0,5.195292e-11,0
43203,1.0,2.6379315e-12,0
43204,1.0,1.2243142e-08,0
43205,1.0,2.6608002e-10,0
43206,1.0,7.0796774e-10,0
43207,1.0,5.87687e-12,0
43208,1.0,3.1565284e-12,0
43209,1.0,2.1809403e-12,0
43210,0.9999999,1.7724e-07,0
43211,1.0,7.0679416e-13,0
43212,1.0,1.550306e-14,0
43213,1.0,6.393476e-11,0
43214,1.0,4.1515276e-09,0
43215,1.0,5.1057236e-10,0
43216,1.0,1.3842049e-09,0
43217,1.0,1.9750694e-14,0
43218,1.0,2.1476076e-08,0
43219,1.0,7.4217916e-09,0
43220,1.0,1.9624477e-11,0
43221,1.0,1.7729425e-09,0
43222,1.0,1.6332611e-13,0
43223,1.0,9.834024e-12,0
43224,1.0,1.3424102e-10,0
43225,1.0,1.3560726e-10,0
43226,1.0,8.0703466e-10,0
43227,1.0,3.113917e-11,0
43228,1.0,3.6448424e-13,0
43229,1.0,7.552509e-10,0
43230,1.0,9.619572e-11,0
43231,0.9999999,1.2085286e-07,0
43232,1.0,2.3782585e-09,0
43233,0.9999964,3.5410403e-06,0
43234,1.0,9.829299e-12,0
43235,0.99999964,3.6371017e-07,0
43236,1.0,2.9195178e-08,0
43237,1.0,1.9693567e-09,0
43238,1.0,1.3906354e-09,0
43239,0.9999999,6.306874e-08,0
43240,1.0,3.5570312e-12,0
43241,1.0,3.3674566e-10,0
43242,1.0,1.5919812e-11,0
43243,1.0,3.7428302e-10,0
43244,1.0,1.9924699e-11,0
43245,1.0,4.105621e-12,0
43246,1.0,5.6847266e-12,0
43247,1.0,1.30317135e-08,0
43248,0.9999999,6.346284e-08,0
43249,1.0,1.3128356e-09,0
43250,1.0,5.1469716e-08,0
43251,1.0,1.6824667e-09,0
43252,0.99999917,8.3143766e-07,0
43253,1.0,7.070898e-12,0
43254,1.0,3.619839e-09,0
43255,1.0,1.8370887e-13,0
43256,1.0,5.687509e-10,0
43257,1.0,1.5784185e-10,0
43258,1.0,6.415752e-09,0
43259,1.0,4.5460618e-11,0
43260,1.0,1.178555e-12,0
43261,1.0,9.723377e-10,0
43262,1.0,2.9602191e-13,0
43263,0.9999999,1.19100235e-07,0
43264,1.0,2.0239066e-13,0
43265,0.9999944,5.602266e-06,0
43266,1.0,9.223803e-13,0
43267,1.0,3.799636e-12,0
43268,1.0,3.6296563e-13,0
43269,1.0,2.429625e-12,0
43270,1.0,1.0625266e-08,0
43271,1.0,1.8341023e-09,0
43272,1.0,9.05431e-12,0
43273,1.0,5.498957e-13,0
43274,1.0,2.105383e-11,0
43275,1.0,1.4682812e-11,0
43276,1.0,2.3349747e-12,0
43277,1.0,3.133038e-13,0
43278,1.0,4.9129857e-13,0
43279,1.0,3.6342702e-09,0
43280,1.0,2.6587077e-08,0
43281,1.0,2.0456792e-09,0
43282,1.0,1.2529487e-12,0
43283,1.0,1.543891e-10,0
43284,1.0,1.00043945e-10,0
43285,1.0,3.4410495e-12,0
43286,1.0,1.8273926e-11,0
43287,1.0,1.6224237e-11,0
43288,1.0,2.4592448e-12,0
43289,1.0,6.6895315e-14,0
43290,1.0,1.8762479e-12,0
43291,1.0,3.1438357e-10,0
43292,1.0,4.1324368e-11,0
43293,1.0,2.4586057e-13,0
43294,1.0,4.2095033e-13,0
43295,1.0,1.7333865e-12,0
43296,1.0,4.0967953e-09,0
43297,1.0,2.1886352e-10,0
43298,1.0,3.9627585e-10,0
43299,1.0,4.6216684e-08,0
43300,1.0,2.348627e-10,0
43301,1.0,9.2667385e-10,0
43302,1.0,2.9316486e-12,0
43303,1.0,8.031538e-11,0
43304,1.0,1.1250806e-12,0
43305,1.0,4.807477e-13,0
43306,1.0,2.2704097e-10,0
43307,1.0,1.1596311e-11,0
43308,1.0,5.9268026e-13,0
43309,1.0,2.7770761e-11,0
43310,0.9999975,2.5543254e-06,0
43311,1.0,1.0840189e-11,0
43312,1.0,1.0892755e-10,0
43313,1.0,1.0163229e-12,0
43314,1.0,2.6397147e-11,0
43315,1.0,5.1049395e-12,0
43316,1.0,6.690026e-11,0
43317,1.0,8.746929e-12,0
43318,0.9999999,1.6320422e-07,0
43319,1.0,3.6439788e-14,0
43320,1.0,1.3554912e-13,0
43321,1.0,7.085479e-12,0
43322,1.0,3.094435e-13,0
43323,1.0,1.7930819e-13,0
43324,0.9999999,6.6144025e-08,0
43325,0.99999964,3.8843157e-07,0
43326,1.0,2.4818491e-12,0
43327,0.99999976,1.93846e-07,0
43328,1.0,1.27151765e-08,0
43329,1.0,4.9694107e-09,0
43330,1.0,2.3511438e-12,0
43331,1.0,9.86705e-13,0
43332,1.0,1.8041635e-12,0
43333,1.0,2.0748386e-11,0
43334,1.0,5.574537e-13,0
43335,1.0,1.7121379e-11,0
43336,1.0,1.8563222e-11,0
43337,1.0,7.3427264e-10,0
43338,1.0,7.8602034e-13,0
43339,1.0,4.7390054e-13,0
43340,1.0,5.7970385e-11,0
43341,0.9999999,1.1632043e-07,0
43342,1.0,3.1088462e-13,0
43343,1.0,7.704374e-11,0
43344,1.0,2.1839293e-12,0
43345,1.0,3.2032324e-10,0
43346,1.0,3.5366816e-12,0
43347,1.0,3.4475287e-11,0
43348,1.0,1.8883586e-11,0
43349,1.0,3.1162985e-12,0
43350,1.0,2.35424e-12,0
43351,0.999997,3.0097124e-06,0
43352,1.0,4.6691587e-12,0
43353,1.0,1.896601e-09,0
43354,0.99999917,7.973287e-07,0
43355,1.0,1.1896091e-10,0
43356,1.0,3.1647105e-11,0
43357,1.0,1.0796012e-11,0
43358,1.0,8.94784e-11,0
43359,1.0,3.0928435e-12,0
43360,1.0,1.6034823e-11,0
43361,1.0,9.075167e-11,0
43362,1.0,1.050919e-12,0
43363,1.0,7.7990464e-10,0
43364,1.0,8.8875673e-13,0
43365,1.0,5.6971306e-13,0
43366,1.0,5.4274467e-12,0
43367,1.0,1.2742744e-10,0
43368,1.0,9.977658e-11,0
43369,1.0,4.8528033e-13,0
43370,1.0,1.1485435e-11,0
43371,1.0,1.2853837e-10,0
43372,1.0,1.0087573e-10,0
43373,1.0,1.9240548e-10,0
43374,1.0,4.9183835e-14,0
43375,1.0,1.8023597e-10,0
43376,0.99998724,1.2702865e-05,0
43377,1.0,7.438584e-13,0
43378,1.0,2.1442503e-09,0
43379,1.0,2.4127474e-11,0
43380,1.0,3.016928e-10,0
43381,1.0,3.202406e-11,0
43382,1.0,2.0696687e-11,0
43383,1.0,6.958812e-10,0
43384,1.0,2.6447053e-10,0
43385,1.0,1.8934448e-10,0
43386,1.0,8.7053157e-13,0
43387,1.0,1.5125414e-12,0
43388,1.0,3.0626848e-10,0
43389,1.0,3.0442576e-10,0
43390,1.0,1.5122537e-11,0
43391,1.0,5.862375e-11,0
43392,1.0,1.0136374e-09,0
43393,1.0,6.0163113e-10,0
43394,1.0,3.25438e-12,0
43395,1.0,1.5887697e-10,0
43396,1.0,1.079856e-08,0
43397,1.0,4.9678893e-11,0
43398,1.0,4.3131874e-12,0
43399,0.99999726,2.722578e-06,0
43400,0.99999964,3.868545e-07,0
43401,1.0,1.6969137e-10,0
43402,1.0,1.9101615e-12,0
43403,1.0,1.9554122e-11,0
43404,1.0,1.7149895e-09,0
43405,1.0,4.498876e-12,0
43406,1.0,6.3722805e-11,0
43407,1.0,1.8350032e-11,0
43408,1.0,1.525589e-11,0
43409,1.0,7.1936245e-13,0
43410,1.0,4.174676e-12,0
43411,1.0,3.881974e-12,0
43412,1.0,5.606543e-11,0
43413,1.0,5.2053504e-11,0
43414,1.0,6.6523046e-13,0
43415,1.0,9.657254e-12,0
43416,1.0,2.0984376e-09,0
43417,1.0,3.1688298e-11,0
43418,1.0,2.0197514e-11,0
43419,1.0,2.7747374e-10,0
43420,1.0,9.4731806e-11,0
43421,1.0,2.9764727e-10,0
43422,1.0,1.7740005e-10,0
43423,1.0,9.771496e-13,0
43424,1.0,3.5052506e-13,0
43425,1.0,1.2239896e-12,0
43426,1.0,1.2995257e-11,0
43427,1.0,2.6339998e-12,0
43428,1.0,3.6112324e-13,0
43429,0.9999989,1.097058e-06,0
43430,1.0,5.9260874e-10,0
43431,1.0,1.400955e-08,0
43432,1.0,3.9616627e-10,0
43433,1.0,4.539988e-11,0
43434,1.0,1.7094782e-11,0
43435,1.0,6.033085e-11,0
43436,1.0,1.0300172e-11,0
43437,1.0,3.8828143e-14,0
43438,1.0,5.733505e-14,0
43439,1.0,1.6710126e-11,0
43440,1.0,1.9218525e-08,0
43441,1.0,1.262925e-12,0
43442,1.0,6.0005326e-13,0
43443,1.0,6.6565347e-12,0
43444,1.0,7.791274e-09,0
43445,1.0,4.4741884e-12,0
43446,1.0,8.1101304e-13,0
43447,0.99999976,2.4822904e-07,0
43448,1.0,1.4074182e-11,0
43449,1.0,3.9869053e-10,0
43450,1.0,6.4980838e-12,0
43451,1.0,1.5452748e-11,0
43452,1.0,5.1844575e-13,0
43453,1.0,2.202383e-10,0
43454,1.0,1.7002854e-11,0
43455,1.0,2.7925993e-13,0
43456,1.0,2.0596974e-11,0
43457,1.0,3.5410204e-09,0
43458,1.0,5.213769e-10,0
43459,1.0,1.41306895e-08,0
43460,1.0,1.6575298e-09,0
43461,1.0,3.2708322e-13,0
43462,1.0,1.9725285e-10,0
43463,1.0,2.6275524e-08,0
43464,1.0,4.425798e-13,0
43465,1.0,4.0535326e-09,0
43466,1.0,5.6367505e-10,0
43467,1.0,7.7629857e-13,0
43468,1.0,1.12747915e-10,0
43469,1.0,3.8882265e-13,0
43470,1.0,3.817333e-11,0
43471,1.0,1.7903846e-10,0
43472,1.0,1.9846945e-11,0
43473,1.0,8.4737817e-10,0
43474,1.0,5.5952964e-10,0
43475,1.0,4.3577687e-11,0
43476,1.0,2.0579785e-10,0
43477,1.0,3.470766e-11,0
43478,1.0,3.7417185e-09,0
43479,1.0,1.5437298e-09,0
43480,1.0,2.298919e-12,0
43481,1.0,3.0519118e-08,0
43482,1.0,1.9850788e-09,0
43483,1.0,1.1634545e-08,0
43484,1.0,8.4912877e-10,0
43485,1.0,3.2464693e-12,0
43486,0.9999995,5.0635714e-07,0
43487,1.0,1.0477423e-09,0
43488,1.0,2.640893e-11,0
43489,1.0,5.3156325e-12,0
43490,1.0,3.2031435e-12,0
43491,1.0,2.1474292e-10,0
43492,1.0,4.017491e-11,0
43493,1.0,2.1116269e-09,0
43494,1.0,7.0347925e-12,0
43495,1.0,2.004782e-12,0
43496,1.0,1.4061283e-10,0
43497,1.0,2.2152198e-10,0
43498,0.9999999,9.222771e-08,0
43499,1.0,2.2054464e-11,0
43500,1.0,8.9001506e-10,0
43501,1.0,5.9629134e-14,0
43502,1.0,2.5585969e-11,0
43503,1.0,1.5503016e-12,0
43504,1.0,9.580268e-13,0
43505,1.0,4.647522e-09,0
43506,1.0,5.898929e-11,0
43507,0.99999976,1.8756548e-07,0
43508,1.0,5.611346e-11,0
43509,0.9999999,8.935539e-08,0
43510,1.0,5.081979e-10,0
43511,0.99999964,3.7655906e-07,0
43512,1.0,1.185253e-11,0
43513,1.0,8.1165497e-10,0
43514,1.0,1.0888517e-10,0
43515,1.0,6.4753776e-09,0
43516,1.0,1.9899643e-10,0
43517,1.0,5.1694317e-12,0
43518,1.0,1.6011315e-08,0
43519,1.0,1.7300722e-10,0
43520,1.0,2.2471024e-10,0
43521,1.0,9.701901e-11,0
43522,1.0,3.240049e-08,0
43523,0.9999994,5.9450736e-07,0
43524,1.0,1.7658158e-08,0
43525,1.0,9.2409295e-11,0
43526,1.0,2.5100404e-09,0
43527,1.0,9.63508e-09,0
43528,1.0,5.5275336e-11,0
43529,0.9999999,8.9176275e-08,0
43530,1.0,1.8847506e-10,0
43531,1.0,6.8330736e-10,0
43532,0.9999994,5.8343846e-07,0
43533,0.99999905,1.0063975e-06,0
43534,0.999998,2.0174884e-06,0
43535,1.0,1.07988285e-08,0
43536,0.9999994,6.0887453e-07,0
43537,0.9999974,2.6330545e-06,0
43538,0.99999785,2.0932953e-06,0
43539,0.9999999,6.350196e-08,0
43540,1.0,1.9563578e-13,0
43541,0.9999987,1.3059703e-06,0
43542,1.0,2.0246045e-10,0
43543,1.0,3.8459802e-08,0
43544,1.0,8.484794e-14,0
43545,1.0,1.8324589e-09,0
43546,0.99999976,2.4730986e-07,0
43547,0.99999917,7.963135e-07,0
43548,1.0,1.9958886e-08,0
43549,0.9999995,4.4639262e-07,0
43550,0.9999999,1.2968216e-07,0
43551,0.9999999,9.032818e-08,0
43552,1.0,4.9904084e-14,0
43553,1.0,1.0992856e-10,0
43554,1.0,1.1949845e-11,0
43555,1.0,2.102187e-13,0
43556,0.99998283,1.7214657e-05,0
43557,1.0,1.4143529e-11,0
43558,1.0,6.5814785e-09,0
43559,1.0,1.8982216e-10,0
43560,0.9999999,1.5018252e-07,0
43561,0.9999999,1.7431317e-07,0
43562,1.0,1.7322266e-08,0
43563,0.99999464,5.386985e-06,0
43564,1.0,1.1385811e-09,0
43565,0.9999987,1.283977e-06,0
43566,0.9999995,4.886844e-07,0
43567,1.0,5.861013e-14,0
43568,1.0,2.4651056e-12,0
43569,1.0,6.346944e-14,0
43570,1.0,5.842169e-08,0
43571,0.99999917,8.718129e-07,0
43572,0.9999999,1.0030509e-07,0
43573,1.0,6.1425704e-14,0
43574,0.99999976,2.6766904e-07,0
43575,1.0,1.7292326e-08,0
43576,0.99992704,7.289728e-05,0
43577,0.99999976,2.9093684e-07,0
43578,0.9999999,1.5372817e-07,0
43579,1.0,5.5461262e-09,0
43580,0.99999416,5.880587e-06,0
43581,0.9999962,3.8216194e-06,0
43582,1.0,1.6531457e-11,0
43583,1.0,1.1100067e-08,0
43584,1.0,2.0947946e-09,0
43585,1.0,6.261375e-12,0
43586,1.0,4.228539e-11,0
43587,1.0,2.5884667e-10,0
43588,1.0,1.1120054e-11,0
43589,1.0,3.0071585e-12,0
43590,1.0,5.0505485e-12,0
43591,0.9999999,1.3089262e-07,0
43592,1.0,2.1433576e-10,0
43593,1.0,3.138366e-10,0
43594,1.0,2.1686747e-08,0
43595,1.0,4.1415623e-13,0
43596,1.0,8.616024e-11,0
43597,1.0,1.6300449e-11,0
43598,1.0,1.2900318e-12,0
43599,1.0,5.7480518e-12,0
43600,1.0,1.5888369e-13,0
43601,1.0,2.0912734e-09,0
43602,1.0,3.578687e-11,0
43603,0.9999825,1.7552538e-05,0
43604,0.9999993,7.714177e-07,0
43605,1.0,2.9485938e-13,0
43606,1.0,4.0636947e-10,0
43607,1.0,2.9457272e-13,0
43608,1.0,1.8597909e-08,0
43609,0.999982,1.7984652e-05,0
43610,1.0,3.739872e-12,0
43611,1.0,3.2782971e-12,0
43612,1.0,2.9274733e-13,0
43613,1.0,2.4822218e-13,0
43614,0.9999994,5.9680286e-07,0
43615,1.0,5.379059e-09,0
43616,0.9999999,6.521364e-08,0
43617,1.0,4.1341984e-13,0
43618,1.0,3.4262336e-13,0
43619,1.0,2.5296928e-13,0
43620,1.0,5.9229044e-09,0
43621,1.0,9.934258e-09,0
43622,0.9999993,7.620626e-07,0
43623,1.0,8.700091e-12,0
43624,1.0,6.677434e-10,0
43625,1.0,2.8160889e-11,0
43626,1.0,3.2829482e-11,0
43627,1.0,3.156836e-08,0
43628,1.0,3.00846e-09,0
43629,0.9999975,2.4647452e-06,0
43630,0.9999826,1.7388396e-05,0
43631,1.0,5.1721152e-08,0
43632,1.0,1.8349771e-09,0
43633,0.9999999,1.6316032e-07,0
43634,0.9999999,7.0587305e-08,0
43635,1.0,6.5681444e-10,0
43636,0.99999845,1.5243908e-06,0
43637,0.9999999,1.5000074e-07,0
43638,1.0,3.2391775e-08,0
43639,1.0,4.768011e-12,0
43640,1.0,2.697549e-08,0
43641,1.0,1.0489501e-09,0
43642,1.0,1.3337467e-12,0
43643,0.9999981,1.9176618e-06,0
43644,1.0,1.2473186e-09,0
43645,0.99999905,8.987172e-07,0
43646,0.99999964,3.8263568e-07,0
43647,0.99999857,1.424192e-06,0
43648,1.0,3.791555e-09,0
43649,0.9999999,1.7033402e-07,0
43650,0.9999993,7.261112e-07,0
43651,0.99999964,3.028393e-07,0
43652,0.99999666,3.3329468e-06,0
43653,0.9999769,2.3067803e-05,0
43654,0.9999999,7.5782445e-08,0
43655,0.9999999,1.6196998e-07,0
43656,1.0,5.288528e-09,0
43657,1.0,1.343297e-09,0
43658,1.0,4.0082337e-09,0
43659,1.0,3.0330283e-12,0
43660,1.0,5.805844e-12,0
43661,1.0,1.6171649e-08,0
43662,1.0,7.8228944e-11,0
43663,1.0,1.0054653e-09,0
43664,1.0,1.3781253e-12,0
43665,1.0,8.512197e-12,0
43666,1.0,9.80407e-10,0
43667,0.99999964,3.8471288e-07,0
43668,0.9999974,2.675251e-06,0
43669,1.0,9.682269e-11,0
43670,1.0,8.730561e-12,0
43671,0.9999999,1.290158e-07,0
43672,0.9999999,9.731103e-08,0
43673,1.0,1.197573e-13,0
43674,1.0,9.426036e-10,0
43675,1.0,1.5156078e-09,0
43676,1.0,5.0475926e-12,0
43677,0.9999987,1.3501659e-06,0
43678,1.0,1.992776e-09,0
43679,1.0,1.7983017e-09,0
43680,1.0,4.461949e-09,0
43681,0.99999857,1.45574e-06,0
43682,1.0,2.083001e-09,0
43683,1.0,1.6006892e-11,0
43684,1.0,1.3899862e-12,0
43685,1.0,2.0787475e-08,0
43686,1.0,2.5860711e-08,0
43687,1.0,5.320088e-11,0
43688,1.0,2.2971616e-12,0
43689,0.9999969,3.133311e-06,0
43690,1.0,2.297534e-12,0
43691,1.0,4.061854e-12,0
43692,1.0,8.946073e-09,0
43693,1.0,3.826779e-12,0
43694,0.9999995,5.1094213e-07,0
43695,0.9999993,6.937547e-07,0
43696,1.0,7.194963e-11,0
43697,0.9999994,6.180914e-07,0
43698,1.0,8.033709e-12,0
43699,0.99999547,4.4951557e-06,0
43700,1.0,3.1002916e-08,0
43701,0.9999994,6.506374e-07,0
43702,0.9999989,1.0869738e-06,0
43703,1.0,3.9580623e-09,0
43704,1.0,2.6573195e-11,0
43705,1.0,9.6610275e-09,0
43706,1.0,1.2086889e-09,0
43707,1.0,2.6911612e-08,0
43708,0.9999999,1.4201053e-07,0
43709,1.0,5.569678e-10,0
43710,1.0,1.0147172e-08,0
43711,1.0,1.9764365e-11,0
43712,0.9999999,6.383092e-08,0
43713,1.0,2.7802656e-08,0
43714,0.9999999,8.28732e-08,0
43715,1.0,3.4228974e-12,0
43716,1.0,2.0774552e-08,0
43717,0.9999999,1.5126952e-07,0
43718,1.0,5.6774784e-08,0
43719,1.0,7.73969e-12,0
43720,0.9999951,4.900499e-06,0
43721,0.99999726,2.6982855e-06,0
43722,0.9999995,5.2652007e-07,0
43723,0.9999964,3.5626038e-06,0
43724,0.99999607,3.9580223e-06,0
43725,0.9999999,6.8046354e-08,0
43726,1.0,3.7810617e-09,0
43727,0.99999666,3.3792908e-06,0
43728,0.9999999,6.867508e-08,0
43729,1.0,6.920378e-09,0
43730,0.999997,2.9705886e-06,0
43731,1.0,3.087969e-08,0
43732,1.0,5.398426e-08,0
43733,0.9999981,1.8514647e-06,0
43734,1.0,5.976632e-11,0
43735,1.0,6.9380185e-10,0
43736,1.0,7.5620184e-11,0
43737,0.99999917,8.155544e-07,0
43738,1.0,2.1770797e-08,0
43739,1.0,2.5227605e-08,0
43740,0.9999945,5.5192895e-06,0
43741,0.99997985,2.0123072e-05,0
43742,1.0,1.1318407e-09,0
43743,1.0,2.8160582e-10,0
43744,0.9999999,5.969201e-08,0
43745,1.0,8.617019e-09,0
43746,0.9999995,4.188902e-07,0
43747,1.0,1.2392877e-11,0
43748,1.0,4.459926e-08,0
43749,1.0,1.2375037e-12,0
43750,1.0,1.0056231e-08,0
43751,1.0,1.1755574e-09,0
43752,1.0,5.6217253e-08,0
43753,1.0,3.135926e-09,0
43754,0.9999999,1.6085643e-07,0
43755,1.0,4.8683324e-09,0
43756,1.0,4.0066223e-12,0
43757,1.0,5.49145e-10,0
43758,1.0,7.144601e-10,0
43759,0.9999975,2.4701053e-06,0
43760,0.99999726,2.7157269e-06,0
43761,0.9999999,1.3647177e-07,0
43762,0.9999938,6.22886e-06,0
43763,1.0,2.9893908e-08,0
43764,0.9999974,2.6812838e-06,0
43765,0.99999976,2.6621436e-07,0
43766,0.99999976,2.3781423e-07,0
43767,0.999998,2.0583634e-06,0
43768,0.99999917,8.350278e-07,0
43769,0.99999917,8.2231077e-07,0
43770,1.0,2.1187244e-08,0
43771,0.9999999,6.009252e-08,0
43772,1.0,1.0124278e-09,0
43773,0.9999999,8.954305e-08,0
43774,1.0,5.4943317e-10,0
43775,0.9999974,2.5632514e-06,0
43776,0.9999999,7.403344e-08,0
43777,1.0,6.9839468e-09,0
43778,1.0,3.6122508e-10,0
43779,0.9999993,6.73951e-07,0
43780,1.0,8.115625e-09,0
43781,1.0,1.63763e-11,0
43782,1.0,5.3845783e-10,0
43783,0.99999964,3.8042563e-07,0
43784,0.99999595,4.057994e-06,0
43785,1.0,7.0937894e-10,0
43786,1.0,5.2842126e-09,0
43787,1.0,2.2600144e-10,0
43788,0.99999976,2.5033296e-07,0
43789,1.0,6.879104e-10,0
43790,1.0,6.766479e-09,0
43791,1.0,7.072565e-10,0
43792,1.0,4.873923e-10,0
43793,1.0,3.1197358e-12,0
43794,1.0,1.091211e-11,0
43795,0.9999994,6.0966585e-07,0
43796,1.0,3.455065e-08,0
43797,1.0,3.1465326e-08,0
43798,1.0,2.435643e-08,0
43799,1.0,5.0195204e-08,0
43800,0.9999994,6.419317e-07,0
43801,0.99999917,8.408405e-07,0
43802,0.99999475,5.2711366e-06,0
43803,0.99999356,6.461515e-06,0
43804,1.0,3.7539283e-09,0
43805,0.99999976,2.4384468e-07,0
43806,1.0,5.4473853e-10,0
43807,1.0,5.888598e-11,0
43808,0.99999845,1.5435326e-06,0
43809,1.0,2.840914e-09,0
43810,1.0,1.8247542e-09,0
43811,1.0,5.5395923e-09,0
43812,1.0,2.2775488e-10,0
43813,1.0,4.21255e-08,0
43814,1.0,5.6042744e-08,0
43815,0.9999975,2.4641622e-06,0
43816,1.0,2.1867013e-08,0
43817,1.0,3.72803e-11,0
43818,0.9999881,1.1892428e-05,0
43819,1.0,1.020056e-11,0
43820,0.9999995,4.2935054e-07,0
43821,0.99999976,2.2827662e-07,0
43822,1.0,9.941424e-09,0
43823,0.9999988,1.1397331e-06,0
43824,1.0,9.843417e-10,0
43825,1.0,2.469506e-08,0
43826,1.0,8.53113e-09,0
43827,1.0,9.152474e-10,0
43828,0.99999785,2.1077824e-06,0
43829,0.9999993,7.5404824e-07,0
43830,0.9999994,6.168054e-07,0
43831,1.0,6.7420557e-12,0
43832,1.0,7.742075e-10,0
43833,0.99999404,5.91853e-06,0
43834,1.0,1.0577293e-10,0
43835,0.9999994,6.417615e-07,0
43836,1.0,2.7513436e-10,0
43837,0.99999845,1.5119351e-06,0
43838,1.0,9.789825e-11,0
43839,1.0,2.7182678e-10,0
43840,0.99999964,3.4733714e-07,0
43841,1.0,1.0832599e-08,0
43842,1.0,1.838355e-08,0
43843,1.0,3.705266e-08,0
43844,0.99999976,1.8978838e-07,0
43845,1.0,2.3565079e-09,0
43846,1.0,1.0541368e-09,0
43847,1.0,6.442466e-11,0
43848,0.9999988,1.2112222e-06,0
43849,1.0,6.135537e-09,0
43850,1.0,1.4356328e-09,0
43851,0.9985146,0.0014854515,0
43852,1.0,1.5241596e-09,0
43853,1.0,1.2174267e-11,0
43854,1.0,9.030652e-11,0
43855,1.0,1.9633184e-09,0
43856,0.9999683,3.172803e-05,0
43857,1.0,1.6495503e-09,0
43858,1.0,8.076803e-09,0
43859,0.9999999,8.1270294e-08,0
43860,1.0,5.1826518e-08,0
43861,1.0,4.996043e-08,0
43862,0.99999917,8.1258025e-07,0
43863,0.9999999,1.0869816e-07,0
43864,0.9999999,7.117595e-08,0
43865,1.0,1.995153e-09,0
43866,1.0,3.6221614e-08,0
43867,1.0,2.7809604e-08,0
43868,0.99999726,2.718432e-06,0
43869,0.9999852,1.4796753e-05,0
43870,1.0,4.376064e-09,0
43871,0.9999989,1.082315e-06,0
43872,0.9999999,7.3443154e-08,0
43873,0.99998724,1.2724084e-05,0
43874,0.9999963,3.7268385e-06,0
43875,1.0,1.0231425e-11,0
43876,1.0,1.4001254e-10,0
43877,0.9999994,5.862255e-07,0
43878,1.0,6.514847e-09,0
43879,0.9999999,7.034967e-08,0
43880,0.99999905,9.4246747e-07,0
43881,1.0,3.6695064e-10,0
43882,1.0,5.137278e-09,0
43883,1.0,1.8581067e-08,0
43884,0.99999964,3.3929854e-07,0
43885,0.99999905,9.194876e-07,0
43886,1.0,1.441904e-12,0
43887,1.0,3.630027e-11,0
43888,0.99999964,4.1648786e-07,0
43889,1.0,4.299354e-09,0
43890,0.99999905,1.0061979e-06,0
43891,0.99999976,2.7753288e-07,0
43892,0.9999999,8.021935e-08,0
43893,0.99999976,2.6533843e-07,0
43894,1.0,5.1818996e-12,0
43895,1.0,1.3573439e-09,0
43896,0.9999999,1.5470472e-07,0
43897,0.9999999,9.028787e-08,0
43898,1.0,9.880553e-09,0
43899,0.99999964,3.8344845e-07,0
43900,0.99999976,2.206944e-07,0
43901,1.0,4.8756923e-09,0
43902,1.0,1.6440357e-08,0
43903,1.0,5.260071e-08,0
43904,1.0,2.761234e-09,0
43905,1.0,4.5260764e-11,0
43906,0.99999917,8.2897924e-07,0
43907,0.9999999,1.15495816e-07,0
43908,0.9999999,9.334316e-08,0
43909,0.9999994,5.775107e-07,0
43910,1.0,1.3573406e-10,0
43911,1.0,8.4547676e-09,0
43912,1.0,3.3110972e-10,0
43913,1.0,4.8500928e-09,0
43914,0.9999995,4.5643057e-07,0
43915,1.0,1.2108702e-08,0
43916,0.9999995,4.8195716e-07,0
43917,1.0,4.9405924e-10,0
43918,1.0,1.7903574e-10,0
43919,0.9999999,8.6383984e-08,0
43920,1.0,7.806499e-11,0
43921,1.0,8.415026e-10,0
43922,1.0,2.9382434e-08,0
43923,0.9999999,9.279624e-08,0
43924,1.0,5.2604917e-12,0
43925,1.0,1.0167732e-11,0
43926,0.9999975,2.5104398e-06,0
43927,0.9999999,1.1037411e-07,0
43928,1.0,3.1784413e-08,0
43929,1.0,2.2161804e-09,0
43930,0.99999917,8.8035836e-07,0
43931,1.0,9.01964e-10,0
43932,0.99999964,3.3713098e-07,0
43933,1.0,1.7989235e-08,0
43934,1.0,9.949006e-10,0
43935,1.0,1.47714e-08,0
43936,1.0,4.026424e-09,0
43937,1.0,3.2956386e-08,0
43938,0.99999845,1.6079032e-06,0
43939,0.99999964,3.4309056e-07,0
43940,0.9999999,1.7141737e-07,0
43941,0.9999999,8.461676e-08,0
43942,1.0,4.5741974e-08,0
43943,0.9999999,7.25961e-08,0
43944,1.0,3.5418665e-08,0
43945,1.0,5.77506e-13,0
43946,1.0,7.360685e-11,0
43947,0.9999999,6.161433e-08,0
43948,1.0,1.709693e-08,0
43949,1.0,7.397927e-11,0
43950,1.0,8.428973e-09,0
43951,1.0,1.1902638e-08,0
43952,0.99999785,2.1166902e-06,0
43953,0.99999917,8.860641e-07,0
43954,0.9999995,4.9208995e-07,0
43955,0.99999976,2.9420744e-07,0
43956,1.0,5.1148027e-12,0
43957,0.9999999,8.7236536e-08,0
43958,1.0,1.2803714e-08,0
43959,1.0,5.5272157e-08,0
43960,1.0,3.6324596e-10,0
43961,0.9999999,7.595146e-08,0
43962,1.0,3.7006733e-09,0
43963,1.0,1.8571031e-09,0
43964,1.0,1.8089833e-09,0
43965,1.0,2.631562e-10,0
43966,0.99999976,2.4957063e-07,0
43967,1.0,8.0542035e-13,0
43968,1.0,7.063192e-11,0
43969,0.9999999,1.4847716e-07,0
43970,1.0,4.4631916e-09,0
43971,0.9999982,1.8035569e-06,0
43972,0.99999905,9.483333e-07,0
43973,0.99999976,1.8388167e-07,0
43974,0.9999999,8.1698e-08,0
43975,1.0,4.618549e-08,0
43976,0.9999914,8.525896e-06,0
43977,1.0,1.3962852e-10,0
43978,0.9999945,5.430271e-06,0
43979,1.0,1.9290634e-10,0
43980,1.0,2.0272266e-08,0
43981,1.0,1.4876027e-10,0
43982,0.9999999,7.627651e-08,0
43983,1.0,4.832179e-09,0
43984,1.0,9.326745e-10,0
43985,0.99999297,7.0496476e-06,0
43986,1.0,1.3657691e-08,0
43987,1.0,9.558048e-11,0
43988,1.0,1.2752257e-09,0
43989,0.9999987,1.3163952e-06,0
43990,0.9999993,7.587384e-07,0
43991,1.0,2.4216315e-11,0
43992,0.9999999,8.67421e-08,0
43993,1.0,1.3105895e-08,0
43994,1.0,2.2654004e-10,0
43995,1.0,4.611746e-11,0
43996,1.0,9.27099e-12,0
43997,1.0,4.574507e-10,0
43998,1.0,9.978753e-09,0
43999,1.0,9.065945e-11,0
44000,1.0,8.942551e-11,0
44001,0.99999976,2.3956312e-07,0
44002,0.9999999,1.4290202e-07,0
44003,1.0,4.975215e-09,0
44004,0.99999976,2.5241525e-07,0
44005,1.0,1.2782655e-12,0
44006,0.9999994,6.1735506e-07,0
44007,1.0,2.5049646e-10,0
44008,1.0,4.1860343e-10,0
44009,1.0,1.5781597e-10,0
44010,1.0,2.842567e-09,0
44011,0.9997954,0.00020461749,0
44012,0.9999999,8.883098e-08,0
44013,1.0,2.397573e-10,0
44014,0.9999999,1.3388706e-07,0
44015,1.0,1.5137096e-09,0
44016,1.0,2.8772179e-11,0
44017,1.0,1.4539153e-11,0
44018,1.0,1.2139572e-12,0
44019,1.0,6.9157036e-10,0
44020,0.99999654,3.4640402e-06,0
44021,1.0,1.2255513e-10,0
44022,1.0,7.527726e-11,0
44023,1.0,1.2481498e-08,0
44024,0.9999999,1.34993e-07,0
44025,0.99999833,1.6557775e-06,0
44026,1.0,8.4461566e-10,0
44027,0.99999857,1.402667e-06,0
44028,1.0,1.8428761e-09,0
44029,0.9999975,2.47188e-06,0
44030,1.0,3.6811762e-11,0
44031,1.0,1.1509225e-08,0
44032,1.0,3.5247116e-10,0
44033,1.0,1.0958607e-10,0
44034,1.0,9.0169945e-13,0
44035,1.0,3.5368656e-11,0
44036,1.0,2.1134159e-09,0
44037,1.0,6.361573e-10,0
44038,1.0,4.059018e-09,0
44039,1.0,2.743754e-11,0
44040,1.0,3.8134199e-10,0
44041,0.9999989,1.060688e-06,0
44042,0.9999976,2.3246735e-06,0
44043,1.0,3.2828495e-10,0
44044,1.0,4.571367e-10,0
44045,0.9999862,1.3855278e-05,0
44046,1.0,5.465935e-09,0
44047,1.0,1.0712926e-09,0
44048,0.99999917,8.680994e-07,0
44049,1.0,1.4929837e-10,0
44050,0.9999987,1.3627321e-06,0
44051,1.0,1.7318996e-08,0
44052,1.0,6.800235e-09,0
44053,0.9999988,1.1681439e-06,0
44054,0.99999964,3.2832102e-07,0
44055,1.0,5.788435e-10,0
44056,0.9999993,7.5921173e-07,0
44057,1.0,3.6303696e-09,0
44058,1.0,3.914939e-11,0
44059,1.0,1.8238393e-09,0
44060,1.0,1.0948328e-10,0
44061,1.0,4.5477788e-11,0
44062,1.0,2.0313234e-10,0
44063,1.0,2.3068774e-09,0
44064,1.0,5.4193188e-11,0
44065,0.9996215,0.00037849645,0
44066,1.0,1.1154931e-08,0
44067,0.9999819,1.810746e-05,0
44068,1.0,5.6319546e-11,0
44069,1.0,6.059474e-10,0
44070,0.9999926,7.4106156e-06,0
44071,1.0,3.7111945e-11,0
44072,1.0,1.2519432e-08,0
44073,1.0,7.584292e-11,0
44074,1.0,3.838249e-08,0
44075,0.99999976,1.7890284e-07,0
44076,1.0,2.4502578e-10,0
44077,0.99999917,8.0970875e-07,0
44078,1.0,2.4884093e-08,0
44079,0.9999999,8.673201e-08,0
44080,1.0,2.5464159e-11,0
44081,0.99999976,2.4478737e-07,0
44082,1.0,1.7906929e-09,0
44083,1.0,5.561504e-10,0
44084,1.0,5.5507115e-08,0
44085,1.0,1.098146e-09,0
44086,0.99999917,8.3179134e-07,0
44087,1.0,5.8549947e-09,0
44088,0.9999988,1.1665609e-06,0
44089,1.0,2.8640037e-09,0
44090,0.99993706,6.291176e-05,0
44091,1.0,3.000441e-10,0
44092,1.0,1.5268306e-13,0
44093,0.9999999,1.0316295e-07,0
44094,1.0,1.00945786e-10,0
44095,0.9999995,4.7184622e-07,0
44096,1.0,1.907404e-10,0
44097,1.0,1.24243265e-08,0
44098,1.0,1.09455e-08,0
44099,1.0,1.0809064e-09,0
44100,0.9999794,2.067139e-05,0
44101,1.0,1.4041718e-10,0
44102,0.9999988,1.223e-06,0
44103,1.0,1.8856432e-09,0
44104,0.9999999,1.0342537e-07,0
44105,1.0,2.1952262e-08,0
44106,1.0,3.7366102e-10,0
44107,0.9999975,2.4648955e-06,0
44108,1.0,4.0500974e-11,0
44109,0.9999999,6.060196e-08,0
44110,0.9999987,1.259372e-06,0
44111,0.99999785,2.1754583e-06,0
44112,0.9999999,1.1327553e-07,0
44113,1.0,2.8850836e-10,0
44114,1.0,1.5554488e-09,0
44115,1.0,1.6324181e-08,0
44116,1.0,1.5201392e-12,0
44117,0.9999944,5.651662e-06,0
44118,1.0,9.216824e-09,0
44119,1.0,2.2034798e-10,0
44120,1.0,1.6271398e-08,0
44121,1.0,1.1426691e-09,0
44122,1.0,1.6154138e-08,0
44123,0.99999964,3.7331307e-07,0
44124,0.9999999,5.965013e-08,0
44125,1.0,1.7359434e-09,0
44126,0.9999999,1.2682605e-07,0
44127,1.0,3.754601e-09,0
44128,1.0,3.0626822e-08,0
44129,1.0,3.1218864e-11,0
44130,1.0,3.3655478e-11,0
44131,1.0,8.00563e-11,0
44132,0.9999999,1.5899512e-07,0
44133,1.0,8.3486634e-10,0
44134,0.9999995,5.0120394e-07,0
44135,0.9999895,1.0450989e-05,0
44136,0.99999976,2.7425872e-07,0
44137,1.0,2.068621e-09,0
44138,1.0,4.9883084e-09,0
44139,1.0,5.869863e-10,0
44140,1.0,8.3503354e-10,0
44141,1.0,3.0567263e-10,0
44142,1.0,1.1068101e-08,0
44143,0.9999995,4.2318456e-07,0
44144,1.0,1.9613646e-09,0
44145,0.99999046,9.502285e-06,0
44146,1.0,1.521145e-09,0
44147,1.0,6.2651355e-09,0
44148,0.9997851,0.00021493301,0
44149,0.9999995,5.260729e-07,0
44150,1.0,2.5772504e-09,0
44151,1.0,1.6101281e-09,0
44152,1.0,1.3158043e-08,0
44153,0.99999344,6.5063696e-06,0
44154,0.9999999,1.2204491e-07,0
44155,1.0,4.2839527e-11,0
44156,1.0,6.947566e-10,0
44157,0.99999976,2.0324693e-07,0
44158,1.0,7.531732e-11,0
44159,1.0,2.3189183e-11,0
44160,1.0,4.9732836e-11,0
44161,1.0,1.1651823e-08,0
44162,1.0,3.2374537e-12,0
44163,0.99994993,5.0098275e-05,0
44164,1.0,3.328756e-11,0
44165,1.0,9.693762e-11,0
44166,0.9999999,1.2165748e-07,0
44167,1.0,1.1077742e-10,0
44168,0.99999976,2.7245264e-07,0
44169,1.0,5.879788e-11,0
44170,1.0,2.1481122e-11,0
44171,0.99999976,2.9180882e-07,0
44172,1.0,6.149878e-09,0
44173,1.0,5.209303e-11,0
44174,0.99999607,3.967028e-06,0
44175,1.0,2.039192e-10,0
44176,0.9999999,8.223612e-08,0
44177,0.9999974,2.666092e-06,0
44178,1.0,6.5946276e-11,0
44179,1.0,1.6418545e-08,0
44180,1.0,4.4627427e-08,0
44181,0.99994254,5.7474568e-05,0
44182,1.0,6.589002e-09,0
44183,1.0,1.6566615e-08,0
44184,1.0,7.962625e-11,0
44185,1.0,7.457152e-09,0
44186,1.0,9.5710275e-09,0
44187,0.9999999,7.57456e-08,0
44188,1.0,9.701198e-11,0
44189,1.0,8.9990834e-11,0
44190,0.99997675,2.3191724e-05,0
44191,0.9999999,1.4779694e-07,0
44192,1.0,1.6102303e-08,0
44193,0.9999993,7.057404e-07,0
44194,1.0,5.835011e-11,0
44195,1.0,1.4585412e-09,0
44196,0.9996531,0.00034695017,0
44197,1.0,1.09373906e-10,0
44198,0.9999999,1.2003756e-07,0
44199,1.0,1.2164599e-09,0
44200,0.9999999,1.08302686e-07,0
44201,1.0,1.7005815e-10,0
44202,1.0,2.550769e-09,0
44203,1.0,4.507515e-13,0
44204,0.99985373,0.00014625434,0
44205,1.0,9.521575e-09,0
44206,0.99998665,1.3400243e-05,0
44207,0.99999905,9.433379e-07,0
44208,0.9999993,6.9120824e-07,0
44209,0.9999993,6.928423e-07,0
44210,0.95160127,0.0483987,0
44211,1.0,6.187747e-11,0
44212,0.9999987,1.2566007e-06,0
44213,1.0,3.0841782e-08,0
44214,1.0,1.05638955e-08,0
44215,1.0,3.879839e-10,0
44216,0.99999917,8.8850953e-07,0
44217,1.0,1.2803231e-11,0
44218,1.0,3.981438e-08,0
44219,1.0,5.6209017e-11,0
44220,1.0,7.379417e-09,0
44221,1.0,4.3794104e-10,0
44222,1.0,1.1709258e-08,0
44223,0.9999993,7.0921715e-07,0
44224,0.99999964,3.9163194e-07,0
44225,0.99999976,2.5392956e-07,0
44226,0.9949752,0.0050247964,0
44227,0.9999999,8.453595e-08,0
44228,0.9999982,1.800103e-06,0
44229,0.99997497,2.5040867e-05,0
44230,0.9999999,1.5268904e-07,0
44231,0.99999905,9.374368e-07,0
44232,0.99999917,8.267095e-07,0
44233,1.0,3.6270906e-12,0
44234,0.9999925,7.4849086e-06,0
44235,1.0,9.051833e-10,0
44236,0.999997,2.9503396e-06,0
44237,0.9999999,1.2492696e-07,0
44238,0.9998965,0.0001034249,0
44239,0.99999964,3.0911013e-07,0
44240,1.0,4.375313e-09,0
44241,0.99999535,4.701977e-06,0
44242,1.0,3.7551434e-10,0
44243,0.9990102,0.0009897664,0
44244,0.99976,0.00023997221,0
44245,1.0,5.998322e-10,0
44246,1.0,3.8579742e-10,0
44247,0.99998426,1.5699188e-05,0
44248,0.99999905,9.4953873e-07,0
44249,1.0,5.7373697e-09,0
44250,0.99999726,2.7063647e-06,0
44251,0.999998,2.0666128e-06,0
44252,0.9999844,1.566581e-05,0
44253,0.9720867,0.027913304,0
44254,0.9999999,1.0250333e-07,0
44255,0.99999905,9.98476e-07,0
44256,0.999954,4.6028003e-05,0
44257,0.9999962,3.760943e-06,0
44258,1.0,2.2753617e-09,0
44259,0.99997056,2.9420646e-05,0
44260,1.0,2.2890385e-09,0
44261,1.0,1.4551012e-09,0
44262,1.0,1.2578497e-09,0
44263,1.0,1.7172097e-08,0
44264,1.0,8.4965046e-10,0
44265,0.99670404,0.0032960062,0
44266,0.99999976,2.964697e-07,0
44267,1.0,1.6519811e-09,0
44268,0.99999833,1.6426022e-06,0
44269,0.99999976,2.4309517e-07,0
44270,1.0,1.9331942e-08,0
44271,0.9999987,1.2718374e-06,0
44272,0.99997437,2.5583342e-05,0
44273,0.9999708,2.9215094e-05,0
44274,0.9999999,1.6844879e-07,0
44275,1.0,8.916305e-11,0
44276,1.0,1.0985657e-08,0
44277,0.9999999,8.4514184e-08,0
44278,0.9999999,1.06735314e-07,0
44279,0.48361847,0.5163815,0
44280,1.0,2.204743e-08,0
44281,0.9999987,1.3659029e-06,0
44282,0.9996716,0.00032843833,0
44283,0.9988955,0.0011044871,0
44284,0.9999964,3.5422831e-06,0
44285,0.9999883,1.174009e-05,0
44286,0.9999999,8.8396945e-08,0
44287,1.0,6.706357e-10,0
44288,0.9999994,5.940182e-07,0
44289,0.9992213,0.0007786991,0
44290,0.9999665,3.3475135e-05,0
44291,0.9999876,1.2389924e-05,0
44292,0.99999714,2.8146974e-06,0
44293,0.9998419,0.00015800504,0
44294,0.99050385,0.009496104,0
44295,1.0,4.116401e-09,0
44296,0.99999964,3.480059e-07,0
44297,1.0,3.8881772e-08,0
44298,1.0,3.045265e-12,0
44299,1.0,1.7736426e-09,0
44300,1.0,2.144873e-08,0
44301,1.0,4.1188524e-12,0
44302,1.0,2.0304151e-08,0
44303,0.9999906,9.4116485e-06,0
44304,1.0,1.8835868e-09,0
44305,1.0,3.7214037e-10,0
44306,0.9999827,1.7262164e-05,0
44307,0.9999994,5.899298e-07,0
44308,1.0,2.320267e-08,0
44309,0.9999845,1.5555137e-05,0
44310,0.99993217,6.778136e-05,0
44311,0.9999975,2.5456388e-06,0
44312,1.0,1.3158344e-08,0
44313,0.9999672,3.2788896e-05,0
44314,0.99999464,5.3389294e-06,0
44315,0.99834824,0.0016517681,0
44316,1.0,1.5191626e-08,0
44317,0.9999409,5.9114554e-05,0
44318,0.9999974,2.6577932e-06,0
44319,0.99927455,0.00072542904,0
44320,0.9999999,6.3256074e-08,0
44321,1.0,6.490592e-11,0
44322,0.9999995,4.7016894e-07,0
44323,1.0,2.6469762e-10,0
44324,0.9997608,0.00023914996,0
44325,1.0,1.717944e-11,0
44326,0.9846836,0.015316434,0
44327,0.9999999,6.674486e-08,0
44328,0.9978237,0.0021762808,0
44329,0.99999964,4.1022952e-07,0
44330,0.9999989,1.1197639e-06,0
44331,1.0,1.0488886e-08,0
44332,0.9999654,3.4546472e-05,0
44333,1.0,9.869681e-10,0
44334,1.0,3.2783205e-13,0
44335,0.9998661,0.00013390662,0
44336,0.9999863,1.3729427e-05,0
44337,0.99999845,1.4957919e-06,0
44338,0.99878687,0.0012131735,0
44339,1.0,9.664013e-09,0
44340,1.0,1.5559243e-08,0
44341,1.0,4.901654e-08,0
44342,0.9999963,3.667261e-06,0
44343,0.99999094,9.03821e-06,0
44344,0.9999993,7.7188645e-07,0
44345,1.0,5.4300468e-08,0
44346,0.999998,1.9698327e-06,0
44347,0.9999999,1.701619e-07,0
44348,0.99999976,1.9126487e-07,0
44349,0.9997918,0.00020823641,0
44350,1.0,9.283718e-11,0
44351,0.9997818,0.00021819815,0
44352,0.9999925,7.542592e-06,0
44353,0.9999851,1.49169855e-05,0
44354,1.0,5.714144e-08,0
44355,0.9998037,0.00019625785,0
44356,0.8440289,0.15597114,0
44357,0.99999976,2.538637e-07,0
44358,0.9999999,1.5685484e-07,0
44359,0.9999995,5.323395e-07,0
44360,0.9980021,0.0019978401,0
44361,0.9997745,0.00022550664,0
44362,1.0,2.4647779e-11,0
44363,0.99999404,6.012295e-06,0
44364,1.0,1.2998162e-10,0
44365,1.0,7.3513023e-10,0
44366,0.999841,0.00015897829,0
44367,0.99991953,8.05064e-05,0
44368,0.9991013,0.0008987165,0
44369,1.0,2.0665625e-09,0
44370,0.99996233,3.7615027e-05,0
44371,0.9994653,0.00053467654,0
44372,1.0,5.524143e-10,0
44373,0.99997795,2.20661e-05,0
44374,1.0,2.565033e-14,0
44375,0.999998,1.968503e-06,0
44376,1.0,1.1175731e-09,0
44377,0.9999989,1.0661614e-06,0
44378,0.9999951,4.9092323e-06,0
44379,0.9999696,3.0341098e-05,0
44380,1.0,1.2870936e-10,0
44381,1.0,5.8458835e-11,0
44382,0.9999995,5.2838675e-07,0
44383,0.99985766,0.00014230561,0
44384,1.0,3.6735365e-08,0
44385,0.9997613,0.00023877861,0
44386,1.0,2.7941528e-11,0
44387,1.0,1.4950581e-10,0
44388,0.99997544,2.4569683e-05,0
44389,0.9999896,1.0380575e-05,0
44390,1.0,2.418095e-08,0
44391,0.99995124,4.8749065e-05,0
44392,1.0,9.858495e-12,0
44393,0.99560565,0.0043943743,0
44394,0.99999595,4.008942e-06,0
44395,1.0,1.7881569e-13,0
44396,1.0,3.6577197e-09,0
44397,0.9999268,7.324115e-05,0
44398,0.9999937,6.27672e-06,0
44399,1.0,1.6139632e-08,0
44400,0.99999964,3.074054e-07,0
44401,0.99999976,2.9697284e-07,0
44402,1.0,1.5270403e-09,0
44403,0.99999905,9.792441e-07,0
44404,0.99999976,1.8266083e-07,0
44405,0.99999857,1.4405924e-06,0
44406,0.99999976,2.4894237e-07,0
44407,0.99999166,8.331892e-06,0
44408,0.99999917,8.811042e-07,0
44409,1.0,1.9916047e-10,0
44410,1.0,2.586167e-10,0
44411,0.99999976,2.0293587e-07,0
44412,1.0,2.6032982e-08,0
44413,0.9999988,1.201919e-06,0
44414,1.0,1.8713739e-11,0
44415,1.0,2.016974e-09,0
44416,0.999992,8.014234e-06,0
44417,0.9999255,7.449163e-05,0
44418,0.9999999,7.52923e-08,0
44419,1.0,3.2882422e-08,0
44420,0.99968684,0.0003132361,0
44421,0.9999993,6.5989656e-07,0
44422,0.9999949,5.129804e-06,0
44423,1.0,6.504095e-09,0
44424,0.9999994,6.003455e-07,0
44425,0.99989307,0.00010696669,0
44426,0.99999416,5.806924e-06,0
44427,0.9999895,1.0463235e-05,0
44428,0.9999994,5.663471e-07,0
44429,1.0,7.452655e-10,0
44430,0.9999844,1.5583972e-05,0
44431,0.9999567,4.3212836e-05,0
44432,0.9999863,1.3662788e-05,0
44433,1.0,7.760244e-10,0
44434,0.9999939,6.1286905e-06,0
44435,0.99996686,3.31584e-05,0
44436,0.99994004,5.9979542e-05,0
44437,0.99921954,0.0007804973,0
44438,0.9999962,3.815054e-06,0
44439,0.99983096,0.00016898983,0
44440,0.9999995,5.1559033e-07,0
44441,0.9999976,2.3755906e-06,0
44442,0.99990654,9.345894e-05,0
44443,0.9999943,5.724933e-06,0
44444,1.0,5.6450627e-08,0
44445,1.0,1.6418797e-08,0
44446,0.9999999,1.04504295e-07,0
44447,0.99999845,1.521557e-06,0
44448,1.0,4.2487364e-10,0
44449,1.0,1.2634671e-12,0
44450,0.9999999,1.6373521e-07,0
44451,1.0,2.3112362e-10,0
44452,1.0,9.25197e-11,0
44453,0.99981946,0.00018056178,0
44454,1.0,2.2640452e-09,0
44455,0.99981767,0.00018230452,0
44456,0.99999833,1.6199267e-06,0
44457,1.0,5.8753997e-09,0
44458,0.9999951,4.9420864e-06,0
44459,0.9999964,3.5400271e-06,0
44460,0.9999889,1.1113329e-05,0
44461,1.0,1.2230619e-10,0
44462,0.9998821,0.000117853546,0
44463,1.0,2.9043662e-08,0
44464,1.0,4.97345e-09,0
44465,1.0,6.640462e-10,0
44466,1.0,4.1838573e-09,0
44467,0.99999106,8.9489085e-06,0
44468,0.99964964,0.00035029446,0
44469,0.99999905,9.743266e-07,0
44470,1.0,2.0205115e-10,0
44471,1.0,3.5667073e-11,0
44472,0.9999945,5.4846487e-06,0
44473,0.99999094,9.116954e-06,0
44474,1.0,8.750075e-10,0
44475,1.0,4.1221124e-09,0
44476,1.0,1.5151597e-09,0
44477,0.99995196,4.804612e-05,0
44478,1.0,4.0323786e-10,0
44479,1.0,6.992904e-09,0
44480,1.0,1.9044938e-08,0
44481,1.0,1.753408e-08,0
44482,1.0,3.3000682e-11,0
44483,0.9999975,2.5401096e-06,0
44484,1.0,1.1769349e-09,0
44485,0.9997452,0.00025478163,0
44486,1.0,1.1808102e-11,0
44487,0.9999994,6.3584736e-07,0
44488,1.0,3.6257386e-10,0
44489,1.0,1.5709167e-09,0
44490,1.0,1.0335034e-09,0
44491,1.0,3.755876e-09,0
44492,1.0,2.0736072e-08,0
44493,1.0,7.065469e-11,0
44494,0.99999976,2.8706782e-07,0
44495,0.9999999,7.582712e-08,0
44496,1.0,3.990597e-09,0
44497,1.0,6.2079315e-09,0
44498,0.99999964,3.8564406e-07,0
44499,0.999998,2.0579962e-06,0
44500,1.0,2.0851344e-14,0
44501,1.0,6.24491e-10,0
44502,0.99999857,1.4157877e-06,0
44503,0.99999404,5.9027248e-06,0
44504,1.0,3.0090679e-09,0
44505,1.0,1.0664121e-09,0
44506,0.9999999,1.4522718e-07,0
44507,0.99999976,2.811484e-07,0
44508,1.0,2.036348e-09,0
44509,1.0,1.6650084e-08,0
44510,1.0,1.4928684e-08,0
44511,1.0,7.1072277e-09,0
44512,0.9999994,6.278926e-07,0
44513,1.0,1.0664608e-09,0
44514,0.99999917,7.918712e-07,0
44515,0.9999999,6.0595724e-08,0
44516,1.0,3.4508227e-12,0
44517,0.99999964,3.0079394e-07,0
44518,0.99999845,1.6023771e-06,0
44519,1.0,4.6845363e-09,0
44520,1.0,1.8361157e-12,0
44521,1.0,1.7181136e-12,0
44522,0.9999999,7.536486e-08,0
44523,0.9999864,1.3589279e-05,0
44524,0.9999999,1.550758e-07,0
44525,1.0,1.0400191e-09,0
44526,1.0,1.7418853e-11,0
44527,1.0,2.6182772e-08,0
44528,1.0,5.0975355e-08,0
44529,1.0,2.353642e-09,0
44530,1.0,1.6540855e-11,0
44531,1.0,6.9815887e-13,0
44532,0.9999995,5.2282036e-07,0
44533,1.0,9.526534e-09,0
44534,1.0,3.4999417e-08,0
44535,1.0,1.5577832e-08,0
44536,0.9999999,8.6636945e-08,0
44537,1.0,1.065892e-08,0
44538,1.0,1.8861555e-11,0
44539,0.9999994,6.354763e-07,0
44540,1.0,3.2455716e-12,0
44541,0.9999999,1.2530724e-07,0
44542,1.0,1.9937567e-09,0
44543,1.0,7.3171275e-10,0
44544,0.9999981,1.8859732e-06,0
44545,1.0,2.5022295e-09,0
44546,1.0,1.5937701e-08,0
44547,1.0,6.6217845e-09,0
44548,1.0,1.5541112e-09,0
44549,1.0,1.8880688e-09,0
44550,1.0,3.0323463e-08,0
44551,1.0,3.469676e-10,0
44552,0.9999993,6.756885e-07,0
44553,0.99999917,8.3885817e-07,0
44554,0.99999976,2.0113475e-07,0
44555,0.99999976,2.8764165e-07,0
44556,1.0,3.142238e-08,0
44557,1.0,1.2199972e-08,0
44558,0.9999999,1.2384868e-07,0
44559,1.0,1.2564351e-09,0
44560,0.99999976,1.9683894e-07,0
44561,1.0,3.4549068e-08,0
44562,1.0,1.9922267e-11,0
44563,1.0,3.6355662e-13,0
44564,0.99999976,2.6397572e-07,0
44565,1.0,1.5502101e-08,0
44566,1.0,6.4493876e-11,0
44567,0.9999995,5.12871e-07,0
44568,1.0,4.822166e-11,0
44569,0.99998915,1.0806516e-05,0
44570,1.0,9.740431e-11,0
44571,1.0,5.3199642e-08,0
44572,1.0,6.601295e-12,0
44573,1.0,3.0099752e-09,0
44574,1.0,4.308222e-08,0
44575,1.0,4.993027e-10,0
44576,0.9999981,1.884535e-06,0
44577,1.0,5.930534e-13,0
44578,1.0,3.3089743e-11,0
44579,1.0,3.297795e-12,0
44580,1.0,8.2876794e-13,0
44581,1.0,3.8676795e-09,0
44582,1.0,1.3961481e-08,0
44583,0.9999963,3.6582283e-06,0
44584,0.9999999,7.937328e-08,0
44585,1.0,3.8851375e-08,0
44586,1.0,3.156142e-09,0
44587,1.0,2.6432023e-10,0
44588,1.0,3.280488e-11,0
44589,0.9999999,9.613771e-08,0
44590,1.0,1.0007162e-10,0
44591,1.0,1.0955627e-12,0
44592,0.9999989,1.059882e-06,0
44593,1.0,2.0409685e-08,0
44594,1.0,4.2501243e-09,0
44595,1.0,1.5259805e-09,0
44596,0.9999994,6.3255226e-07,0
44597,0.9999999,1.0858543e-07,0
44598,1.0,8.600011e-12,0
44599,1.0,2.20386e-08,0
44600,1.0,2.080428e-09,0
44601,0.9999999,5.9714104e-08,0
44602,1.0,5.1590354e-10,0
44603,1.0,5.2397886e-10,0
44604,1.0,4.3143706e-09,0
44605,0.99999976,2.635589e-07,0
44606,0.99999976,2.5904728e-07,0
44607,1.0,2.550899e-10,0
44608,1.0,3.5745137e-10,0
44609,1.0,3.9961748e-08,0
44610,1.0,1.896064e-11,0
44611,1.0,1.7968701e-11,0
44612,1.0,7.437993e-12,0
44613,1.0,2.2476533e-08,0
44614,1.0,1.4026227e-09,0
44615,1.0,5.12613e-09,0
44616,1.0,1.0906065e-09,0
44617,1.0,4.321449e-11,0
44618,1.0,2.9294088e-11,0
44619,1.0,4.0485952e-09,0
44620,1.0,3.0580518e-09,0
44621,1.0,8.823195e-10,0
44622,1.0,2.004939e-08,0
44623,1.0,5.0007333e-08,0
44624,1.0,2.4733427e-12,0
44625,1.0,8.1592075e-09,0
44626,1.0,8.9285246e-11,0
44627,1.0,1.4531196e-11,0
44628,1.0,5.9070672e-08,0
44629,0.9999999,7.338561e-08,0
44630,1.0,2.9619915e-10,0
44631,1.0,1.7588132e-09,0
44632,1.0,2.0085567e-11,0
44633,1.0,3.520153e-12,0
44634,1.0,1.25329e-09,0
44635,1.0,1.9655345e-11,0
44636,1.0,8.2322515e-10,0
44637,0.9999995,4.516024e-07,0
44638,1.0,6.260534e-10,0
44639,1.0,2.8466077e-10,0
44640,1.0,1.5093966e-09,0
44641,1.0,2.009421e-09,0
44642,1.0,6.2316823e-09,0
44643,0.99999785,2.104003e-06,0
44644,1.0,1.15297556e-10,0
44645,1.0,3.2185844e-11,0
44646,1.0,2.554786e-09,0
44647,1.0,5.747581e-08,0
44648,1.0,5.634337e-12,0
44649,1.0,1.615973e-10,0
44650,0.9999999,6.8096085e-08,0
44651,1.0,1.1085209e-09,0
44652,1.0,3.1840003e-11,0
44653,1.0,2.785045e-10,0
44654,1.0,2.9533126e-08,0
44655,1.0,7.4225665e-10,0
44656,1.0,4.2077137e-09,0
44657,1.0,6.9146446e-11,0
44658,1.0,1.420272e-09,0
44659,1.0,6.0260005e-11,0
44660,1.0,2.564083e-11,0
44661,1.0,1.2033162e-08,0
44662,1.0,1.430265e-09,0
44663,0.9999958,4.16767e-06,0
44664,1.0,2.8888072e-09,0
44665,1.0,4.0337556e-10,0
44666,0.9999999,1.5653251e-07,0
44667,0.99999976,2.0633621e-07,0
44668,1.0,1.0887589e-09,0
44669,1.0,4.1343036e-08,0
44670,0.9999994,6.3256255e-07,0
44671,1.0,7.680693e-11,0
44672,0.99999917,8.836051e-07,0
44673,1.0,5.3929274e-09,0
44674,1.0,1.2516471e-08,0
44675,1.0,2.7057734e-08,0
44676,1.0,2.5041606e-11,0
44677,1.0,9.073878e-09,0
44678,1.0,5.306716e-09,0
44679,1.0,1.7492384e-09,0
44680,0.9999981,1.864531e-06,0
44681,1.0,1.460453e-10,0
44682,0.9999999,1.6664262e-07,0
44683,1.0,4.9022003e-10,0
44684,1.0,1.9695793e-08,0
44685,0.99999964,3.0953467e-07,0
44686,0.9999999,8.9975856e-08,0
44687,1.0,3.852784e-09,0
44688,0.9999999,8.772912e-08,0
44689,1.0,7.544447e-10,0
44690,1.0,3.2227044e-12,0
44691,0.9999999,1.004594e-07,0
44692,1.0,2.1864386e-08,0
44693,1.0,5.289264e-09,0
44694,1.0,2.7178299e-12,0
44695,1.0,1.1695847e-11,0
44696,1.0,4.1745347e-11,0
44697,0.99999905,9.191895e-07,0
44698,1.0,2.2828832e-08,0
44699,1.0,1.1925988e-10,0
44700,1.0,3.4998677e-12,0
44701,1.0,3.672526e-09,0
44702,0.9999988,1.2080877e-06,0
44703,1.0,2.4206364e-09,0
44704,0.9999999,1.0272313e-07,0
44705,0.9999994,6.204418e-07,0
44706,0.99999917,8.264982e-07,0
44707,0.9999994,5.736475e-07,0
44708,0.9999999,1.6192287e-07,0
44709,1.0,3.1773244e-09,0
44710,1.0,1.1208697e-08,0
44711,1.0,7.149017e-10,0
44712,1.0,1.1531713e-10,0
44713,0.9999999,7.460058e-08,0
44714,0.99999833,1.7208858e-06,0
44715,1.0,7.1598283e-09,0
44716,1.0,1.2301872e-08,0
44717,0.99999964,4.088594e-07,0
44718,0.9999987,1.2622324e-06,0
44719,1.0,7.700929e-09,0
44720,1.0,2.1920005e-08,0
44721,1.0,2.9748184e-08,0
44722,1.0,6.6118897e-09,0
44723,1.0,7.493825e-09,0
44724,0.9999994,5.881939e-07,0
44725,1.0,6.750555e-10,0
44726,0.9999999,1.5086583e-07,0
44727,1.0,1.080776e-10,0
44728,1.0,6.258316e-09,0
44729,1.0,2.8097502e-09,0
44730,0.9999943,5.683616e-06,0
44731,0.9999995,4.2521947e-07,0
44732,1.0,3.104164e-10,0
44733,1.0,1.0619587e-09,0
44734,1.0,5.2139976e-10,0
44735,1.0,5.252449e-09,0
44736,1.0,2.9047137e-13,0
44737,1.0,2.3342981e-12,0
44738,1.0,2.5191299e-12,0
44739,1.0,2.514235e-11,0
44740,0.9999944,5.6134436e-06,0
44741,1.0,1.38571975e-11,0
44742,1.0,9.851243e-15,0
44743,1.0,2.2738842e-11,0
44744,1.0,1.3291972e-10,0
44745,1.0,6.159736e-10,0
44746,1.0,1.0364787e-12,0
44747,1.0,3.210133e-09,0
44748,1.0,1.924888e-10,0
44749,1.0,3.3688493e-11,0
44750,1.0,1.9468214e-09,0
44751,1.0,2.6743954e-10,0
44752,1.0,3.5158776e-09,0
44753,1.0,9.796022e-12,0
44754,1.0,6.099336e-11,0
44755,1.0,2.9315704e-12,0
44756,1.0,4.6588444e-10,0
44757,0.9999989,1.0695782e-06,0
44758,1.0,2.4482933e-08,0
44759,1.0,4.987906e-10,0
44760,1.0,3.5950652e-11,0
44761,1.0,9.70794e-10,0
44762,1.0,3.5463025e-11,0
44763,1.0,7.398217e-09,0
44764,1.0,8.930398e-11,0
44765,1.0,6.7414897e-12,0
44766,1.0,5.802094e-11,0
44767,1.0,7.2066374e-11,0
44768,1.0,6.95498e-13,0
44769,1.0,1.9467821e-11,0
44770,1.0,1.2251038e-08,0
44771,0.9999958,4.131981e-06,0
44772,1.0,1.1278846e-12,0
44773,1.0,9.613125e-09,0
44774,1.0,1.1201771e-12,0
44775,1.0,6.653091e-13,0
44776,1.0,1.591292e-11,0
44777,1.0,2.602789e-10,0
44778,1.0,8.788943e-11,0
44779,1.0,1.2959205e-09,0
44780,1.0,7.680426e-12,0
44781,0.9999994,5.798778e-07,0
44782,1.0,2.0660548e-12,0
44783,0.99999964,3.059728e-07,0
44784,1.0,6.073611e-11,0
44785,1.0,7.065375e-11,0
44786,1.0,1.0440558e-09,0
44787,1.0,2.0801562e-11,0
44788,1.0,2.0521077e-13,0
44789,1.0,8.033825e-10,0
44790,1.0,7.693016e-09,0
44791,1.0,1.9672954e-13,0
44792,0.99999976,2.2182711e-07,0
44793,1.0,2.092173e-11,0
44794,0.9999999,1.0270001e-07,0
44795,1.0,8.664768e-12,0
44796,1.0,9.695741e-11,0
44797,1.0,1.917091e-10,0
44798,1.0,3.263885e-08,0
44799,1.0,5.3165126e-09,0
44800,1.0,5.830183e-11,0
44801,0.9999999,7.606614e-08,0
44802,0.9999994,6.218185e-07,0
44803,1.0,2.8725805e-10,0
44804,1.0,3.1240321e-10,0
44805,1.0,9.8019275e-12,0
44806,1.0,2.730607e-08,0
44807,1.0,1.4711982e-09,0
44808,0.9999994,5.4221596e-07,0
44809,1.0,3.5291823e-08,0
44810,1.0,9.505701e-12,0
44811,1.0,9.89383e-09,0
44812,0.99999976,2.0682953e-07,0
44813,1.0,2.3609e-08,0
44814,1.0,2.0854447e-10,0
44815,1.0,1.5915388e-10,0
44816,1.0,1.6182353e-12,0
44817,1.0,4.036888e-10,0
44818,0.9999994,5.412808e-07,0
44819,1.0,5.7660056e-08,0
44820,1.0,6.4571735e-09,0
44821,1.0,2.8573372e-12,0
44822,1.0,1.0140588e-13,0
44823,1.0,7.121767e-11,0
44824,1.0,1.8894358e-11,0
44825,1.0,5.228597e-10,0
44826,1.0,2.1461148e-10,0
44827,0.99999774,2.303099e-06,0
44828,1.0,6.7300663e-09,0
44829,0.9999999,8.229449e-08,0
44830,1.0,2.9525e-09,0
44831,1.0,4.129008e-08,0
44832,1.0,2.626505e-08,0
44833,1.0,4.3504592e-08,0
44834,0.9999999,6.7870204e-08,0
44835,1.0,6.036864e-10,0
44836,0.9999981,1.9190268e-06,0
44837,0.99999917,7.8879896e-07,0
44838,1.0,1.1017016e-10,0
44839,1.0,7.7176737e-10,0
44840,1.0,6.343607e-09,0
44841,0.9999999,1.16774906e-07,0
44842,0.9999976,2.3756859e-06,0
44843,0.9999995,4.646789e-07,0
44844,1.0,5.359445e-10,0
44845,0.9999999,1.056533e-07,0
44846,1.0,4.874369e-10,0
44847,0.99999726,2.6862722e-06,0
44848,1.0,1.5197399e-11,0
44849,1.0,5.4625193e-08,0
44850,1.0,1.3883826e-09,0
44851,1.0,4.6591114e-10,0
44852,1.0,3.0682528e-09,0
44853,1.0,1.0427339e-10,0
44854,1.0,2.2907112e-09,0
44855,1.0,3.1529812e-10,0
44856,0.9999757,2.4348097e-05,0
44857,1.0,1.2394356e-09,0
44858,1.0,2.585982e-12,0
44859,1.0,1.1243336e-09,0
44860,1.0,1.193752e-11,0
44861,1.0,1.877929e-10,0
44862,1.0,2.644897e-10,0
44863,1.0,2.1765935e-12,0
44864,1.0,9.797937e-10,0
44865,1.0,6.784481e-09,0
44866,1.0,2.0072e-12,0
44867,1.0,4.7404675e-10,0
44868,1.0,1.3946955e-11,0
44869,1.0,6.7265395e-12,0
44870,1.0,5.5038818e-08,0
44871,1.0,1.3024437e-11,0
44872,1.0,4.0688017e-12,0
44873,1.0,6.7948154e-09,0
44874,1.0,1.1270996e-12,0
44875,0.9999999,6.574944e-08,0
44876,1.0,8.5894014e-13,0
44877,1.0,2.3094272e-12,0
44878,1.0,2.3985737e-11,0
44879,1.0,1.6899426e-11,0
44880,1.0,4.111702e-12,0
44881,1.0,5.3008353e-10,0
44882,1.0,1.1405769e-12,0
44883,1.0,9.438736e-10,0
44884,1.0,5.9817526e-11,0
44885,1.0,1.6357468e-08,0
44886,1.0,1.706058e-11,0
44887,1.0,4.4785023e-11,0
44888,1.0,2.6769754e-08,0
44889,1.0,7.1624634e-13,0
44890,1.0,1.2587191e-08,0
44891,1.0,3.295445e-11,0
44892,1.0,2.3507066e-10,0
44893,1.0,1.2237796e-08,0
44894,1.0,1.3221768e-08,0
44895,1.0,2.1699553e-10,0
44896,1.0,8.1298544e-11,0
44897,1.0,6.7292595e-12,0
44898,1.0,9.99544e-09,0
44899,0.9999993,6.8467443e-07,0
44900,1.0,3.0950402e-11,0
44901,0.99999976,2.4851587e-07,0
44902,1.0,5.6264557e-08,0
44903,1.0,1.1701349e-09,0
44904,1.0,4.6642128e-11,0
44905,1.0,1.8220989e-11,0
44906,1.0,6.369298e-09,0
44907,1.0,2.0377747e-12,0
44908,1.0,4.0144194e-11,0
44909,1.0,1.8895305e-10,0
44910,0.99999666,3.278415e-06,0
44911,1.0,2.9128738e-10,0
44912,1.0,7.674463e-09,0
44913,1.0,8.467675e-10,0
44914,1.0,6.9297983e-12,0
44915,1.0,2.957708e-09,0
44916,1.0,1.0364191e-09,0
44917,0.99999976,2.5739072e-07,0
44918,1.0,3.594839e-11,0
44919,1.0,3.0854546e-12,0
44920,1.0,1.8739706e-11,0
44921,1.0,1.14741425e-10,0
44922,1.0,4.8172456e-12,0
44923,0.9999989,1.0494829e-06,0
44924,1.0,2.985008e-09,0
44925,1.0,3.0314556e-08,0
44926,1.0,2.3706623e-10,0
44927,1.0,5.39185e-08,0
44928,1.0,1.7136064e-09,0
44929,0.9999684,3.1616575e-05,0
44930,1.0,5.6251725e-10,0
44931,1.0,1.1400669e-10,0
44932,1.0,8.024243e-09,0
44933,0.9999999,6.21253e-08,0
44934,0.9999974,2.5689487e-06,0
44935,1.0,1.2803341e-09,0
44936,1.0,3.5797634e-12,0
44937,1.0,2.651099e-10,0
44938,1.0,9.627066e-10,0
44939,1.0,9.0124513e-10,0
44940,0.9999988,1.1758572e-06,0
44941,1.0,5.73705e-10,0
44942,1.0,3.451722e-10,0
44943,1.0,1.5090829e-09,0
44944,1.0,1.2458831e-08,0
44945,1.0,3.1017525e-08,0
44946,0.99999964,3.5004567e-07,0
44947,1.0,5.940999e-08,0
44948,0.9999994,6.334771e-07,0
44949,1.0,1.1484226e-08,0
44950,1.0,3.399143e-09,0
44951,0.9999989,1.0999095e-06,0
44952,0.9999975,2.4844126e-06,0
44953,1.0,2.5228086e-08,0
44954,1.0,1.26632385e-08,0
44955,1.0,3.815381e-08,0
44956,1.0,8.4338575e-10,0
44957,1.0,1.5754887e-14,0
44958,0.99999905,1.0071665e-06,0
44959,1.0,1.2233449e-09,0
44960,0.9999975,2.491481e-06,0
44961,1.0,3.4204312e-08,0
44962,1.0,5.6238914e-08,0
44963,1.0,4.3844715e-08,0
44964,1.0,3.315537e-08,0
44965,0.99999905,9.785869e-07,0
44966,1.0,3.2883598e-09,0
44967,1.0,3.8593884e-13,0
44968,0.99999833,1.6820461e-06,0
44969,1.0,5.258962e-10,0
44970,1.0,6.362856e-11,0
44971,0.9999988,1.2277235e-06,0
44972,0.9999999,1.4741643e-07,0
44973,0.9999999,1.7847752e-07,0
44974,1.0,3.8366182e-11,0
44975,0.9999938,6.1587816e-06,0
44976,0.9999994,5.826367e-07,0
44977,0.9999995,4.6649936e-07,0
44978,0.99999976,2.138803e-07,0
44979,1.0,8.647676e-09,0
44980,1.0,1.4128202e-09,0
44981,1.0,4.78113e-10,0
44982,0.99999964,3.1257912e-07,0
44983,1.0,1.0360351e-10,0
44984,1.0,2.2297247e-11,0
44985,1.0,6.99263e-11,0
44986,1.0,1.0143612e-08,0
44987,1.0,4.882353e-10,0
44988,1.0,2.3193341e-11,0
44989,1.0,2.440086e-10,0
44990,1.0,5.5417693e-09,0
44991,1.0,1.5346663e-10,0
44992,1.0,2.3549824e-11,0
44993,0.99999964,3.446683e-07,0
44994,0.99999905,9.848343e-07,0
44995,1.0,4.5206995e-08,0
44996,1.0,9.1491356e-11,0
44997,0.99999917,8.759633e-07,0
44998,0.9999999,1.6492625e-07,0
44999,0.9999987,1.255501e-06,0
45000,1.0,3.0739875e-09,0
45001,0.9999999,1.6692033e-07,0
45002,0.99999964,3.6251615e-07,0
45003,1.0,2.512834e-08,0
45004,1.0,1.0751697e-09,0
45005,0.9999999,1.4798819e-07,0
45006,1.0,5.8656614e-08,0
45007,1.0,1.761367e-10,0
45008,1.0,3.608825e-08,0
45009,1.0,2.2798806e-08,0
45010,0.9999981,1.9216602e-06,0
45011,0.99999976,2.6160916e-07,0
45012,1.0,5.056453e-10,0
45013,1.0,4.489234e-08,0
45014,0.9999999,1.0997232e-07,0
45015,1.0,2.102571e-10,0
45016,0.9999999,9.193002e-08,0
45017,1.0,4.0294303e-08,0
45018,0.9999963,3.7052384e-06,0
45019,1.0,3.5003074e-09,0
45020,0.99999976,2.0500438e-07,0
45021,1.0,4.7248562e-08,0
45022,0.9999999,1.5398935e-07,0
45023,1.0,4.2066887e-08,0
45024,0.9999993,7.6895856e-07,0
45025,1.0,5.973247e-11,0
45026,1.0,5.6826943e-10,0
45027,1.0,2.0401357e-08,0
45028,0.9999999,1.1639678e-07,0
45029,1.0,4.9423926e-10,0
45030,1.0,1.2931336e-08,0
45031,0.99999976,2.8863366e-07,0
45032,1.0,5.0678293e-09,0
45033,1.0,4.2739455e-08,0
45034,1.0,2.69217e-10,0
45035,1.0,1.1060336e-08,0
45036,1.0,1.41543195e-08,0
45037,1.0,9.570046e-12,0
45038,1.0,2.9538966e-13,0
45039,1.0,8.236795e-09,0
45040,1.0,1.2345698e-10,0
45041,1.0,8.3502844e-11,0
45042,1.0,1.0680119e-09,0
45043,1.0,3.6142924e-09,0
45044,1.0,4.296887e-09,0
45045,1.0,1.7559287e-11,0
45046,1.0,3.6669054e-09,0
45047,1.0,8.8641333e-10,0
45048,1.0,4.9554253e-11,0
45049,1.0,2.5273236e-10,0
45050,1.0,6.031293e-10,0
45051,0.9999999,7.809548e-08,0
45052,1.0,1.16319156e-10,0
45053,1.0,1.1157165e-08,0
45054,1.0,1.9742276e-12,0
45055,1.0,2.3305168e-08,0
45056,1.0,1.2054756e-08,0
45057,0.9999999,6.002837e-08,0
45058,0.99999857,1.4463493e-06,0
45059,1.0,1.6063442e-11,0
45060,1.0,7.0882473e-09,0
45061,1.0,9.436792e-10,0
45062,1.0,2.2104168e-10,0
45063,0.9999999,6.162303e-08,0
45064,1.0,3.378835e-08,0
45065,1.0,8.109803e-10,0
45066,1.0,1.2050375e-10,0
45067,1.0,1.1186992e-09,0
45068,0.9999999,1.279066e-07,0
45069,1.0,3.2491692e-09,0
45070,1.0,1.730644e-09,0
45071,1.0,3.818719e-10,0
45072,1.0,9.453895e-09,0
45073,0.9999999,1.6080335e-07,0
45074,1.0,3.8941403e-10,0
45075,1.0,9.343289e-13,0
45076,0.9999994,6.142823e-07,0
45077,1.0,5.847074e-08,0
45078,1.0,4.4679716e-12,0
45079,0.9999995,4.6959627e-07,0
45080,1.0,7.908706e-12,0
45081,1.0,2.8762125e-12,0
45082,0.9999999,7.999765e-08,0
45083,1.0,1.5437563e-09,0
45084,1.0,2.8578726e-11,0
45085,1.0,1.7831752e-08,0
45086,1.0,2.6271475e-11,0
45087,1.0,3.0074297e-11,0
45088,1.0,2.8598715e-09,0
45089,1.0,6.4368246e-12,0
45090,1.0,8.361281e-11,0
45091,1.0,3.2127076e-08,0
45092,1.0,6.7393044e-12,0
45093,1.0,7.173138e-10,0
45094,1.0,4.2487972e-08,0
45095,1.0,3.8005096e-10,0
45096,1.0,3.773612e-09,0
45097,1.0,2.8943098e-10,0
45098,1.0,2.5854483e-09,0
45099,0.99999917,7.960075e-07,0
45100,1.0,4.7493914e-10,0
45101,1.0,4.2442572e-10,0
45102,1.0,5.5320615e-10,0
45103,1.0,6.5450717e-10,0
45104,1.0,1.8139725e-09,0
45105,1.0,2.2181541e-10,0
45106,1.0,3.4892336e-10,0
45107,1.0,9.147915e-11,0
45108,1.0,8.238079e-10,0
45109,1.0,1.715216e-08,0
45110,1.0,4.721914e-10,0
45111,1.0,3.9054016e-10,0
45112,1.0,9.402795e-11,0
45113,1.0,4.6656693e-12,0
45114,1.0,3.179349e-09,0
45115,0.9999999,1.04903705e-07,0
45116,1.0,9.83175e-13,0
45117,1.0,1.0313663e-10,0
45118,1.0,1.6572065e-10,0
45119,0.9999999,9.77549e-08,0
45120,1.0,3.6296979e-09,0
45121,1.0,2.7130898e-09,0
45122,1.0,8.72068e-11,0
45123,1.0,4.3847976e-08,0
45124,1.0,6.1291625e-09,0
45125,1.0,1.12969634e-10,0
45126,1.0,1.41779335e-08,0
45127,1.0,3.4328421e-12,0
45128,0.99999714,2.851224e-06,0
45129,1.0,2.8476585e-08,0
45130,1.0,1.0074349e-09,0
45131,0.99999976,2.1893936e-07,0
45132,1.0,1.1755132e-08,0
45133,1.0,8.64804e-09,0
45134,1.0,6.073452e-10,0
45135,1.0,9.526565e-10,0
45136,1.0,1.4346378e-11,0
45137,1.0,2.2832815e-10,0
45138,1.0,2.5065347e-08,0
45139,1.0,6.5610295e-11,0
45140,1.0,1.1771257e-09,0
45141,1.0,3.6419986e-10,0
45142,1.0,8.184356e-11,0
45143,0.9999999,7.0648724e-08,0
45144,0.9999976,2.3771952e-06,0
45145,1.0,1.12094986e-10,0
45146,1.0,2.6505328e-10,0
45147,1.0,2.0109384e-10,0
45148,1.0,4.746497e-16,0
45149,0.9999999,1.7258328e-07,0
45150,1.0,5.84854e-10,0
45151,1.0,2.4335396e-08,0
45152,1.0,5.3024106e-11,0
45153,1.0,2.6232526e-18,0
45154,1.0,4.0314022e-10,0
45155,1.0,2.0157522e-08,0
45156,1.0,4.508244e-10,0
45157,1.0,3.691924e-09,0
45158,1.0,2.9718638e-08,0
45159,1.0,2.6202715e-11,0
45160,1.0,1.6360283e-11,0
45161,1.0,2.9976928e-08,0
45162,1.0,1.8423234e-10,0
45163,1.0,8.082319e-13,0
45164,1.0,1.003082e-10,0
45165,1.0,7.8581884e-11,0
45166,1.0,1.1818484e-08,0
45167,1.0,6.2269585e-11,0
45168,1.0,1.1465267e-09,0
45169,1.0,5.2399813e-09,0
45170,0.99999976,2.7651626e-07,0
45171,1.0,2.4111304e-09,0
45172,1.0,1.4762528e-08,0
45173,1.0,1.254998e-09,0
45174,1.0,6.126234e-11,0
45175,1.0,1.5935997e-08,0
45176,1.0,1.4449237e-09,0
45177,1.0,1.1207586e-08,0
45178,1.0,3.26978e-08,0
45179,1.0,8.592879e-12,0
45180,1.0,4.821366e-11,0
45181,1.0,1.9169212e-08,0
45182,1.0,3.580657e-09,0
45183,1.0,2.3065592e-10,0
45184,1.0,1.5971844e-08,0
45185,1.0,1.1138406e-09,0
45186,1.0,3.6045147e-10,0
45187,1.0,3.9323123e-09,0
45188,1.0,3.8272173e-08,0
45189,1.0,2.2113361e-10,0
45190,1.0,2.834738e-09,0
45191,1.0,1.6228874e-08,0
45192,1.0,4.0423045e-10,0
45193,1.0,1.1765724e-11,0
45194,1.0,6.170721e-13,0
45195,1.0,2.0997797e-08,0
45196,1.0,2.4990781e-08,0
45197,1.0,3.2242355e-12,0
45198,0.9999994,6.084554e-07,0
45199,1.0,8.603478e-11,0
45200,1.0,1.9566022e-11,0
45201,1.0,6.1787424e-09,0
45202,1.0,1.9616629e-10,0
45203,1.0,1.3654299e-09,0
45204,1.0,9.881943e-10,0
45205,1.0,6.9838635e-10,0
45206,1.0,5.8618466e-12,0
45207,1.0,3.2150179e-12,0
45208,1.0,5.3586198e-09,0
45209,1.0,5.4860094e-09,0
45210,0.99999976,2.1496612e-07,0
45211,0.99999964,3.0916766e-07,0
45212,0.99999917,7.94884e-07,0
45213,1.0,2.9078568e-09,0
45214,1.0,1.2036266e-11,0
45215,1.0,3.809273e-08,0
45216,1.0,7.310536e-12,0
45217,1.0,1.2407217e-10,0
45218,1.0,7.540591e-10,0
45219,1.0,3.5742854e-08,0
45220,0.9999995,4.49904e-07,0
45221,1.0,7.234547e-09,0
45222,1.0,5.6242903e-11,0
45223,0.99999785,2.1715243e-06,0
45224,1.0,2.0338404e-09,0
45225,1.0,8.134581e-12,0
45226,1.0,2.4509214e-10,0
45227,1.0,1.6078196e-10,0
45228,0.9999999,8.3712656e-08,0
45229,0.9999999,1.00350434e-07,0
45230,1.0,1.637078e-10,0
45231,1.0,2.956948e-08,0
45232,0.99999964,4.1349745e-07,0
45233,1.0,6.266295e-09,0
45234,1.0,2.2616208e-08,0
45235,1.0,9.913924e-10,0
45236,1.0,1.4427645e-09,0
45237,1.0,3.8351438e-09,0
45238,1.0,2.2195325e-11,0
45239,1.0,1.0720039e-09,0
45240,1.0,1.2770586e-09,0
45241,1.0,1.8004664e-10,0
45242,1.0,1.6920456e-11,0
45243,1.0,6.4012435e-09,0
45244,1.0,9.119309e-11,0
45245,1.0,1.2026846e-09,0
45246,1.0,1.8991757e-12,0
45247,1.0,2.1602413e-11,0
45248,1.0,2.7408317e-10,0
45249,1.0,9.438341e-10,0
45250,0.9999999,1.06410695e-07,0
45251,1.0,6.1691506e-11,0
45252,1.0,1.539122e-10,0
45253,1.0,6.526485e-10,0
45254,1.0,4.335021e-11,0
45255,1.0,9.850944e-11,0
45256,1.0,2.7200445e-08,0
45257,1.0,5.690588e-11,0
45258,1.0,2.7585072e-09,0
45259,1.0,1.0466952e-10,0
45260,1.0,2.1018201e-11,0
45261,1.0,2.780138e-12,0
45262,1.0,4.7842157e-09,0
45263,1.0,1.491621e-09,0
45264,1.0,2.3651308e-09,0
45265,0.9999995,4.4915163e-07,0
45266,1.0,3.1143959e-09,0
45267,1.0,1.5096767e-08,0
45268,1.0,1.5173106e-10,0
45269,1.0,2.8587275e-08,0
45270,1.0,7.134633e-10,0
45271,1.0,1.7768254e-09,0
45272,1.0,2.1899715e-10,0
45273,1.0,2.2652344e-08,0
45274,1.0,1.1646056e-10,0
45275,0.9999999,1.0423297e-07,0
45276,1.0,1.1311134e-09,0
45277,0.9999999,9.838733e-08,0
45278,1.0,2.7430175e-10,0
45279,1.0,1.2620271e-08,0
45280,1.0,1.1790521e-08,0
45281,1.0,1.4676443e-09,0
45282,1.0,1.1967979e-11,0
45283,1.0,2.5690727e-10,0
45284,1.0,1.4393377e-12,0
45285,0.9999988,1.196966e-06,0
45286,1.0,4.7292534e-09,0
45287,1.0,1.9186631e-11,0
45288,1.0,1.3861812e-09,0
45289,1.0,1.2911637e-09,0
45290,1.0,5.432377e-08,0
45291,1.0,6.52868e-09,0
45292,1.0,2.3467153e-10,0
45293,1.0,2.3710136e-11,0
45294,1.0,1.893028e-08,0
45295,1.0,7.0262646e-12,0
45296,1.0,1.8434676e-08,0
45297,0.99999714,2.8203804e-06,0
45298,1.0,3.2916365e-12,0
45299,1.0,3.877316e-10,0
45300,1.0,1.1510876e-11,0
45301,1.0,3.183744e-08,0
45302,1.0,1.9461521e-10,0
45303,1.0,2.57392e-09,0
45304,0.9999999,6.016087e-08,0
45305,1.0,6.343426e-09,0
45306,1.0,1.6431562e-10,0
45307,1.0,1.9097554e-10,0
45308,1.0,8.085867e-09,0
45309,1.0,7.047491e-10,0
45310,1.0,1.7683066e-08,0
45311,1.0,3.0297878e-10,0
45312,1.0,1.155315e-11,0
45313,1.0,5.431781e-10,0
45314,1.0,1.0904682e-11,0
45315,1.0,1.5683123e-09,0
45316,0.9999999,1.333427e-07,0
45317,1.0,1.3090756e-08,0
45318,1.0,5.935095e-09,0
45319,1.0,2.5135363e-10,0
45320,1.0,2.2290296e-09,0
45321,1.0,7.111834e-10,0
45322,1.0,9.677334e-12,0
45323,1.0,2.091336e-10,0
45324,1.0,1.977042e-09,0
45325,1.0,8.421738e-10,0
45326,1.0,6.8705896e-15,0
45327,1.0,1.0191459e-11,0
45328,0.9999999,6.92281e-08,0
45329,1.0,1.8472326e-09,0
45330,1.0,7.746642e-09,0
45331,0.99999917,7.77772e-07,0
45332,1.0,2.2620423e-09,0
45333,1.0,7.585876e-13,0
45334,1.0,1.8796097e-10,0
45335,1.0,2.6216413e-11,0
45336,1.0,2.7471053e-11,0
45337,1.0,4.3048498e-10,0
45338,1.0,5.932884e-14,0
45339,1.0,8.6272267e-10,0
45340,1.0,3.992769e-12,0
45341,1.0,3.9543417e-13,0
45342,1.0,3.121672e-11,0
45343,1.0,1.3141087e-12,0
45344,1.0,1.7977761e-10,0
45345,1.0,1.5288122e-09,0
45346,1.0,2.8152003e-09,0
45347,1.0,1.5545069e-11,0
45348,1.0,6.043338e-10,0
45349,1.0,2.649542e-10,0
45350,1.0,2.7928967e-10,0
45351,1.0,1.3196397e-08,0
45352,1.0,1.3388386e-13,0
45353,0.9999999,1.1408561e-07,0
45354,1.0,7.4255424e-13,0
45355,1.0,3.8189155e-10,0
45356,1.0,4.1378534e-08,0
45357,1.0,4.405342e-09,0
45358,1.0,3.6854174e-12,0
45359,1.0,9.821101e-10,0
45360,1.0,5.4081695e-10,0
45361,1.0,5.920013e-09,0
45362,1.0,4.5864385e-11,0
45363,0.9999999,1.15763775e-07,0
45364,1.0,1.8033268e-09,0
45365,1.0,4.4318895e-09,0
45366,0.9999999,6.916792e-08,0
45367,1.0,5.4165237e-09,0
45368,1.0,5.784376e-13,0
45369,1.0,1.28492226e-11,0
45370,1.0,2.6589349e-09,0
45371,1.0,7.8266777e-13,0
45372,1.0,9.612195e-12,0
45373,1.0,3.5938856e-11,0
45374,1.0,8.430452e-09,0
45375,0.9999999,1.04468825e-07,0
45376,1.0,2.1834756e-08,0
45377,1.0,1.6914447e-08,0
45378,1.0,1.7079345e-10,0
45379,1.0,6.271382e-11,0
45380,1.0,3.318012e-11,0
45381,1.0,3.698967e-12,0
45382,1.0,1.2587756e-10,0
45383,1.0,5.395453e-11,0
45384,1.0,2.1089872e-12,0
45385,1.0,2.879995e-08,0
45386,1.0,3.5639054e-11,0
45387,0.9999999,1.1071885e-07,0
45388,1.0,4.3263213e-08,0
45389,1.0,2.4160998e-11,0
45390,1.0,1.0879104e-08,0
45391,0.9999999,9.1568126e-08,0
45392,1.0,1.335597e-09,0
45393,1.0,8.6598985e-11,0
45394,1.0,5.758639e-09,0
45395,1.0,1.041592e-08,0
45396,1.0,4.1742262e-10,0
45397,1.0,2.6096791e-10,0
45398,1.0,2.2735936e-11,0
45399,1.0,8.740342e-12,0
45400,1.0,1.6555456e-09,0
45401,1.0,8.843715e-14,0
45402,1.0,1.6649036e-08,0
45403,1.0,2.7539845e-10,0
45404,1.0,2.7545533e-09,0
45405,1.0,3.644368e-10,0
45406,1.0,6.3419194e-11,0
45407,1.0,2.0250228e-09,0
45408,1.0,6.483357e-10,0
45409,1.0,1.2149256e-08,0
45410,1.0,3.1989916e-12,0
45411,1.0,2.1447667e-08,0
45412,1.0,2.07159e-09,0
45413,1.0,2.4386448e-09,0
45414,1.0,3.9587245e-10,0
45415,1.0,2.0469536e-11,0
45416,1.0,4.7425813e-11,0
45417,1.0,4.3446746e-10,0
45418,1.0,6.552651e-11,0
45419,1.0,4.0720313e-12,0
45420,1.0,1.00366375e-10,0
45421,1.0,5.688944e-09,0
45422,1.0,7.4577136e-11,0
45423,1.0,1.7085096e-08,0
45424,1.0,7.5730894e-11,0
45425,1.0,2.4868826e-11,0
45426,1.0,1.6311482e-08,0
45427,1.0,3.743385e-11,0
45428,1.0,4.1319662e-10,0
45429,1.0,2.8727682e-09,0
45430,1.0,4.274695e-08,0
45431,1.0,2.1610098e-13,0
45432,0.9999995,4.598683e-07,0
45433,1.0,1.1225336e-09,0
45434,1.0,2.9960223e-09,0
45435,1.0,4.597755e-11,0
45436,1.0,8.8833946e-10,0
45437,1.0,1.5468283e-08,0
45438,1.0,7.8965345e-10,0
45439,1.0,2.4184326e-11,0
45440,1.0,2.9524633e-11,0
45441,1.0,4.5136986e-10,0
45442,1.0,1.3456325e-10,0
45443,1.0,7.639157e-11,0
45444,1.0,2.473021e-09,0
45445,1.0,4.7288776e-08,0
45446,1.0,4.1723816e-09,0
45447,1.0,9.350118e-09,0
45448,1.0,1.047527e-08,0
45449,1.0,2.010254e-08,0
45450,0.9999999,1.0103376e-07,0
45451,1.0,3.1739689e-09,0
45452,1.0,9.700254e-11,0
45453,1.0,5.9461343e-08,0
45454,1.0,6.0570646e-12,0
45455,1.0,8.971021e-09,0
45456,1.0,8.1517095e-09,0
45457,0.9999993,6.6430135e-07,0
45458,1.0,1.3829257e-08,0
45459,0.9999995,5.1117803e-07,0
45460,1.0,8.6855305e-09,0
45461,1.0,1.3083666e-08,0
45462,1.0,2.4741817e-09,0
45463,1.0,1.1712871e-09,0
45464,1.0,1.8031067e-09,0
45465,0.9999999,1.00488336e-07,0
45466,0.9999999,8.203919e-08,0
45467,1.0,1.9310364e-10,0
45468,1.0,1.5093592e-09,0
45469,1.0,1.1094134e-09,0
45470,1.0,1.1693851e-09,0
45471,1.0,4.507691e-11,0
45472,1.0,1.5004867e-09,0
45473,1.0,1.2707321e-08,0
45474,1.0,4.5965695e-08,0
45475,1.0,3.0153203e-08,0
45476,1.0,8.350005e-09,0
45477,0.99999976,2.0587468e-07,0
45478,1.0,3.747032e-09,0
45479,1.0,2.3745928e-08,0
45480,1.0,1.6506213e-08,0
45481,0.9999999,1.7017035e-07,0
45482,1.0,3.508268e-09,0
45483,1.0,1.3016014e-08,0
45484,1.0,1.0107825e-08,0
45485,1.0,2.0675006e-09,0
45486,1.0,2.0625497e-09,0
45487,1.0,2.001985e-08,0
45488,0.9999999,9.1075016e-08,0
45489,1.0,8.598434e-09,0
45490,1.0,7.504323e-09,0
45491,1.0,3.2264658e-10,0
45492,1.0,4.503625e-08,0
45493,1.0,1.8798114e-09,0
45494,1.0,1.03903726e-10,0
45495,0.99999976,2.972131e-07,0
45496,0.9999999,8.490875e-08,0
45497,1.0,5.704833e-08,0
45498,1.0,3.815141e-08,0
45499,1.0,1.602076e-11,0
45500,1.0,3.896507e-08,0
45501,1.0,3.7707612e-10,0
45502,1.0,9.891537e-11,0
45503,1.0,3.1798177e-08,0
45504,1.0,2.4317298e-08,0
45505,1.0,9.580324e-09,0
45506,1.0,1.8202458e-09,0
45507,1.0,3.4679523e-08,0
45508,1.0,6.2116983e-09,0
45509,1.0,2.6470888e-09,0
45510,1.0,1.026958e-09,0
45511,1.0,1.5170935e-10,0
45512,1.0,3.2238795e-08,0
45513,1.0,1.5196181e-11,0
45514,1.0,1.6310511e-09,0
45515,1.0,4.1944784e-08,0
45516,0.9999989,1.0529255e-06,0
45517,1.0,3.1152766e-08,0
45518,1.0,7.208912e-13,0
45519,1.0,2.3002283e-10,0
45520,1.0,1.9224078e-10,0
45521,1.0,5.8914906e-13,0
45522,1.0,2.6726377e-09,0
45523,1.0,5.8797596e-13,0
45524,0.99999976,2.1511707e-07,0
45525,1.0,2.7114558e-12,0
45526,0.99999976,2.1214929e-07,0
45527,1.0,1.0151726e-11,0
45528,1.0,3.760806e-10,0
45529,1.0,6.979139e-13,0
45530,1.0,4.139171e-12,0
45531,0.99999976,2.0216996e-07,0
45532,0.9999993,6.632271e-07,0
45533,1.0,1.4186746e-09,0
45534,1.0,6.8827e-10,0
45535,1.0,2.2868903e-10,0
45536,1.0,4.1281217e-10,0
45537,1.0,3.698558e-12,0
45538,1.0,1.2587467e-10,0
45539,1.0,1.1254783e-11,0
45540,1.0,4.0857883e-11,0
45541,0.99999964,3.319549e-07,0
45542,1.0,2.6586936e-11,0
45543,1.0,5.8173725e-08,0
45544,1.0,4.7572585e-11,0
45545,1.0,2.4190819e-12,0
45546,1.0,8.565851e-11,0
45547,1.0,5.0743822e-11,0
45548,1.0,3.1707664e-10,0
45549,0.99999964,3.347053e-07,0
45550,1.0,1.4096312e-12,0
45551,1.0,4.917461e-08,0
45552,1.0,2.9476737e-08,0
45553,1.0,6.396447e-09,0
45554,1.0,2.0211244e-10,0
45555,0.99999976,2.1792405e-07,0
45556,1.0,5.771815e-12,0
45557,1.0,1.5089957e-10,0
45558,1.0,6.319198e-10,0
45559,1.0,8.817462e-09,0
45560,1.0,4.0426634e-08,0
45561,1.0,1.2968379e-09,0
45562,1.0,1.1501521e-08,0
45563,0.99999976,2.3163717e-07,0
45564,1.0,1.200169e-08,0
45565,1.0,2.6051433e-10,0
45566,1.0,1.38876e-11,0
45567,1.0,2.3331308e-09,0
45568,1.0,1.5280339e-09,0
45569,1.0,9.8538566e-11,0
45570,1.0,2.2736293e-10,0
45571,1.0,2.3462632e-10,0
45572,1.0,1.6378494e-10,0
45573,1.0,2.397084e-10,0
45574,1.0,1.8708028e-11,0
45575,1.0,2.7735417e-10,0
45576,1.0,8.941847e-12,0
45577,1.0,7.372144e-09,0
45578,1.0,1.7368716e-08,0
45579,1.0,9.066828e-11,0
45580,1.0,1.3091984e-11,0
45581,1.0,1.0547843e-09,0
45582,1.0,1.9094776e-11,0
45583,1.0,2.7234147e-11,0
45584,1.0,2.6138935e-10,0
45585,1.0,7.012254e-10,0
45586,1.0,2.1331952e-09,0
45587,1.0,8.266163e-09,0
45588,1.0,2.0968491e-09,0
45589,1.0,4.2728017e-09,0
45590,1.0,4.0239523e-09,0
45591,1.0,4.0982493e-09,0
45592,0.9999969,3.0515967e-06,0
45593,1.0,1.1388896e-09,0
45594,1.0,2.9354563e-10,0
45595,0.99999905,1.0097989e-06,0
45596,1.0,3.6727323e-11,0
45597,1.0,7.719669e-12,0
45598,1.0,5.729206e-11,0
45599,1.0,1.9333989e-10,0
45600,1.0,1.272618e-10,0
45601,1.0,5.58558e-11,0
45602,1.0,9.3573344e-11,0
45603,1.0,9.327416e-11,0
45604,1.0,9.986312e-09,0
45605,1.0,6.369692e-11,0
45606,1.0,9.391441e-09,0
45607,1.0,8.5260545e-09,0
45608,1.0,1.6668339e-10,0
45609,1.0,1.3190388e-11,0
45610,1.0,5.8096383e-10,0
45611,1.0,2.2972557e-10,0
45612,1.0,1.7387536e-09,0
45613,1.0,4.3490235e-08,0
45614,1.0,1.426772e-09,0
45615,1.0,3.0507735e-10,0
45616,1.0,1.0984514e-10,0
45617,1.0,2.7111497e-09,0
45618,1.0,1.698716e-08,0
45619,1.0,2.9989305e-10,0
45620,1.0,3.6852067e-12,0
45621,1.0,1.3955277e-12,0
45622,1.0,5.292315e-08,0
45623,1.0,1.18012804e-11,0
45624,1.0,6.469927e-11,0
45625,1.0,9.902189e-10,0
45626,1.0,2.9274567e-09,0
45627,1.0,1.2557533e-11,0
45628,1.0,9.284005e-10,0
45629,1.0,1.4486497e-08,0
45630,1.0,1.6903118e-09,0
45631,1.0,1.5030848e-09,0
45632,1.0,1.4860394e-11,0
45633,1.0,4.9863343e-11,0
45634,1.0,3.482369e-08,0
45635,1.0,2.9276914e-09,0
45636,1.0,1.3630918e-11,0
45637,1.0,3.389734e-10,0
45638,1.0,1.2241957e-11,0
45639,1.0,1.6326968e-10,0
45640,1.0,3.5748526e-11,0
45641,1.0,7.9904056e-11,0
45642,1.0,1.3281284e-09,0
45643,1.0,5.99708e-12,0
45644,1.0,5.738732e-11,0
45645,1.0,2.1767766e-08,0
45646,1.0,1.6849934e-10,0
45647,1.0,1.864079e-10,0
45648,1.0,8.218233e-12,0
45649,1.0,9.891146e-10,0
45650,1.0,5.4821335e-11,0
45651,1.0,3.1761125e-09,0
45652,1.0,9.7145667e-11,0
45653,0.9999999,6.083428e-08,0
45654,1.0,1.412631e-10,0
45655,1.0,8.628358e-11,0
45656,1.0,3.1523457e-09,0
45657,1.0,3.974988e-08,0
45658,1.0,8.524517e-11,0
45659,1.0,7.711497e-09,0
45660,1.0,4.916534e-11,0
45661,1.0,2.0674623e-08,0
45662,0.9999999,6.091207e-08,0
45663,1.0,1.8125874e-11,0
45664,1.0,7.173959e-10,0
45665,1.0,4.0627263e-10,0
45666,1.0,3.799484e-08,0
45667,1.0,8.463057e-10,0
45668,1.0,3.2290796e-08,0
45669,1.0,1.3682023e-11,0
45670,0.99999976,2.7194125e-07,0
45671,1.0,1.990122e-08,0
45672,1.0,3.905428e-08,0
45673,1.0,1.9334616e-10,0
45674,1.0,1.7883389e-08,0
45675,1.0,7.97457e-11,0
45676,0.99999976,2.2633347e-07,0
45677,1.0,4.22919e-12,0
45678,1.0,5.202834e-09,0
45679,1.0,1.5684721e-11,0
45680,1.0,8.8699004e-10,0
45681,1.0,4.5167128e-10,0
45682,1.0,3.762287e-12,0
45683,1.0,2.1514993e-11,0
45684,0.9999999,1.03694596e-07,0
45685,1.0,3.9806197e-11,0
45686,1.0,7.857618e-11,0
45687,1.0,4.3400986e-12,0
45688,1.0,1.1196919e-09,0
45689,1.0,8.343701e-09,0
45690,1.0,4.8016535e-11,0
45691,1.0,2.1038769e-08,0
45692,1.0,1.43265755e-08,0
45693,1.0,3.2744357e-08,0
45694,1.0,1.0003784e-10,0
45695,1.0,1.0124042e-10,0
45696,1.0,8.1290725e-09,0
45697,1.0,7.1592884e-11,0
45698,1.0,1.3724888e-11,0
45699,1.0,8.841608e-10,0
45700,1.0,2.1836625e-12,0
45701,1.0,2.666452e-12,0
45702,1.0,6.991723e-11,0
45703,1.0,1.3010316e-10,0
45704,1.0,4.0116563e-11,0
45705,1.0,1.0840783e-08,0
45706,1.0,1.1683685e-09,0
45707,1.0,3.431121e-08,0
45708,1.0,1.2698211e-08,0
45709,1.0,3.3757495e-08,0
45710,1.0,5.3874655e-10,0
45711,0.99999976,2.1095673e-07,0
45712,1.0,3.1240784e-11,0
45713,1.0,2.3441977e-09,0
45714,1.0,1.0153407e-08,0
45715,0.9999999,8.2147075e-08,0
45716,1.0,3.3077187e-11,0
45717,1.0,1.4875581e-09,0
45718,1.0,9.035891e-11,0
45719,1.0,4.605461e-11,0
45720,1.0,1.2986887e-10,0
45721,1.0,4.065313e-11,0
45722,1.0,6.577092e-11,0
45723,1.0,2.3592296e-12,0
45724,1.0,3.6913309e-10,0
45725,1.0,8.9650206e-12,0
45726,1.0,7.846125e-09,0
45727,1.0,3.5953434e-09,0
45728,1.0,8.351606e-11,0
45729,1.0,1.3702498e-11,0
45730,1.0,8.770389e-11,0
45731,1.0,3.9925308e-09,0
45732,1.0,4.4693204e-11,0
45733,1.0,1.5290125e-14,0
45734,1.0,4.3008916e-11,0
45735,1.0,1.23843704e-11,0
45736,0.99999976,2.94418e-07,0
45737,1.0,1.7649453e-10,0
45738,1.0,1.5319223e-11,0
45739,1.0,2.23395e-09,0
45740,0.9999989,1.0563814e-06,0
45741,1.0,2.7308544e-10,0
45742,1.0,4.4370466e-10,0
45743,1.0,7.043755e-10,0
45744,1.0,8.0415175e-11,0
45745,1.0,1.7136913e-09,0
45746,1.0,2.488915e-10,0
45747,1.0,2.4586118e-08,0
45748,1.0,3.913906e-12,0
45749,1.0,1.0167666e-09,0
45750,1.0,8.483788e-11,0
45751,1.0,2.004175e-11,0
45752,1.0,1.3172714e-11,0
45753,1.0,6.7345504e-12,0
45754,1.0,2.7837519e-08,0
45755,1.0,3.4073953e-08,0
45756,1.0,1.4771013e-11,0
45757,1.0,1.2051417e-09,0
45758,1.0,1.7958276e-12,0
45759,1.0,5.2138038e-12,0
45760,1.0,3.2913214e-09,0
45761,1.0,7.135898e-10,0
45762,1.0,3.6610857e-08,0
45763,1.0,3.89277e-12,0
45764,1.0,2.0559775e-10,0
45765,1.0,2.027641e-11,0
45766,1.0,1.5887924e-12,0
45767,1.0,5.162323e-10,0
45768,0.9999999,1.4677198e-07,0
45769,1.0,3.4962304e-09,0
45770,1.0,1.1599972e-09,0
45771,1.0,5.857491e-11,0
45772,1.0,2.5119665e-12,0
45773,1.0,4.9962907e-08,0
45774,1.0,1.6900439e-13,0
45775,1.0,2.154379e-10,0
45776,1.0,5.2876167e-14,0
45777,1.0,7.160555e-12,0
45778,1.0,1.474916e-08,0
45779,1.0,3.372184e-08,0
45780,0.9999976,2.4309338e-06,0
45781,1.0,1.3263633e-10,0
45782,0.9999999,7.722098e-08,0
45783,1.0,5.532214e-12,0
45784,1.0,1.5444144e-11,0
45785,1.0,3.8555406e-13,0
45786,1.0,1.2290427e-08,0
45787,1.0,7.668573e-11,0
45788,1.0,7.641426e-12,0
45789,1.0,9.233027e-13,0
45790,1.0,2.9164286e-12,0
45791,1.0,7.935936e-12,0
45792,1.0,1.6356343e-12,0
45793,1.0,5.696294e-13,0
45794,1.0,8.7052414e-11,0
45795,1.0,8.5552045e-11,0
45796,1.0,2.218187e-11,0
45797,1.0,6.577167e-11,0
45798,1.0,4.830677e-13,0
45799,1.0,2.50381e-09,0
45800,1.0,8.3422325e-10,0
45801,1.0,7.309755e-12,0
45802,1.0,1.626709e-11,0
45803,1.0,4.1498294e-11,0
45804,1.0,1.572765e-11,0
45805,1.0,4.977687e-11,0
45806,1.0,3.158543e-10,0
45807,1.0,1.8361167e-11,0
45808,1.0,1.1065482e-12,0
45809,1.0,1.8718088e-08,0
45810,1.0,6.7791666e-12,0
45811,1.0,1.610596e-08,0
45812,1.0,6.8551087e-10,0
45813,1.0,2.8643152e-09,0
45814,1.0,3.998578e-11,0
45815,1.0,3.6733346e-11,0
45816,1.0,1.1395394e-09,0
45817,1.0,1.4267884e-09,0
45818,1.0,6.659017e-10,0
45819,1.0,3.527126e-10,0
45820,1.0,7.587674e-12,0
45821,1.0,1.1449145e-08,0
45822,1.0,1.6869284e-11,0
45823,1.0,1.1591607e-10,0
45824,1.0,1.5344094e-09,0
45825,1.0,1.212004e-09,0
45826,1.0,8.152363e-09,0
45827,1.0,3.7295306e-11,0
45828,1.0,1.493465e-10,0
45829,1.0,5.4219552e-11,0
45830,1.0,4.697098e-09,0
45831,1.0,8.097584e-12,0
45832,1.0,8.5382545e-10,0
45833,1.0,1.6896894e-13,0
45834,0.9999999,1.2322214e-07,0
45835,1.0,5.1259413e-10,0
45836,1.0,5.1496144e-11,0
45837,1.0,8.801265e-09,0
45838,0.9999325,6.7433735e-05,0
45839,1.0,1.0781252e-08,0
45840,1.0,4.3286177e-11,0
45841,1.0,1.4093008e-08,0
45842,1.0,9.923005e-10,0
45843,1.0,1.4670327e-11,0
45844,1.0,3.4327636e-12,0
45845,1.0,7.374372e-11,0
45846,1.0,2.9917006e-12,0
45847,1.0,2.5004274e-08,0
45848,1.0,1.8432618e-10,0
45849,1.0,5.2216835e-09,0
45850,1.0,3.0762792e-10,0
45851,1.0,6.562932e-11,0
45852,1.0,1.0836504e-08,0
45853,1.0,1.8201277e-09,0
45854,1.0,7.636134e-09,0
45855,1.0,1.6886555e-09,0
45856,1.0,1.6142325e-10,0
45857,1.0,2.2746315e-10,0
45858,1.0,4.414604e-12,0
45859,1.0,6.417351e-14,0
45860,1.0,2.5644693e-11,0
45861,1.0,5.751855e-09,0
45862,1.0,3.840471e-10,0
45863,1.0,3.1278823e-11,0
45864,1.0,2.6009021e-11,0
45865,1.0,3.9371734e-10,0
45866,1.0,4.667196e-10,0
45867,0.9999999,6.9045065e-08,0
45868,0.9999999,1.6572388e-07,0
45869,1.0,3.360138e-09,0
45870,1.0,3.7591708e-10,0
45871,1.0,5.5559854e-12,0
45872,0.99999976,2.147989e-07,0
45873,1.0,1.5426546e-10,0
45874,0.99999976,1.8441925e-07,0
45875,1.0,1.5653406e-14,0
45876,1.0,3.6951857e-13,0
45877,1.0,1.11526864e-10,0
45878,1.0,3.6559585e-11,0
45879,1.0,2.8323894e-11,0
45880,1.0,3.0987293e-09,0
45881,1.0,3.0634197e-11,0
45882,1.0,4.776331e-12,0
45883,1.0,4.2414897e-10,0
45884,1.0,3.9914586e-12,0
45885,1.0,6.468788e-12,0
45886,1.0,1.7932145e-10,0
45887,1.0,2.6393132e-10,0
45888,1.0,7.2742333e-12,0
45889,1.0,1.772459e-09,0
45890,1.0,8.7935753e-10,0
45891,1.0,2.0841026e-12,0
45892,1.0,2.0603328e-12,0
45893,1.0,2.917977e-11,0
45894,1.0,2.022206e-08,0
45895,0.99999917,7.841256e-07,0
45896,1.0,2.3726956e-12,0
45897,1.0,1.3562888e-08,0
45898,1.0,3.0337978e-12,0
45899,0.9999993,6.625905e-07,0
45900,1.0,1.6646203e-09,0
45901,1.0,1.0401044e-09,0
45902,1.0,2.2815924e-10,0
45903,1.0,2.903977e-09,0
45904,1.0,1.4286994e-10,0
45905,0.9999995,4.673695e-07,0
45906,1.0,5.292102e-12,0
45907,1.0,1.4708109e-09,0
45908,1.0,4.0641057e-10,0
45909,1.0,5.070863e-10,0
45910,1.0,7.129576e-09,0
45911,1.0,1.4312209e-08,0
45912,1.0,1.4817387e-13,0
45913,1.0,2.1678692e-11,0
45914,1.0,1.4205097e-10,0
45915,1.0,8.6544e-11,0
45916,1.0,4.376899e-09,0
45917,1.0,5.0246157e-12,0
45918,1.0,1.5307496e-09,0
45919,1.0,2.9048067e-10,0
45920,0.9999999,1.5928651e-07,0
45921,1.0,5.062842e-10,0
45922,1.0,7.324632e-12,0
45923,0.9999999,1.6438764e-07,0
45924,1.0,4.3630086e-11,0
45925,1.0,5.1501325e-12,0
45926,1.0,5.903367e-10,0
45927,1.0,8.282861e-09,0
45928,1.0,1.35895e-09,0
45929,1.0,3.577269e-10,0
45930,1.0,4.0320107e-13,0
45931,1.0,2.9672897e-10,0
45932,1.0,4.5689237e-11,0
45933,1.0,2.1010255e-12,0
45934,1.0,2.4857802e-09,0
45935,1.0,2.1688203e-11,0
45936,0.9999987,1.3331539e-06,0
45937,1.0,3.2364216e-09,0
45938,1.0,5.401956e-09,0
45939,1.0,2.3787985e-09,0
45940,1.0,3.3433191e-12,0
45941,1.0,3.384215e-11,0
45942,1.0,5.3064775e-11,0
45943,1.0,2.2718466e-11,0
45944,1.0,1.6260328e-11,0
45945,1.0,5.2456683e-10,0
45946,1.0,2.1259794e-11,0
45947,1.0,8.7048264e-11,0
45948,1.0,8.329961e-13,0
45949,1.0,4.2022434e-09,0
45950,1.0,9.846731e-12,0
45951,1.0,4.966445e-09,0
45952,1.0,6.59277e-10,0
45953,1.0,1.8290315e-11,0
45954,0.99999905,9.317361e-07,0
45955,1.0,6.3959246e-12,0
45956,1.0,1.5229543e-12,0
45957,1.0,1.8294687e-10,0
45958,1.0,5.0892923e-10,0
45959,1.0,7.216319e-15,0
45960,1.0,5.2145797e-08,0
45961,1.0,1.5309949e-09,0
45962,1.0,1.7441859e-11,0
45963,1.0,7.0931094e-11,0
45964,1.0,5.796605e-12,0
45965,1.0,3.8240813e-11,0
45966,1.0,8.364937e-14,0
45967,1.0,1.3044638e-09,0
45968,1.0,3.0562223e-08,0
45969,1.0,4.5991277e-09,0
45970,1.0,2.0922448e-11,0
45971,1.0,3.5653966e-10,0
45972,1.0,8.934392e-13,0
45973,1.0,1.3286846e-11,0
45974,1.0,9.640998e-13,0
45975,1.0,3.411747e-11,0
45976,1.0,5.6638787e-13,0
45977,1.0,4.4283888e-10,0
45978,1.0,1.0819119e-11,0
45979,1.0,6.760103e-10,0
45980,0.99999964,3.8765222e-07,0
45981,1.0,8.4856255e-09,0
45982,1.0,4.2199602e-10,0
45983,1.0,4.3159462e-11,0
45984,1.0,3.662489e-12,0
45985,1.0,3.4605088e-10,0
45986,1.0,1.9739802e-11,0
45987,1.0,5.597487e-13,0
45988,1.0,3.629168e-11,0
45989,1.0,2.0264337e-12,0
45990,1.0,7.9330945e-11,0
45991,1.0,2.8071638e-12,0
45992,1.0,4.8192835e-13,0
45993,1.0,1.4026044e-12,0
45994,1.0,3.0712457e-12,0
45995,0.9999999,1.7789195e-07,0
45996,1.0,5.3204403e-12,0
45997,1.0,1.2694577e-12,0
45998,1.0,3.7824776e-08,0
45999,1.0,6.1606746e-14,0
46000,1.0,5.1974673e-13,0
46001,1.0,5.7555423e-09,0
46002,0.999998,2.0155212e-06,0
46003,0.99999976,1.9935608e-07,0
46004,1.0,6.2170558e-09,0
46005,1.0,7.00842e-09,0
46006,1.0,1.6920545e-08,0
46007,1.0,1.6212397e-10,0
46008,1.0,2.5544433e-10,0
46009,1.0,1.9229993e-09,0
46010,1.0,7.578921e-09,0
46011,1.0,5.072621e-11,0
46012,1.0,7.458563e-12,0
46013,1.0,6.8102773e-10,0
46014,0.99999976,2.5046717e-07,0
46015,1.0,7.341276e-12,0
46016,1.0,9.363918e-12,0
46017,1.0,4.5427336e-11,0
46018,1.0,9.645446e-10,0
46019,1.0,2.877882e-11,0
46020,1.0,9.070291e-10,0
46021,1.0,1.2567131e-09,0
46022,1.0,2.5164478e-14,0
46023,1.0,1.4910989e-11,0
46024,1.0,5.945717e-11,0
46025,1.0,3.294628e-11,0
46026,1.0,1.5947528e-11,0
46027,1.0,2.6113582e-09,0
46028,1.0,2.6012221e-09,0
46029,1.0,1.4138015e-09,0
46030,1.0,1.1487944e-09,0
46031,1.0,2.2484485e-10,0
46032,1.0,1.2392565e-08,0
46033,1.0,2.0793142e-12,0
46034,1.0,1.811173e-12,0
46035,1.0,2.0008101e-11,0
46036,1.0,1.1607227e-10,0
46037,1.0,1.6729569e-12,0
46038,1.0,2.0398746e-12,0
46039,1.0,1.6033782e-11,0
46040,1.0,1.6881008e-10,0
46041,1.0,2.929195e-12,0
46042,1.0,3.484601e-12,0
46043,1.0,2.9843775e-08,0
46044,1.0,1.7390984e-09,0
46045,0.9999994,5.641596e-07,0
46046,1.0,6.2743396e-14,0
46047,1.0,1.5632165e-10,0
46048,1.0,2.9514934e-12,0
46049,1.0,5.9187e-10,0
46050,1.0,1.3129745e-11,0
46051,1.0,6.875231e-11,0
46052,1.0,9.58419e-11,0
46053,1.0,5.541e-12,0
46054,1.0,2.8839556e-10,0
46055,1.0,2.5466101e-11,0
46056,1.0,6.7999456e-10,0
46057,1.0,9.8632776e-11,0
46058,0.9999995,5.010916e-07,0
46059,1.0,1.5898769e-09,0
46060,1.0,2.8119603e-08,0
46061,1.0,9.920686e-12,0
46062,0.9999995,5.2178336e-07,0
46063,1.0,1.6403386e-09,0
46064,1.0,1.2728801e-10,0
46065,1.0,2.8671967e-12,0
46066,1.0,1.1699903e-12,0
46067,1.0,9.695107e-12,0
46068,1.0,4.7836818e-11,0
46069,1.0,5.203407e-10,0
46070,1.0,4.8000964e-11,0
46071,1.0,2.256532e-12,0
46072,1.0,5.003333e-10,0
46073,1.0,4.0360145e-08,0
46074,1.0,6.925927e-12,0
46075,1.0,3.629724e-10,0
46076,1.0,1.339419e-12,0
46077,1.0,4.8830905e-13,0
46078,1.0,1.5660635e-10,0
46079,1.0,3.7140555e-11,0
46080,1.0,2.4184454e-12,0
46081,1.0,1.8295314e-10,0
46082,1.0,6.66186e-11,0
46083,1.0,2.8561317e-13,0
46084,1.0,3.83817e-11,0
46085,1.0,1.3602932e-09,0
46086,1.0,6.1054967e-10,0
46087,1.0,5.590859e-10,0
46088,1.0,3.8554013e-09,0
46089,0.9999993,6.831762e-07,0
46090,1.0,2.5088506e-11,0
46091,1.0,1.1196139e-11,0
46092,1.0,1.4733091e-10,0
46093,1.0,1.11398876e-10,0
46094,1.0,3.7523495e-11,0
46095,1.0,1.5730995e-09,0
46096,1.0,1.605068e-10,0
46097,1.0,3.0611574e-12,0
46098,1.0,5.9358074e-13,0
46099,1.0,1.246262e-10,0
46100,1.0,2.3838934e-10,0
46101,0.9999999,6.7443835e-08,0
46102,1.0,3.9607675e-12,0
46103,1.0,1.2611648e-09,0
46104,1.0,3.5000433e-11,0
46105,1.0,3.5374356e-13,0
46106,1.0,9.2733425e-12,0
46107,1.0,4.2480415e-09,0
46108,0.9999969,3.0606845e-06,0
46109,1.0,1.9649132e-10,0
46110,1.0,1.256196e-08,0
46111,1.0,3.4721584e-10,0
46112,1.0,3.5650904e-10,0
46113,1.0,1.8887271e-10,0
46114,1.0,1.0210809e-09,0
46115,1.0,1.1099326e-08,0
46116,1.0,1.8123125e-09,0
46117,0.99999976,2.1413663e-07,0
46118,1.0,5.357758e-10,0
46119,1.0,1.4108228e-12,0
46120,1.0,2.0165411e-11,0
46121,1.0,4.3708424e-09,0
46122,1.0,2.0388088e-12,0
46123,1.0,1.0640089e-12,0
46124,1.0,1.184875e-12,0
46125,1.0,8.9757097e-13,0
46126,0.9999999,5.985481e-08,0
46127,1.0,1.9051175e-13,0
46128,1.0,7.325359e-12,0
46129,1.0,4.0751535e-09,0
46130,1.0,7.0951695e-10,0
46131,1.0,2.4569626e-11,0
46132,1.0,3.221872e-10,0
46133,1.0,9.225101e-14,0
46134,1.0,2.5299655e-11,0
46135,1.0,2.7607782e-11,0
46136,1.0,3.2180748e-11,0
46137,1.0,1.6522584e-09,0
46138,1.0,4.3228997e-11,0
46139,1.0,1.2528041e-10,0
46140,1.0,2.3986734e-08,0
46141,1.0,1.1758948e-11,0
46142,1.0,3.15105e-11,0
46143,1.0,4.075559e-12,0
46144,1.0,2.320612e-08,0
46145,1.0,5.0160415e-10,0
46146,1.0,2.8527074e-09,0
46147,0.9999999,1.7409819e-07,0
46148,0.9999999,7.7807044e-08,0
46149,1.0,3.960069e-10,0
46150,1.0,3.0116304e-08,0
46151,1.0,4.471789e-13,0
46152,1.0,2.1299448e-11,0
46153,1.0,1.610794e-10,0
46154,1.0,3.4627435e-12,0
46155,1.0,2.919558e-11,0
46156,1.0,7.5521265e-12,0
46157,1.0,4.757966e-11,0
46158,1.0,1.1825862e-11,0
46159,0.99999905,9.73382e-07,0
46160,1.0,2.464061e-09,0
46161,1.0,1.3616891e-10,0
46162,1.0,3.0599974e-11,0
46163,1.0,6.873873e-13,0
46164,1.0,4.598266e-10,0
46165,1.0,5.462496e-09,0
46166,1.0,2.6051136e-10,0
46167,1.0,2.0119242e-10,0
46168,1.0,2.0814432e-10,0
46169,1.0,1.679143e-08,0
46170,0.9999993,7.001808e-07,0
46171,1.0,4.3226405e-09,0
46172,0.99999976,2.4430835e-07,0
46173,1.0,2.472389e-09,0
46174,1.0,1.0298517e-12,0
46175,1.0,1.4484044e-11,0
46176,1.0,2.0297568e-08,0
46177,1.0,3.3649895e-11,0
46178,1.0,9.278567e-11,0
46179,1.0,4.3936507e-10,0
46180,1.0,3.3900813e-11,0
46181,1.0,1.5035674e-08,0
46182,1.0,8.025884e-12,0
46183,0.9999995,4.3456822e-07,0
46184,0.9999999,6.212507e-08,0
46185,1.0,1.7118668e-11,0
46186,1.0,5.1535276e-10,0
46187,1.0,1.08867935e-10,0
46188,1.0,1.1743747e-08,0
46189,1.0,6.3990093e-09,0
46190,1.0,9.41192e-09,0
46191,1.0,2.829719e-13,0
46192,1.0,1.5279486e-10,0
46193,1.0,7.5329104e-11,0
46194,1.0,1.4757268e-11,0
46195,1.0,1.808308e-12,0
46196,0.9999999,7.466264e-08,0
46197,1.0,7.3449146e-13,0
46198,1.0,8.046139e-10,0
46199,1.0,4.3295528e-10,0
46200,1.0,1.8204622e-08,0
46201,1.0,1.7814057e-10,0
46202,1.0,2.389309e-11,0
46203,1.0,5.5045585e-10,0
46204,1.0,2.9046262e-12,0
46205,1.0,1.7150958e-11,0
46206,1.0,1.3972555e-13,0
46207,1.0,5.0573516e-13,0
46208,1.0,3.7719716e-09,0
46209,1.0,1.1907707e-11,0
46210,1.0,6.5677466e-13,0
46211,1.0,1.316607e-09,0
46212,1.0,2.6360317e-11,0
46213,1.0,4.014075e-11,0
46214,1.0,3.0046588e-12,0
46215,0.9999951,4.8669513e-06,0
46216,1.0,1.9695575e-11,0
46217,1.0,8.4220825e-12,0
46218,1.0,9.338132e-11,0
46219,1.0,1.2796577e-13,0
46220,1.0,1.0185779e-12,0
46221,1.0,5.630961e-13,0
46222,0.9999925,7.5511857e-06,0
46223,1.0,2.9677354e-11,0
46224,1.0,3.2252996e-12,0
46225,1.0,6.0497328e-12,0
46226,1.0,8.717661e-13,0
46227,1.0,9.735546e-11,0
46228,1.0,1.2898688e-13,0
46229,1.0,3.6428063e-13,0
46230,1.0,1.7759563e-11,0
46231,1.0,7.938667e-14,0
46232,1.0,9.513073e-14,0
46233,1.0,1.0161523e-12,0
46234,1.0,1.981419e-11,0
46235,1.0,8.5248865e-12,0
46236,1.0,3.0533377e-12,0
46237,1.0,2.2944903e-12,0
46238,1.0,2.9008532e-10,0
46239,1.0,2.3488793e-09,0
46240,1.0,1.0202711e-09,0
46241,1.0,1.3579478e-12,0
46242,1.0,1.2447487e-10,0
46243,1.0,6.4332164e-12,0
46244,1.0,2.855455e-10,0
46245,1.0,4.6053557e-11,0
46246,1.0,2.4643465e-10,0
46247,1.0,2.0710607e-09,0
46248,1.0,1.7146246e-11,0
46249,1.0,1.0236555e-08,0
46250,1.0,2.7355277e-12,0
46251,1.0,1.2193113e-11,0
46252,1.0,3.5609515e-10,0
46253,1.0,2.4147349e-12,0
46254,0.9999995,4.793234e-07,0
46255,1.0,1.6330074e-11,0
46256,1.0,1.659369e-11,0
46257,1.0,5.5626233e-12,0
46258,1.0,1.9231779e-10,0
46259,1.0,3.5312708e-11,0
46260,1.0,4.1030608e-12,0
46261,1.0,5.1145104e-12,0
46262,1.0,4.7556935e-13,0
46263,1.0,7.51153e-12,0
46264,1.0,1.9221118e-09,0
46265,1.0,1.1432729e-09,0
46266,1.0,2.4286614e-08,0
46267,1.0,2.7625675e-12,0
46268,1.0,7.665674e-12,0
46269,1.0,4.205128e-10,0
46270,1.0,2.0963963e-10,0
46271,1.0,2.1801067e-10,0
46272,1.0,2.1346756e-10,0
46273,1.0,2.594147e-09,0
46274,1.0,5.6735724e-11,0
46275,1.0,2.0363149e-11,0
46276,1.0,1.1234639e-08,0
46277,1.0,6.9489635e-12,0
46278,1.0,3.3719745e-14,0
46279,1.0,1.3947581e-09,0
46280,1.0,3.6055856e-11,0
46281,1.0,3.5410863e-10,0
46282,1.0,2.4465429e-08,0
46283,1.0,2.8267133e-10,0
46284,1.0,1.4254378e-11,0
46285,1.0,3.026784e-10,0
46286,1.0,4.036099e-08,0
46287,1.0,1.9215994e-12,0
46288,1.0,8.561873e-13,0
46289,1.0,2.744042e-11,0
46290,1.0,1.9536862e-11,0
46291,1.0,2.464786e-12,0
46292,1.0,6.266743e-11,0
46293,0.9999999,1.4121764e-07,0
46294,1.0,1.2802491e-12,0
46295,1.0,9.371851e-12,0
46296,0.9999994,6.426275e-07,0
46297,1.0,4.244255e-11,0
46298,1.0,1.5297799e-10,0
46299,1.0,8.0617535e-12,0
46300,1.0,7.500656e-10,0
46301,1.0,1.0546379e-12,0
46302,1.0,1.7956249e-09,0
46303,1.0,8.933843e-10,0
46304,1.0,1.8110512e-13,0
46305,1.0,3.3668942e-12,0
46306,1.0,1.03386966e-10,0
46307,1.0,1.1367529e-11,0
46308,1.0,3.2081924e-13,0
46309,1.0,3.0627185e-11,0
46310,1.0,2.1028858e-12,0
46311,1.0,5.8332555e-10,0
46312,1.0,6.9137635e-14,0
46313,1.0,5.0718327e-09,0
46314,1.0,1.027386e-11,0
46315,1.0,1.2903525e-11,0
46316,1.0,1.0389568e-12,0
46317,1.0,2.0941142e-10,0
46318,1.0,1.6724603e-11,0
46319,1.0,1.1262176e-10,0
46320,1.0,4.336952e-09,0
46321,1.0,2.9180074e-13,0
46322,1.0,1.1336134e-11,0
46323,1.0,1.3477407e-11,0
46324,1.0,7.03053e-11,0
46325,1.0,1.8624966e-11,0
46326,1.0,3.5426403e-10,0
46327,1.0,2.6410514e-13,0
46328,1.0,1.4151721e-09,0
46329,1.0,5.2980734e-11,0
46330,1.0,1.6390915e-12,0
46331,1.0,6.905889e-12,0
46332,1.0,8.438194e-12,0
46333,1.0,2.7247642e-12,0
46334,1.0,5.2406555e-11,0
46335,1.0,5.395685e-09,0
46336,1.0,3.740448e-13,0
46337,1.0,9.525648e-12,0
46338,1.0,4.8531623e-10,0
46339,1.0,7.615698e-09,0
46340,1.0,5.5776272e-11,0
46341,1.0,9.494155e-13,0
46342,1.0,4.1371212e-11,0
46343,1.0,3.0601143e-11,0
46344,1.0,1.9716388e-12,0
46345,1.0,4.074648e-09,0
46346,1.0,1.0598896e-11,0
46347,1.0,1.8596596e-12,0
46348,1.0,4.5150744e-11,0
46349,1.0,1.1419266e-12,0
46350,1.0,8.181773e-09,0
46351,1.0,1.6247449e-09,0
46352,1.0,8.496641e-12,0
46353,1.0,1.3799369e-13,0
46354,1.0,1.3096929e-11,0
46355,1.0,5.1688428e-11,0
46356,1.0,2.7439268e-11,0
46357,1.0,4.3625756e-11,0
46358,1.0,4.150698e-12,0
46359,1.0,2.2346697e-13,0
46360,1.0,1.0992526e-09,0
46361,1.0,1.8694117e-11,0
46362,1.0,4.3221955e-09,0
46363,0.99999917,7.9516457e-07,0
46364,1.0,2.2080044e-12,0
46365,1.0,2.0969099e-12,0
46366,1.0,9.721054e-11,0
46367,1.0,1.0496135e-11,0
46368,1.0,7.7002314e-11,0
46369,0.9999999,9.199158e-08,0
46370,1.0,7.1647863e-13,0
46371,1.0,2.1745696e-11,0
46372,0.99999976,2.0702211e-07,0
46373,1.0,7.364814e-11,0
46374,1.0,5.7040926e-12,0
46375,1.0,2.7455926e-14,0
46376,1.0,3.7685322e-10,0
46377,1.0,1.8780857e-11,0
46378,1.0,1.0413208e-10,0
46379,1.0,1.648025e-13,0
46380,1.0,1.1650484e-09,0
46381,1.0,2.0856377e-12,0
46382,1.0,8.843291e-11,0
46383,1.0,2.1711441e-13,0
46384,1.0,4.0040346e-11,0
46385,1.0,1.2252158e-12,0
46386,1.0,9.588426e-12,0
46387,1.0,1.3387066e-08,0
46388,1.0,4.0147025e-11,0
46389,1.0,5.6097384e-12,0
46390,1.0,3.9752283e-13,0
46391,1.0,7.505819e-11,0
46392,1.0,4.3202853e-08,0
46393,1.0,8.108143e-11,0
46394,1.0,6.835129e-11,0
46395,1.0,5.143772e-08,0
46396,1.0,2.5397623e-10,0
46397,1.0,3.0307091e-12,0
46398,1.0,3.0558546e-12,0
46399,1.0,1.8861583e-12,0
46400,1.0,1.0076178e-12,0
46401,1.0,8.644901e-10,0
46402,1.0,1.5757563e-10,0
46403,0.9999999,1.16984474e-07,0
46404,1.0,4.7536823e-12,0
46405,1.0,5.594896e-12,0
46406,1.0,3.1851726e-11,0
46407,1.0,6.5145883e-12,0
46408,1.0,4.3018292e-10,0
46409,1.0,6.04601e-11,0
46410,1.0,1.3817181e-08,0
46411,1.0,1.593463e-12,0
46412,1.0,1.0275982e-10,0
46413,1.0,7.847883e-11,0
46414,1.0,4.054323e-12,0
46415,1.0,2.222319e-12,0
46416,1.0,2.3623093e-12,0
46417,1.0,2.4765896e-09,0
46418,1.0,2.296177e-11,0
46419,1.0,4.256521e-11,0
46420,1.0,3.2101297e-11,0
46421,1.0,7.643816e-12,0
46422,1.0,3.9846758e-11,0
46423,1.0,1.4514902e-08,0
46424,1.0,3.5876788e-12,0
46425,1.0,5.219089e-11,0
46426,1.0,1.113317e-11,0
46427,1.0,3.9353415e-10,0
46428,1.0,9.267161e-14,0
46429,1.0,1.2418852e-12,0
46430,1.0,1.7245578e-09,0
46431,1.0,1.2095895e-11,0
46432,1.0,1.1196501e-11,0
46433,1.0,4.814752e-10,0
46434,1.0,3.4386385e-10,0
46435,1.0,3.3501436e-08,0
46436,1.0,7.6206845e-12,0
46437,1.0,3.965904e-10,0
46438,1.0,1.2229494e-11,0
46439,1.0,1.8960114e-13,0
46440,1.0,6.851455e-12,0
46441,1.0,1.0741202e-09,0
46442,1.0,2.455748e-12,0
46443,1.0,1.0369049e-14,0
46444,1.0,2.4355233e-11,0
46445,1.0,4.7318195e-15,0
46446,1.0,2.2565278e-08,0
46447,1.0,4.803247e-11,0
46448,1.0,2.795336e-11,0
46449,1.0,1.3735664e-13,0
46450,1.0,7.779828e-12,0
46451,1.0,3.299159e-09,0
46452,1.0,5.9244235e-11,0
46453,1.0,1.0244717e-12,0
46454,1.0,2.1146706e-12,0
46455,1.0,2.6824233e-12,0
46456,1.0,5.2421726e-12,0
46457,1.0,1.9682517e-10,0
46458,1.0,7.549117e-12,0
46459,1.0,1.1703207e-08,0
46460,1.0,6.730027e-09,0
46461,1.0,4.0790205e-08,0
46462,1.0,4.342895e-13,0
46463,1.0,2.216547e-10,0
46464,1.0,3.8755787e-10,0
46465,1.0,8.7555045e-13,0
46466,1.0,7.296863e-10,0
46467,1.0,1.0985011e-11,0
46468,1.0,2.2393325e-10,0
46469,1.0,1.0699545e-10,0
46470,1.0,1.0224383e-11,0
46471,1.0,2.2417865e-09,0
46472,1.0,5.3882307e-12,0
46473,1.0,1.429395e-13,0
46474,1.0,6.823813e-10,0
46475,1.0,1.4490193e-09,0
46476,1.0,2.006733e-12,0
46477,1.0,7.841801e-09,0
46478,1.0,6.1001044e-11,0
46479,1.0,1.9992014e-10,0
46480,1.0,2.1992618e-12,0
46481,1.0,2.5450806e-11,0
46482,1.0,1.03246404e-11,0
46483,1.0,2.5748959e-10,0
46484,1.0,6.6538307e-12,0
46485,1.0,3.3106737e-14,0
46486,1.0,4.9346824e-12,0
46487,1.0,3.1196082e-10,0
46488,1.0,1.7380944e-12,0
46489,1.0,8.4910934e-10,0
46490,1.0,6.704793e-11,0
46491,1.0,3.5468536e-13,0
46492,1.0,3.8517624e-13,0
46493,1.0,9.80355e-09,0
46494,1.0,1.3435405e-09,0
46495,1.0,3.928978e-12,0
46496,1.0,2.447329e-10,0
46497,1.0,9.622252e-11,0
46498,1.0,2.3117535e-09,0
46499,1.0,7.151227e-10,0
46500,1.0,9.375314e-13,0
46501,1.0,4.1121017e-12,0
46502,1.0,1.5287174e-11,0
46503,1.0,3.006231e-11,0
46504,0.9999999,1.104965e-07,0
46505,1.0,1.2351063e-11,0
46506,1.0,3.348653e-13,0
46507,1.0,3.4855085e-10,0
46508,1.0,1.5213074e-09,0
46509,1.0,3.4842174e-11,0
46510,1.0,9.487325e-10,0
46511,1.0,6.531693e-13,0
46512,1.0,1.6178665e-10,0
46513,1.0,1.240579e-11,0
46514,0.9999881,1.1973819e-05,0
46515,1.0,4.5350654e-10,0
46516,1.0,2.51533e-10,0
46517,1.0,3.48342e-11,0
46518,1.0,3.2902796e-09,0
46519,1.0,2.2464648e-09,0
46520,1.0,2.709746e-11,0
46521,1.0,1.18348656e-11,0
46522,1.0,1.3131799e-11,0
46523,1.0,5.456635e-12,0
46524,1.0,1.6741783e-10,0
46525,1.0,1.3934517e-10,0
46526,1.0,1.004504e-11,0
46527,1.0,6.440586e-11,0
46528,1.0,5.135505e-09,0
46529,1.0,8.0620435e-09,0
46530,1.0,4.0882832e-11,0
46531,1.0,7.569443e-09,0
46532,1.0,7.496983e-13,0
46533,1.0,3.058651e-10,0
46534,1.0,3.9193242e-11,0
46535,1.0,3.7913396e-12,0
46536,1.0,9.17e-10,0
46537,1.0,1.1071817e-08,0
46538,1.0,1.5834421e-10,0
46539,1.0,5.2288937e-11,0
46540,1.0,3.090803e-12,0
46541,1.0,1.6633959e-12,0
46542,1.0,5.6008757e-12,0
46543,1.0,2.9790628e-10,0
46544,1.0,2.5880938e-12,0
46545,1.0,2.9070346e-10,0
46546,1.0,8.994239e-12,0
46547,1.0,1.0849937e-10,0
46548,1.0,1.5189879e-09,0
46549,1.0,1.9647195e-09,0
46550,1.0,1.788812e-09,0
46551,0.9999999,1.590664e-07,0
46552,1.0,9.761474e-13,0
46553,1.0,2.0559462e-10,0
46554,1.0,5.5244136e-11,0
46555,1.0,1.0895653e-12,0
46556,1.0,2.1276527e-09,0
46557,1.0,4.7406415e-13,0
46558,1.0,4.7372995e-12,0
46559,1.0,6.16389e-12,0
46560,1.0,3.2034542e-09,0
46561,1.0,1.1054398e-10,0
46562,1.0,3.222502e-08,0
46563,1.0,1.7756795e-10,0
46564,1.0,1.163002e-08,0
46565,0.9999999,1.2852483e-07,0
46566,1.0,9.521365e-11,0
46567,1.0,5.862649e-09,0
46568,0.9999999,8.9822386e-08,0
46569,1.0,3.6157473e-09,0
46570,1.0,1.5979254e-11,0
46571,1.0,7.631613e-11,0
46572,1.0,8.886724e-12,0
46573,1.0,9.071869e-13,0
46574,1.0,1.1224127e-11,0
46575,1.0,2.736414e-09,0
46576,1.0,2.8747235e-10,0
46577,1.0,1.2836082e-09,0
46578,1.0,9.000671e-13,0
46579,1.0,3.5140086e-08,0
46580,1.0,6.58312e-10,0
46581,1.0,7.4398896e-13,0
46582,1.0,7.0613064e-11,0
46583,1.0,3.9193375e-12,0
46584,1.0,7.677006e-10,0
46585,1.0,1.4753948e-11,0
46586,1.0,1.1097642e-10,0
46587,1.0,4.745513e-11,0
46588,1.0,1.0548848e-09,0
46589,1.0,7.406847e-12,0
46590,1.0,6.94965e-13,0
46591,1.0,2.2821625e-10,0
46592,0.9999999,1.0361966e-07,0
46593,1.0,1.3437391e-11,0
46594,1.0,1.2463914e-12,0
46595,1.0,5.102329e-09,0
46596,1.0,2.7073375e-08,0
46597,1.0,4.235644e-14,0
46598,1.0,2.1389481e-09,0
46599,1.0,6.7697345e-12,0
46600,0.9999999,8.399127e-08,0
46601,0.9999999,1.5980079e-07,0
46602,0.9999999,1.7610068e-07,0
46603,0.9999999,1.245918e-07,0
46604,0.99999976,1.94824e-07,0
46605,1.0,3.5507937e-09,0
46606,1.0,7.1830786e-10,0
46607,1.0,3.5589992e-12,0
46608,1.0,7.777073e-11,0
46609,1.0,2.7900293e-12,0
46610,1.0,3.5423287e-14,0
46611,1.0,1.3904847e-12,0
46612,1.0,1.8830122e-09,0
46613,1.0,5.5222385e-13,0
46614,1.0,2.682398e-12,0
46615,1.0,8.348106e-10,0
46616,1.0,1.9603143e-12,0
46617,1.0,6.9267326e-12,0
46618,1.0,3.153697e-10,0
46619,1.0,8.148135e-09,0
46620,1.0,1.6978823e-13,0
46621,1.0,9.266972e-13,0
46622,1.0,4.5589849e-10,0
46623,1.0,4.406281e-10,0
46624,1.0,1.1027458e-11,0
46625,1.0,1.6380127e-09,0
46626,1.0,3.086918e-10,0
46627,1.0,3.61417e-08,0
46628,1.0,5.403056e-10,0
46629,1.0,1.4358294e-10,0
46630,1.0,1.7774246e-10,0
46631,1.0,7.146918e-10,0
46632,1.0,2.2657818e-09,0
46633,1.0,2.2391701e-10,0
46634,1.0,1.5591406e-13,0
46635,1.0,9.491561e-10,0
46636,1.0,2.2811158e-12,0
46637,1.0,1.4931395e-11,0
46638,1.0,4.238629e-09,0
46639,1.0,2.7968827e-11,0
46640,1.0,1.012797e-12,0
46641,1.0,1.1397968e-11,0
46642,1.0,7.592811e-09,0
46643,1.0,2.4005347e-13,0
46644,1.0,1.872537e-12,0
46645,1.0,3.140415e-09,0
46646,1.0,3.6617905e-12,0
46647,1.0,5.488325e-08,0
46648,1.0,4.4890666e-10,0
46649,1.0,5.5004024e-10,0
46650,1.0,6.2651945e-13,0
46651,1.0,1.04901465e-08,0
46652,1.0,3.865872e-09,0
46653,1.0,2.5152436e-10,0
46654,1.0,8.858884e-12,0
46655,1.0,1.6375236e-11,0
46656,1.0,8.175396e-12,0
46657,1.0,1.6297566e-10,0
46658,1.0,1.4451972e-12,0
46659,1.0,4.0514182e-11,0
46660,1.0,6.937495e-12,0
46661,1.0,1.550119e-11,0
46662,1.0,1.651959e-09,0
46663,1.0,2.7432646e-13,0
46664,1.0,7.451707e-09,0
46665,1.0,6.2572386e-10,0
46666,1.0,2.4888032e-12,0
46667,1.0,2.1621416e-11,0
46668,1.0,6.553347e-12,0
46669,1.0,2.930426e-11,0
46670,1.0,3.9872924e-14,0
46671,1.0,1.2112211e-12,0
46672,1.0,1.457887e-10,0
46673,1.0,1.1141025e-08,0
46674,1.0,5.56598e-11,0
46675,1.0,1.788187e-10,0
46676,1.0,1.8864039e-11,0
46677,1.0,6.4736356e-13,0
46678,1.0,6.112004e-12,0
46679,1.0,1.0968566e-09,0
46680,1.0,5.7584165e-10,0
46681,1.0,2.1870756e-09,0
46682,1.0,4.480023e-11,0
46683,1.0,1.1060282e-10,0
46684,1.0,1.0737575e-13,0
46685,1.0,1.2360402e-10,0
46686,1.0,8.096584e-11,0
46687,1.0,1.4426277e-08,0
46688,1.0,8.461632e-11,0
46689,1.0,1.3019731e-09,0
46690,1.0,1.3933162e-10,0
46691,1.0,5.4658483e-10,0
46692,1.0,1.744166e-11,0
46693,1.0,1.2333742e-10,0
46694,1.0,5.1948414e-09,0
46695,1.0,2.500735e-10,0
46696,1.0,7.7682705e-10,0
46697,1.0,6.1579386e-10,0
46698,1.0,1.8822994e-11,0
46699,1.0,5.783188e-08,0
46700,1.0,3.0642244e-12,0
46701,1.0,8.932843e-09,0
46702,1.0,4.2340548e-13,0
46703,1.0,2.0033763e-11,0
46704,1.0,1.001296e-11,0
46705,1.0,1.0011438e-10,0
46706,1.0,3.2426517e-08,0
46707,1.0,1.6777702e-11,0
46708,1.0,1.1133728e-10,0
46709,1.0,1.872121e-10,0
46710,1.0,2.450904e-09,0
46711,1.0,1.8534474e-13,0
46712,1.0,4.035323e-11,0
46713,0.99999857,1.4766183e-06,0
46714,1.0,8.7297865e-14,0
46715,0.9999994,5.653844e-07,0
46716,1.0,2.8065229e-11,0
46717,0.9999906,9.422065e-06,0
46718,0.9999999,1.7308766e-07,0
46719,0.999998,1.9800825e-06,0
46720,1.0,6.902805e-09,0
46721,1.0,2.3677214e-13,0
46722,1.0,1.0261533e-09,0
46723,1.0,1.9770786e-10,0
46724,1.0,1.3528563e-10,0
46725,1.0,3.4726768e-09,0
46726,1.0,5.177753e-11,0
46727,1.0,3.2562075e-11,0
46728,1.0,8.388223e-12,0
46729,1.0,1.4504632e-12,0
46730,1.0,2.1554895e-13,0
46731,1.0,5.763889e-10,0
46732,1.0,1.2094431e-09,0
46733,1.0,1.1252458e-12,0
46734,1.0,8.8502466e-10,0
46735,1.0,1.349993e-13,0
46736,0.9999995,4.4496537e-07,0
46737,1.0,4.50568e-11,0
46738,1.0,4.8094336e-08,0
46739,1.0,6.995238e-13,0
46740,1.0,3.2261995e-11,0
46741,1.0,4.572483e-10,0
46742,1.0,1.077439e-11,0
46743,1.0,1.0400087e-10,0
46744,1.0,4.132403e-12,0
46745,1.0,1.0339381e-11,0
46746,1.0,2.1532258e-09,0
46747,1.0,4.4484756e-11,0
46748,1.0,6.8359285e-10,0
46749,1.0,1.2130337e-12,0
46750,1.0,2.5606887e-13,0
46751,1.0,1.4973625e-12,0
46752,1.0,1.4127165e-11,0
46753,1.0,5.4043846e-14,0
46754,1.0,8.6240547e-13,0
46755,1.0,2.2350172e-11,0
46756,1.0,1.2322496e-11,0
46757,1.0,1.6613958e-11,0
46758,0.9999987,1.3510651e-06,0
46759,1.0,2.122841e-09,0
46760,1.0,4.7612657e-13,0
46761,1.0,1.4380864e-12,0
46762,1.0,8.34059e-11,0
46763,1.0,7.090427e-12,0
46764,1.0,8.303313e-09,0
46765,1.0,4.883472e-13,0
46766,1.0,3.0665615e-13,0
46767,1.0,2.387257e-09,0
46768,1.0,2.8581998e-11,0
46769,1.0,1.6273802e-10,0
46770,1.0,1.9281896e-12,0
46771,1.0,6.2363065e-13,0
46772,1.0,6.8394397e-09,0
46773,1.0,2.836328e-09,0
46774,1.0,2.4135563e-08,0
46775,0.9999993,7.072408e-07,0
46776,1.0,1.1456068e-12,0
46777,1.0,1.0564515e-09,0
46778,1.0,9.90351e-10,0
46779,1.0,1.2684962e-13,0
46780,1.0,7.9736235e-12,0
46781,1.0,1.8473207e-13,0
46782,1.0,4.5293036e-12,0
46783,1.0,9.182041e-10,0
46784,1.0,3.6976957e-09,0
46785,1.0,5.5789946e-09,0
46786,0.99999964,4.0852615e-07,0
46787,1.0,1.707528e-09,0
46788,1.0,1.1971745e-11,0
46789,1.0,3.4230596e-09,0
46790,1.0,1.8574075e-13,0
46791,1.0,7.320753e-11,0
46792,0.9999988,1.1950863e-06,0
46793,1.0,4.674717e-13,0
46794,1.0,1.00448726e-10,0
46795,1.0,5.9509897e-12,0
46796,1.0,9.244874e-12,0
46797,1.0,1.9891512e-11,0
46798,1.0,1.4111014e-10,0
46799,1.0,1.3624218e-10,0
46800,1.0,2.1390692e-14,0
46801,1.0,5.386581e-14,0
46802,1.0,8.71538e-10,0
46803,1.0,9.315797e-09,0
46804,1.0,1.8162982e-10,0
46805,1.0,9.45614e-11,0
46806,1.0,2.0995043e-11,0
46807,1.0,1.2395518e-12,0
46808,1.0,2.106374e-12,0
46809,1.0,1.3727559e-11,0
46810,1.0,2.1148914e-13,0
46811,1.0,4.819302e-13,0
46812,1.0,1.2300663e-10,0
46813,1.0,2.8977123e-10,0
46814,1.0,1.3327005e-10,0
46815,1.0,8.198581e-09,0
46816,1.0,2.3482152e-10,0
46817,1.0,9.382081e-12,0
46818,1.0,6.4823835e-13,0
46819,1.0,5.8142803e-11,0
46820,1.0,7.578305e-11,0
46821,1.0,1.1361957e-11,0
46822,1.0,4.240984e-12,0
46823,1.0,4.465897e-10,0
46824,1.0,3.0861893e-09,0
46825,1.0,2.3817651e-11,0
46826,1.0,1.659408e-10,0
46827,1.0,1.2655288e-09,0
46828,1.0,6.666032e-10,0
46829,1.0,3.6996374e-12,0
46830,1.0,9.83575e-12,0
46831,1.0,1.8314019e-11,0
46832,1.0,1.8304563e-10,0
46833,1.0,4.0974437e-13,0
46834,1.0,1.0527789e-08,0
46835,1.0,1.8861458e-10,0
46836,1.0,6.288634e-10,0
46837,1.0,1.1399807e-09,0
46838,1.0,2.0979891e-09,0
46839,0.99999917,8.210711e-07,0
46840,0.9999995,4.753293e-07,0
46841,1.0,1.9769616e-10,0
46842,1.0,3.687597e-12,0
46843,1.0,5.960848e-09,0
46844,1.0,6.9562235e-14,0
46845,1.0,1.2406726e-09,0
46846,1.0,7.705932e-11,0
46847,1.0,3.5405557e-12,0
46848,1.0,2.0531325e-10,0
46849,1.0,9.252036e-12,0
46850,1.0,1.6300503e-12,0
46851,1.0,1.1167958e-12,0
46852,1.0,2.038952e-09,0
46853,1.0,1.9617357e-12,0
46854,1.0,1.6977643e-11,0
46855,1.0,4.211258e-11,0
46856,1.0,3.6255842e-11,0
46857,1.0,1.9723018e-11,0
46858,1.0,1.3609544e-10,0
46859,1.0,9.862619e-11,0
46860,1.0,4.250479e-10,0
46861,0.9999999,6.2750765e-08,0
46862,1.0,1.8605739e-13,0
46863,1.0,7.570559e-12,0
46864,1.0,3.9665187e-13,0
46865,1.0,2.0656973e-11,0
46866,1.0,6.80435e-12,0
46867,1.0,6.276737e-13,0
46868,1.0,1.1967283e-09,0
46869,1.0,4.1858685e-09,0
46870,1.0,1.2581063e-13,0
46871,1.0,3.55371e-11,0
46872,1.0,6.035269e-12,0
46873,1.0,7.3453177e-10,0
46874,1.0,5.2273953e-12,0
46875,1.0,5.4252138e-11,0
46876,1.0,7.485638e-13,0
46877,1.0,1.2226695e-11,0
46878,1.0,1.707086e-08,0
46879,1.0,2.7474907e-09,0
46880,1.0,1.3271585e-13,0
46881,1.0,3.0515315e-13,0
46882,1.0,2.8972705e-10,0
46883,1.0,4.9934414e-12,0
46884,1.0,1.399544e-09,0
46885,1.0,4.2198174e-09,0
46886,1.0,6.0463357e-10,0
46887,1.0,1.6648798e-10,0
46888,1.0,1.9539832e-12,0
46889,1.0,3.130355e-10,0
46890,1.0,5.7418935e-12,0
46891,1.0,2.198416e-11,0
46892,1.0,2.337916e-12,0
46893,1.0,2.5250146e-11,0
46894,1.0,6.4981453e-12,0
46895,1.0,5.9079573e-12,0
46896,1.0,5.2121432e-12,0
46897,1.0,6.863557e-11,0
46898,1.0,4.3200786e-12,0
46899,1.0,7.1906037e-10,0
46900,1.0,3.989478e-13,0
46901,1.0,2.251185e-11,0
46902,1.0,8.664834e-12,0
46903,1.0,1.3337932e-11,0
46904,1.0,1.02169995e-10,0
46905,1.0,8.387804e-13,0
46906,1.0,8.322894e-13,0
46907,1.0,2.0518641e-10,0
46908,1.0,5.0550425e-11,0
46909,1.0,3.2065973e-12,0
46910,1.0,5.84072e-12,0
46911,1.0,1.979924e-10,0
46912,1.0,7.5142274e-11,0
46913,1.0,5.2228135e-11,0
46914,1.0,3.462635e-10,0
46915,1.0,1.2107822e-12,0
46916,1.0,7.9613714e-13,0
46917,1.0,2.2945428e-12,0
46918,1.0,3.2537965e-12,0
46919,1.0,3.4711207e-09,0
46920,1.0,1.0425589e-10,0
46921,1.0,1.32577335e-11,0
46922,1.0,1.8826414e-10,0
46923,0.9999999,7.849032e-08,0
46924,1.0,4.2798898e-09,0
46925,1.0,7.313946e-10,0
46926,1.0,8.911795e-12,0
46927,1.0,4.5220466e-11,0
46928,1.0,1.669669e-10,0
46929,1.0,4.744244e-12,0
46930,1.0,9.778879e-13,0
46931,1.0,1.9039534e-11,0
46932,1.0,9.867285e-11,0
46933,0.99999917,8.7200084e-07,0
46934,1.0,1.119436e-12,0
46935,1.0,2.0416661e-11,0
46936,1.0,1.3521996e-12,0
46937,1.0,6.99153e-13,0
46938,1.0,1.06405905e-13,0
46939,1.0,2.2065602e-12,0
46940,1.0,1.3300428e-12,0
46941,1.0,3.7325035e-12,0
46942,1.0,1.3886931e-12,0
46943,1.0,2.1629707e-11,0
46944,1.0,7.670738e-11,0
46945,1.0,3.2583665e-09,0
46946,1.0,9.920951e-12,0
46947,1.0,3.6000794e-12,0
46948,1.0,3.0457065e-12,0
46949,1.0,2.660163e-12,0
46950,1.0,1.7534614e-12,0
46951,1.0,4.62916e-11,0
46952,1.0,2.4321684e-10,0
46953,1.0,3.6903924e-11,0
46954,1.0,3.805977e-11,0
46955,1.0,8.268748e-09,0
46956,1.0,6.021428e-11,0
46957,1.0,5.165413e-11,0
46958,1.0,2.7886382e-10,0
46959,1.0,3.2359876e-10,0
46960,1.0,8.8691393e-10,0
46961,1.0,8.516164e-11,0
46962,1.0,1.3372314e-12,0
46963,1.0,1.7157911e-09,0
46964,1.0,5.2048486e-13,0
46965,1.0,3.6309098e-09,0
46966,1.0,1.1430788e-13,0
46967,1.0,1.4564716e-11,0
46968,1.0,1.07853344e-10,0
46969,1.0,1.2481104e-10,0
46970,1.0,8.258882e-09,0
46971,1.0,8.1450804e-11,0
46972,1.0,2.1215085e-10,0
46973,0.99999976,2.939985e-07,0
46974,1.0,8.17012e-10,0
46975,1.0,1.0238838e-12,0
46976,1.0,1.3215325e-10,0
46977,1.0,7.9043405e-10,0
46978,1.0,3.8190043e-13,0
46979,1.0,9.334881e-13,0
46980,1.0,5.4788335e-10,0
46981,1.0,1.2640157e-10,0
46982,1.0,2.4709568e-12,0
46983,1.0,8.8069905e-13,0
46984,1.0,2.7993299e-09,0
46985,1.0,3.895535e-11,0
46986,1.0,1.1886926e-10,0
46987,1.0,9.458196e-11,0
46988,1.0,1.5255132e-11,0
46989,1.0,1.2811926e-11,0
46990,1.0,1.6769513e-11,0
46991,1.0,8.0948307e-13,0
46992,1.0,5.185296e-10,0
46993,1.0,2.1127557e-12,0
46994,1.0,1.8014016e-09,0
46995,1.0,2.1831796e-12,0
46996,1.0,1.0026468e-12,0
46997,1.0,1.392136e-11,0
46998,1.0,9.578748e-10,0
46999,1.0,5.051062e-11,0
47000,1.0,5.655996e-10,0
47001,1.0,2.0632678e-11,0
47002,1.0,3.9548434e-11,0
47003,1.0,4.4070978e-13,0
47004,1.0,1.0378186e-11,0
47005,1.0,4.5260372e-13,0
47006,1.0,4.0276315e-12,0
47007,1.0,5.119571e-10,0
47008,1.0,1.1870924e-11,0
47009,1.0,8.8626323e-13,0
47010,1.0,7.768644e-13,0
47011,1.0,1.0599219e-11,0
47012,1.0,2.8550927e-12,0
47013,1.0,5.981139e-10,0
47014,1.0,8.150947e-13,0
47015,1.0,6.327049e-14,0
47016,1.0,7.2219205e-12,0
47017,1.0,1.493863e-11,0
47018,1.0,7.2086337e-10,0
47019,1.0,4.571823e-09,0
47020,1.0,2.1509238e-12,0
47021,1.0,2.7045347e-12,0
47022,1.0,3.1169256e-10,0
47023,1.0,3.1380378e-13,0
47024,1.0,1.3444064e-10,0
47025,1.0,1.0691034e-11,0
47026,0.99999726,2.690854e-06,0
47027,1.0,1.6821922e-11,0
47028,1.0,2.2978876e-13,0
47029,1.0,5.411342e-12,0
47030,1.0,2.186598e-11,0
47031,1.0,1.6364256e-10,0
47032,1.0,8.7461e-11,0
47033,1.0,3.5809092e-13,0
47034,1.0,1.6096926e-12,0
47035,1.0,4.880481e-14,0
47036,1.0,1.5671786e-13,0
47037,1.0,1.9199726e-12,0
47038,1.0,6.2087865e-12,0
47039,1.0,1.1276829e-11,0
47040,1.0,2.2543563e-11,0
47041,1.0,1.1547769e-12,0
47042,1.0,1.15545394e-11,0
47043,1.0,5.0980646e-14,0
47044,1.0,8.674004e-10,0
47045,1.0,2.9024656e-09,0
47046,1.0,8.249809e-10,0
47047,1.0,9.43341e-10,0
47048,1.0,5.318142e-14,0
47049,1.0,6.1958185e-09,0
47050,1.0,3.4192371e-12,0
47051,1.0,1.1640404e-12,0
47052,1.0,6.298753e-10,0
47053,1.0,7.292797e-11,0
47054,1.0,3.428628e-12,0
47055,1.0,8.430163e-09,0
47056,1.0,1.520348e-12,0
47057,1.0,6.9450153e-12,0
47058,1.0,8.35835e-14,0
47059,1.0,3.788609e-11,0
47060,1.0,1.2287291e-11,0
47061,1.0,3.4220147e-13,0
47062,1.0,2.5329145e-08,0
47063,1.0,4.0087343e-11,0
47064,1.0,1.830438e-11,0
47065,1.0,2.9590182e-12,0
47066,1.0,1.0621237e-11,0
47067,1.0,6.0680727e-12,0
47068,1.0,1.9295848e-11,0
47069,1.0,3.998166e-11,0
47070,1.0,2.0683556e-10,0
47071,1.0,2.393881e-10,0
47072,1.0,7.49773e-12,0
47073,1.0,1.3733975e-11,0
47074,1.0,2.0651576e-11,0
47075,1.0,1.8008683e-10,0
47076,1.0,7.3532236e-10,0
47077,1.0,3.9834235e-14,0
47078,1.0,1.02835e-12,0
47079,1.0,4.4798887e-10,0
47080,1.0,9.351597e-13,0
47081,1.0,4.972831e-10,0
47082,1.0,3.988398e-09,0
47083,1.0,9.831671e-10,0
47084,1.0,5.857015e-13,0
47085,0.9999999,8.830021e-08,0
47086,1.0,1.444814e-12,0
47087,1.0,4.1112336e-11,0
47088,1.0,1.6343934e-08,0
47089,1.0,1.0839609e-11,0
47090,1.0,2.249467e-12,0
47091,1.0,7.492163e-10,0
47092,1.0,1.4698398e-10,0
47093,1.0,1.716886e-11,0
47094,1.0,1.9228479e-10,0
47095,1.0,1.8751459e-12,0
47096,1.0,3.3813811e-12,0
47097,1.0,6.3678374e-10,0
47098,1.0,3.967599e-10,0
47099,1.0,1.9050061e-08,0
47100,1.0,6.0075733e-10,0
47101,1.0,3.0109265e-10,0
47102,1.0,1.924453e-12,0
47103,1.0,3.1832717e-11,0
47104,1.0,4.930768e-12,0
47105,1.0,4.924471e-12,0
47106,1.0,8.0095965e-12,0
47107,1.0,4.085262e-13,0
47108,1.0,2.566078e-12,0
47109,1.0,2.3584132e-10,0
47110,1.0,3.5587703e-11,0
47111,1.0,3.4729346e-13,0
47112,1.0,1.2505392e-09,0
47113,1.0,1.2772302e-11,0
47114,1.0,1.0183769e-10,0
47115,1.0,5.6207084e-11,0
47116,1.0,7.729297e-10,0
47117,1.0,6.749445e-11,0
47118,1.0,1.4364812e-10,0
47119,1.0,6.103837e-12,0
47120,1.0,7.037799e-12,0
47121,1.0,8.447538e-11,0
47122,1.0,3.1164724e-11,0
47123,1.0,1.4127981e-10,0
47124,1.0,3.0619417e-11,0
47125,1.0,1.522396e-09,0
47126,1.0,1.5540363e-10,0
47127,1.0,3.6828918e-10,0
47128,1.0,3.6325396e-08,0
47129,1.0,1.01153946e-10,0
47130,1.0,2.7335918e-09,0
47131,1.0,1.3639078e-08,0
47132,1.0,3.9362574e-10,0
47133,1.0,1.9185177e-10,0
47134,0.99999845,1.524792e-06,0
47135,1.0,2.1625852e-09,0
47136,1.0,1.7876286e-09,0
47137,1.0,4.2661197e-11,0
47138,1.0,3.5343773e-11,0
47139,1.0,2.7794384e-12,0
47140,1.0,2.8815181e-11,0
47141,1.0,8.720751e-10,0
47142,1.0,1.2771943e-10,0
47143,1.0,2.7609708e-09,0
47144,1.0,3.853738e-10,0
47145,1.0,4.933433e-11,0
47146,1.0,1.1948688e-10,0
47147,1.0,3.8760405e-12,0
47148,1.0,4.0647216e-12,0
47149,1.0,1.5888143e-11,0
47150,1.0,5.004196e-12,0
47151,1.0,6.856073e-11,0
47152,1.0,9.0058397e-13,0
47153,1.0,6.764697e-13,0
47154,1.0,2.6452978e-12,0
47155,1.0,8.604463e-11,0
47156,1.0,1.2997642e-10,0
47157,1.0,1.2636891e-08,0
47158,1.0,2.032264e-11,0
47159,1.0,1.8301832e-11,0
47160,1.0,2.0748306e-11,0
47161,1.0,1.9102645e-11,0
47162,1.0,2.1891651e-14,0
47163,1.0,1.0291231e-12,0
47164,1.0,1.3431786e-10,0
47165,1.0,3.644363e-09,0
47166,1.0,2.0860445e-11,0
47167,1.0,4.0779873e-11,0
47168,1.0,2.5553595e-10,0
47169,1.0,5.0265257e-11,0
47170,1.0,2.8186817e-13,0
47171,1.0,7.516524e-10,0
47172,1.0,2.9325187e-10,0
47173,1.0,1.5570821e-08,0
47174,1.0,4.7650004e-09,0
47175,0.99999964,3.7774709e-07,0
47176,1.0,3.8953712e-11,0
47177,1.0,1.073234e-12,0
47178,1.0,1.18606045e-11,0
47179,1.0,1.3951265e-11,0
47180,1.0,4.8338677e-12,0
47181,1.0,2.9982844e-10,0
47182,1.0,7.493027e-12,0
47183,1.0,1.4918038e-08,0
47184,1.0,8.573872e-12,0
47185,1.0,9.81027e-12,0
47186,1.0,5.1025552e-08,0
47187,1.0,7.696714e-09,0
47188,1.0,1.3840697e-10,0
47189,1.0,7.9926386e-09,0
47190,1.0,1.3116792e-09,0
47191,1.0,9.997932e-10,0
47192,1.0,8.723475e-11,0
47193,1.0,1.8991125e-10,0
47194,1.0,1.0354e-12,0
47195,1.0,1.1059996e-12,0
47196,1.0,7.960616e-12,0
47197,1.0,6.1774044e-11,0
47198,1.0,2.277184e-10,0
47199,1.0,1.9603303e-11,0
47200,1.0,8.6918764e-13,0
47201,1.0,7.891881e-14,0
47202,0.99999964,3.2370966e-07,0
47203,1.0,1.4793583e-09,0
47204,1.0,3.791819e-11,0
47205,1.0,2.0215473e-11,0
47206,1.0,3.0240027e-10,0
47207,1.0,3.3664082e-11,0
47208,1.0,2.0744281e-10,0
47209,1.0,1.995421e-11,0
47210,1.0,9.27539e-09,0
47211,1.0,3.019124e-12,0
47212,1.0,5.5293023e-12,0
47213,1.0,2.315982e-12,0
47214,1.0,7.897293e-09,0
47215,1.0,1.2164995e-09,0
47216,1.0,9.791244e-11,0
47217,1.0,1.7891259e-13,0
47218,1.0,5.085852e-12,0
47219,1.0,5.5845807e-14,0
47220,1.0,1.8716594e-11,0
47221,1.0,1.3615112e-12,0
47222,1.0,1.0144028e-10,0
47223,1.0,2.5327546e-12,0
47224,1.0,1.849614e-11,0
47225,1.0,2.276705e-11,0
47226,1.0,1.9346909e-09,0
47227,1.0,7.2591538e-12,0
47228,1.0,4.0458795e-12,0
47229,1.0,4.9340917e-11,0
47230,1.0,3.983783e-09,0
47231,1.0,1.831261e-12,0
47232,1.0,1.03093346e-14,0
47233,1.0,2.1983244e-14,0
47234,1.0,4.6646016e-12,0
47235,1.0,4.3555645e-12,0
47236,1.0,4.1859025e-12,0
47237,1.0,1.796777e-08,0
47238,1.0,1.11339766e-11,0
47239,1.0,3.157829e-12,0
47240,1.0,8.895279e-14,0
47241,1.0,2.002322e-11,0
47242,1.0,4.3775814e-10,0
47243,1.0,1.4688946e-11,0
47244,1.0,1.1329222e-10,0
47245,1.0,2.30364e-10,0
47246,1.0,1.0784783e-13,0
47247,1.0,4.1142983e-12,0
47248,1.0,1.9540626e-11,0
47249,1.0,3.9368128e-10,0
47250,1.0,2.4886349e-10,0
47251,0.9999933,6.6368666e-06,0
47252,1.0,1.5787068e-11,0
47253,1.0,1.9813944e-13,0
47254,1.0,5.8026444e-12,0
47255,1.0,2.1231374e-12,0
47256,1.0,5.105092e-13,0
47257,1.0,5.3549252e-11,0
47258,1.0,3.9803177e-10,0
47259,1.0,9.729717e-11,0
47260,1.0,1.6821337e-12,0
47261,1.0,6.8937026e-12,0
47262,1.0,1.8537685e-10,0
47263,0.9999995,5.0494714e-07,0
47264,1.0,2.3612657e-11,0
47265,1.0,2.0696292e-11,0
47266,1.0,2.0039925e-10,0
47267,1.0,1.463852e-11,0
47268,1.0,6.222874e-11,0
47269,1.0,1.3927204e-11,0
47270,1.0,3.3748593e-09,0
47271,0.9999999,6.1028594e-08,0
47272,1.0,4.987069e-10,0
47273,1.0,2.2115736e-09,0
47274,1.0,3.4524545e-09,0
47275,1.0,6.280944e-12,0
47276,1.0,1.5275078e-11,0
47277,1.0,1.0840637e-12,0
47278,1.0,2.6639653e-09,0
47279,1.0,5.8679546e-12,0
47280,1.0,8.4758745e-12,0
47281,1.0,1.2320469e-12,0
47282,1.0,3.7439257e-12,0
47283,0.99999774,2.22495e-06,0
47284,1.0,2.3977708e-13,0
47285,1.0,2.1780876e-13,0
47286,1.0,8.8021495e-14,0
47287,1.0,2.5306264e-11,0
47288,1.0,1.3575918e-10,0
47289,1.0,1.3883501e-10,0
47290,1.0,9.503235e-12,0
47291,1.0,1.1106228e-12,0
47292,1.0,1.9696207e-08,0
47293,1.0,1.1911919e-13,0
47294,1.0,2.7863172e-12,0
47295,1.0,2.88553e-13,0
47296,1.0,3.0898719e-12,0
47297,1.0,9.310068e-11,0
47298,1.0,4.2885556e-11,0
47299,1.0,1.11738665e-11,0
47300,1.0,1.529655e-13,0
47301,0.9999999,1.6854409e-07,0
47302,1.0,4.504045e-12,0
47303,1.0,3.7520344e-11,0
47304,0.99999356,6.4677047e-06,0
47305,1.0,7.1037276e-10,0
47306,1.0,2.3235382e-13,0
47307,1.0,7.635908e-11,0
47308,1.0,3.655779e-10,0
47309,1.0,7.891712e-11,0
47310,1.0,6.8292843e-13,0
47311,1.0,4.2296258e-12,0
47312,1.0,1.3054531e-11,0
47313,1.0,6.2314887e-10,0
47314,1.0,4.6419695e-12,0
47315,1.0,4.956388e-08,0
47316,1.0,1.2167592e-13,0
47317,1.0,3.7479248e-13,0
47318,1.0,2.6394842e-10,0
47319,0.9999999,1.452125e-07,0
47320,1.0,2.030838e-11,0
47321,1.0,2.2661491e-13,0
47322,1.0,1.2686863e-11,0
47323,1.0,1.785658e-10,0
47324,1.0,3.138397e-13,0
47325,1.0,2.884072e-13,0
47326,1.0,2.0948931e-10,0
47327,1.0,4.122387e-13,0
47328,1.0,1.2583764e-11,0
47329,1.0,2.0259545e-12,0
47330,1.0,2.2533878e-12,0
47331,1.0,1.146485e-13,0
47332,1.0,3.551592e-13,0
47333,1.0,5.0976953e-14,0
47334,1.0,4.1843579e-10,0
47335,1.0,5.085604e-14,0
47336,1.0,1.8254627e-11,0
47337,1.0,7.803611e-11,0
47338,1.0,7.0615375e-14,0
47339,1.0,1.8915913e-12,0
47340,1.0,3.691056e-14,0
47341,1.0,4.4126974e-14,0
47342,1.0,2.771179e-13,0
47343,1.0,6.4497846e-10,0
47344,1.0,5.5627875e-10,0
47345,1.0,1.9985094e-08,0
47346,0.9999999,1.0819718e-07,0
47347,1.0,8.68715e-10,0
47348,1.0,2.9051167e-10,0
47349,1.0,9.533019e-10,0
47350,0.9999993,7.682131e-07,0
47351,1.0,8.465337e-09,0
47352,1.0,1.276628e-12,0
47353,1.0,2.1846772e-10,0
47354,1.0,4.5453707e-10,0
47355,1.0,6.5853045e-10,0
47356,1.0,5.149617e-10,0
47357,1.0,1.8409253e-10,0
47358,1.0,5.388706e-11,0
47359,1.0,1.4283343e-10,0
47360,1.0,3.0343579e-09,0
47361,1.0,8.879503e-09,0
47362,1.0,2.4982605e-10,0
47363,1.0,5.7910243e-12,0
47364,1.0,5.1748454e-09,0
47365,1.0,4.0321653e-09,0
47366,1.0,1.0564135e-12,0
47367,1.0,6.863301e-13,0
47368,1.0,7.153154e-09,0
47369,1.0,1.9453146e-09,0
47370,1.0,2.913147e-13,0
47371,1.0,1.1119006e-09,0
47372,1.0,5.813875e-13,0
47373,1.0,4.8811935e-12,0
47374,1.0,6.556826e-11,0
47375,1.0,3.315015e-10,0
47376,1.0,9.960289e-09,0
47377,1.0,3.7745607e-10,0
47378,1.0,9.6348506e-11,0
47379,1.0,7.454236e-13,0
47380,1.0,1.5153915e-12,0
47381,1.0,1.9907054e-13,0
47382,1.0,6.841253e-13,0
47383,1.0,2.1496615e-11,0
47384,1.0,1.6696417e-12,0
47385,1.0,1.7311383e-10,0
47386,1.0,6.7730604e-10,0
47387,1.0,1.9173095e-11,0
47388,1.0,1.9850105e-13,0
47389,1.0,1.5070794e-11,0
47390,1.0,2.4248577e-11,0
47391,1.0,5.919914e-12,0
47392,1.0,1.9913093e-13,0
47393,1.0,7.3645005e-12,0
47394,1.0,2.2034628e-10,0
47395,1.0,2.7188213e-11,0
47396,1.0,5.4605495e-12,0
47397,1.0,1.1331616e-11,0
47398,1.0,3.9312753e-10,0
47399,1.0,7.134223e-14,0
47400,1.0,3.4510797e-12,0
47401,1.0,1.0304936e-13,0
47402,1.0,6.7402523e-13,0
47403,1.0,3.633532e-11,0
47404,1.0,1.3686968e-13,0
47405,1.0,3.712582e-11,0
47406,1.0,2.3195896e-12,0
47407,1.0,7.857494e-12,0
47408,1.0,6.418719e-15,0
47409,1.0,1.6600174e-08,0
47410,1.0,3.297512e-12,0
47411,1.0,5.497185e-13,0
47412,1.0,7.952053e-13,0
47413,1.0,5.1634014e-12,0
47414,1.0,1.3804798e-12,0
47415,1.0,1.6783318e-13,0
47416,1.0,1.0462681e-10,0
47417,1.0,2.146866e-12,0
47418,1.0,2.8672311e-11,0
47419,1.0,1.5522529e-10,0
47420,1.0,5.563236e-13,0
47421,1.0,9.343156e-11,0
47422,1.0,1.0926459e-11,0
47423,1.0,2.0246333e-12,0
47424,1.0,5.1568116e-10,0
47425,1.0,2.6196406e-12,0
47426,1.0,3.8889128e-11,0
47427,1.0,1.9893116e-10,0
47428,1.0,6.582137e-11,0
47429,1.0,3.314386e-08,0
47430,1.0,2.8394411e-12,0
47431,1.0,2.452724e-12,0
47432,1.0,3.7418145e-11,0
47433,1.0,1.787447e-10,0
47434,1.0,1.7524883e-12,0
47435,1.0,2.43157e-10,0
47436,1.0,2.7671677e-11,0
47437,1.0,1.0078907e-12,0
47438,1.0,2.989036e-09,0
47439,1.0,5.9186263e-12,0
47440,1.0,2.089771e-12,0
47441,1.0,8.828556e-12,0
47442,1.0,4.6029296e-12,0
47443,1.0,3.8305e-10,0
47444,1.0,6.500647e-09,0
47445,1.0,2.9631062e-09,0
47446,1.0,4.071705e-12,0
47447,1.0,4.391174e-12,0
47448,1.0,3.8676826e-11,0
47449,1.0,9.114397e-13,0
47450,1.0,1.2140567e-12,0
47451,1.0,2.6431695e-12,0
47452,1.0,3.4440632e-12,0
47453,1.0,1.198255e-11,0
47454,1.0,2.9868315e-12,0
47455,1.0,1.7863631e-10,0
47456,1.0,3.945202e-10,0
47457,1.0,2.6154241e-14,0
47458,1.0,1.0210944e-13,0
47459,1.0,1.8427166e-14,0
47460,1.0,1.8654414e-10,0
47461,1.0,4.23059e-10,0
47462,1.0,4.112239e-14,0
47463,1.0,2.7178274e-10,0
47464,1.0,3.980862e-11,0
47465,1.0,1.7470227e-11,0
47466,1.0,5.301172e-09,0
47467,1.0,2.8769368e-12,0
47468,1.0,9.015323e-10,0
47469,1.0,6.6192174e-10,0
47470,1.0,2.2349642e-09,0
47471,1.0,9.334414e-10,0
47472,1.0,1.3382577e-11,0
47473,1.0,1.2682708e-10,0
47474,1.0,8.860186e-12,0
47475,0.9999975,2.5286267e-06,0
47476,1.0,4.4879551e-13,0
47477,1.0,7.5732237e-10,0
47478,1.0,1.25202435e-08,0
47479,1.0,5.43924e-12,0
47480,1.0,2.0337763e-11,0
47481,1.0,2.199003e-11,0
47482,1.0,1.085394e-12,0
47483,1.0,8.773075e-09,0
47484,1.0,1.2414378e-08,0
47485,1.0,1.283774e-10,0
47486,1.0,2.54064e-13,0
47487,1.0,2.1972893e-10,0
47488,1.0,1.2723582e-10,0
47489,1.0,1.6461913e-08,0
47490,1.0,1.4533753e-10,0
47491,1.0,1.44028305e-11,0
47492,1.0,1.0097225e-12,0
47493,1.0,2.2833575e-12,0
47494,1.0,3.9809115e-13,0
47495,1.0,8.595818e-11,0
47496,1.0,1.7435234e-08,0
47497,1.0,7.474556e-12,0
47498,1.0,7.3278845e-13,0
47499,0.9999999,9.139957e-08,0
47500,1.0,4.6085054e-13,0
47501,1.0,2.288305e-09,0
47502,1.0,1.6958434e-13,0
47503,1.0,9.008838e-11,0
47504,1.0,9.387589e-13,0
47505,1.0,2.3542132e-12,0
47506,1.0,1.2455705e-10,0
47507,1.0,9.004942e-14,0
47508,1.0,1.0443979e-10,0
47509,1.0,2.8780098e-10,0
47510,1.0,5.4739164e-09,0
47511,1.0,2.4238252e-12,0
47512,1.0,6.134086e-09,0
47513,1.0,2.3474897e-10,0
47514,1.0,1.7305382e-13,0
47515,1.0,2.4937162e-12,0
47516,1.0,1.1918734e-10,0
47517,1.0,1.7405336e-11,0
47518,1.0,8.048661e-09,0
47519,1.0,4.1346465e-10,0
47520,1.0,1.4572107e-11,0
47521,1.0,5.4896647e-12,0
47522,1.0,2.408778e-08,0
47523,0.9999999,7.095663e-08,0
47524,1.0,2.9438277e-10,0
47525,1.0,5.7868307e-11,0
47526,1.0,1.2413588e-13,0
47527,1.0,4.9094637e-13,0
47528,1.0,2.803956e-10,0
47529,1.0,6.8120375e-12,0
47530,1.0,1.5455762e-10,0
47531,1.0,1.952076e-12,0
47532,1.0,9.177117e-11,0
47533,1.0,8.876979e-13,0
47534,1.0,3.6839948e-10,0
47535,1.0,1.1330924e-11,0
47536,1.0,1.196047e-11,0
47537,1.0,7.7614163e-13,0
47538,1.0,3.4794975e-10,0
47539,1.0,1.8543767e-10,0
47540,1.0,3.4094147e-13,0
47541,1.0,5.851821e-10,0
47542,1.0,1.13547e-11,0
47543,1.0,9.07753e-09,0
47544,1.0,7.5298004e-13,0
47545,1.0,1.1431191e-11,0
47546,1.0,2.5630278e-14,0
47547,1.0,1.6814087e-12,0
47548,1.0,8.340662e-09,0
47549,1.0,1.7521583e-11,0
47550,1.0,6.9401685e-12,0
47551,1.0,1.00341055e-11,0
47552,1.0,2.390172e-10,0
47553,1.0,3.5447877e-11,0
47554,1.0,9.792258e-10,0
47555,1.0,1.2260043e-11,0
47556,1.0,4.926597e-11,0
47557,1.0,4.8257476e-10,0
47558,1.0,1.5930451e-10,0
47559,1.0,2.2551453e-13,0
47560,1.0,1.9805434e-10,0
47561,1.0,5.7502038e-11,0
47562,1.0,3.122242e-12,0
47563,1.0,1.4793906e-11,0
47564,1.0,6.0689587e-10,0
47565,1.0,5.8404726e-09,0
47566,1.0,2.694823e-12,0
47567,1.0,2.3335716e-09,0
47568,1.0,5.757447e-11,0
47569,1.0,4.0540565e-10,0
47570,1.0,6.927945e-13,0
47571,1.0,7.8575245e-12,0
47572,1.0,1.5269186e-12,0
47573,1.0,9.236233e-13,0
47574,1.0,9.898302e-13,0
47575,1.0,1.4450711e-11,0
47576,1.0,2.1155651e-13,0
47577,1.0,1.39788545e-08,0
47578,1.0,2.98852e-11,0
47579,1.0,1.251583e-11,0
47580,1.0,3.3825226e-12,0
47581,1.0,2.8225942e-12,0
47582,1.0,2.5541573e-09,0
47583,1.0,5.8653395e-11,0
47584,1.0,4.3221765e-10,0
47585,1.0,2.794844e-12,0
47586,1.0,2.8519032e-12,0
47587,1.0,1.2771749e-10,0
47588,1.0,3.3788812e-11,0
47589,1.0,3.0375935e-10,0
47590,1.0,1.0106562e-10,0
47591,1.0,6.432545e-11,0
47592,1.0,5.0606114e-10,0
47593,1.0,7.8256027e-13,0
47594,0.9999993,7.3471665e-07,0
47595,1.0,2.2629303e-10,0
47596,1.0,1.337424e-10,0
47597,1.0,9.0165264e-10,0
47598,1.0,2.3156985e-09,0
47599,1.0,2.1190172e-10,0
47600,1.0,1.0794602e-09,0
47601,1.0,2.141044e-11,0
47602,1.0,2.2087079e-08,0
47603,1.0,1.1535448e-11,0
47604,1.0,5.9147574e-15,0
47605,1.0,7.116349e-11,0
47606,1.0,4.3754547e-09,0
47607,1.0,1.0566479e-11,0
47608,1.0,1.8435691e-12,0
47609,1.0,1.8402948e-12,0
47610,1.0,1.0928538e-12,0
47611,1.0,8.694832e-12,0
47612,1.0,4.1997555e-11,0
47613,1.0,2.0033229e-11,0
47614,1.0,4.725662e-10,0
47615,1.0,2.7107723e-09,0
47616,1.0,1.5863267e-09,0
47617,1.0,8.9473276e-11,0
47618,1.0,2.6161566e-11,0
47619,1.0,3.8844626e-12,0
47620,1.0,3.0695986e-13,0
47621,1.0,1.8434917e-12,0
47622,1.0,1.9733553e-11,0
47623,1.0,3.8462e-12,0
47624,1.0,3.3925558e-09,0
47625,0.9999987,1.3664437e-06,0
47626,0.9979279,0.0020721024,0
47627,1.0,8.594244e-11,0
47628,1.0,2.2802283e-12,0
47629,1.0,1.5234729e-10,0
47630,1.0,3.1053543e-10,0
47631,1.0,1.258113e-10,0
47632,1.0,9.039213e-12,0
47633,1.0,1.3312001e-12,0
47634,1.0,6.6210384e-13,0
47635,1.0,4.5997373e-11,0
47636,1.0,1.8385628e-11,0
47637,1.0,2.6326666e-10,0
47638,1.0,7.9951004e-11,0
47639,1.0,2.1362828e-08,0
47640,1.0,9.0590487e-11,0
47641,1.0,2.357081e-11,0
47642,1.0,5.7466046e-12,0
47643,1.0,1.047162e-11,0
47644,0.99999976,2.1644644e-07,0
47645,1.0,4.0806597e-13,0
47646,1.0,1.1188704e-12,0
47647,1.0,6.2128447e-10,0
47648,1.0,6.819923e-10,0
47649,0.99999833,1.6809299e-06,0
47650,1.0,6.042341e-12,0
47651,0.9999999,1.2943285e-07,0
47652,1.0,6.8915863e-12,0
47653,1.0,2.080301e-09,0
47654,1.0,3.2913745e-11,0
47655,1.0,9.584874e-13,0
47656,0.9999994,6.2020996e-07,0
47657,1.0,1.1387375e-09,0
47658,1.0,6.598264e-11,0
47659,0.99999964,3.5067782e-07,0
47660,1.0,1.35874124e-11,0
47661,1.0,6.855778e-13,0
47662,0.99999964,4.1223907e-07,0
47663,1.0,9.415008e-09,0
47664,1.0,2.9113573e-10,0
47665,0.99999845,1.5327671e-06,0
47666,1.0,1.0107192e-11,0
47667,1.0,6.1216268e-09,0
47668,1.0,9.875951e-10,0
47669,1.0,2.8156406e-09,0
47670,1.0,1.9642725e-10,0
47671,1.0,4.561003e-10,0
47672,1.0,6.89128e-13,0
47673,1.0,2.911482e-12,0
47674,1.0,1.4264822e-11,0
47675,1.0,1.7402373e-12,0
47676,1.0,9.521832e-12,0
47677,1.0,1.2177594e-10,0
47678,1.0,1.1166767e-08,0
47679,1.0,4.173653e-10,0
47680,1.0,3.5735574e-11,0
47681,1.0,1.4329602e-09,0
47682,1.0,7.385239e-11,0
47683,1.0,2.1220727e-12,0
47684,1.0,4.440346e-11,0
47685,1.0,4.799252e-12,0
47686,1.0,1.4278159e-11,0
47687,1.0,1.7991962e-10,0
47688,1.0,1.2436655e-08,0
47689,1.0,2.505674e-12,0
47690,1.0,5.6201425e-14,0
47691,1.0,4.6167234e-09,0
47692,1.0,5.3281464e-09,0
47693,1.0,3.4362224e-12,0
47694,1.0,3.2328784e-10,0
47695,1.0,1.5441898e-12,0
47696,1.0,1.7900911e-10,0
47697,1.0,4.2581302e-14,0
47698,1.0,1.0994539e-09,0
47699,1.0,2.1407859e-08,0
47700,1.0,4.457604e-12,0
47701,1.0,1.1783212e-12,0
47702,1.0,1.4497941e-08,0
47703,1.0,1.3035385e-09,0
47704,1.0,1.8593005e-09,0
47705,1.0,5.5220303e-12,0
47706,1.0,1.3814947e-11,0
47707,1.0,2.5686781e-12,0
47708,1.0,6.1162314e-10,0
47709,1.0,9.271538e-12,0
47710,1.0,6.2971794e-10,0
47711,1.0,1.521954e-10,0
47712,1.0,1.4343841e-10,0
47713,1.0,9.360721e-12,0
47714,1.0,1.572007e-10,0
47715,1.0,5.700449e-12,0
47716,1.0,5.408716e-10,0
47717,1.0,5.927503e-13,0
47718,1.0,2.4330473e-12,0
47719,1.0,2.5189897e-09,0
47720,1.0,4.1968785e-12,0
47721,1.0,4.2831294e-10,0
47722,1.0,1.3241976e-09,0
47723,1.0,9.497002e-12,0
47724,1.0,3.2249814e-11,0
47725,1.0,6.043958e-11,0
47726,1.0,4.4986166e-13,0
47727,1.0,1.0337596e-13,0
47728,1.0,3.3575811e-13,0
47729,1.0,3.8602942e-13,0
47730,1.0,3.5648592e-10,0
47731,1.0,3.3945942e-13,0
47732,1.0,4.0239e-12,0
47733,1.0,9.60055e-10,0
47734,1.0,5.073153e-11,0
47735,1.0,1.1762572e-09,0
47736,1.0,5.206003e-12,0
47737,1.0,3.6286144e-11,0
47738,1.0,1.1106525e-12,0
47739,1.0,1.4617468e-09,0
47740,1.0,7.211333e-13,0
47741,1.0,1.0243746e-11,0
47742,1.0,1.1329297e-12,0
47743,1.0,8.059344e-11,0
47744,1.0,7.049575e-10,0
47745,1.0,1.0856665e-10,0
47746,1.0,3.7931698e-12,0
47747,1.0,4.6557178e-10,0
47748,1.0,2.3328137e-10,0
47749,1.0,3.1439584e-12,0
47750,1.0,2.1370428e-10,0
47751,1.0,9.160476e-13,0
47752,1.0,8.971999e-12,0
47753,0.99999666,3.3843803e-06,0
47754,1.0,6.6763834e-12,0
47755,1.0,3.2418708e-09,0
47756,1.0,7.2343113e-13,0
47757,1.0,5.9707152e-12,0
47758,1.0,1.3190036e-11,0
47759,1.0,1.1551482e-10,0
47760,1.0,1.8171497e-11,0
47761,1.0,2.2929514e-11,0
47762,1.0,7.472301e-09,0
47763,1.0,3.0054528e-10,0
47764,1.0,1.8450978e-10,0
47765,1.0,3.3823844e-10,0
47766,1.0,3.8202757e-11,0
47767,1.0,8.9188303e-13,0
47768,1.0,1.5007629e-11,0
47769,1.0,1.9881576e-11,0
47770,1.0,6.994154e-10,0
47771,1.0,2.9999974e-12,0
47772,1.0,6.260856e-10,0
47773,1.0,2.359259e-10,0
47774,1.0,3.6798422e-11,0
47775,1.0,1.530789e-11,0
47776,1.0,2.6289195e-09,0
47777,1.0,2.8403203e-11,0
47778,1.0,2.6924591e-09,0
47779,1.0,3.4627222e-13,0
47780,1.0,1.907469e-14,0
47781,1.0,1.2339249e-10,0
47782,1.0,1.3951624e-09,0
47783,1.0,1.488152e-08,0
47784,1.0,3.1012025e-08,0
47785,1.0,1.1478705e-12,0
47786,1.0,4.36081e-12,0
47787,1.0,1.3759658e-09,0
47788,1.0,6.3042844e-13,0
47789,1.0,2.2858065e-12,0
47790,1.0,2.0219637e-11,0
47791,1.0,1.472347e-08,0
47792,1.0,2.522395e-08,0
47793,1.0,9.905914e-13,0
47794,1.0,2.8795213e-09,0
47795,1.0,1.1652039e-09,0
47796,1.0,1.06604375e-13,0
47797,1.0,2.9109836e-11,0
47798,1.0,7.79703e-12,0
47799,0.9999999,9.36156e-08,0
47800,1.0,3.855221e-11,0
47801,1.0,1.2214814e-10,0
47802,1.0,3.646386e-13,0
47803,1.0,9.251431e-13,0
47804,1.0,2.3081064e-08,0
47805,1.0,2.9946464e-12,0
47806,1.0,2.8413188e-10,0
47807,1.0,6.222248e-14,0
47808,1.0,9.168671e-10,0
47809,1.0,8.644092e-14,0
47810,1.0,4.615253e-09,0
47811,1.0,1.4056697e-10,0
47812,1.0,7.3207573e-10,0
47813,1.0,8.975115e-12,0
47814,1.0,1.4457546e-11,0
47815,1.0,1.8774311e-10,0
47816,1.0,9.136576e-12,0
47817,1.0,4.8675894e-09,0
47818,1.0,1.0153281e-10,0
47819,1.0,8.3360735e-11,0
47820,1.0,2.0364158e-11,0
47821,0.9999999,6.053877e-08,0
47822,1.0,1.7079735e-10,0
47823,1.0,1.2514405e-10,0
47824,0.99999976,2.5253297e-07,0
47825,1.0,5.793654e-08,0
47826,1.0,4.06094e-12,0
47827,1.0,1.6651925e-12,0
47828,1.0,1.1251091e-11,0
47829,1.0,4.0749085e-11,0
47830,1.0,9.282478e-11,0
47831,1.0,2.9670264e-12,0
47832,1.0,7.142526e-11,0
47833,1.0,2.5244882e-12,0
47834,1.0,7.297799e-13,0
47835,1.0,1.1975902e-11,0
47836,1.0,1.1191906e-08,0
47837,1.0,5.4150282e-12,0
47838,0.99999964,3.3310386e-07,0
47839,1.0,5.264979e-12,0
47840,1.0,5.3158405e-10,0
47841,0.9999993,6.700737e-07,0
47842,1.0,1.3372154e-13,0
47843,1.0,2.6538804e-11,0
47844,0.9999987,1.3515445e-06,0
47845,1.0,7.293349e-12,0
47846,1.0,1.2411713e-10,0
47847,1.0,1.8224211e-12,0
47848,1.0,4.808569e-09,0
47849,1.0,1.1691616e-10,0
47850,1.0,2.1116229e-09,0
47851,0.99999976,2.768556e-07,0
47852,0.9999999,1.5951545e-07,0
47853,0.99999976,2.3239569e-07,0
47854,0.99999857,1.373906e-06,0
47855,0.99999905,8.970269e-07,0
47856,0.9999999,6.709881e-08,0
47857,1.0,3.4723872e-08,0
47858,1.0,2.3748191e-08,0
47859,1.0,4.1099618e-08,0
47860,1.0,1.3279265e-08,0
47861,0.9999995,5.07774e-07,0
47862,1.0,4.8184217e-12,0
47863,1.0,4.53178e-10,0
47864,1.0,2.0226515e-10,0
47865,1.0,3.6958717e-08,0
47866,0.9999962,3.7558352e-06,0
47867,1.0,2.6387457e-09,0
47868,1.0,1.4060244e-09,0
47869,1.0,3.0194514e-09,0
47870,1.0,3.4921097e-10,0
47871,1.0,5.1099738e-09,0
47872,1.0,4.5217665e-09,0
47873,1.0,5.480364e-12,0
47874,1.0,1.1606816e-12,0
47875,1.0,1.7075801e-09,0
47876,1.0,8.3604266e-13,0
47877,1.0,2.106756e-12,0
47878,1.0,3.6318878e-12,0
47879,1.0,1.7915086e-10,0
47880,1.0,5.005891e-10,0
47881,1.0,2.5552244e-13,0
47882,1.0,5.2667063e-12,0
47883,1.0,1.5147256e-10,0
47884,1.0,2.1058088e-11,0
47885,1.0,1.395901e-11,0
47886,1.0,1.658888e-11,0
47887,1.0,4.6923e-12,0
47888,1.0,7.803752e-09,0
47889,1.0,9.13753e-09,0
47890,1.0,1.8691763e-11,0
47891,1.0,2.2599462e-13,0
47892,1.0,9.737746e-13,0
47893,1.0,6.428611e-10,0
47894,1.0,2.8536008e-12,0
47895,1.0,1.1104878e-11,0
47896,1.0,4.8566602e-11,0
47897,1.0,1.5249249e-12,0
47898,1.0,5.553164e-13,0
47899,1.0,1.8139421e-12,0
47900,1.0,4.2848596e-11,0
47901,1.0,2.4665178e-11,0
47902,1.0,1.8082935e-09,0
47903,1.0,3.412434e-09,0
47904,0.9999999,8.8356316e-08,0
47905,1.0,1.1252164e-11,0
47906,0.9999999,7.077956e-08,0
47907,1.0,1.2784325e-10,0
47908,1.0,1.7547863e-12,0
47909,1.0,8.549561e-11,0
47910,1.0,2.002873e-10,0
47911,1.0,2.6256158e-10,0
47912,0.99999976,2.266741e-07,0
47913,1.0,1.0583094e-12,0
47914,1.0,2.05102e-09,0
47915,1.0,3.1629095e-09,0
47916,1.0,3.1827043e-09,0
47917,1.0,7.333339e-09,0
47918,1.0,6.7367726e-12,0
47919,1.0,3.451211e-12,0
47920,1.0,1.2604441e-08,0
47921,0.9999999,6.5804144e-08,0
47922,1.0,2.435002e-08,0
47923,1.0,5.7326165e-11,0
47924,1.0,2.5695397e-09,0
47925,1.0,1.5116171e-10,0
47926,0.99999976,2.8368387e-07,0
47927,1.0,5.437871e-12,0
47928,1.0,1.0705905e-08,0
47929,1.0,6.4989604e-13,0
47930,1.0,1.5015024e-10,0
47931,1.0,4.638153e-09,0
47932,1.0,6.4561845e-10,0
47933,1.0,1.3185584e-11,0
47934,1.0,3.9837445e-13,0
47935,1.0,4.1124157e-12,0
47936,1.0,4.4078816e-12,0
47937,0.9999994,5.618841e-07,0
47938,1.0,1.5479092e-11,0
47939,1.0,1.0388479e-08,0
47940,1.0,4.3677817e-10,0
47941,1.0,4.5870946e-11,0
47942,0.99999964,3.5863866e-07,0
47943,0.9999993,7.1142074e-07,0
47944,1.0,5.1051905e-09,0
47945,1.0,5.3512273e-12,0
47946,1.0,4.7396674e-12,0
47947,1.0,5.7088143e-09,0
47948,1.0,6.9616426e-13,0
47949,1.0,1.8266713e-11,0
47950,1.0,1.4195461e-09,0
47951,0.9999875,1.2483884e-05,0
47952,1.0,1.020526e-09,0
47953,0.999998,2.0592843e-06,0
47954,1.0,9.603371e-10,0
47955,0.99999845,1.512333e-06,0
47956,0.9999999,1.5776352e-07,0
47957,1.0,2.22296e-11,0
47958,1.0,2.5625077e-08,0
47959,1.0,1.4101482e-11,0
47960,0.9999999,1.6759154e-07,0
47961,0.9999924,7.6522865e-06,0
47962,1.0,3.2005418e-12,0
47963,1.0,2.9928306e-12,0
47964,0.9999777,2.2330652e-05,0
47965,1.0,1.0333959e-11,0
47966,0.9999999,1.7652137e-07,0
47967,0.9999999,1.11575524e-07,0
47968,1.0,3.0910215e-08,0
47969,1.0,1.4334988e-09,0
47970,1.0,9.319547e-09,0
47971,1.0,7.4195233e-10,0
47972,1.0,2.291639e-08,0
47973,0.9999945,5.496e-06,0
47974,1.0,1.6999005e-10,0
47975,1.0,8.1512397e-10,0
47976,1.0,3.2275587e-08,0
47977,1.0,4.506909e-11,0
47978,0.9999999,1.2318783e-07,0
47979,0.99999976,2.1034681e-07,0
47980,1.0,4.2329432e-08,0
47981,0.9999999,6.215967e-08,0
47982,0.99999905,9.4459375e-07,0
47983,0.99999976,2.233879e-07,0
47984,1.0,1.1994202e-09,0
47985,1.0,6.707216e-13,0
47986,1.0,4.6532873e-13,0
47987,0.9999981,1.9595877e-06,0
47988,1.0,1.8182851e-13,0
47989,0.9999999,1.779201e-07,0
47990,0.99999976,2.3735609e-07,0
47991,0.99999964,4.1239244e-07,0
47992,0.9999995,4.234082e-07,0
47993,1.0,3.7541033e-11,0
47994,1.0,2.258153e-10,0
47995,1.0,1.1484307e-09,0
47996,1.0,4.0002942e-11,0
47997,1.0,1.03566766e-10,0
47998,1.0,6.6599795e-11,0
47999,1.0,1.4419661e-10,0
48000,1.0,3.1861906e-09,0
48001,1.0,1.0793737e-09,0
48002,0.9999969,3.1460097e-06,0
48003,1.0,7.1833997e-12,0
48004,1.0,1.8839444e-11,0
48005,1.0,5.7738852e-08,0
48006,0.99999917,8.214408e-07,0
48007,1.0,8.899917e-09,0
48008,0.9999989,1.0414409e-06,0
48009,1.0,1.2848212e-12,0
48010,1.0,1.043085e-08,0
48011,1.0,8.138163e-09,0
48012,0.9999994,5.7722775e-07,0
48013,1.0,1.687696e-09,0
48014,1.0,1.3013748e-09,0
48015,1.0,3.4508894e-08,0
48016,0.99999964,3.632942e-07,0
48017,1.0,6.9016924e-11,0
48018,1.0,4.314165e-09,0
48019,1.0,1.267865e-09,0
48020,1.0,2.5000507e-08,0
48021,0.9999995,4.5399773e-07,0
48022,0.99999976,1.9882805e-07,0
48023,1.0,2.2813367e-09,0
48024,0.9999993,6.8593386e-07,0
48025,1.0,1.000352e-13,0
48026,1.0,9.346792e-11,0
48027,1.0,4.4339803e-08,0
48028,0.99999976,2.655156e-07,0
48029,1.0,4.6796536e-08,0
48030,0.9999999,8.517639e-08,0
48031,1.0,2.1550581e-09,0
48032,1.0,2.9925626e-08,0
48033,0.9999999,1.6153004e-07,0
48034,0.99999857,1.4811909e-06,0
48035,1.0,2.3891214e-08,0
48036,1.0,7.4130764e-09,0
48037,1.0,3.5544712e-10,0
48038,1.0,5.130495e-08,0
48039,0.99999964,3.2698614e-07,0
48040,0.9999999,8.992798e-08,0
48041,1.0,1.2505631e-09,0
48042,1.0,1.7222034e-10,0
48043,1.0,2.7378144e-08,0
48044,0.99999964,3.0802107e-07,0
48045,1.0,3.842105e-10,0
48046,0.9999999,1.6250083e-07,0
48047,0.9999999,7.0047875e-08,0
48048,1.0,9.974076e-12,0
48049,0.9999969,3.1402903e-06,0
48050,1.0,6.281085e-09,0
48051,0.99999654,3.5087362e-06,0
48052,1.0,8.7225095e-11,0
48053,1.0,1.5743182e-09,0
48054,1.0,8.5069105e-11,0
48055,0.99999976,2.0692146e-07,0
48056,1.0,6.196197e-09,0
48057,0.9999888,1.11870495e-05,0
48058,1.0,1.9353137e-10,0
48059,1.0,1.0924601e-08,0
48060,1.0,1.4062784e-10,0
48061,0.99999976,2.6529995e-07,0
48062,1.0,1.2808732e-10,0
48063,1.0,1.524089e-10,0
48064,1.0,1.4412443e-08,0
48065,1.0,3.604216e-08,0
48066,1.0,1.2837145e-11,0
48067,0.99999964,3.8393108e-07,0
48068,0.99999976,2.1088671e-07,0
48069,0.9999976,2.3404027e-06,0
48070,1.0,3.673363e-11,0
48071,0.99999857,1.4708924e-06,0
48072,1.0,3.78944e-11,0
48073,0.9999999,1.0372071e-07,0
48074,0.99999964,4.052894e-07,0
48075,1.0,1.1179356e-09,0
48076,1.0,1.1389553e-08,0
48077,1.0,3.1896916e-10,0
48078,1.0,2.0465183e-09,0
48079,0.99999976,2.0184574e-07,0
48080,1.0,2.0698176e-12,0
48081,0.99999785,2.0930795e-06,0
48082,1.0,5.208556e-08,0
48083,1.0,7.151394e-09,0
48084,0.99999964,3.7297644e-07,0
48085,0.9999999,6.132334e-08,0
48086,1.0,4.842877e-11,0
48087,0.99999857,1.4368069e-06,0
48088,0.99999917,8.7702483e-07,0
48089,1.0,4.730805e-09,0
48090,1.0,1.2098307e-09,0
48091,1.0,3.900314e-08,0
48092,0.9999993,6.918222e-07,0
48093,0.99999976,2.3416433e-07,0
48094,1.0,2.5068216e-08,0
48095,1.0,5.8051803e-08,0
48096,1.0,3.186259e-08,0
48097,0.99999964,3.5617438e-07,0
48098,0.9999999,1.749165e-07,0
48099,0.99999964,3.220174e-07,0
48100,0.99999785,2.112123e-06,0
48101,1.0,2.4524646e-10,0
48102,1.0,4.4818677e-08,0
48103,0.9999999,6.384358e-08,0
48104,0.99999964,3.4570033e-07,0
48105,1.0,8.084038e-11,0
48106,0.99999475,5.194416e-06,0
48107,1.0,1.38932425e-11,0
48108,1.0,6.11166e-10,0
48109,0.9999999,1.2604998e-07,0
48110,0.9999993,7.674369e-07,0
48111,1.0,8.596695e-09,0
48112,1.0,2.7215703e-08,0
48113,0.9999999,7.5024516e-08,0
48114,1.0,3.174297e-08,0
48115,1.0,5.4379235e-08,0
48116,0.99999964,3.7441802e-07,0
48117,0.9999999,6.0410386e-08,0
48118,1.0,1.4884265e-09,0
48119,0.9999988,1.139407e-06,0
48120,0.9999995,4.858725e-07,0
48121,1.0,5.4634333e-09,0
48122,0.99999917,7.906917e-07,0
48123,1.0,1.2390096e-10,0
48124,0.9999999,7.664021e-08,0
48125,1.0,2.8543862e-11,0
48126,1.0,4.8435105e-09,0
48127,1.0,1.4414711e-10,0
48128,1.0,5.3489744e-11,0
48129,1.0,5.6758265e-10,0
48130,1.0,1.2310339e-09,0
48131,1.0,1.5843243e-10,0
48132,1.0,2.0634183e-10,0
48133,1.0,7.2779005e-11,0
48134,0.99999905,9.019972e-07,0
48135,1.0,1.9902007e-09,0
48136,1.0,1.3398581e-09,0
48137,0.9999974,2.6020953e-06,0
48138,1.0,7.361447e-10,0
48139,1.0,3.8724033e-09,0
48140,0.9999981,1.9430997e-06,0
48141,1.0,1.0252645e-10,0
48142,0.99999726,2.7047417e-06,0
48143,1.0,6.08536e-10,0
48144,1.0,1.2474453e-08,0
48145,0.9999999,1.10339386e-07,0
48146,1.0,6.6041004e-09,0
48147,1.0,2.67437e-10,0
48148,1.0,6.4629857e-10,0
48149,1.0,1.35757245e-08,0
48150,1.0,4.919825e-08,0
48151,0.99999917,7.8452274e-07,0
48152,0.99999905,8.999445e-07,0
48153,1.0,3.8800927e-09,0
48154,1.0,1.6094772e-09,0
48155,1.0,3.23933e-13,0
48156,1.0,1.5693663e-08,0
48157,0.99999976,2.0668203e-07,0
48158,1.0,1.6672703e-09,0
48159,1.0,3.5354613e-08,0
48160,1.0,2.8715739e-09,0
48161,1.0,1.2591459e-09,0
48162,1.0,1.3203094e-08,0
48163,1.0,3.326178e-08,0
48164,0.99999964,3.2568153e-07,0
48165,1.0,7.663744e-12,0
48166,1.0,1.875154e-11,0
48167,1.0,6.750478e-10,0
48168,0.99999964,3.893688e-07,0
48169,1.0,4.223258e-08,0
48170,0.99999905,8.9461764e-07,0
48171,1.0,3.727188e-09,0
48172,0.9999999,7.966039e-08,0
48173,0.9999893,1.0701357e-05,0
48174,1.0,2.030538e-09,0
48175,1.0,7.6376305e-10,0
48176,0.9999989,1.0252264e-06,0
48177,0.99999976,2.4880353e-07,0
48178,0.9999994,6.268018e-07,0
48179,1.0,1.9662638e-09,0
48180,0.9999999,8.6289965e-08,0
48181,0.9999994,6.267451e-07,0
48182,1.0,5.1188287e-10,0
48183,0.99999523,4.7319722e-06,0
48184,1.0,3.3652496e-09,0
48185,1.0,5.314713e-11,0
48186,1.0,3.6417156e-13,0
48187,1.0,3.419276e-12,0
48188,1.0,1.3370021e-08,0
48189,1.0,3.6421902e-08,0
48190,1.0,4.056706e-08,0
48191,1.0,1.9706127e-08,0
48192,0.9999995,4.4898417e-07,0
48193,1.0,1.5434392e-08,0
48194,0.99999976,2.0739205e-07,0
48195,0.9999993,7.249315e-07,0
48196,0.99999666,3.3039073e-06,0
48197,1.0,7.2721633e-09,0
48198,0.99999845,1.5125985e-06,0
48199,1.0,6.6260035e-13,0
48200,1.0,8.225021e-09,0
48201,0.9999999,8.222452e-08,0
48202,1.0,1.5374438e-10,0
48203,1.0,1.1851474e-10,0
48204,1.0,6.969874e-11,0
48205,1.0,1.4533087e-10,0
48206,1.0,7.711703e-09,0
48207,1.0,1.4013666e-08,0
48208,1.0,5.158209e-10,0
48209,1.0,2.9400372e-08,0
48210,1.0,5.4951336e-08,0
48211,1.0,1.4245267e-08,0
48212,0.9999995,4.5799504e-07,0
48213,1.0,5.9417034e-11,0
48214,1.0,6.8876673e-09,0
48215,0.9999999,7.6160205e-08,0
48216,1.0,5.075631e-11,0
48217,1.0,3.6905264e-11,0
48218,1.0,7.783848e-09,0
48219,1.0,2.2123232e-10,0
48220,1.0,6.767498e-09,0
48221,0.99999964,3.5531536e-07,0
48222,1.0,3.1282672e-09,0
48223,1.0,3.793298e-09,0
48224,1.0,9.418307e-10,0
48225,0.99999905,9.874676e-07,0
48226,1.0,5.253188e-10,0
48227,1.0,5.5873406e-10,0
48228,1.0,2.2568494e-09,0
48229,0.99999964,3.6905746e-07,0
48230,1.0,3.0921904e-11,0
48231,0.99999976,2.708366e-07,0
48232,1.0,6.269846e-09,0
48233,1.0,1.8438895e-08,0
48234,1.0,2.7896292e-09,0
48235,0.99999964,3.9515925e-07,0
48236,1.0,1.3630742e-10,0
48237,1.0,1.1704697e-09,0
48238,1.0,4.6185702e-10,0
48239,0.99999905,9.066958e-07,0
48240,0.99999976,2.2532834e-07,0
48241,1.0,1.0664395e-11,0
48242,1.0,1.9273001e-08,0
48243,1.0,3.8519903e-09,0
48244,1.0,9.956941e-10,0
48245,0.9999999,1.1882569e-07,0
48246,1.0,7.336612e-09,0
48247,1.0,1.4313081e-12,0
48248,1.0,1.5143075e-09,0
48249,1.0,3.6507238e-08,0
48250,1.0,5.630819e-10,0
48251,0.9999999,1.07422565e-07,0
48252,1.0,8.612024e-09,0
48253,0.9999999,1.68915e-07,0
48254,0.9999995,4.87656e-07,0
48255,0.99999917,7.9836815e-07,0
48256,0.99999964,3.6336175e-07,0
48257,1.0,4.4257185e-11,0
48258,0.9999999,1.026487e-07,0
48259,1.0,9.822e-10,0
48260,1.0,1.2509543e-09,0
48261,1.0,7.833354e-09,0
48262,0.9999975,2.5302597e-06,0
48263,1.0,2.5298316e-10,0
48264,1.0,2.1253732e-09,0
48265,1.0,9.261676e-12,0
48266,1.0,1.2589622e-11,0
48267,1.0,7.505669e-09,0
48268,0.99999905,9.092789e-07,0
48269,1.0,9.7913566e-11,0
48270,1.0,5.317473e-10,0
48271,1.0,2.7844516e-09,0
48272,0.9999999,6.53055e-08,0
48273,0.9999999,6.1215005e-08,0
48274,0.99999964,3.1612166e-07,0
48275,0.9999995,5.3418665e-07,0
48276,1.0,3.6691633e-10,0
48277,1.0,8.6978975e-09,0
48278,1.0,1.1370766e-10,0
48279,0.99999905,9.298312e-07,0
48280,0.99999964,3.8759677e-07,0
48281,1.0,1.0072817e-08,0
48282,0.9999962,3.824113e-06,0
48283,1.0,1.8477613e-09,0
48284,1.0,4.2394074e-08,0
48285,1.0,5.085469e-10,0
48286,0.9999976,2.3536713e-06,0
48287,0.99999857,1.3775074e-06,0
48288,1.0,7.020354e-09,0
48289,1.0,1.1037811e-11,0
48290,0.999985,1.4992829e-05,0
48291,0.9999994,5.685128e-07,0
48292,1.0,5.2076815e-12,0
48293,1.0,2.6194732e-10,0
48294,0.99999917,8.2337493e-07,0
48295,1.0,3.383283e-09,0
48296,1.0,4.3683253e-09,0
48297,1.0,2.6130287e-08,0
48298,1.0,5.5530274e-09,0
48299,1.0,6.783316e-09,0
48300,1.0,4.610168e-09,0
48301,1.0,3.855767e-10,0
48302,1.0,4.2213264e-11,0
48303,0.9999989,1.1107797e-06,0
48304,1.0,9.868801e-09,0
48305,1.0,2.0327147e-10,0
48306,1.0,6.2187397e-09,0
48307,1.0,2.7278988e-09,0
48308,1.0,5.6271535e-08,0
48309,0.9999974,2.676491e-06,0
48310,0.99999964,4.171422e-07,0
48311,1.0,1.9087123e-08,0
48312,0.99999905,1.0078642e-06,0
48313,0.99999905,9.716615e-07,0
48314,0.99999964,3.020758e-07,0
48315,1.0,7.4894405e-12,0
48316,1.0,2.2312627e-09,0
48317,0.99999785,2.173478e-06,0
48318,0.9999995,4.2300297e-07,0
48319,0.99999976,2.2934893e-07,0
48320,1.0,2.3806686e-09,0
48321,0.99997187,2.8147e-05,0
48322,0.99999785,2.1092867e-06,0
48323,1.0,4.2798515e-08,0
48324,0.99999833,1.7125116e-06,0
48325,1.0,4.396727e-10,0
48326,0.9999995,5.061862e-07,0
48327,1.0,2.8810166e-12,0
48328,1.0,7.514342e-11,0
48329,1.0,2.007697e-09,0
48330,1.0,9.209025e-12,0
48331,1.0,4.566552e-12,0
48332,0.9999995,4.626078e-07,0
48333,0.9999957,4.312425e-06,0
48334,1.0,6.4962844e-09,0
48335,1.0,2.537231e-09,0
48336,0.99999976,2.5033103e-07,0
48337,0.99999917,7.9603103e-07,0
48338,1.0,2.8198541e-09,0
48339,1.0,4.0132826e-09,0
48340,1.0,1.1689593e-09,0
48341,1.0,1.7615316e-10,0
48342,0.9999999,1.5081059e-07,0
48343,1.0,5.4875713e-08,0
48344,1.0,4.6869135e-09,0
48345,1.0,3.5216477e-10,0
48346,1.0,5.7301115e-08,0
48347,0.99996996,3.0052528e-05,0
48348,1.0,1.64682e-11,0
48349,0.99999976,1.980325e-07,0
48350,1.0,3.111344e-09,0
48351,1.0,7.7535267e-10,0
48352,1.0,3.273594e-11,0
48353,0.9999999,7.254932e-08,0
48354,1.0,1.9437048e-09,0
48355,0.99999774,2.3073155e-06,0
48356,0.99999976,2.874327e-07,0
48357,1.0,4.4395862e-10,0
48358,1.0,1.4296385e-08,0
48359,1.0,2.0127708e-08,0
48360,0.9999943,5.6639533e-06,0
48361,1.0,4.6140496e-08,0
48362,1.0,3.5625312e-08,0
48363,1.0,3.3608316e-08,0
48364,0.99999905,1.0056722e-06,0
48365,1.0,1.4718556e-08,0
48366,1.0,2.8331226e-12,0
48367,1.0,2.7583296e-08,0
48368,0.99999976,2.0829154e-07,0
48369,0.9999999,8.2896754e-08,0
48370,0.99999857,1.3752366e-06,0
48371,0.99999917,7.9375076e-07,0
48372,1.0,3.289646e-09,0
48373,1.0,2.2115955e-08,0
48374,1.0,7.794615e-10,0
48375,0.999998,2.0154982e-06,0
48376,1.0,5.954703e-08,0
48377,0.99999976,2.5602833e-07,0
48378,1.0,1.3065013e-08,0
48379,1.0,4.917062e-10,0
48380,0.99999976,1.887748e-07,0
48381,1.0,2.6591643e-08,0
48382,1.0,2.0050985e-09,0
48383,0.99999976,2.2458327e-07,0
48384,1.0,4.5389794e-09,0
48385,0.9999877,1.2260315e-05,0
48386,0.99999964,3.3289268e-07,0
48387,1.0,3.8219433e-08,0
48388,1.0,4.0559726e-11,0
48389,1.0,2.5925505e-08,0
48390,1.0,3.280643e-12,0
48391,1.0,2.1339704e-11,0
48392,1.0,3.1656754e-08,0
48393,1.0,2.1306795e-08,0
48394,1.0,1.0462466e-09,0
48395,1.0,9.332821e-12,0
48396,1.0,2.916341e-11,0
48397,0.9999589,4.1084902e-05,0
48398,1.0,4.269699e-12,0
48399,1.0,8.660782e-09,0
48400,0.99999535,4.609129e-06,0
48401,0.9999914,8.581752e-06,0
48402,1.0,5.6962563e-11,0
48403,1.0,1.1895847e-09,0
48404,0.9999994,6.2872124e-07,0
48405,0.9999989,1.1077584e-06,0
48406,0.9999951,4.9380533e-06,0
48407,0.99999845,1.5945004e-06,0
48408,0.9999975,2.4739245e-06,0
48409,1.0,3.0695416e-12,0
48410,1.0,1.2283233e-08,0
48411,1.0,3.1964351e-09,0
48412,0.99999905,9.843047e-07,0
48413,0.99999976,1.8921982e-07,0
48414,1.0,1.2609996e-08,0
48415,1.0,2.2022936e-11,0
48416,1.0,6.940175e-10,0
48417,0.99999917,8.325461e-07,0
48418,0.99999976,2.5364082e-07,0
48419,0.99999976,2.38656e-07,0
48420,1.0,4.4945945e-09,0
48421,1.0,3.0320209e-09,0
48422,1.0,1.913345e-08,0
48423,0.99999917,7.9611e-07,0
48424,0.9999995,5.0347666e-07,0
48425,0.99999225,7.776462e-06,0
48426,0.9999968,3.2128535e-06,0
48427,0.9999981,1.8755167e-06,0
48428,1.0,2.920941e-10,0
48429,1.0,1.00891215e-08,0
48430,1.0,1.2144001e-11,0
48431,1.0,5.200198e-08,0
48432,1.0,6.8509816e-09,0
48433,0.99999964,3.3556438e-07,0
48434,0.9999994,6.306681e-07,0
48435,1.0,3.6829078e-09,0
48436,0.9999999,1.7424603e-07,0
48437,1.0,2.4806953e-11,0
48438,1.0,6.8566154e-13,0
48439,0.99991024,8.980214e-05,0
48440,1.0,8.953297e-12,0
48441,0.9999999,6.5420195e-08,0
48442,1.0,6.23301e-10,0
48443,1.0,1.4295252e-10,0
48444,1.0,1.7628829e-10,0
48445,1.0,1.9401277e-08,0
48446,0.9999938,6.1547657e-06,0
48447,1.0,1.6768122e-09,0
48448,1.0,2.686324e-09,0
48449,0.99999964,3.3960671e-07,0
48450,0.9999995,4.3086166e-07,0
48451,1.0,4.7948284e-10,0
48452,1.0,4.5106283e-13,0
48453,1.0,3.608656e-10,0
48454,1.0,1.06534115e-08,0
48455,0.99998367,1.632727e-05,0
48456,0.9999999,8.574167e-08,0
48457,0.99999976,1.9712786e-07,0
48458,0.999962,3.804461e-05,0
48459,1.0,2.8577245e-08,0
48460,1.0,5.559913e-10,0
48461,0.9999999,1.6759569e-07,0
48462,1.0,2.0816031e-09,0
48463,1.0,4.6337755e-13,0
48464,0.9999925,7.520491e-06,0
48465,0.99999034,9.626608e-06,0
48466,1.0,4.2102923e-12,0
48467,0.9999454,5.4595315e-05,0
48468,0.99999535,4.704112e-06,0
48469,0.9999999,1.446977e-07,0
48470,1.0,2.7127118e-09,0
48471,0.9999999,8.270834e-08,0
48472,0.99999976,2.6480552e-07,0
48473,1.0,2.3114017e-08,0
48474,0.99789846,0.0021015464,0
48475,1.0,1.334479e-13,0
48476,0.9619123,0.038087785,0
48477,0.99999666,3.3181548e-06,0
48478,1.0,4.4102686e-09,0
48479,1.0,1.0125707e-09,0
48480,0.9999969,3.0500344e-06,0
48481,1.0,2.9498867e-10,0
48482,0.9999995,4.244788e-07,0
48483,1.0,8.0170326e-10,0
48484,1.0,5.3899996e-08,0
48485,1.0,8.483492e-12,0
48486,1.0,9.291082e-12,0
48487,1.0,4.089047e-11,0
48488,1.0,3.5080366e-11,0
48489,0.9999993,7.2797496e-07,0
48490,1.0,2.811763e-11,0
48491,0.99999964,3.6054468e-07,0
48492,0.9999988,1.1509858e-06,0
48493,0.99999857,1.4472753e-06,0
48494,0.9999999,1.2676885e-07,0
48495,0.9999999,1.4724712e-07,0
48496,1.0,4.2526406e-08,0
48497,0.9997055,0.00029453845,0
48498,0.99999154,8.488861e-06,0
48499,0.9999994,6.2543324e-07,0
48500,1.0,6.9632466e-10,0
48501,1.0,1.904048e-11,0
48502,1.0,3.289481e-10,0
48503,0.99998176,1.8217028e-05,0
48504,0.99997735,2.2671014e-05,0
48505,0.99999976,2.1277113e-07,0
48506,1.0,4.04301e-12,0
48507,0.99999714,2.8639888e-06,0
48508,0.9999981,1.9210152e-06,0
48509,1.0,1.2184517e-10,0
48510,1.0,1.4581511e-10,0
48511,1.0,2.376856e-10,0
48512,0.9999913,8.693523e-06,0
48513,1.0,2.4792112e-14,0
48514,1.0,8.409257e-12,0
48515,1.0,1.0711214e-12,0
48516,1.0,3.401197e-10,0
48517,1.0,1.4325474e-13,0
48518,0.9999765,2.345261e-05,0
48519,0.9999987,1.3144431e-06,0
48520,0.99869317,0.0013068495,0
48521,0.99999976,2.0926196e-07,0
48522,0.9999995,4.830993e-07,0
48523,0.9999999,1.6908744e-07,0
48524,1.0,3.1656572e-08,0
48525,0.9999999,9.442725e-08,0
48526,0.99999964,3.209217e-07,0
48527,0.99999964,4.1655184e-07,0
48528,1.0,2.7244865e-10,0
48529,0.9999995,4.659427e-07,0
48530,0.9999993,6.9624286e-07,0
48531,1.0,6.8037013e-12,0
48532,0.9999982,1.801336e-06,0
48533,1.0,3.3243325e-08,0
48534,1.0,1.3204693e-10,0
48535,1.0,5.5009327e-08,0
48536,0.9999995,4.4098965e-07,0
48537,0.99999785,2.1521241e-06,0
48538,0.99999964,3.6104842e-07,0
48539,1.0,2.8601332e-09,0
48540,1.0,1.00134345e-08,0
48541,0.9999999,1.7622685e-07,0
48542,0.9999964,3.5812027e-06,0
48543,1.0,7.601393e-12,0
48544,1.0,2.8494515e-08,0
48545,1.0,6.7351116e-13,0
48546,0.9999999,1.0623771e-07,0
48547,1.0,1.2198026e-14,0
48548,1.0,1.1108152e-09,0
48549,1.0,2.8599012e-11,0
48550,1.0,6.656405e-09,0
48551,0.99999046,9.491652e-06,0
48552,1.0,5.56256e-12,0
48553,1.0,2.1547253e-09,0
48554,1.0,8.722485e-09,0
48555,0.99999857,1.4635855e-06,0
48556,1.0,3.2379281e-09,0
48557,1.0,7.376908e-10,0
48558,0.9999999,1.1682592e-07,0
48559,1.0,1.262859e-10,0
48560,1.0,5.178499e-09,0
48561,1.0,3.7447347e-11,0
48562,1.0,1.1469197e-10,0
48563,1.0,2.8654736e-09,0
48564,1.0,4.249717e-10,0
48565,0.9999999,7.9782794e-08,0
48566,1.0,5.7436268e-11,0
48567,1.0,1.5596626e-11,0
48568,1.0,4.3761955e-10,0
48569,1.0,1.1894592e-10,0
48570,1.0,8.90942e-11,0
48571,1.0,5.6482694e-09,0
48572,0.9999995,5.279027e-07,0
48573,1.0,1.2716286e-09,0
48574,0.9999999,7.687651e-08,0
48575,1.0,1.9604275e-11,0
48576,1.0,1.5507209e-09,0
48577,1.0,9.675374e-09,0
48578,1.0,7.4991076e-11,0
48579,1.0,5.714188e-08,0
48580,0.9999995,4.3346142e-07,0
48581,1.0,1.039058e-08,0
48582,1.0,5.595334e-12,0
48583,1.0,5.153848e-08,0
48584,1.0,4.530328e-10,0
48585,1.0,2.850014e-10,0
48586,1.0,4.85603e-11,0
48587,1.0,7.3129136e-10,0
48588,0.9999999,8.8220254e-08,0
48589,1.0,6.2207803e-09,0
48590,1.0,7.131231e-10,0
48591,1.0,2.441633e-09,0
48592,1.0,1.8555503e-11,0
48593,0.9999976,2.3784605e-06,0
48594,1.0,3.088166e-10,0
48595,1.0,1.06484044e-10,0
48596,1.0,1.87101e-11,0
48597,1.0,8.436702e-11,0
48598,1.0,3.0909653e-10,0
48599,1.0,4.717312e-11,0
48600,1.0,3.3739758e-10,0
48601,0.9999993,7.5186523e-07,0
48602,1.0,7.4569805e-13,0
48603,1.0,6.0973186e-09,0
48604,1.0,5.2974573e-11,0
48605,0.99999976,1.8743243e-07,0
48606,0.9999987,1.2831078e-06,0
48607,1.0,8.821596e-10,0
48608,0.9999999,1.1318504e-07,0
48609,1.0,4.321283e-08,0
48610,0.99999917,7.837181e-07,0
48611,0.9999989,1.0434212e-06,0
48612,1.0,1.0441499e-12,0
48613,1.0,3.495859e-08,0
48614,0.9999994,5.3761477e-07,0
48615,1.0,9.785727e-13,0
48616,1.0,9.876427e-09,0
48617,0.99999976,2.434371e-07,0
48618,0.99999964,3.381795e-07,0
48619,1.0,1.240737e-08,0
48620,1.0,2.2441824e-09,0
48621,1.0,2.2796784e-10,0
48622,1.0,7.8672644e-14,0
48623,1.0,2.1327246e-08,0
48624,1.0,2.6974398e-09,0
48625,1.0,5.2900515e-09,0
48626,1.0,3.4487837e-08,0
48627,1.0,3.0361613e-11,0
48628,1.0,3.0829256e-08,0
48629,1.0,5.8246724e-10,0
48630,1.0,1.1977405e-08,0
48631,1.0,6.316758e-12,0
48632,1.0,5.6845373e-10,0
48633,0.999998,2.0138284e-06,0
48634,1.0,4.503553e-13,0
48635,0.99999976,1.9549832e-07,0
48636,1.0,3.377773e-11,0
48637,1.0,2.6308506e-09,0
48638,0.99999976,2.0672067e-07,0
48639,1.0,1.8027757e-10,0
48640,1.0,3.037127e-08,0
48641,0.99999917,7.916009e-07,0
48642,0.9999995,4.6892808e-07,0
48643,1.0,3.0728677e-09,0
48644,0.9999995,4.1873483e-07,0
48645,1.0,1.0227026e-09,0
48646,1.0,1.2224475e-08,0
48647,1.0,1.4177928e-09,0
48648,0.9999999,1.7080168e-07,0
48649,1.0,1.221076e-10,0
48650,0.9999993,6.711276e-07,0
48651,1.0,1.0902328e-08,0
48652,1.0,4.228033e-10,0
48653,1.0,2.6220326e-10,0
48654,1.0,7.785838e-09,0
48655,1.0,4.2279136e-13,0
48656,1.0,1.7105237e-09,0
48657,1.0,1.8423217e-08,0
48658,1.0,1.4007966e-09,0
48659,1.0,1.5279653e-11,0
48660,1.0,3.9835246e-09,0
48661,0.99999964,3.5535976e-07,0
48662,0.9999999,7.3191444e-08,0
48663,0.99999976,1.982999e-07,0
48664,1.0,2.8776734e-11,0
48665,1.0,2.3870989e-08,0
48666,1.0,9.2892133e-10,0
48667,1.0,3.2893448e-09,0
48668,1.0,3.5834036e-09,0
48669,1.0,1.725332e-08,0
48670,1.0,1.8319268e-10,0
48671,1.0,1.2997053e-09,0
48672,1.0,2.8897331e-09,0
48673,1.0,9.352298e-12,0
48674,1.0,2.8131684e-11,0
48675,1.0,3.5423582e-09,0
48676,0.99999976,2.6511125e-07,0
48677,1.0,2.8070518e-08,0
48678,1.0,6.968362e-10,0
48679,1.0,1.4317847e-10,0
48680,1.0,4.401829e-10,0
48681,1.0,5.912829e-11,0
48682,0.99999964,3.0471833e-07,0
48683,1.0,2.5998249e-08,0
48684,0.99999976,2.2429325e-07,0
48685,1.0,3.2064967e-10,0
48686,0.9999999,1.5131438e-07,0
48687,1.0,1.3581304e-10,0
48688,1.0,9.3386666e-11,0
48689,1.0,8.0475204e-10,0
48690,1.0,2.9466843e-08,0
48691,1.0,4.759133e-09,0
48692,1.0,2.9610737e-08,0
48693,0.99999976,2.2328267e-07,0
48694,0.99999976,2.9181214e-07,0
48695,1.0,1.5016004e-09,0
48696,0.9999999,1.4762846e-07,0
48697,1.0,1.1374416e-09,0
48698,1.0,3.020374e-08,0
48699,1.0,1.6759211e-08,0
48700,1.0,4.143522e-09,0
48701,1.0,2.0791349e-09,0
48702,1.0,2.4566946e-08,0
48703,1.0,1.4439669e-10,0
48704,1.0,2.4952868e-08,0
48705,0.9999987,1.2588604e-06,0
48706,1.0,1.2356771e-10,0
48707,1.0,9.128254e-11,0
48708,1.0,9.544686e-09,0
48709,1.0,1.4027932e-10,0
48710,1.0,3.2726874e-08,0
48711,1.0,2.3058972e-12,0
48712,1.0,4.0594458e-08,0
48713,1.0,2.7913308e-10,0
48714,0.9999999,6.2825976e-08,0
48715,1.0,3.5022257e-08,0
48716,1.0,3.3972273e-11,0
48717,1.0,1.2872158e-11,0
48718,1.0,2.4079238e-08,0
48719,1.0,4.6679933e-08,0
48720,1.0,1.4871135e-08,0
48721,1.0,6.7440595e-09,0
48722,1.0,2.682994e-10,0
48723,0.9999999,1.08517526e-07,0
48724,1.0,1.34841125e-08,0
48725,1.0,8.96824e-11,0
48726,1.0,5.4461047e-11,0
48727,1.0,7.9313733e-10,0
48728,1.0,4.9212998e-11,0
48729,1.0,6.3426997e-09,0
48730,1.0,5.668605e-08,0
48731,1.0,3.0044212e-10,0
48732,1.0,1.7089958e-11,0
48733,1.0,5.028578e-11,0
48734,1.0,6.886801e-09,0
48735,1.0,4.6287236e-09,0
48736,1.0,1.9136132e-10,0
48737,0.99999964,3.527218e-07,0
48738,0.9999999,1.2944618e-07,0
48739,1.0,5.218557e-09,0
48740,1.0,4.8881665e-14,0
48741,1.0,1.6643274e-10,0
48742,1.0,1.5429439e-09,0
48743,1.0,5.2737708e-09,0
48744,1.0,3.1249423e-11,0
48745,1.0,2.2703295e-12,0
48746,1.0,1.0850438e-09,0
48747,1.0,2.1887365e-09,0
48748,1.0,2.9353152e-11,0
48749,1.0,1.0335995e-10,0
48750,1.0,1.02700355e-08,0
48751,1.0,4.433786e-08,0
48752,1.0,2.4321011e-08,0
48753,1.0,2.774044e-10,0
48754,1.0,1.9775737e-09,0
48755,1.0,1.5361664e-09,0
48756,1.0,5.693823e-11,0
48757,1.0,4.3828807e-09,0
48758,1.0,1.0704762e-08,0
48759,1.0,3.1811762e-12,0
48760,0.9999987,1.258133e-06,0
48761,0.99999964,3.243846e-07,0
48762,1.0,6.707982e-10,0
48763,1.0,1.5420347e-09,0
48764,1.0,4.8616604e-09,0
48765,1.0,2.7085471e-11,0
48766,1.0,8.183829e-10,0
48767,1.0,5.080503e-11,0
48768,1.0,4.619855e-11,0
48769,1.0,1.2969275e-08,0
48770,1.0,1.048944e-09,0
48771,1.0,5.539973e-09,0
48772,1.0,4.0532657e-11,0
48773,1.0,1.4435746e-08,0
48774,1.0,1.1248147e-08,0
48775,1.0,3.749749e-09,0
48776,1.0,1.4626421e-09,0
48777,1.0,3.326938e-09,0
48778,1.0,3.3759875e-08,0
48779,1.0,5.678908e-08,0
48780,0.99999976,2.3133121e-07,0
48781,0.9999999,6.9495734e-08,0
48782,1.0,5.7091783e-11,0
48783,1.0,2.6733027e-11,0
48784,1.0,3.2373812e-11,0
48785,1.0,8.708413e-11,0
48786,0.9999988,1.1871416e-06,0
48787,1.0,5.0509517e-09,0
48788,1.0,5.8104392e-09,0
48789,1.0,3.2009986e-09,0
48790,1.0,3.385392e-10,0
48791,0.99999976,2.0396226e-07,0
48792,0.9999993,7.683003e-07,0
48793,1.0,1.4668691e-09,0
48794,1.0,1.961866e-09,0
48795,1.0,6.460173e-11,0
48796,1.0,1.0597284e-10,0
48797,1.0,1.6887198e-09,0
48798,1.0,1.6569457e-08,0
48799,1.0,5.1233023e-10,0
48800,1.0,4.3517787e-08,0
48801,0.9999999,1.284638e-07,0
48802,1.0,9.008774e-10,0
48803,1.0,5.9422764e-09,0
48804,1.0,1.1253276e-08,0
48805,1.0,4.461302e-09,0
48806,1.0,3.834793e-09,0
48807,1.0,1.5288035e-09,0
48808,1.0,3.8789976e-09,0
48809,1.0,1.466283e-11,0
48810,1.0,3.6924153e-10,0
48811,1.0,6.490391e-12,0
48812,1.0,2.4977305e-11,0
48813,0.99999905,9.4342255e-07,0
48814,1.0,2.1793375e-10,0
48815,0.99999976,2.1464614e-07,0
48816,1.0,8.394882e-12,0
48817,1.0,1.0184206e-08,0
48818,1.0,2.2335067e-09,0
48819,0.9999995,4.551791e-07,0
48820,1.0,6.2661516e-09,0
48821,1.0,4.2030688e-13,0
48822,1.0,1.6575028e-11,0
48823,1.0,3.216243e-13,0
48824,1.0,5.2025534e-10,0
48825,0.9999999,1.2556012e-07,0
48826,1.0,7.948998e-11,0
48827,0.9999968,3.167474e-06,0
48828,0.99999976,2.9761415e-07,0
48829,1.0,4.827386e-10,0
48830,1.0,1.4546351e-09,0
48831,1.0,9.6899905e-11,0
48832,1.0,8.47497e-12,0
48833,1.0,6.562059e-10,0
48834,1.0,3.72077e-11,0
48835,1.0,2.991702e-11,0
48836,1.0,2.3251299e-09,0
48837,1.0,8.0735685e-09,0
48838,1.0,1.2364191e-11,0
48839,1.0,1.466893e-11,0
48840,1.0,3.521856e-10,0
48841,1.0,1.787949e-09,0
48842,1.0,1.2020757e-11,0
48843,1.0,6.515531e-09,0
48844,1.0,2.0081584e-11,0
48845,1.0,4.855987e-10,0
48846,1.0,3.9470083e-10,0
48847,1.0,3.3905903e-12,0
48848,1.0,4.28702e-10,0
48849,1.0,8.267917e-12,0
48850,1.0,2.9725337e-11,0
48851,1.0,1.0957192e-09,0
48852,1.0,1.6854762e-09,0
48853,1.0,6.068082e-09,0
48854,1.0,5.2669753e-09,0
48855,1.0,5.319104e-11,0
48856,1.0,2.1157955e-09,0
48857,1.0,3.7146544e-09,0
48858,1.0,1.1970439e-08,0
48859,1.0,1.0295051e-10,0
48860,1.0,3.4013493e-12,0
48861,1.0,8.210494e-12,0
48862,0.9999999,1.6246705e-07,0
48863,1.0,7.629706e-11,0
48864,0.9999994,6.0294127e-07,0
48865,1.0,1.0240337e-09,0
48866,1.0,1.9305566e-11,0
48867,1.0,3.5344232e-08,0
48868,1.0,2.966362e-10,0
48869,1.0,5.4464874e-08,0
48870,1.0,5.3319734e-11,0
48871,1.0,8.62737e-11,0
48872,1.0,2.6010163e-11,0
48873,1.0,1.4983802e-11,0
48874,1.0,1.7274887e-08,0
48875,0.9999999,7.623041e-08,0
48876,1.0,6.180445e-11,0
48877,1.0,1.921363e-10,0
48878,1.0,4.803048e-10,0
48879,1.0,1.4666466e-11,0
48880,1.0,9.195786e-09,0
48881,1.0,1.0826846e-10,0
48882,1.0,3.7632314e-10,0
48883,1.0,6.934357e-09,0
48884,1.0,1.1684176e-09,0
48885,1.0,8.97286e-11,0
48886,1.0,1.426853e-10,0
48887,0.9999999,9.147927e-08,0
48888,0.99999964,3.0838024e-07,0
48889,1.0,3.8596595e-10,0
48890,1.0,9.640512e-11,0
48891,1.0,2.2675632e-09,0
48892,1.0,5.7168684e-12,0
48893,1.0,3.035132e-10,0
48894,0.9999999,1.2454417e-07,0
48895,1.0,9.036463e-10,0
48896,1.0,2.8804838e-12,0
48897,0.9999999,8.3874085e-08,0
48898,1.0,5.393686e-10,0
48899,1.0,7.702725e-12,0
48900,0.9999999,1.0616782e-07,0
48901,1.0,3.2220101e-12,0
48902,1.0,1.0883415e-09,0
48903,1.0,5.4621252e-11,0
48904,1.0,2.8213777e-12,0
48905,1.0,1.0143878e-09,0
48906,1.0,4.1127335e-10,0
48907,1.0,1.286363e-09,0
48908,0.99999964,3.587071e-07,0
48909,1.0,2.7103146e-11,0
48910,1.0,1.6378307e-10,0
48911,1.0,3.519351e-10,0
48912,1.0,1.188635e-08,0
48913,1.0,1.1868156e-12,0
48914,1.0,4.4169212e-08,0
48915,1.0,5.391595e-11,0
48916,1.0,1.3922748e-10,0
48917,1.0,3.8444214e-10,0
48918,1.0,1.5374496e-10,0
48919,1.0,1.2130685e-08,0
48920,1.0,6.181371e-09,0
48921,1.0,2.7863548e-08,0
48922,1.0,2.305794e-10,0
48923,1.0,1.1689715e-11,0
48924,0.9999988,1.1842199e-06,0
48925,1.0,9.351812e-09,0
48926,1.0,3.763039e-09,0
48927,1.0,4.901013e-10,0
48928,1.0,4.2434927e-08,0
48929,1.0,5.3099054e-09,0
48930,1.0,2.4225407e-08,0
48931,1.0,1.0288528e-11,0
48932,1.0,8.382818e-12,0
48933,0.9999999,6.974312e-08,0
48934,1.0,2.4528974e-08,0
48935,1.0,7.693981e-10,0
48936,1.0,2.0918876e-09,0
48937,1.0,2.4108557e-08,0
48938,0.9999999,9.771557e-08,0
48939,1.0,1.1010897e-11,0
48940,1.0,2.4308558e-10,0
48941,0.99999964,4.0154714e-07,0
48942,1.0,6.1471683e-13,0
48943,1.0,1.5613974e-08,0
48944,1.0,1.0265649e-08,0
48945,1.0,2.4953426e-09,0
48946,1.0,5.8669024e-12,0
48947,1.0,2.3912877e-11,0
48948,0.9999999,1.1367941e-07,0
48949,1.0,1.6510496e-08,0
48950,1.0,2.8659217e-09,0
48951,1.0,3.457393e-11,0
48952,1.0,4.2754755e-09,0
48953,1.0,7.382792e-10,0
48954,1.0,1.3792962e-11,0
48955,1.0,4.6834862e-11,0
48956,1.0,2.9604083e-11,0
48957,1.0,2.3660378e-09,0
48958,1.0,4.3945808e-10,0
48959,1.0,4.6269516e-08,0
48960,1.0,1.4230215e-09,0
48961,1.0,4.6310525e-10,0
48962,1.0,3.4324494e-12,0
48963,0.9999999,6.7826335e-08,0
48964,1.0,3.2216582e-13,0
48965,1.0,4.0667287e-09,0
48966,1.0,5.0394715e-09,0
48967,1.0,1.5370295e-11,0
48968,1.0,3.888542e-11,0
48969,1.0,1.13183365e-10,0
48970,1.0,1.627194e-10,0
48971,1.0,2.3153758e-13,0
48972,1.0,3.0790367e-11,0
48973,1.0,3.538573e-11,0
48974,1.0,3.141612e-10,0
48975,1.0,1.7168435e-11,0
48976,1.0,5.3687293e-12,0
48977,1.0,8.551233e-09,0
48978,0.9999999,7.64736e-08,0
48979,1.0,2.5929769e-11,0
48980,1.0,6.589423e-11,0
48981,1.0,4.922774e-11,0
48982,1.0,1.3470204e-12,0
48983,1.0,1.0832144e-08,0
48984,1.0,1.2185358e-13,0
48985,0.9999999,1.3835226e-07,0
48986,1.0,5.637939e-12,0
48987,1.0,3.8293327e-13,0
48988,1.0,3.9029984e-09,0
48989,1.0,5.219686e-11,0
48990,1.0,6.2685295e-13,0
48991,1.0,2.4095808e-13,0
48992,1.0,2.7043673e-10,0
48993,1.0,3.1274933e-08,0
48994,1.0,5.5051705e-09,0
48995,1.0,1.4115994e-10,0
48996,1.0,1.5302804e-12,0
48997,1.0,8.3787977e-10,0
48998,1.0,1.4158255e-09,0
48999,1.0,1.0217701e-10,0
49000,1.0,6.645745e-10,0
49001,1.0,3.5417836e-13,0
49002,1.0,8.485811e-11,0
49003,1.0,1.9422611e-11,0
49004,1.0,6.174071e-11,0
49005,1.0,1.0864215e-08,0
49006,1.0,2.1301632e-08,0
49007,1.0,2.6541032e-11,0
49008,1.0,1.8079348e-09,0
49009,1.0,1.04772586e-10,0
49010,1.0,7.3605483e-10,0
49011,0.9999999,8.296208e-08,0
49012,1.0,1.1152867e-08,0
49013,1.0,4.2810366e-11,0
49014,1.0,1.1188619e-08,0
49015,1.0,5.8761844e-09,0
49016,1.0,5.1853412e-08,0
49017,1.0,3.978555e-11,0
49018,1.0,2.51249e-11,0
49019,1.0,1.4149439e-11,0
49020,1.0,1.3543588e-10,0
49021,1.0,1.2261598e-09,0
49022,1.0,1.4481745e-08,0
49023,1.0,1.2330338e-09,0
49024,0.9999995,4.7049727e-07,0
49025,1.0,3.5137117e-13,0
49026,1.0,1.077913e-09,0
49027,1.0,4.7519606e-08,0
49028,0.9999999,6.903954e-08,0
49029,1.0,1.6205255e-10,0
49030,1.0,7.018667e-09,0
49031,1.0,1.8325018e-08,0
49032,0.9999999,1.3433522e-07,0
49033,1.0,1.7403328e-09,0
49034,1.0,2.7394415e-10,0
49035,1.0,6.816246e-09,0
49036,1.0,9.110695e-09,0
49037,1.0,7.473498e-09,0
49038,1.0,2.1770378e-12,0
49039,1.0,4.674624e-11,0
49040,0.9999989,1.018304e-06,0
49041,1.0,3.5489993e-09,0
49042,1.0,3.7242458e-09,0
49043,1.0,3.4737616e-10,0
49044,1.0,1.1192093e-09,0
49045,1.0,2.999444e-11,0
49046,1.0,4.103016e-11,0
49047,0.99999976,2.2658269e-07,0
49048,1.0,5.8314753e-10,0
49049,1.0,1.2031641e-09,0
49050,1.0,4.1086953e-14,0
49051,1.0,4.234879e-09,0
49052,0.9999999,1.1560612e-07,0
49053,1.0,5.405924e-09,0
49054,1.0,3.0808258e-09,0
49055,1.0,1.9910207e-09,0
49056,1.0,7.162959e-12,0
49057,1.0,1.6812645e-08,0
49058,1.0,1.533109e-11,0
49059,0.9999999,1.5639225e-07,0
49060,1.0,1.6413958e-10,0
49061,1.0,1.3071787e-09,0
49062,0.9999999,1.1473131e-07,0
49063,1.0,2.7621055e-11,0
49064,1.0,6.4275868e-12,0
49065,0.99999964,3.4265304e-07,0
49066,1.0,1.0723009e-12,0
49067,1.0,2.4315257e-12,0
49068,1.0,1.1525814e-11,0
49069,1.0,1.4478886e-10,0
49070,1.0,1.29469135e-11,0
49071,1.0,3.1780484e-11,0
49072,1.0,6.2929115e-12,0
49073,1.0,4.0836093e-10,0
49074,1.0,1.9415298e-09,0
49075,1.0,2.7515512e-08,0
49076,1.0,8.933008e-10,0
49077,1.0,1.7891515e-11,0
49078,1.0,4.8236658e-11,0
49079,1.0,1.5404716e-08,0
49080,1.0,6.1650045e-09,0
49081,1.0,1.6461848e-12,0
49082,1.0,1.1686003e-09,0
49083,1.0,3.4648053e-08,0
49084,0.9999999,1.278605e-07,0
49085,1.0,3.0761116e-12,0
49086,1.0,2.9817684e-10,0
49087,1.0,3.9333562e-12,0
49088,1.0,3.2482765e-13,0
49089,1.0,9.1901714e-10,0
49090,1.0,1.9575805e-11,0
49091,0.99999774,2.2493662e-06,0
49092,1.0,1.4909978e-13,0
49093,1.0,7.384397e-10,0
49094,1.0,8.208481e-14,0
49095,0.9999999,6.385942e-08,0
49096,0.9999999,1.3438364e-07,0
49097,0.9999995,4.3522354e-07,0
49098,0.9999993,6.731031e-07,0
49099,1.0,9.409424e-09,0
49100,1.0,4.1395704e-10,0
49101,1.0,1.7810932e-10,0
49102,1.0,1.2983773e-09,0
49103,1.0,7.887353e-10,0
49104,1.0,3.003105e-09,0
49105,1.0,5.3396047e-08,0
49106,0.9999944,5.5630594e-06,0
49107,1.0,6.590774e-09,0
49108,1.0,2.6284145e-08,0
49109,1.0,4.4872603e-10,0
49110,1.0,1.052674e-09,0
49111,1.0,1.4937718e-11,0
49112,1.0,1.44010945e-08,0
49113,1.0,8.6732094e-10,0
49114,1.0,2.0616342e-08,0
49115,1.0,7.4104717e-10,0
49116,1.0,1.1681507e-08,0
49117,1.0,5.823764e-09,0
49118,1.0,1.0601732e-10,0
49119,1.0,1.2745893e-08,0
49120,0.9999999,6.580339e-08,0
49121,1.0,2.7573364e-11,0
49122,1.0,6.7022577e-12,0
49123,1.0,8.049582e-09,0
49124,0.99999976,2.416353e-07,0
49125,1.0,2.6132467e-09,0
49126,1.0,2.5149135e-13,0
49127,1.0,1.9161973e-08,0
49128,1.0,4.0047663e-08,0
49129,1.0,4.0430448e-10,0
49130,1.0,6.205493e-09,0
49131,1.0,1.2824751e-09,0
49132,1.0,1.8318168e-08,0
49133,1.0,7.356506e-10,0
49134,1.0,3.9512886e-09,0
49135,1.0,3.0891751e-09,0
49136,0.9999993,7.3328374e-07,0
49137,1.0,2.1056673e-08,0
49138,1.0,3.5258885e-10,0
49139,1.0,1.272561e-08,0
49140,1.0,2.0148487e-08,0
49141,1.0,3.421149e-08,0
49142,1.0,3.9844326e-11,0
49143,1.0,3.0369751e-09,0
49144,1.0,2.6538844e-08,0
49145,1.0,1.8012908e-10,0
49146,0.99999917,7.793223e-07,0
49147,1.0,1.13093545e-11,0
49148,1.0,1.4959624e-10,0
49149,1.0,1.2720119e-09,0
49150,1.0,4.1310537e-09,0
49151,1.0,1.3508915e-10,0
49152,1.0,1.0956814e-09,0
49153,1.0,4.645147e-09,0
49154,0.9999999,6.8085434e-08,0
49155,1.0,1.5965997e-08,0
49156,1.0,3.6574704e-08,0
49157,1.0,3.8254587e-08,0
49158,1.0,4.751944e-11,0
49159,1.0,9.79734e-10,0
49160,1.0,3.972629e-09,0
49161,1.0,1.4106883e-08,0
49162,1.0,2.9787162e-10,0
49163,1.0,4.8136187e-08,0
49164,1.0,3.154378e-13,0
49165,1.0,1.1273658e-09,0
49166,1.0,2.0403086e-10,0
49167,1.0,1.4950283e-08,0
49168,1.0,1.4631366e-08,0
49169,1.0,5.2780404e-08,0
49170,1.0,2.5736227e-11,0
49171,1.0,1.3748593e-08,0
49172,1.0,1.2691964e-08,0
49173,1.0,1.1328192e-09,0
49174,1.0,2.5679487e-08,0
49175,1.0,1.37517935e-08,0
49176,1.0,4.8459268e-11,0
49177,1.0,4.214091e-09,0
49178,1.0,1.0441713e-09,0
49179,1.0,3.6051195e-10,0
49180,1.0,8.488895e-09,0
49181,1.0,2.2941187e-08,0
49182,1.0,6.3180323e-09,0
49183,1.0,1.8830086e-09,0
49184,1.0,5.2611046e-08,0
49185,1.0,1.5734498e-10,0
49186,1.0,9.203015e-09,0
49187,1.0,6.04201e-11,0
49188,1.0,7.418175e-11,0
49189,1.0,1.1833309e-11,0
49190,1.0,1.1930362e-09,0
49191,1.0,7.1072775e-10,0
49192,1.0,1.879666e-11,0
49193,1.0,3.2055443e-09,0
49194,1.0,2.232229e-09,0
49195,1.0,2.1370571e-08,0
49196,1.0,2.4638486e-10,0
49197,1.0,1.1147805e-08,0
49198,1.0,1.4783957e-10,0
49199,0.9999999,6.256576e-08,0
49200,1.0,4.692757e-08,0
49201,1.0,2.1595772e-08,0
49202,0.99999976,2.4130046e-07,0
49203,1.0,1.1522699e-10,0
49204,1.0,4.0144943e-08,0
49205,1.0,9.1835123e-10,0
49206,1.0,4.413834e-10,0
49207,1.0,7.0311712e-12,0
49208,1.0,6.7858624e-10,0
49209,1.0,5.9513644e-12,0
49210,1.0,1.9874856e-08,0
49211,1.0,1.8627364e-09,0
49212,1.0,7.37605e-10,0
49213,1.0,5.42049e-10,0
49214,1.0,7.250374e-10,0
49215,1.0,4.9845137e-09,0
49216,1.0,1.0435944e-08,0
49217,1.0,2.7667136e-11,0
49218,1.0,1.856232e-09,0
49219,1.0,9.542424e-10,0
49220,1.0,1.1799086e-09,0
49221,1.0,9.709931e-12,0
49222,1.0,1.2774332e-10,0
49223,1.0,1.7750581e-08,0
49224,1.0,1.4931053e-11,0
49225,1.0,2.3507438e-09,0
49226,1.0,1.5259528e-11,0
49227,1.0,1.5932555e-09,0
49228,1.0,4.549189e-09,0
49229,0.9999999,7.168413e-08,0
49230,1.0,5.1940092e-09,0
49231,1.0,2.7020395e-08,0
49232,1.0,5.2024517e-11,0
49233,1.0,4.946254e-12,0
49234,1.0,1.0986609e-10,0
49235,1.0,2.8315805e-10,0
49236,1.0,8.259985e-09,0
49237,0.99999964,3.278617e-07,0
49238,1.0,1.3012966e-11,0
49239,1.0,3.4031131e-09,0
49240,1.0,1.40981e-10,0
49241,1.0,8.342284e-09,0
49242,1.0,7.4901196e-10,0
49243,1.0,1.1679296e-09,0
49244,1.0,5.0662057e-09,0
49245,1.0,2.6171474e-09,0
49246,1.0,3.3628194e-08,0
49247,1.0,3.4793532e-09,0
49248,1.0,8.039669e-09,0
49249,1.0,3.910353e-09,0
49250,1.0,4.5376095e-10,0
49251,1.0,1.1367324e-09,0
49252,1.0,4.8131962e-08,0
49253,1.0,3.0022246e-08,0
49254,1.0,1.936368e-08,0
49255,1.0,1.4040366e-08,0
49256,1.0,1.186328e-10,0
49257,1.0,4.3511204e-09,0
49258,1.0,2.752232e-09,0
49259,1.0,6.3023498e-09,0
49260,1.0,2.4899154e-11,0
49261,1.0,3.0911867e-08,0
49262,1.0,4.713357e-10,0
49263,1.0,1.8753216e-08,0
49264,1.0,2.2014812e-09,0
49265,1.0,2.8335903e-10,0
49266,1.0,2.2721827e-09,0
49267,1.0,3.773853e-11,0
49268,1.0,1.1249814e-09,0
49269,0.9999999,1.0236559e-07,0
49270,1.0,1.0376123e-08,0
49271,1.0,1.0393994e-11,0
49272,1.0,2.4252083e-08,0
49273,1.0,3.0612773e-10,0
49274,1.0,3.5486183e-10,0
49275,1.0,4.5615383e-08,0
49276,1.0,4.12422e-09,0
49277,1.0,3.7687517e-08,0
49278,1.0,1.0863505e-09,0
49279,1.0,3.1138683e-12,0
49280,1.0,2.0960094e-09,0
49281,1.0,2.4323144e-08,0
49282,1.0,4.341295e-10,0
49283,1.0,9.8822115e-09,0
49284,1.0,2.5900224e-10,0
49285,1.0,1.7620265e-09,0
49286,1.0,1.0248579e-10,0
49287,1.0,2.583787e-09,0
49288,1.0,1.1828701e-08,0
49289,1.0,1.3532039e-11,0
49290,1.0,7.827813e-09,0
49291,1.0,1.2497625e-08,0
49292,1.0,3.707026e-08,0
49293,0.9999993,6.895162e-07,0
49294,1.0,1.3996415e-11,0
49295,1.0,7.2537626e-10,0
49296,1.0,1.2722551e-08,0
49297,1.0,1.169296e-09,0
49298,1.0,6.5414646e-10,0
49299,1.0,3.292613e-10,0
49300,1.0,2.1872841e-09,0
49301,1.0,1.4869206e-08,0
49302,1.0,1.6649664e-09,0
49303,0.99999964,2.9945159e-07,0
49304,1.0,1.4313574e-08,0
49305,0.9999994,5.983336e-07,0
49306,1.0,3.992274e-08,0
49307,1.0,1.7408208e-09,0
49308,1.0,1.0343613e-09,0
49309,1.0,3.749792e-09,0
49310,1.0,2.97094e-08,0
49311,1.0,3.3115014e-10,0
49312,0.9999999,7.339232e-08,0
49313,1.0,2.746597e-11,0
49314,1.0,2.494204e-10,0
49315,1.0,1.675667e-10,0
49316,1.0,1.9865512e-10,0
49317,1.0,1.0260436e-09,0
49318,1.0,1.7101542e-10,0
49319,1.0,1.6315263e-10,0
49320,1.0,4.584742e-11,0
49321,1.0,1.0210887e-09,0
49322,1.0,4.934669e-10,0
49323,1.0,1.3255781e-08,0
49324,1.0,1.0818841e-09,0
49325,1.0,3.2466335e-10,0
49326,0.9999999,9.517638e-08,0
49327,1.0,2.2718576e-09,0
49328,1.0,2.5697515e-08,0
49329,1.0,2.6166982e-09,0
49330,1.0,5.615739e-10,0
49331,1.0,3.407772e-08,0
49332,1.0,1.458894e-10,0
49333,1.0,1.1307123e-09,0
49334,1.0,1.8254454e-11,0
49335,0.9999999,9.433418e-08,0
49336,1.0,9.544753e-10,0
49337,1.0,1.3223242e-10,0
49338,1.0,4.208404e-09,0
49339,0.99999905,9.417208e-07,0
49340,1.0,1.1531285e-08,0
49341,1.0,2.6720935e-08,0
49342,1.0,2.8669138e-11,0
49343,0.9999999,8.3385174e-08,0
49344,1.0,7.527658e-10,0
49345,1.0,1.0998089e-08,0
49346,1.0,9.833927e-09,0
49347,0.9999999,6.734203e-08,0
49348,1.0,1.5889622e-08,0
49349,1.0,2.3782993e-09,0
49350,0.9999999,6.4427084e-08,0
49351,1.0,2.946483e-11,0
49352,1.0,2.2650225e-08,0
49353,1.0,4.251366e-12,0
49354,1.0,1.414171e-09,0
49355,1.0,3.5546105e-08,0
49356,1.0,9.838269e-11,0
49357,1.0,6.0408e-11,0
49358,1.0,5.5895098e-12,0
49359,1.0,1.8085211e-09,0
49360,0.9999999,1.0492752e-07,0
49361,1.0,3.5485188e-09,0
49362,1.0,3.149994e-10,0
49363,1.0,2.3484953e-08,0
49364,1.0,6.266555e-10,0
49365,1.0,5.776215e-10,0
49366,1.0,1.1647956e-08,0
49367,1.0,2.3723294e-08,0
49368,1.0,2.9593277e-09,0
49369,1.0,1.8410833e-10,0
49370,1.0,5.6152496e-09,0
49371,0.9999999,1.0194258e-07,0
49372,1.0,7.0381747e-12,0
49373,1.0,7.831726e-09,0
49374,1.0,4.075219e-11,0
49375,1.0,8.2348315e-09,0
49376,0.9999999,6.392497e-08,0
49377,1.0,4.5803104e-11,0
49378,1.0,1.7976955e-08,0
49379,1.0,9.715757e-10,0
49380,1.0,1.787892e-08,0
49381,1.0,1.8463325e-11,0
49382,1.0,5.9811106e-12,0
49383,1.0,2.7606096e-11,0
49384,1.0,2.2574134e-09,0
49385,1.0,3.444599e-10,0
49386,1.0,8.201799e-10,0
49387,1.0,2.1896028e-11,0
49388,1.0,3.23615e-09,0
49389,1.0,2.4337612e-09,0
49390,1.0,1.5483447e-09,0
49391,1.0,7.80712e-12,0
49392,1.0,1.3744347e-08,0
49393,1.0,9.3126307e-10,0
49394,1.0,2.9707572e-09,0
49395,1.0,1.0557252e-11,0
49396,1.0,1.7386107e-13,0
49397,1.0,9.835802e-09,0
49398,1.0,4.640914e-09,0
49399,1.0,5.0687015e-12,0
49400,1.0,1.4590582e-10,0
49401,1.0,2.1694917e-10,0
49402,1.0,6.0581275e-12,0
49403,1.0,2.5062323e-09,0
49404,1.0,2.0046081e-10,0
49405,1.0,3.9507912e-09,0
49406,1.0,1.2859368e-08,0
49407,1.0,6.649857e-09,0
49408,1.0,6.0152064e-11,0
49409,1.0,1.0938485e-12,0
49410,1.0,5.0528804e-12,0
49411,1.0,2.836889e-10,0
49412,1.0,3.079634e-12,0
49413,1.0,8.7361965e-11,0
49414,1.0,4.4271765e-12,0
49415,1.0,2.511781e-11,0
49416,1.0,1.7750131e-13,0
49417,1.0,5.361658e-12,0
49418,1.0,8.984437e-11,0
49419,1.0,6.411314e-12,0
49420,1.0,5.222739e-09,0
49421,1.0,8.786664e-11,0
49422,1.0,3.220588e-10,0
49423,1.0,2.0986614e-13,0
49424,1.0,1.9080859e-12,0
49425,1.0,1.6456473e-09,0
49426,1.0,6.265694e-10,0
49427,1.0,5.243745e-11,0
49428,1.0,1.6051162e-11,0
49429,1.0,2.3016197e-10,0
49430,1.0,7.968314e-13,0
49431,1.0,3.7340413e-12,0
49432,1.0,1.7731394e-12,0
49433,0.9999994,5.640961e-07,0
49434,1.0,6.680612e-12,0
49435,1.0,2.537351e-10,0
49436,0.9999999,1.6378924e-07,0
49437,1.0,1.6833808e-10,0
49438,1.0,6.9545494e-11,0
49439,1.0,1.542601e-11,0
49440,1.0,4.523593e-10,0
49441,1.0,4.056315e-10,0
49442,0.9999994,5.91514e-07,0
49443,0.99999964,3.8816864e-07,0
49444,1.0,8.8405966e-10,0
49445,1.0,4.9368804e-14,0
49446,1.0,3.079953e-11,0
49447,1.0,2.4895678e-08,0
49448,1.0,2.496228e-09,0
49449,1.0,4.837251e-09,0
49450,1.0,6.509353e-10,0
49451,1.0,2.2956419e-08,0
49452,1.0,8.566709e-09,0
49453,1.0,1.300838e-10,0
49454,1.0,6.305563e-12,0
49455,1.0,4.647358e-11,0
49456,1.0,1.935802e-09,0
49457,1.0,3.950552e-08,0
49458,1.0,1.8580347e-13,0
49459,1.0,1.0059789e-10,0
49460,1.0,2.5473193e-11,0
49461,1.0,3.9545095e-12,0
49462,1.0,2.0111865e-11,0
49463,1.0,1.3230956e-11,0
49464,1.0,1.1019447e-11,0
49465,0.9999999,7.552041e-08,0
49466,1.0,1.1701928e-09,0
49467,1.0,3.917062e-10,0
49468,1.0,5.9069e-11,0
49469,1.0,1.05737925e-08,0
49470,1.0,2.4713342e-08,0
49471,1.0,4.442282e-09,0
49472,1.0,8.172169e-12,0
49473,1.0,2.1819183e-08,0
49474,1.0,9.912161e-11,0
49475,1.0,6.6219225e-13,0
49476,0.99999917,7.757319e-07,0
49477,1.0,3.3760356e-10,0
49478,1.0,3.0395986e-10,0
49479,1.0,5.697341e-08,0
49480,1.0,5.3187615e-10,0
49481,1.0,4.380697e-10,0
49482,1.0,1.9009598e-11,0
49483,1.0,3.41632e-10,0
49484,1.0,1.8957096e-11,0
49485,1.0,6.351047e-11,0
49486,1.0,2.6532454e-09,0
49487,1.0,4.321717e-09,0
49488,1.0,2.8383273e-11,0
49489,1.0,2.8003566e-08,0
49490,1.0,3.982978e-09,0
49491,1.0,2.0994883e-11,0
49492,1.0,5.1910254e-10,0
49493,0.9999999,8.7131106e-08,0
49494,1.0,3.8995956e-10,0
49495,1.0,1.1074558e-09,0
49496,1.0,1.2624296e-11,0
49497,1.0,2.0306765e-10,0
49498,1.0,6.258235e-12,0
49499,1.0,2.7944246e-11,0
49500,1.0,3.029045e-12,0
49501,1.0,1.1096901e-10,0
49502,1.0,1.0892802e-09,0
49503,1.0,1.22752235e-08,0
49504,1.0,4.660231e-10,0
49505,1.0,2.0296221e-11,0
49506,1.0,1.6152897e-09,0
49507,1.0,1.4821819e-10,0
49508,1.0,4.5786272e-10,0
49509,1.0,1.5064133e-10,0
49510,1.0,1.6577661e-10,0
49511,1.0,5.890103e-11,0
49512,1.0,4.6359838e-10,0
49513,1.0,1.853336e-11,0
49514,1.0,1.0447257e-08,0
49515,1.0,2.2443194e-09,0
49516,1.0,4.259759e-12,0
49517,0.9999999,1.02067496e-07,0
49518,1.0,3.393266e-10,0
49519,1.0,1.4055042e-09,0
49520,1.0,1.4163534e-11,0
49521,1.0,4.9063964e-08,0
49522,1.0,1.0780281e-09,0
49523,1.0,3.1780394e-09,0
49524,1.0,4.085933e-09,0
49525,1.0,2.6138198e-13,0
49526,1.0,1.3833226e-10,0
49527,1.0,7.0371854e-11,0
49528,1.0,1.9003943e-11,0
49529,1.0,8.736338e-09,0
49530,1.0,3.538779e-09,0
49531,1.0,9.398671e-11,0
49532,1.0,1.9931825e-13,0
49533,1.0,4.1563747e-10,0
49534,0.99999976,2.3644246e-07,0
49535,1.0,2.3795699e-09,0
49536,1.0,4.359305e-08,0
49537,1.0,3.9202497e-08,0
49538,1.0,5.196365e-10,0
49539,1.0,1.2286466e-08,0
49540,1.0,3.1842966e-12,0
49541,1.0,3.2641667e-11,0
49542,1.0,3.9247047e-10,0
49543,1.0,2.5739908e-11,0
49544,1.0,3.0016933e-11,0
49545,1.0,2.5305278e-09,0
49546,1.0,1.720982e-10,0
49547,1.0,2.2894184e-09,0
49548,1.0,6.3894866e-12,0
49549,0.9999999,6.509831e-08,0
49550,0.9999999,6.0440584e-08,0
49551,1.0,7.500174e-09,0
49552,1.0,5.1229015e-10,0
49553,1.0,6.3156732e-12,0
49554,1.0,2.2387322e-12,0
49555,1.0,3.978642e-13,0
49556,1.0,3.1940157e-09,0
49557,1.0,1.6447868e-10,0
49558,1.0,2.8155012e-09,0
49559,0.9999999,1.1950756e-07,0
49560,0.9999999,1.14344616e-07,0
49561,1.0,1.3473081e-12,0
49562,1.0,3.3683898e-09,0
49563,1.0,2.4158995e-09,0
49564,1.0,1.7104447e-10,0
49565,1.0,8.759226e-10,0
49566,1.0,1.294289e-11,0
49567,0.9999999,7.019232e-08,0
49568,1.0,8.2090457e-10,0
49569,1.0,1.9857406e-10,0
49570,1.0,1.5493086e-08,0
49571,1.0,4.009845e-10,0
49572,1.0,1.1309624e-09,0
49573,1.0,8.788829e-14,0
49574,1.0,6.8350583e-09,0
49575,1.0,7.8444445e-10,0
49576,1.0,1.9020689e-08,0
49577,0.99999976,2.1733793e-07,0
49578,1.0,2.2865762e-10,0
49579,1.0,4.0507198e-09,0
49580,1.0,4.8040246e-08,0
49581,1.0,5.1107758e-08,0
49582,1.0,2.9404576e-12,0
49583,1.0,3.7264957e-14,0
49584,1.0,1.321109e-10,0
49585,0.9999999,1.0265065e-07,0
49586,1.0,1.307968e-11,0
49587,1.0,1.6338946e-08,0
49588,1.0,1.0610684e-08,0
49589,1.0,5.3559082e-14,0
49590,1.0,8.9447926e-13,0
49591,1.0,7.674133e-11,0
49592,0.9999999,9.2280146e-08,0
49593,0.9999999,1.0727003e-07,0
49594,1.0,2.0015104e-13,0
49595,1.0,1.3119487e-10,0
49596,1.0,6.9267e-10,0
49597,1.0,9.9102136e-11,0
49598,1.0,4.2935008e-10,0
49599,1.0,5.7993894e-09,0
49600,1.0,4.372491e-10,0
49601,1.0,6.005315e-14,0
49602,0.99999964,3.9563966e-07,0
49603,1.0,6.62979e-11,0
49604,1.0,5.272815e-09,0
49605,1.0,3.0337993e-11,0
49606,1.0,1.4220264e-08,0
49607,1.0,1.0653264e-09,0
49608,1.0,7.2852646e-10,0
49609,1.0,1.1747006e-10,0
49610,1.0,6.313006e-10,0
49611,1.0,5.2539895e-10,0
49612,0.9999999,8.3973966e-08,0
49613,1.0,3.445545e-10,0
49614,1.0,2.5716368e-10,0
49615,1.0,7.958286e-10,0
49616,1.0,6.1775633e-13,0
49617,1.0,7.923529e-13,0
49618,1.0,2.5239227e-10,0
49619,1.0,2.191139e-12,0
49620,1.0,1.081961e-08,0
49621,1.0,9.629018e-09,0
49622,1.0,4.3100467e-08,0
49623,1.0,3.8891095e-09,0
49624,0.9999969,3.139931e-06,0
49625,1.0,6.225997e-11,0
49626,1.0,3.839239e-11,0
49627,1.0,6.57271e-09,0
49628,1.0,3.2601302e-10,0
49629,1.0,1.8813655e-08,0
49630,1.0,8.981053e-09,0
49631,1.0,5.3462895e-08,0
49632,1.0,1.5618113e-08,0
49633,1.0,6.2103617e-12,0
49634,1.0,2.7695965e-11,0
49635,1.0,1.1645551e-09,0
49636,0.99999857,1.4481907e-06,0
49637,1.0,9.361994e-11,0
49638,1.0,1.6708628e-11,0
49639,0.99999964,3.20721e-07,0
49640,1.0,5.0623226e-09,0
49641,1.0,8.9347375e-12,0
49642,1.0,9.8510755e-11,0
49643,1.0,2.459286e-09,0
49644,1.0,4.4847938e-11,0
49645,0.99999976,2.3746658e-07,0
49646,1.0,1.37144935e-08,0
49647,1.0,6.267499e-10,0
49648,1.0,3.908362e-09,0
49649,1.0,3.383883e-09,0
49650,1.0,2.3693266e-08,0
49651,1.0,5.2853083e-10,0
49652,1.0,1.2559097e-10,0
49653,1.0,1.877948e-09,0
49654,1.0,8.175556e-11,0
49655,1.0,1.6892352e-09,0
49656,1.0,4.9314454e-12,0
49657,1.0,1.5521819e-10,0
49658,1.0,2.070888e-08,0
49659,1.0,3.2330805e-11,0
49660,1.0,1.7648384e-09,0
49661,1.0,1.5829855e-11,0
49662,1.0,1.0682157e-09,0
49663,1.0,4.119886e-10,0
49664,1.0,6.645235e-11,0
49665,1.0,8.262254e-09,0
49666,1.0,4.488493e-10,0
49667,1.0,3.9397704e-11,0
49668,1.0,8.932386e-12,0
49669,1.0,1.951503e-08,0
49670,1.0,9.660391e-11,0
49671,1.0,2.6979105e-11,0
49672,1.0,1.0402507e-10,0
49673,0.9999999,9.982565e-08,0
49674,0.9999995,4.618082e-07,0
49675,1.0,4.1156234e-09,0
49676,1.0,5.709187e-08,0
49677,1.0,8.903011e-12,0
49678,1.0,1.1661383e-08,0
49679,1.0,7.4659645e-12,0
49680,1.0,7.975427e-10,0
49681,1.0,2.3383455e-11,0
49682,1.0,5.270151e-09,0
49683,1.0,7.238749e-11,0
49684,1.0,2.773658e-10,0
49685,1.0,5.4742193e-09,0
49686,1.0,1.0704047e-08,0
49687,1.0,8.6550274e-11,0
49688,1.0,2.880561e-08,0
49689,1.0,1.4922568e-11,0
49690,1.0,3.547813e-10,0
49691,1.0,4.2239908e-08,0
49692,1.0,1.3046462e-08,0
49693,1.0,5.7445504e-10,0
49694,1.0,2.6475835e-09,0
49695,1.0,1.9305935e-11,0
49696,1.0,2.6097588e-10,0
49697,1.0,3.246439e-08,0
49698,1.0,3.2550682e-09,0
49699,1.0,1.6400126e-10,0
49700,1.0,3.2916585e-14,0
49701,1.0,1.5816305e-11,0
49702,1.0,1.0866804e-12,0
49703,1.0,3.0176894e-09,0
49704,1.0,1.1069474e-08,0
49705,1.0,4.21572e-14,0
49706,1.0,6.8333495e-13,0
49707,1.0,3.8760557e-12,0
49708,1.0,7.0929734e-11,0
49709,1.0,1.6876694e-10,0
49710,1.0,1.6949138e-11,0
49711,1.0,5.0103377e-08,0
49712,1.0,1.1187035e-09,0
49713,1.0,1.4547717e-12,0
49714,0.9999999,6.5458266e-08,0
49715,1.0,4.1730383e-11,0
49716,1.0,4.160191e-13,0
49717,1.0,2.7713434e-09,0
49718,1.0,7.5633355e-10,0
49719,1.0,1.4534404e-12,0
49720,0.9999993,6.9861466e-07,0
49721,0.9999957,4.2631027e-06,0
49722,0.9999987,1.26578e-06,0
49723,1.0,1.7380946e-08,0
49724,1.0,2.3209448e-11,0
49725,1.0,9.005569e-12,0
49726,1.0,2.8292877e-09,0
49727,1.0,4.0852854e-13,0
49728,1.0,1.9047444e-12,0
49729,1.0,3.2907738e-10,0
49730,1.0,3.2834096e-12,0
49731,1.0,5.08977e-13,0
49732,1.0,1.5989194e-11,0
49733,1.0,2.8832527e-13,0
49734,1.0,3.4036532e-12,0
49735,1.0,1.0283404e-08,0
49736,1.0,1.5602085e-13,0
49737,1.0,3.854303e-14,0
49738,1.0,5.0350564e-11,0
49739,0.9999999,1.1855527e-07,0
49740,1.0,5.08194e-10,0
49741,1.0,8.834035e-11,0
49742,1.0,1.721402e-10,0
49743,1.0,6.4473743e-10,0
49744,1.0,5.421017e-10,0
49745,1.0,5.2262092e-12,0
49746,1.0,5.350482e-12,0
49747,1.0,9.752487e-09,0
49748,1.0,1.5541697e-10,0
49749,1.0,7.449962e-12,0
49750,1.0,4.6874494e-13,0
49751,1.0,3.745442e-11,0
49752,1.0,6.0632316e-10,0
49753,1.0,6.193848e-12,0
49754,1.0,2.7608246e-08,0
49755,1.0,3.0024447e-10,0
49756,1.0,1.1826044e-11,0
49757,1.0,5.4141585e-09,0
49758,1.0,1.2769928e-09,0
49759,1.0,1.5159365e-10,0
49760,1.0,1.8593244e-10,0
49761,1.0,5.7664507e-10,0
49762,1.0,9.865592e-11,0
49763,1.0,8.077528e-09,0
49764,1.0,2.1085027e-10,0
49765,1.0,4.394939e-11,0
49766,1.0,5.7847453e-11,0
49767,1.0,2.8529984e-11,0
49768,1.0,2.777749e-11,0
49769,1.0,5.2985616e-10,0
49770,1.0,4.214402e-10,0
49771,1.0,2.8311525e-11,0
49772,1.0,4.344099e-12,0
49773,1.0,1.7080826e-12,0
49774,1.0,5.5427546e-12,0
49775,1.0,7.512475e-12,0
49776,1.0,5.317113e-12,0
49777,1.0,7.680894e-12,0
49778,1.0,6.9443795e-12,0
49779,1.0,6.85811e-12,0
49780,1.0,7.4806683e-10,0
49781,0.9999999,6.0563366e-08,0
49782,1.0,2.2509178e-12,0
49783,1.0,3.0376323e-11,0
49784,1.0,2.0290812e-10,0
49785,1.0,5.5033144e-12,0
49786,1.0,9.726409e-12,0
49787,1.0,8.441768e-12,0
49788,1.0,5.3372137e-11,0
49789,1.0,5.4923457e-12,0
49790,1.0,9.235462e-12,0
49791,1.0,2.8156743e-08,0
49792,1.0,6.3379983e-12,0
49793,1.0,1.7935967e-11,0
49794,1.0,8.973967e-12,0
49795,1.0,3.1355896e-10,0
49796,1.0,4.7029828e-11,0
49797,0.9999982,1.7405682e-06,0
49798,1.0,6.2811506e-11,0
49799,1.0,3.628386e-11,0
49800,1.0,2.7564981e-09,0
49801,1.0,2.044745e-11,0
49802,1.0,1.0077452e-11,0
49803,1.0,2.3217264e-09,0
49804,1.0,6.2615034e-13,0
49805,1.0,3.4021332e-09,0
49806,1.0,2.3889432e-12,0
49807,1.0,1.5292424e-11,0
49808,1.0,2.0708346e-10,0
49809,1.0,4.454387e-10,0
49810,1.0,1.8791644e-11,0
49811,1.0,3.0667066e-10,0
49812,1.0,8.038163e-10,0
49813,1.0,2.5550428e-10,0
49814,1.0,4.838775e-12,0
49815,1.0,3.3287626e-11,0
49816,1.0,7.6009643e-10,0
49817,1.0,2.9086766e-10,0
49818,1.0,1.6180887e-10,0
49819,1.0,1.64887e-10,0
49820,1.0,8.724644e-10,0
49821,1.0,4.323434e-08,0
49822,1.0,3.2613447e-09,0
49823,1.0,1.1514181e-09,0
49824,0.99999976,2.1713947e-07,0
49825,1.0,3.1888963e-09,0
49826,1.0,7.179521e-09,0
49827,1.0,1.4918372e-09,0
49828,1.0,7.409422e-11,0
49829,1.0,2.7437735e-12,0
49830,1.0,4.1079826e-10,0
49831,1.0,6.874907e-10,0
49832,1.0,9.225045e-11,0
49833,1.0,1.2973376e-09,0
49834,1.0,1.114154e-11,0
49835,1.0,4.8732723e-10,0
49836,1.0,7.875139e-12,0
49837,1.0,1.173234e-10,0
49838,1.0,1.0489226e-08,0
49839,1.0,2.2279637e-12,0
49840,1.0,3.6225706e-11,0
49841,1.0,4.776967e-09,0
49842,1.0,9.135908e-13,0
49843,1.0,4.7386754e-11,0
49844,1.0,2.433081e-11,0
49845,1.0,2.1747306e-08,0
49846,1.0,4.4866892e-09,0
49847,1.0,1.1080759e-11,0
49848,1.0,6.6621175e-10,0
49849,1.0,6.7980266e-10,0
49850,1.0,2.8407755e-11,0
49851,1.0,1.9384619e-13,0
49852,1.0,5.0892366e-09,0
49853,1.0,3.8916138e-11,0
49854,1.0,6.211384e-11,0
49855,1.0,8.684291e-12,0
49856,1.0,6.6124667e-10,0
49857,1.0,1.0720576e-08,0
49858,1.0,1.45145e-10,0
49859,1.0,2.3899358e-09,0
49860,0.9999994,5.804903e-07,0
49861,1.0,3.632217e-10,0
49862,1.0,4.8445193e-12,0
49863,1.0,2.4669921e-08,0
49864,0.9999999,1.1274506e-07,0
49865,1.0,5.6032667e-09,0
49866,1.0,2.7031178e-11,0
49867,1.0,4.861946e-10,0
49868,1.0,3.0698753e-12,0
49869,1.0,4.925848e-10,0
49870,1.0,1.6420722e-10,0
49871,1.0,8.4899915e-10,0
49872,1.0,1.4294899e-10,0
49873,1.0,3.8880174e-10,0
49874,1.0,2.2754658e-09,0
49875,1.0,8.1383185e-09,0
49876,1.0,1.623347e-10,0
49877,1.0,1.743578e-10,0
49878,1.0,1.9688844e-08,0
49879,1.0,9.8754e-11,0
49880,1.0,2.005137e-09,0
49881,1.0,5.033736e-09,0
49882,1.0,3.227323e-09,0
49883,0.9999999,6.726809e-08,0
49884,1.0,2.3220896e-09,0
49885,1.0,9.411991e-09,0
49886,1.0,1.6525413e-10,0
49887,1.0,7.9062666e-11,0
49888,1.0,1.7898666e-09,0
49889,1.0,1.3467855e-10,0
49890,1.0,4.3177437e-10,0
49891,1.0,1.7349651e-11,0
49892,1.0,8.510476e-12,0
49893,1.0,4.612061e-08,0
49894,1.0,6.731012e-14,0
49895,1.0,1.640018e-11,0
49896,1.0,2.5773084e-10,0
49897,1.0,1.5174879e-09,0
49898,1.0,4.5804965e-10,0
49899,1.0,1.4946788e-10,0
49900,1.0,1.2829235e-08,0
49901,1.0,4.5083777e-08,0
49902,1.0,2.236414e-09,0
49903,1.0,1.7550725e-10,0
49904,1.0,1.212939e-08,0
49905,1.0,1.1465136e-09,0
49906,1.0,8.8784785e-11,0
49907,1.0,2.0225513e-10,0
49908,1.0,9.532232e-11,0
49909,1.0,6.5719323e-09,0
49910,0.99999976,2.098475e-07,0
49911,1.0,1.6340856e-11,0
49912,1.0,1.2764437e-11,0
49913,1.0,3.401236e-10,0
49914,1.0,3.815775e-11,0
49915,1.0,6.378461e-10,0
49916,1.0,1.1078783e-09,0
49917,1.0,3.934501e-10,0
49918,1.0,3.2264966e-10,0
49919,1.0,2.37421e-10,0
49920,1.0,1.2516506e-10,0
49921,1.0,3.650118e-08,0
49922,1.0,1.641543e-10,0
49923,1.0,6.5021905e-11,0
49924,1.0,5.5334493e-08,0
49925,1.0,1.7185324e-09,0
49926,1.0,3.106612e-09,0
49927,1.0,5.4589405e-10,0
49928,1.0,2.7156586e-12,0
49929,1.0,1.756032e-08,0
49930,1.0,2.3493352e-10,0
49931,1.0,4.8390706e-12,0
49932,1.0,8.493e-11,0
49933,1.0,1.1825225e-12,0
49934,0.9999999,1.3602504e-07,0
49935,1.0,9.252486e-10,0
49936,1.0,5.3130893e-08,0
49937,1.0,1.7191269e-08,0
49938,1.0,1.4599301e-09,0
49939,1.0,1.9343162e-11,0
49940,1.0,1.2962043e-10,0
49941,1.0,9.658217e-11,0
49942,1.0,3.0625213e-10,0
49943,1.0,1.0389926e-12,0
49944,1.0,1.9985609e-10,0
49945,1.0,7.835043e-09,0
49946,1.0,2.5744463e-12,0
49947,1.0,4.776099e-10,0
49948,1.0,1.3046672e-10,0
49949,1.0,2.8360652e-11,0
49950,1.0,4.5233993e-08,0
49951,1.0,7.4240496e-11,0
49952,1.0,1.8353542e-10,0
49953,1.0,1.0374297e-09,0
49954,1.0,2.1941754e-12,0
49955,1.0,5.532515e-10,0
49956,1.0,5.1499705e-10,0
49957,1.0,3.7986397e-10,0
49958,1.0,5.2129655e-13,0
49959,1.0,7.5964857e-10,0
49960,1.0,6.32144e-10,0
49961,1.0,8.7011e-13,0
49962,1.0,6.1065366e-09,0
49963,1.0,5.4863836e-10,0
49964,1.0,4.0318995e-11,0
49965,1.0,1.0667411e-10,0
49966,1.0,1.6922092e-12,0
49967,1.0,3.5468404e-09,0
49968,1.0,1.8967224e-11,0
49969,1.0,1.0521511e-11,0
49970,1.0,4.679261e-08,0
49971,1.0,1.5031157e-10,0
49972,1.0,4.940863e-11,0
49973,1.0,2.742756e-10,0
49974,1.0,4.0203751e-10,0
49975,1.0,9.9448276e-11,0
49976,1.0,1.2978318e-10,0
49977,1.0,1.03196646e-10,0
49978,1.0,4.677688e-09,0
49979,1.0,8.258999e-11,0
49980,1.0,2.0374154e-10,0
49981,0.99999833,1.6984299e-06,0
49982,1.0,3.5701686e-09,0
49983,1.0,4.7147373e-12,0
49984,1.0,1.1794511e-10,0
49985,1.0,1.1335469e-10,0
49986,1.0,1.2124665e-09,0
49987,1.0,3.021718e-11,0
49988,1.0,1.6535312e-10,0
49989,1.0,1.502687e-12,0
49990,1.0,2.8187236e-10,0
49991,1.0,5.6032766e-13,0
49992,1.0,1.4511191e-12,0
49993,1.0,1.41629e-09,0
49994,1.0,2.059336e-11,0
49995,1.0,1.3524738e-11,0
49996,1.0,2.3211485e-11,0
49997,1.0,6.474926e-11,0
49998,1.0,1.5779911e-10,0
49999,1.0,2.1007621e-11,0
50000,1.0,6.019238e-10,0
50001,1.0,1.1429764e-09,0
50002,1.0,5.8289623e-10,0
50003,1.0,1.1576389e-09,0
50004,1.0,6.1305913e-12,0
50005,1.0,1.6302074e-10,0
50006,1.0,2.959312e-08,0
50007,1.0,3.0945182e-09,0
50008,1.0,4.833393e-10,0
50009,1.0,1.0119283e-12,0
50010,1.0,6.085172e-11,0
50011,1.0,1.1699595e-11,0
50012,1.0,7.402119e-11,0
50013,1.0,7.145285e-13,0
50014,1.0,2.9900217e-13,0
50015,1.0,2.4598196e-10,0
50016,1.0,2.669677e-13,0
50017,1.0,1.1206933e-10,0
50018,1.0,3.1277317e-08,0
50019,1.0,9.021902e-12,0
50020,1.0,3.7598308e-10,0
50021,1.0,1.02972894e-10,0
50022,1.0,2.401122e-12,0
50023,1.0,2.0559676e-12,0
50024,0.99999964,3.1797575e-07,0
50025,1.0,1.4023892e-10,0
50026,1.0,6.9191495e-13,0
50027,1.0,1.0783951e-11,0
50028,1.0,8.041785e-13,0
50029,1.0,4.3348873e-08,0
50030,0.9999999,1.0668525e-07,0
50031,1.0,5.470826e-13,0
50032,1.0,2.3814915e-12,0
50033,1.0,4.2253982e-13,0
50034,1.0,3.6495884e-12,0
50035,0.9999999,8.9738656e-08,0
50036,1.0,2.7298191e-13,0
50037,1.0,2.9456628e-11,0
50038,1.0,1.4478899e-12,0
50039,1.0,7.135051e-11,0
50040,1.0,1.3984226e-10,0
50041,1.0,1.8257821e-12,0
50042,1.0,1.00946175e-10,0
50043,1.0,1.6457735e-12,0
50044,1.0,6.28051e-09,0
50045,1.0,1.0209046e-11,0
50046,1.0,1.2970196e-11,0
50047,1.0,1.171211e-09,0
50048,1.0,1.2540676e-12,0
50049,1.0,7.3509124e-13,0
50050,1.0,1.1230546e-12,0
50051,1.0,4.3280435e-13,0
50052,1.0,7.028445e-13,0
50053,1.0,9.702441e-14,0
50054,0.9999999,8.743794e-08,0
50055,0.9999989,1.0177234e-06,0
50056,1.0,1.1999968e-09,0
50057,1.0,5.1580826e-13,0
50058,1.0,2.2670829e-13,0
50059,1.0,7.941235e-12,0
50060,1.0,1.5303664e-10,0
50061,1.0,2.3362666e-12,0
50062,1.0,8.507328e-12,0
50063,1.0,8.3852435e-13,0
50064,1.0,1.0774668e-13,0
50065,1.0,9.5877134e-12,0
50066,0.99999714,2.8981249e-06,0
50067,1.0,6.814855e-09,0
50068,1.0,1.7375715e-11,0
50069,1.0,7.028098e-09,0
50070,1.0,4.35022e-11,0
50071,1.0,3.5975892e-11,0
50072,1.0,3.6159178e-10,0
50073,1.0,7.341924e-11,0
50074,1.0,2.8771346e-08,0
50075,1.0,3.1846366e-12,0
50076,1.0,1.2016826e-09,0
50077,1.0,4.088211e-08,0
50078,1.0,5.482821e-12,0
50079,1.0,8.3807955e-10,0
50080,1.0,6.74049e-11,0
50081,1.0,1.6454064e-12,0
50082,0.9999999,7.924077e-08,0
50083,1.0,4.767079e-14,0
50084,1.0,2.4399625e-12,0
50085,1.0,1.4845677e-09,0
50086,1.0,7.2524625e-10,0
50087,0.9999994,6.155056e-07,0
50088,1.0,1.4085031e-11,0
50089,1.0,9.110682e-12,0
50090,1.0,2.8666498e-12,0
50091,1.0,2.281861e-11,0
50092,1.0,1.9260579e-08,0
50093,1.0,1.9248889e-13,0
50094,1.0,1.4281803e-12,0
50095,1.0,1.84064e-11,0
50096,1.0,1.44286215e-11,0
50097,0.9999999,7.1326525e-08,0
50098,1.0,3.2861682e-11,0
50099,1.0,2.4196e-11,0
50100,1.0,5.522188e-12,0
50101,1.0,3.8360934e-10,0
50102,1.0,5.1727533e-09,0
50103,1.0,2.2940924e-08,0
50104,1.0,1.0674616e-10,0
50105,1.0,4.198943e-09,0
50106,1.0,4.8445614e-10,0
50107,1.0,1.9409752e-12,0
50108,1.0,1.541013e-11,0
50109,1.0,2.889831e-10,0
50110,1.0,2.0326528e-10,0
50111,1.0,7.397335e-11,0
50112,1.0,4.0192866e-10,0
50113,1.0,7.3527637e-13,0
50114,1.0,3.0038007e-11,0
50115,0.9999999,1.6850953e-07,0
50116,1.0,5.300355e-12,0
50117,1.0,3.3514774e-13,0
50118,1.0,2.9683964e-12,0
50119,1.0,1.7950615e-11,0
50120,1.0,2.3562818e-10,0
50121,1.0,1.2949329e-08,0
50122,1.0,3.558042e-12,0
50123,1.0,3.2947428e-10,0
50124,1.0,1.6605105e-09,0
50125,1.0,6.700523e-11,0
50126,1.0,6.7238046e-09,0
50127,1.0,1.6866324e-11,0
50128,1.0,3.5736802e-11,0
50129,1.0,1.328025e-12,0
50130,1.0,1.1104492e-08,0
50131,1.0,1.0124708e-08,0
50132,1.0,2.6292755e-09,0
50133,1.0,3.0595817e-08,0
50134,1.0,3.9277956e-11,0
50135,1.0,1.8490173e-08,0
50136,1.0,8.107862e-12,0
50137,1.0,4.9707283e-09,0
50138,1.0,2.2486803e-10,0
50139,1.0,1.012775e-10,0
50140,1.0,1.1279061e-08,0
50141,1.0,2.0739268e-09,0
50142,1.0,3.7422105e-13,0
50143,1.0,4.19311e-12,0
50144,1.0,7.917876e-10,0
50145,1.0,1.2196568e-09,0
50146,0.99999976,2.3563658e-07,0
50147,1.0,1.0977764e-11,0
50148,0.99999857,1.4516696e-06,0
50149,1.0,3.4726978e-12,0
50150,1.0,9.342835e-11,0
50151,1.0,1.1231194e-11,0
50152,1.0,1.1279318e-12,0
50153,1.0,1.0703403e-10,0
50154,1.0,1.5306723e-11,0
50155,1.0,3.6947418e-09,0
50156,1.0,1.3925602e-12,0
50157,1.0,4.9186053e-08,0
50158,1.0,7.4046186e-11,0
50159,1.0,1.6196573e-10,0
50160,1.0,1.416839e-12,0
50161,1.0,1.5659171e-10,0
50162,1.0,7.992367e-12,0
50163,1.0,1.5877002e-10,0
50164,1.0,1.7332155e-11,0
50165,1.0,2.8411778e-10,0
50166,0.9999994,5.791179e-07,0
50167,1.0,1.9495032e-10,0
50168,1.0,3.247759e-11,0
50169,1.0,8.079681e-10,0
50170,1.0,6.0982283e-12,0
50171,1.0,5.8216737e-10,0
50172,1.0,7.015079e-13,0
50173,1.0,1.745761e-10,0
50174,1.0,5.400058e-10,0
50175,1.0,8.20802e-12,0
50176,0.99999976,1.7913281e-07,0
50177,1.0,4.3214206e-09,0
50178,1.0,9.596912e-13,0
50179,1.0,1.5237402e-10,0
50180,1.0,8.443511e-11,0
50181,1.0,1.1313249e-09,0
50182,1.0,5.5339927e-10,0
50183,1.0,7.416884e-12,0
50184,1.0,4.719459e-09,0
50185,1.0,1.9891608e-09,0
50186,1.0,5.8662813e-10,0
50187,1.0,2.9908706e-10,0
50188,1.0,2.9791247e-14,0
50189,1.0,3.3217387e-09,0
50190,1.0,5.700256e-11,0
50191,1.0,2.6591094e-11,0
50192,1.0,1.6876943e-11,0
50193,0.9999999,8.7796074e-08,0
50194,1.0,1.627531e-08,0
50195,1.0,1.7710489e-10,0
50196,1.0,1.455467e-10,0
50197,1.0,9.668027e-10,0
50198,1.0,3.9803935e-10,0
50199,1.0,2.215695e-12,0
50200,1.0,7.2736855e-10,0
50201,1.0,1.624331e-11,0
50202,1.0,4.303327e-12,0
50203,1.0,4.007007e-11,0
50204,1.0,3.3547713e-09,0
50205,1.0,4.0554838e-08,0
50206,1.0,4.3014085e-11,0
50207,1.0,3.1621446e-12,0
50208,1.0,1.5388733e-09,0
50209,0.99999845,1.5717769e-06,0
50210,1.0,3.2810827e-11,0
50211,1.0,2.0013978e-11,0
50212,1.0,1.6019994e-11,0
50213,1.0,2.4571501e-11,0
50214,1.0,6.9572232e-09,0
50215,1.0,9.865747e-10,0
50216,1.0,5.6152947e-12,0
50217,1.0,4.390178e-12,0
50218,1.0,1.8433761e-08,0
50219,1.0,4.04387e-10,0
50220,1.0,8.8989965e-10,0
50221,1.0,3.2388563e-08,0
50222,1.0,1.2894245e-08,0
50223,1.0,1.8531322e-10,0
50224,1.0,1.253538e-10,0
50225,1.0,1.6543145e-09,0
50226,1.0,1.3556777e-09,0
50227,1.0,5.8763605e-10,0
50228,1.0,2.8678723e-10,0
50229,1.0,5.583402e-09,0
50230,1.0,3.1128858e-10,0
50231,1.0,5.365108e-11,0
50232,1.0,4.7933315e-09,0
50233,1.0,1.3427892e-10,0
50234,1.0,1.993639e-09,0
50235,1.0,5.960722e-13,0
50236,1.0,8.1827635e-11,0
50237,1.0,3.1433262e-10,0
50238,1.0,4.003309e-11,0
50239,1.0,3.0742864e-09,0
50240,1.0,1.8227664e-11,0
50241,1.0,8.540017e-13,0
50242,1.0,5.738524e-11,0
50243,1.0,2.1824302e-12,0
50244,1.0,5.3372183e-13,0
50245,1.0,2.7461402e-08,0
50246,1.0,3.3411187e-09,0
50247,1.0,5.9850822e-12,0
50248,1.0,4.9684714e-13,0
50249,1.0,1.0988276e-08,0
50250,1.0,2.4601036e-08,0
50251,1.0,8.786212e-11,0
50252,1.0,3.8772846e-11,0
50253,0.9999993,7.203891e-07,0
50254,1.0,1.6720225e-08,0
50255,1.0,5.363037e-09,0
50256,1.0,3.0424045e-11,0
50257,1.0,3.9857683e-12,0
50258,1.0,1.0918527e-10,0
50259,1.0,4.6852015e-11,0
50260,1.0,1.9382895e-08,0
50261,1.0,5.2574724e-12,0
50262,1.0,1.2791113e-09,0
50263,1.0,1.3392499e-09,0
50264,1.0,4.3472279e-10,0
50265,1.0,2.0365769e-13,0
50266,1.0,8.036227e-11,0
50267,1.0,7.25268e-11,0
50268,1.0,4.999588e-12,0
50269,1.0,1.3927355e-12,0
50270,1.0,3.2344065e-11,0
50271,1.0,5.313124e-10,0
50272,1.0,6.407421e-10,0
50273,1.0,2.9203265e-11,0
50274,1.0,3.381673e-11,0
50275,1.0,5.936784e-12,0
50276,1.0,9.5546945e-11,0
50277,1.0,1.4718697e-08,0
50278,1.0,6.6004674e-11,0
50279,1.0,4.923462e-10,0
50280,1.0,4.9376436e-10,0
50281,1.0,4.495797e-12,0
50282,1.0,1.0319473e-09,0
50283,1.0,1.2742586e-12,0
50284,1.0,1.3247339e-08,0
50285,1.0,4.3067754e-12,0
50286,1.0,2.9104507e-11,0
50287,1.0,5.209735e-13,0
50288,1.0,1.0295433e-12,0
50289,1.0,7.118624e-09,0
50290,1.0,6.4052518e-12,0
50291,1.0,2.6692497e-09,0
50292,1.0,2.1172133e-12,0
50293,1.0,3.64394e-12,0
50294,1.0,6.3433774e-09,0
50295,1.0,1.0910252e-12,0
50296,1.0,2.7749278e-10,0
50297,0.9999999,7.8702286e-08,0
50298,1.0,1.8815456e-11,0
50299,1.0,5.060693e-12,0
50300,1.0,1.5569194e-11,0
50301,1.0,1.8772808e-10,0
50302,1.0,6.8482087e-10,0
50303,1.0,1.7081503e-09,0
50304,1.0,1.7995808e-10,0
50305,1.0,2.2608053e-12,0
50306,1.0,4.1941542e-10,0
50307,1.0,6.747459e-12,0
50308,1.0,1.1590745e-10,0
50309,1.0,3.0993486e-10,0
50310,1.0,1.5664886e-09,0
50311,1.0,9.650262e-11,0
50312,1.0,1.4951172e-11,0
50313,1.0,9.417114e-12,0
50314,1.0,1.6401752e-10,0
50315,1.0,1.0068091e-12,0
50316,1.0,2.6002065e-12,0
50317,1.0,7.495332e-11,0
50318,1.0,1.9661258e-12,0
50319,0.99999714,2.8057943e-06,0
50320,1.0,3.9822556e-13,0
50321,1.0,1.393273e-11,0
50322,1.0,1.3755071e-12,0
50323,1.0,9.233816e-10,0
50324,1.0,4.679827e-10,0
50325,1.0,1.2354474e-08,0
50326,0.99999976,2.2751333e-07,0
50327,1.0,5.1636963e-12,0
50328,1.0,2.1049534e-11,0
50329,1.0,6.765298e-11,0
50330,1.0,3.7752446e-10,0
50331,1.0,2.4052394e-11,0
50332,1.0,1.2624543e-10,0
50333,1.0,1.2482355e-08,0
50334,1.0,5.1364455e-09,0
50335,1.0,1.4045929e-13,0
50336,1.0,1.3248892e-10,0
50337,1.0,5.4045296e-10,0
50338,1.0,2.0412243e-09,0
50339,1.0,1.4737164e-14,0
50340,0.9999999,6.865059e-08,0
50341,1.0,2.6489777e-09,0
50342,1.0,1.5302569e-12,0
50343,1.0,2.7340153e-08,0
50344,1.0,5.035753e-09,0
50345,1.0,1.9849264e-10,0
50346,1.0,4.0952466e-10,0
50347,1.0,1.2065883e-09,0
50348,1.0,3.228405e-10,0
50349,1.0,7.2496686e-10,0
50350,1.0,1.33403245e-11,0
50351,1.0,9.671121e-11,0
50352,1.0,3.9859702e-10,0
50353,1.0,7.167883e-11,0
50354,1.0,4.51493e-10,0
50355,1.0,6.791915e-12,0
50356,1.0,3.12541e-13,0
50357,1.0,2.1396344e-12,0
50358,1.0,4.7445357e-11,0
50359,1.0,2.4533218e-13,0
50360,1.0,8.5009416e-11,0
50361,1.0,8.660312e-11,0
50362,1.0,1.3786848e-09,0
50363,1.0,2.0182946e-12,0
50364,1.0,3.814591e-14,0
50365,1.0,4.4231506e-12,0
50366,1.0,5.7390587e-08,0
50367,1.0,8.984437e-11,0
50368,1.0,3.1578893e-12,0
50369,1.0,2.495703e-10,0
50370,1.0,1.5519519e-09,0
50371,1.0,2.2251459e-10,0
50372,1.0,2.4684333e-11,0
50373,1.0,3.270358e-13,0
50374,1.0,6.78859e-11,0
50375,1.0,7.636978e-13,0
50376,1.0,1.8445023e-11,0
50377,1.0,5.663167e-09,0
50378,0.9999969,3.076719e-06,0
50379,1.0,1.93675e-14,0
50380,1.0,3.313016e-11,0
50381,1.0,5.607556e-12,0
50382,1.0,2.0287484e-10,0
50383,1.0,1.2065186e-10,0
50384,1.0,6.401688e-11,0
50385,1.0,7.419895e-09,0
50386,1.0,1.4038002e-09,0
50387,1.0,4.7047793e-10,0
50388,1.0,2.4784987e-09,0
50389,1.0,1.05912425e-10,0
50390,1.0,3.2053207e-11,0
50391,1.0,2.8820993e-12,0
50392,1.0,3.5218725e-12,0
50393,1.0,6.138156e-10,0
50394,1.0,2.9868998e-12,0
50395,1.0,1.703612e-12,0
50396,1.0,3.7822368e-13,0
50397,1.0,1.2062103e-10,0
50398,1.0,1.9329766e-12,0
50399,1.0,1.4645724e-11,0
50400,1.0,8.668476e-11,0
50401,1.0,1.0065696e-11,0
50402,1.0,3.5331252e-10,0
50403,1.0,3.941063e-11,0
50404,1.0,4.6333362e-12,0
50405,1.0,1.97671e-13,0
50406,1.0,4.8754827e-11,0
50407,1.0,2.8063394e-12,0
50408,1.0,2.326311e-08,0
50409,1.0,1.4840214e-09,0
50410,1.0,4.017916e-13,0
50411,1.0,1.1960967e-08,0
50412,1.0,1.5204313e-09,0
50413,1.0,2.5048315e-13,0
50414,1.0,4.720111e-11,0
50415,1.0,3.7528574e-11,0
50416,1.0,1.1917495e-08,0
50417,1.0,1.1201543e-11,0
50418,1.0,9.889905e-09,0
50419,1.0,1.3319113e-12,0
50420,1.0,4.3691777e-08,0
50421,1.0,2.2784066e-12,0
50422,1.0,3.982839e-10,0
50423,1.0,3.114544e-13,0
50424,1.0,4.6509494e-11,0
50425,1.0,1.5000031e-09,0
50426,1.0,1.8324589e-09,0
50427,1.0,1.4493252e-10,0
50428,1.0,2.052057e-09,0
50429,1.0,6.8551087e-10,0
50430,1.0,1.192833e-14,0
50431,1.0,1.2403017e-08,0
50432,0.99999785,2.1337637e-06,0
50433,1.0,1.1757715e-11,0
50434,1.0,2.2706272e-09,0
50435,1.0,6.434324e-11,0
50436,1.0,1.0986153e-09,0
50437,1.0,1.2844801e-09,0
50438,1.0,3.4310194e-10,0
50439,1.0,5.2817282e-11,0
50440,1.0,6.5172234e-12,0
50441,1.0,9.411094e-09,0
50442,1.0,3.9238982e-13,0
50443,1.0,1.5256264e-08,0
50444,1.0,8.720152e-10,0
50445,1.0,1.1164094e-10,0
50446,1.0,1.0908052e-11,0
50447,1.0,1.0106176e-10,0
50448,1.0,8.016547e-09,0
50449,1.0,7.2972496e-11,0
50450,1.0,4.2403507e-13,0
50451,1.0,1.4048381e-11,0
50452,1.0,5.365564e-09,0
50453,1.0,1.4432847e-09,0
50454,1.0,2.6467528e-11,0
50455,1.0,8.180325e-12,0
50456,1.0,3.193009e-10,0
50457,1.0,5.47277e-12,0
50458,1.0,9.971608e-11,0
50459,1.0,5.053346e-11,0
50460,1.0,3.976886e-11,0
50461,1.0,1.1922895e-10,0
50462,1.0,2.649604e-09,0
50463,1.0,1.197569e-12,0
50464,1.0,4.3321777e-11,0
50465,1.0,7.8504314e-10,0
50466,1.0,3.046118e-09,0
50467,1.0,9.946312e-10,0
50468,1.0,4.0931318e-13,0
50469,1.0,1.0120093e-12,0
50470,1.0,2.2537394e-09,0
50471,1.0,4.3659635e-11,0
50472,1.0,1.0567739e-09,0
50473,1.0,1.7644049e-12,0
50474,1.0,2.5781344e-10,0
50475,1.0,7.585995e-12,0
50476,1.0,5.748885e-12,0
50477,1.0,2.3848084e-13,0
50478,1.0,2.8618016e-10,0
50479,1.0,5.213794e-12,0
50480,1.0,1.3057078e-10,0
50481,1.0,2.5513551e-11,0
50482,1.0,2.4381585e-11,0
50483,1.0,1.9975948e-08,0
50484,1.0,3.425636e-11,0
50485,1.0,6.0469956e-13,0
50486,1.0,1.8361998e-12,0
50487,1.0,1.6702246e-12,0
50488,1.0,1.3843812e-10,0
50489,1.0,1.3681104e-08,0
50490,1.0,3.282031e-09,0
50491,1.0,1.476138e-11,0
50492,1.0,2.0757442e-08,0
50493,1.0,1.4103365e-11,0
50494,1.0,1.9590251e-08,0
50495,1.0,2.6900678e-12,0
50496,1.0,9.1646496e-10,0
50497,1.0,1.927131e-08,0
50498,1.0,5.169195e-12,0
50499,1.0,2.3082845e-10,0
50500,1.0,5.009762e-09,0
50501,1.0,5.1933085e-12,0
50502,1.0,1.796997e-11,0
50503,1.0,7.208252e-13,0
50504,1.0,1.8580102e-09,0
50505,1.0,8.7243315e-13,0
50506,1.0,1.8819495e-09,0
50507,1.0,3.9914418e-13,0
50508,1.0,1.993562e-10,0
50509,1.0,2.049402e-08,0
50510,1.0,1.7214135e-12,0
50511,1.0,4.2339425e-09,0
50512,1.0,2.874917e-09,0
50513,1.0,8.0303285e-11,0
50514,1.0,4.6756852e-11,0
50515,1.0,4.346577e-12,0
50516,1.0,8.055798e-10,0
50517,1.0,5.6676754e-08,0
50518,1.0,5.3315973e-11,0
50519,0.99999905,9.696232e-07,0
50520,1.0,5.8508076e-13,0
50521,1.0,8.9217224e-13,0
50522,0.9999999,6.290139e-08,0
50523,1.0,2.3728843e-13,0
50524,1.0,2.07605e-11,0
50525,1.0,3.4697665e-11,0
50526,1.0,2.0007587e-09,0
50527,1.0,9.769147e-13,0
50528,1.0,2.7553464e-13,0
50529,1.0,2.322434e-10,0
50530,1.0,2.0095388e-10,0
50531,1.0,1.9864896e-11,0
50532,1.0,1.8272454e-12,0
50533,1.0,8.503925e-11,0
50534,1.0,5.7024585e-09,0
50535,1.0,1.0899026e-11,0
50536,1.0,5.820163e-10,0
50537,1.0,1.7128628e-11,0
50538,1.0,9.207963e-10,0
50539,1.0,1.3998716e-14,0
50540,1.0,2.983798e-11,0
50541,1.0,1.7917886e-14,0
50542,1.0,1.2826053e-08,0
50543,1.0,3.6344694e-10,0
50544,1.0,2.1595152e-12,0
50545,1.0,3.499656e-11,0
50546,0.9999995,4.2923264e-07,0
50547,1.0,2.661461e-13,0
50548,1.0,2.4927746e-12,0
50549,1.0,4.921112e-11,0
50550,1.0,1.4309145e-09,0
50551,1.0,1.9727392e-10,0
50552,1.0,2.3331254e-10,0
50553,1.0,7.8725894e-11,0
50554,1.0,5.497974e-12,0
50555,1.0,3.957534e-09,0
50556,1.0,1.0331003e-11,0
50557,1.0,3.2248566e-12,0
50558,1.0,4.6879677e-13,0
50559,1.0,6.4976128e-12,0
50560,1.0,1.4978639e-10,0
50561,1.0,1.2652372e-12,0
50562,1.0,6.642403e-09,0
50563,1.0,3.878844e-08,0
50564,1.0,8.4680135e-10,0
50565,0.9999993,6.844766e-07,0
50566,1.0,1.1417911e-09,0
50567,1.0,1.0037786e-10,0
50568,1.0,1.4647875e-11,0
50569,1.0,2.2492646e-09,0
50570,1.0,5.3490025e-12,0
50571,1.0,1.4981161e-09,0
50572,1.0,3.2440461e-10,0
50573,1.0,1.1683206e-11,0
50574,1.0,2.3889732e-10,0
50575,1.0,5.710295e-09,0
50576,1.0,1.3268846e-10,0
50577,1.0,2.9594868e-12,0
50578,1.0,7.921849e-10,0
50579,1.0,9.410039e-12,0
50580,1.0,1.4869738e-09,0
50581,1.0,2.2190343e-10,0
50582,1.0,7.639157e-11,0
50583,1.0,2.4228815e-09,0
50584,1.0,2.2878643e-09,0
50585,1.0,8.342022e-11,0
50586,1.0,4.509433e-09,0
50587,1.0,3.149255e-10,0
50588,1.0,1.7943641e-10,0
50589,1.0,2.359483e-11,0
50590,0.9999994,5.7359284e-07,0
50591,1.0,5.8655685e-09,0
50592,1.0,2.1356428e-12,0
50593,1.0,3.128715e-09,0
50594,1.0,8.790514e-12,0
50595,1.0,2.7232941e-08,0
50596,1.0,8.935467e-09,0
50597,1.0,1.1595853e-10,0
50598,1.0,1.9951112e-09,0
50599,1.0,2.2164118e-10,0
50600,1.0,9.5667614e-12,0
50601,1.0,3.2598115e-11,0
50602,1.0,3.7342449e-10,0
50603,1.0,1.7811116e-12,0
50604,1.0,1.2889123e-09,0
50605,1.0,4.163222e-10,0
50606,1.0,2.501886e-09,0
50607,0.9999999,7.893109e-08,0
50608,1.0,4.879653e-10,0
50609,1.0,1.08950404e-10,0
50610,1.0,9.67083e-10,0
50611,1.0,2.5309211e-11,0
50612,1.0,2.5491007e-09,0
50613,1.0,1.08525487e-13,0
50614,1.0,5.385644e-11,0
50615,1.0,3.6892013e-12,0
50616,1.0,1.0080639e-12,0
50617,1.0,8.831525e-11,0
50618,1.0,1.9186201e-10,0
50619,0.9999999,8.5336566e-08,0
50620,1.0,6.308913e-10,0
50621,1.0,2.5769004e-10,0
50622,1.0,1.01046e-09,0
50623,1.0,4.5375056e-10,0
50624,1.0,7.700165e-13,0
50625,1.0,6.325321e-11,0
50626,1.0,1.5578239e-09,0
50627,1.0,1.271958e-10,0
50628,1.0,1.0846614e-12,0
50629,1.0,1.0308107e-08,0
50630,1.0,1.1706818e-09,0
50631,1.0,2.3652345e-09,0
50632,1.0,4.0559613e-09,0
50633,1.0,1.1334054e-08,0
50634,1.0,2.3050893e-11,0
50635,1.0,6.7814726e-11,0
50636,1.0,3.5735817e-09,0
50637,1.0,2.4131397e-10,0
50638,1.0,7.972544e-12,0
50639,1.0,4.6860033e-12,0
50640,1.0,6.076531e-11,0
50641,1.0,1.9988287e-09,0
50642,1.0,5.340152e-09,0
50643,1.0,3.4256967e-10,0
50644,1.0,2.6478231e-11,0
50645,1.0,5.673832e-11,0
50646,1.0,1.671852e-10,0
50647,1.0,1.9952765e-11,0
50648,1.0,5.3562466e-10,0
50649,1.0,4.3105946e-13,0
50650,1.0,3.5240512e-11,0
50651,1.0,1.3298076e-11,0
50652,1.0,1.4702275e-09,0
50653,1.0,3.1854762e-11,0
50654,1.0,6.783151e-12,0
50655,1.0,2.2204885e-12,0
50656,1.0,8.584496e-11,0
50657,1.0,3.7993606e-12,0
50658,1.0,5.720451e-14,0
50659,1.0,9.167364e-09,0
50660,1.0,1.7511919e-12,0
50661,1.0,3.7628385e-09,0
50662,1.0,1.0982927e-09,0
50663,1.0,8.674108e-09,0
50664,1.0,1.0764361e-12,0
50665,1.0,7.597732e-10,0
50666,0.9999995,4.93901e-07,0
50667,1.0,7.912158e-09,0
50668,1.0,6.2638237e-12,0
50669,1.0,2.1938595e-10,0
50670,1.0,1.5823402e-10,0
50671,1.0,1.4425753e-12,0
50672,1.0,1.8431192e-12,0
50673,1.0,7.035974e-12,0
50674,1.0,1.71478e-13,0
50675,1.0,2.70612e-11,0
50676,1.0,2.1093473e-10,0
50677,1.0,1.1638612e-11,0
50678,1.0,8.638872e-13,0
50679,1.0,1.0756086e-09,0
50680,1.0,3.0713558e-09,0
50681,1.0,1.6714821e-10,0
50682,1.0,3.191205e-11,0
50683,1.0,1.5997492e-11,0
50684,1.0,3.448004e-10,0
50685,1.0,2.2352498e-09,0
50686,1.0,3.2914893e-10,0
50687,1.0,8.181074e-12,0
50688,1.0,5.0499513e-12,0
50689,0.9999999,1.7077805e-07,0
50690,1.0,1.566844e-13,0
50691,1.0,2.5526584e-12,0
50692,1.0,8.810149e-13,0
50693,1.0,2.4327224e-12,0
50694,1.0,1.5363641e-11,0
50695,1.0,1.4632042e-11,0
50696,1.0,2.3317183e-11,0
50697,1.0,4.1910672e-10,0
50698,1.0,7.364192e-12,0
50699,1.0,2.5847675e-13,0
50700,1.0,2.5588104e-08,0
50701,1.0,8.082832e-12,0
50702,1.0,6.062645e-09,0
50703,1.0,9.099389e-13,0
50704,1.0,1.2092544e-12,0
50705,1.0,7.6435913e-10,0
50706,1.0,8.3184024e-13,0
50707,1.0,1.675126e-11,0
50708,1.0,8.340471e-09,0
50709,1.0,5.769181e-13,0
50710,1.0,1.7324794e-10,0
50711,1.0,1.5027623e-11,0
50712,1.0,4.042765e-11,0
50713,1.0,4.2421855e-10,0
50714,1.0,1.2978665e-10,0
50715,1.0,2.480434e-12,0
50716,1.0,5.7548753e-12,0
50717,1.0,7.162174e-10,0
50718,1.0,4.964995e-13,0
50719,1.0,2.977699e-14,0
50720,1.0,9.814228e-10,0
50721,1.0,3.6884312e-10,0
50722,1.0,3.877194e-12,0
50723,1.0,2.1139217e-11,0
50724,1.0,1.0402151e-10,0
50725,1.0,1.2155999e-12,0
50726,1.0,1.0883191e-12,0
50727,1.0,7.177925e-11,0
50728,1.0,1.1010512e-12,0
50729,1.0,4.050839e-11,0
50730,1.0,8.613937e-11,0
50731,1.0,2.930659e-12,0
50732,1.0,3.0259848e-08,0
50733,1.0,3.308222e-08,0
50734,1.0,5.2853968e-11,0
50735,1.0,5.347709e-11,0
50736,1.0,6.6171244e-13,0
50737,0.9999999,1.535957e-07,0
50738,1.0,5.739769e-12,0
50739,1.0,1.4057541e-12,0
50740,1.0,8.556584e-09,0
50741,1.0,6.6366145e-13,0
50742,1.0,2.7032631e-14,0
50743,1.0,3.2937628e-10,0
50744,1.0,1.1011454e-09,0
50745,1.0,1.6190141e-11,0
50746,1.0,4.2819515e-11,0
50747,1.0,2.530519e-12,0
50748,1.0,9.50528e-13,0
50749,1.0,2.2822155e-13,0
50750,1.0,8.370846e-13,0
50751,1.0,2.762697e-10,0
50752,1.0,5.9884764e-11,0
50753,1.0,9.833772e-10,0
50754,1.0,1.7757947e-10,0
50755,1.0,2.6912522e-13,0
50756,1.0,1.3015057e-10,0
50757,1.0,9.853846e-13,0
50758,1.0,5.7046364e-12,0
50759,1.0,3.5463972e-11,0
50760,1.0,2.0715595e-12,0
50761,1.0,1.1653106e-09,0
50762,1.0,1.724622e-11,0
50763,1.0,3.8667753e-11,0
50764,1.0,1.2889024e-09,0
50765,1.0,3.911451e-12,0
50766,1.0,7.4176017e-13,0
50767,1.0,8.626308e-13,0
50768,1.0,5.133813e-12,0
50769,1.0,1.3811825e-09,0
50770,1.0,4.7964883e-12,0
50771,1.0,1.9069436e-12,0
50772,1.0,1.863801e-11,0
50773,1.0,1.6613483e-11,0
50774,1.0,4.5413298e-11,0
50775,1.0,1.1790189e-11,0
50776,1.0,1.0031608e-13,0
50777,1.0,1.1164103e-12,0
50778,1.0,4.2217292e-11,0
50779,1.0,2.144794e-13,0
50780,1.0,1.2940168e-12,0
50781,1.0,1.3777607e-11,0
50782,1.0,1.7026082e-12,0
50783,1.0,2.9943493e-12,0
50784,1.0,2.1367266e-12,0
50785,1.0,1.1251397e-10,0
50786,1.0,3.6167733e-10,0
50787,1.0,6.4644197e-09,0
50788,1.0,5.7393806e-10,0
50789,1.0,8.6283625e-10,0
50790,1.0,2.6733893e-11,0
50791,1.0,3.6049393e-11,0
50792,1.0,4.967394e-12,0
50793,1.0,1.0654367e-08,0
50794,1.0,4.132323e-09,0
50795,1.0,2.705778e-12,0
50796,1.0,5.5779914e-10,0
50797,1.0,1.3206009e-09,0
50798,1.0,1.1126128e-10,0
50799,1.0,4.123453e-11,0
50800,1.0,9.2206425e-12,0
50801,1.0,3.643692e-11,0
50802,1.0,7.723729e-13,0
50803,1.0,4.264875e-11,0
50804,1.0,4.684293e-10,0
50805,1.0,7.721822e-11,0
50806,1.0,1.2722393e-10,0
50807,1.0,2.8579273e-11,0
50808,1.0,1.7006659e-10,0
50809,1.0,1.4728778e-12,0
50810,1.0,5.785865e-13,0
50811,1.0,1.4151065e-10,0
50812,1.0,1.7429454e-11,0
50813,1.0,4.6815765e-14,0
50814,1.0,1.2083024e-08,0
50815,1.0,1.274407e-08,0
50816,1.0,6.3664343e-12,0
50817,1.0,4.588309e-12,0
50818,1.0,4.539096e-11,0
50819,1.0,1.6151933e-10,0
50820,1.0,1.6621607e-10,0
50821,1.0,6.6468614e-10,0
50822,1.0,2.953807e-09,0
50823,1.0,1.3957959e-09,0
50824,1.0,1.8179688e-10,0
50825,1.0,4.8149148e-11,0
50826,1.0,2.1374045e-11,0
50827,1.0,7.82075e-10,0
50828,1.0,9.234675e-11,0
50829,1.0,8.204412e-10,0
50830,1.0,5.0482275e-12,0
50831,1.0,4.9784205e-10,0
50832,1.0,5.880478e-13,0
50833,1.0,1.0801675e-11,0
50834,1.0,3.8258684e-11,0
50835,1.0,1.7155406e-11,0
50836,1.0,1.9167987e-10,0
50837,1.0,1.136262e-09,0
50838,1.0,1.8789251e-10,0
50839,1.0,2.4687877e-10,0
50840,1.0,1.9140549e-10,0
50841,1.0,3.7665202e-10,0
50842,1.0,4.520324e-10,0
50843,1.0,2.0686347e-11,0
50844,1.0,3.8053985e-10,0
50845,1.0,1.2748194e-13,0
50846,1.0,1.9915581e-11,0
50847,1.0,6.826443e-10,0
50848,1.0,7.344834e-12,0
50849,1.0,8.4944905e-11,0
50850,1.0,1.0462496e-11,0
50851,1.0,2.5116888e-08,0
50852,1.0,2.4594993e-11,0
50853,1.0,2.0361374e-10,0
50854,1.0,7.841546e-09,0
50855,0.9999995,4.4479987e-07,0
50856,1.0,4.7474193e-09,0
50857,1.0,7.877555e-09,0
50858,1.0,1.3047108e-08,0
50859,1.0,1.11974686e-10,0
50860,1.0,4.42479e-11,0
50861,1.0,5.519411e-11,0
50862,1.0,1.4037059e-10,0
50863,1.0,1.6716661e-11,0
50864,1.0,2.4750396e-10,0
50865,1.0,5.3760378e-11,0
50866,1.0,3.210191e-11,0
50867,1.0,1.4359253e-10,0
50868,1.0,1.6047995e-09,0
50869,1.0,8.537905e-12,0
50870,1.0,1.9826816e-11,0
50871,1.0,1.3733393e-08,0
50872,1.0,5.31259e-09,0
50873,1.0,9.185549e-09,0
50874,1.0,2.3694586e-11,0
50875,1.0,8.184543e-11,0
50876,1.0,3.126184e-10,0
50877,1.0,9.7752716e-11,0
50878,1.0,6.228084e-12,0
50879,1.0,5.2621706e-11,0
50880,1.0,9.585031e-11,0
50881,1.0,4.9183255e-11,0
50882,1.0,1.3713604e-08,0
50883,1.0,1.2761174e-11,0
50884,1.0,7.6550775e-09,0
50885,1.0,5.282285e-10,0
50886,1.0,5.184234e-08,0
50887,0.9999999,8.5421405e-08,0
50888,1.0,9.778036e-10,0
50889,1.0,3.4623329e-09,0
50890,1.0,4.6058803e-12,0
50891,1.0,3.778304e-11,0
50892,1.0,8.7205805e-11,0
50893,1.0,4.0081244e-10,0
50894,1.0,7.381475e-12,0
50895,1.0,1.4314776e-08,0
50896,1.0,9.374886e-13,0
50897,1.0,1.3780385e-12,0
50898,1.0,2.0573758e-12,0
50899,1.0,1.1680834e-09,0
50900,1.0,6.698878e-10,0
50901,1.0,2.9139167e-11,0
50902,1.0,4.4299115e-09,0
50903,1.0,9.74162e-11,0
50904,1.0,2.6533415e-09,0
50905,1.0,2.6714997e-10,0
50906,1.0,1.8472543e-12,0
50907,1.0,1.8792942e-10,0
50908,1.0,2.5272477e-09,0
50909,1.0,1.4389e-10,0
50910,1.0,4.059521e-09,0
50911,1.0,2.479396e-10,0
50912,1.0,2.7106936e-10,0
50913,1.0,3.971538e-09,0
50914,1.0,4.395346e-09,0
50915,1.0,1.2201209e-11,0
50916,1.0,8.195759e-11,0
50917,1.0,3.1480044e-11,0
50918,1.0,6.2273953e-12,0
50919,1.0,1.6651594e-10,0
50920,1.0,5.869214e-10,0
50921,1.0,1.8362636e-11,0
50922,1.0,7.9604e-09,0
50923,1.0,1.1318466e-10,0
50924,1.0,4.881906e-10,0
50925,1.0,3.0041475e-13,0
50926,1.0,4.4388154e-10,0
50927,1.0,1.082557e-09,0
50928,1.0,1.912345e-12,0
50929,1.0,1.8528389e-10,0
50930,1.0,1.270276e-09,0
50931,1.0,1.6461166e-11,0
50932,1.0,6.669233e-11,0
50933,1.0,4.0606147e-12,0
50934,1.0,8.3868155e-12,0
50935,1.0,2.0859918e-12,0
50936,1.0,3.8241542e-11,0
50937,1.0,7.88789e-11,0
50938,1.0,4.952001e-09,0
50939,0.9999987,1.3376062e-06,0
50940,1.0,1.0669212e-08,0
50941,1.0,1.788297e-09,0
50942,0.99999964,3.9203925e-07,0
50943,1.0,2.5202235e-10,0
50944,1.0,1.6946262e-11,0
50945,1.0,1.1033107e-09,0
50946,1.0,9.860066e-10,0
50947,1.0,7.2760895e-09,0
50948,1.0,3.6873658e-08,0
50949,1.0,9.24762e-13,0
50950,1.0,3.0137995e-10,0
50951,0.9999999,6.1693235e-08,0
50952,1.0,1.7955701e-09,0
50953,1.0,3.389506e-11,0
50954,1.0,3.9711553e-11,0
50955,1.0,2.8405817e-10,0
50956,1.0,1.4029738e-12,0
50957,1.0,1.2174168e-08,0
50958,1.0,2.2881392e-09,0
50959,1.0,1.1957413e-11,0
50960,1.0,5.785281e-09,0
50961,1.0,7.954784e-13,0
50962,1.0,1.9019427e-11,0
50963,1.0,9.763687e-10,0
50964,1.0,6.0014577e-10,0
50965,1.0,7.161409e-10,0
50966,1.0,4.312645e-08,0
50967,0.9999999,6.7081665e-08,0
50968,1.0,2.4505673e-09,0
50969,1.0,7.8502815e-10,0
50970,1.0,4.298954e-12,0
50971,1.0,2.470019e-12,0
50972,0.9999999,1.1929554e-07,0
50973,1.0,1.972979e-11,0
50974,1.0,3.5881753e-10,0
50975,1.0,3.2365186e-10,0
50976,1.0,9.956518e-11,0
50977,1.0,4.3155417e-08,0
50978,1.0,4.2731276e-09,0
50979,1.0,9.842019e-12,0
50980,1.0,5.2626753e-10,0
50981,1.0,2.4669262e-08,0
50982,1.0,5.088484e-11,0
50983,1.0,1.2668201e-10,0
50984,1.0,1.0383983e-08,0
50985,1.0,1.3373188e-11,0
50986,1.0,7.2586065e-10,0
50987,1.0,1.9508768e-09,0
50988,0.9999999,1.2219911e-07,0
50989,1.0,1.8080244e-09,0
50990,1.0,1.4335021e-12,0
50991,1.0,5.893149e-11,0
50992,1.0,2.1122633e-09,0
50993,1.0,1.7369065e-10,0
50994,1.0,2.9439695e-09,0
50995,1.0,7.181595e-11,0
50996,1.0,9.2084326e-11,0
50997,1.0,6.406122e-11,0
50998,1.0,4.6248973e-11,0
50999,1.0,2.3915078e-10,0
51000,1.0,4.559509e-09,0
51001,1.0,3.9592947e-12,0
51002,1.0,3.914939e-11,0
51003,1.0,1.2681976e-11,0
51004,1.0,2.1993649e-10,0
51005,1.0,3.330793e-12,0
51006,1.0,1.0354173e-09,0
51007,1.0,6.2992095e-10,0
51008,0.9999999,1.5292541e-07,0
51009,1.0,2.6512481e-12,0
51010,1.0,2.056061e-09,0
51011,1.0,1.9884097e-09,0
51012,1.0,1.1558175e-11,0
51013,1.0,1.6895558e-11,0
51014,1.0,3.1031415e-09,0
51015,1.0,8.371569e-12,0
51016,1.0,4.545559e-11,0
51017,1.0,2.063614e-11,0
51018,1.0,2.1484834e-09,0
51019,1.0,5.3733884e-09,0
51020,1.0,2.501734e-12,0
51021,1.0,6.706229e-10,0
51022,1.0,9.1552106e-11,0
51023,1.0,5.669737e-13,0
51024,1.0,2.116513e-10,0
51025,1.0,2.727181e-09,0
51026,1.0,1.5929905e-10,0
51027,1.0,3.890143e-08,0
51028,1.0,4.9028857e-09,0
51029,1.0,4.2652795e-12,0
51030,1.0,1.0203551e-12,0
51031,1.0,1.7097075e-10,0
51032,1.0,3.178729e-10,0
51033,1.0,4.1127024e-10,0
51034,1.0,3.923395e-10,0
51035,1.0,2.320541e-12,0
51036,1.0,2.263215e-10,0
51037,1.0,1.1937458e-10,0
51038,1.0,1.7862788e-09,0
51039,1.0,6.914012e-11,0
51040,1.0,3.9595878e-09,0
51041,1.0,1.1413795e-09,0
51042,1.0,6.106414e-11,0
51043,0.9999999,1.3215444e-07,0
51044,0.9999999,1.3151187e-07,0
51045,1.0,1.02730234e-10,0
51046,1.0,6.8600816e-13,0
51047,1.0,1.8326347e-08,0
51048,1.0,1.1727446e-09,0
51049,1.0,4.3940587e-11,0
51050,1.0,1.079868e-09,0
51051,1.0,6.3622925e-09,0
51052,1.0,3.693204e-10,0
51053,1.0,1.4879518e-10,0
51054,1.0,4.2197104e-10,0
51055,1.0,1.690091e-11,0
51056,1.0,5.8341843e-12,0
51057,1.0,3.435436e-12,0
51058,1.0,4.5420823e-08,0
51059,1.0,1.9294395e-09,0
51060,1.0,5.1505254e-12,0
51061,1.0,3.2892566e-09,0
51062,1.0,5.534575e-13,0
51063,1.0,3.843206e-09,0
51064,1.0,4.566062e-13,0
51065,1.0,1.3973929e-11,0
51066,1.0,4.497701e-12,0
51067,1.0,1.1338216e-10,0
51068,1.0,7.7913045e-09,0
51069,1.0,4.5657266e-11,0
51070,1.0,1.7439822e-08,0
51071,1.0,2.3161037e-10,0
51072,1.0,7.474831e-11,0
51073,1.0,8.118786e-12,0
51074,1.0,2.8554006e-10,0
51075,1.0,4.2703996e-12,0
51076,1.0,3.196604e-10,0
51077,1.0,1.3996388e-11,0
51078,1.0,2.6915678e-11,0
51079,0.9999987,1.2837309e-06,0
51080,1.0,2.6889294e-08,0
51081,1.0,1.668608e-11,0
51082,1.0,2.5076248e-12,0
51083,1.0,8.5899576e-13,0
51084,1.0,2.037356e-11,0
51085,1.0,4.281496e-10,0
51086,1.0,6.780742e-09,0
51087,1.0,7.924682e-12,0
51088,1.0,5.390058e-13,0
51089,1.0,6.8126836e-13,0
51090,1.0,1.2462668e-10,0
51091,1.0,5.359683e-09,0
51092,1.0,1.1016468e-10,0
51093,0.99999845,1.5035149e-06,0
51094,1.0,1.8343797e-12,0
51095,1.0,1.584313e-09,0
51096,1.0,3.3918e-12,0
51097,1.0,9.280951e-12,0
51098,1.0,5.155258e-10,0
51099,1.0,1.15490804e-10,0
51100,1.0,2.9205048e-11,0
51101,1.0,7.726128e-10,0
51102,1.0,6.455812e-11,0
51103,0.9999999,8.828607e-08,0
51104,1.0,3.9933536e-09,0
51105,1.0,1.0989768e-11,0
51106,1.0,1.7769235e-13,0
51107,1.0,1.904334e-12,0
51108,1.0,7.7503256e-12,0
51109,1.0,8.923157e-12,0
51110,1.0,9.297566e-13,0
51111,1.0,1.0185713e-10,0
51112,1.0,2.846196e-13,0
51113,1.0,3.872023e-11,0
51114,1.0,9.091071e-11,0
51115,1.0,2.1720815e-12,0
51116,1.0,5.480126e-11,0
51117,1.0,3.262648e-11,0
51118,1.0,1.2163201e-10,0
51119,1.0,1.5040993e-10,0
51120,1.0,1.7182996e-13,0
51121,1.0,2.049659e-09,0
51122,1.0,9.029971e-13,0
51123,1.0,7.3853514e-11,0
51124,1.0,1.2428493e-09,0
51125,1.0,2.7635768e-14,0
51126,1.0,3.2816708e-11,0
51127,1.0,5.217161e-10,0
51128,1.0,2.6207602e-12,0
51129,1.0,2.8937866e-13,0
51130,1.0,3.3772513e-11,0
51131,1.0,8.763771e-10,0
51132,1.0,2.1894095e-12,0
51133,1.0,3.0455788e-12,0
51134,1.0,3.679818e-09,0
51135,1.0,1.1172368e-12,0
51136,1.0,1.8543668e-13,0
51137,1.0,6.5196602e-12,0
51138,1.0,1.3044868e-12,0
51139,1.0,1.2401255e-10,0
51140,1.0,4.3807844e-12,0
51141,1.0,1.0393221e-11,0
51142,1.0,1.470364e-14,0
51143,1.0,1.211179e-13,0
51144,1.0,6.0262996e-11,0
51145,1.0,2.5651028e-13,0
51146,1.0,7.6300327e-13,0
51147,1.0,6.336299e-14,0
51148,1.0,7.112217e-13,0
51149,1.0,3.42846e-11,0
51150,1.0,7.682707e-13,0
51151,1.0,5.859949e-11,0
51152,1.0,1.2835897e-11,0
51153,1.0,1.5714974e-10,0
51154,1.0,2.7152286e-12,0
51155,0.9999999,9.8325984e-08,0
51156,1.0,3.5373022e-12,0
51157,1.0,3.4694852e-13,0
51158,1.0,1.8818974e-11,0
51159,1.0,3.150608e-13,0
51160,1.0,2.2749686e-11,0
51161,1.0,1.2406872e-12,0
51162,1.0,5.1362317e-12,0
51163,0.9999937,6.3066004e-06,0
51164,1.0,3.1823083e-10,0
51165,1.0,4.4006385e-09,0
51166,1.0,4.5067564e-10,0
51167,0.9999999,1.2850496e-07,0
51168,1.0,1.1633391e-08,0
51169,1.0,1.5157812e-09,0
51170,1.0,7.916584e-12,0
51171,1.0,2.6020718e-12,0
51172,1.0,1.6390353e-12,0
51173,1.0,1.5933642e-10,0
51174,1.0,2.1075848e-11,0
51175,1.0,2.8990584e-12,0
51176,1.0,3.3484042e-09,0
51177,1.0,5.696392e-13,0
51178,1.0,3.7144666e-11,0
51179,1.0,9.222507e-12,0
51180,1.0,2.668356e-11,0
51181,1.0,5.775378e-10,0
51182,1.0,3.331797e-12,0
51183,1.0,2.0176585e-13,0
51184,1.0,1.5204473e-11,0
51185,1.0,4.9267257e-12,0
51186,1.0,1.7308624e-12,0
51187,1.0,7.1423624e-11,0
51188,1.0,5.844609e-12,0
51189,1.0,2.380177e-10,0
51190,1.0,7.802178e-12,0
51191,1.0,1.519282e-11,0
51192,1.0,6.862686e-13,0
51193,1.0,3.7254886e-13,0
51194,0.9999999,6.032564e-08,0
51195,1.0,3.513487e-11,0
51196,1.0,6.1102845e-10,0
51197,1.0,7.105082e-10,0
51198,1.0,4.990454e-11,0
51199,1.0,6.021784e-11,0
51200,1.0,1.4965682e-09,0
51201,1.0,1.4464292e-09,0
51202,1.0,3.2704628e-10,0
51203,1.0,7.522946e-11,0
51204,1.0,4.7161e-10,0
51205,1.0,1.2518996e-09,0
51206,1.0,3.609205e-11,0
51207,1.0,5.60001e-12,0
51208,1.0,3.653383e-09,0
51209,1.0,7.025226e-10,0
51210,1.0,2.0034392e-13,0
51211,1.0,4.2237447e-10,0
51212,1.0,1.320057e-09,0
51213,1.0,8.970528e-12,0
51214,1.0,1.7212116e-10,0
51215,1.0,6.446455e-09,0
51216,1.0,1.3933413e-12,0
51217,1.0,4.4565882e-10,0
51218,1.0,5.62807e-10,0
51219,1.0,5.2936466e-12,0
51220,1.0,3.966021e-12,0
51221,1.0,5.8765194e-13,0
51222,1.0,1.0934918e-12,0
51223,1.0,7.4464884e-10,0
51224,1.0,1.3172782e-12,0
51225,1.0,2.4346955e-12,0
51226,1.0,1.137831e-11,0
51227,1.0,4.9981347e-10,0
51228,1.0,9.2205105e-10,0
51229,1.0,6.278019e-09,0
51230,1.0,1.01753043e-10,0
51231,1.0,2.179802e-11,0
51232,1.0,2.288031e-12,0
51233,1.0,4.7659615e-10,0
51234,1.0,2.0361617e-09,0
51235,1.0,3.4800333e-11,0
51236,1.0,1.3762749e-10,0
51237,1.0,3.3696568e-12,0
51238,1.0,2.0396256e-12,0
51239,1.0,4.517008e-09,0
51240,1.0,1.598273e-11,0
51241,1.0,5.7319167e-11,0
51242,1.0,1.1512951e-09,0
51243,1.0,5.773474e-13,0
51244,1.0,1.1995299e-09,0
51245,1.0,1.523717e-10,0
51246,1.0,1.2928461e-10,0
51247,1.0,1.3604625e-12,0
51248,1.0,1.2981247e-09,0
51249,1.0,3.1803512e-12,0
51250,1.0,3.6123898e-13,0
51251,1.0,3.3600783e-10,0
51252,1.0,1.613096e-11,0
51253,1.0,1.16728936e-11,0
51254,1.0,1.010927e-08,0
51255,1.0,1.3201469e-10,0
51256,1.0,5.228101e-09,0
51257,1.0,4.608807e-12,0
51258,1.0,1.2185941e-09,0
51259,1.0,5.0674135e-13,0
51260,1.0,9.1116066e-11,0
51261,1.0,3.412782e-11,0
51262,1.0,2.8671683e-09,0
51263,1.0,5.664533e-11,0
51264,1.0,1.6449513e-12,0
51265,1.0,6.0504196e-10,0
51266,1.0,5.5570113e-09,0
51267,1.0,2.6057412e-09,0
51268,1.0,1.9591407e-12,0
51269,1.0,2.8381433e-11,0
51270,1.0,2.5194952e-12,0
51271,0.9999995,4.6065045e-07,0
51272,1.0,2.3773353e-11,0
51273,0.9999999,9.824894e-08,0
51274,1.0,3.3530267e-08,0
51275,1.0,2.4116362e-09,0
51276,1.0,2.3294157e-11,0
51277,1.0,8.945889e-12,0
51278,1.0,6.5437954e-11,0
51279,1.0,5.4517537e-09,0
51280,1.0,7.1752387e-12,0
51281,1.0,5.925952e-10,0
51282,1.0,2.8348257e-08,0
51283,1.0,2.9353362e-08,0
51284,1.0,1.3366493e-13,0
51285,1.0,1.8399398e-09,0
51286,1.0,3.6723277e-10,0
51287,1.0,1.2747637e-09,0
51288,1.0,2.8695537e-09,0
51289,1.0,7.1089595e-10,0
51290,1.0,9.5096e-12,0
51291,1.0,4.14633e-12,0
51292,1.0,5.726797e-13,0
51293,1.0,6.3473227e-09,0
51294,1.0,9.791128e-12,0
51295,1.0,4.9150792e-08,0
51296,1.0,2.4314877e-09,0
51297,1.0,1.9075701e-11,0
51298,1.0,1.1192611e-08,0
51299,1.0,2.7126099e-08,0
51300,0.9999981,1.9416327e-06,0
51301,1.0,1.0956129e-12,0
51302,1.0,1.07502555e-10,0
51303,1.0,1.18846035e-08,0
51304,1.0,4.7216737e-09,0
51305,1.0,7.8706076e-11,0
51306,1.0,4.7392875e-12,0
51307,1.0,3.0375544e-09,0
51308,1.0,2.1281897e-08,0
51309,0.9999995,4.25363e-07,0
51310,1.0,1.3524449e-08,0
51311,1.0,8.810935e-10,0
51312,1.0,1.4579669e-11,0
51313,1.0,3.28944e-12,0
51314,1.0,3.4840082e-09,0
51315,1.0,2.2897611e-11,0
51316,1.0,1.0047846e-13,0
51317,1.0,7.774918e-12,0
51318,1.0,1.3410346e-12,0
51319,1.0,6.079058e-11,0
51320,1.0,1.2518089e-09,0
51321,1.0,3.2796748e-11,0
51322,1.0,1.3960669e-10,0
51323,1.0,6.7482375e-10,0
51324,1.0,7.935603e-12,0
51325,1.0,2.1643408e-11,0
51326,1.0,3.971616e-08,0
51327,1.0,5.560348e-10,0
51328,1.0,5.425592e-09,0
51329,1.0,1.938932e-09,0
51330,1.0,1.04520646e-11,0
51331,0.9999999,6.970668e-08,0
51332,1.0,3.1979168e-09,0
51333,1.0,6.2414414e-11,0
51334,1.0,1.9236348e-08,0
51335,1.0,1.6522521e-09,0
51336,1.0,1.6960175e-10,0
51337,1.0,8.8483393e-10,0
51338,1.0,4.753884e-11,0
51339,1.0,6.3831707e-10,0
51340,0.99999976,2.8470185e-07,0
51341,1.0,2.8328138e-09,0
51342,1.0,2.1708637e-12,0
51343,1.0,1.4166087e-09,0
51344,1.0,6.001131e-12,0
51345,1.0,7.615927e-10,0
51346,1.0,2.3815776e-12,0
51347,1.0,6.5390133e-12,0
51348,1.0,2.7152197e-11,0
51349,1.0,5.2538765e-11,0
51350,1.0,3.0328867e-10,0
51351,1.0,5.1433028e-11,0
51352,1.0,4.202079e-11,0
51353,1.0,2.1473656e-12,0
51354,1.0,4.862012e-13,0
51355,1.0,3.1138775e-10,0
51356,1.0,4.841543e-13,0
51357,1.0,2.2529345e-10,0
51358,1.0,2.6675724e-11,0
51359,1.0,3.3381997e-10,0
51360,1.0,3.1197536e-12,0
51361,1.0,1.0878365e-14,0
51362,1.0,2.5638913e-08,0
51363,1.0,2.956587e-08,0
51364,1.0,4.5269357e-09,0
51365,1.0,5.0481532e-11,0
51366,1.0,2.4297514e-11,0
51367,1.0,5.795022e-09,0
51368,1.0,2.8310122e-11,0
51369,1.0,4.04147e-11,0
51370,1.0,1.8807122e-12,0
51371,1.0,2.9626284e-11,0
51372,1.0,8.931734e-13,0
51373,1.0,5.7482952e-11,0
51374,1.0,4.3577378e-10,0
51375,1.0,5.5860194e-10,0
51376,1.0,8.251064e-11,0
51377,1.0,1.3238138e-09,0
51378,1.0,3.0014657e-10,0
51379,1.0,7.973609e-12,0
51380,0.99999964,3.940987e-07,0
51381,1.0,1.5576329e-10,0
51382,1.0,9.632157e-13,0
51383,1.0,1.3414208e-12,0
51384,1.0,3.528487e-09,0
51385,1.0,6.4960544e-11,0
51386,1.0,1.243541e-10,0
51387,1.0,2.3818164e-10,0
51388,1.0,3.9786782e-10,0
51389,1.0,1.9348024e-12,0
51390,1.0,1.2705419e-10,0
51391,1.0,3.112789e-11,0
51392,1.0,4.5148997e-12,0
51393,1.0,2.5531832e-09,0
51394,1.0,1.975519e-09,0
51395,1.0,4.259729e-11,0
51396,1.0,1.4360402e-10,0
51397,1.0,8.068304e-09,0
51398,1.0,1.8902468e-11,0
51399,1.0,1.2768352e-08,0
51400,1.0,2.6395774e-12,0
51401,1.0,1.3582496e-10,0
51402,1.0,2.0484833e-12,0
51403,1.0,2.987118e-11,0
51404,1.0,2.8588898e-09,0
51405,1.0,6.9409666e-11,0
51406,1.0,6.133527e-12,0
51407,1.0,3.56824e-10,0
51408,1.0,3.8879934e-11,0
51409,0.9999999,8.8758156e-08,0
51410,1.0,9.141988e-10,0
51411,0.9999999,8.2106666e-08,0
51412,1.0,9.848412e-10,0
51413,1.0,3.1937715e-13,0
51414,1.0,5.4914033e-12,0
51415,1.0,2.747023e-10,0
51416,1.0,8.3272766e-13,0
51417,1.0,2.8910847e-12,0
51418,0.9999995,4.50588e-07,0
51419,1.0,6.1777666e-12,0
51420,0.9999995,4.3474316e-07,0
51421,1.0,5.950252e-12,0
51422,1.0,1.2152499e-12,0
51423,1.0,7.923329e-10,0
51424,1.0,2.722508e-13,0
51425,1.0,1.97137e-10,0
51426,1.0,2.2464499e-11,0
51427,1.0,1.1400757e-10,0
51428,1.0,9.037623e-09,0
51429,0.9999995,4.325678e-07,0
51430,1.0,4.0532307e-13,0
51431,1.0,1.2212285e-12,0
51432,1.0,3.131597e-10,0
51433,1.0,3.795753e-12,0
51434,1.0,3.2358363e-12,0
51435,1.0,1.6966054e-11,0
51436,1.0,4.3708357e-12,0
51437,1.0,2.7117091e-12,0
51438,1.0,3.4294016e-11,0
51439,1.0,2.6670523e-12,0
51440,1.0,3.9189485e-12,0
51441,1.0,2.8163413e-11,0
51442,1.0,2.5915528e-11,0
51443,1.0,3.4916703e-10,0
51444,1.0,2.600276e-12,0
51445,1.0,3.1595386e-13,0
51446,1.0,2.0381839e-11,0
51447,1.0,3.0787867e-13,0
51448,1.0,2.886272e-14,0
51449,1.0,5.512433e-12,0
51450,1.0,1.4077691e-12,0
51451,1.0,6.3339703e-13,0
51452,1.0,3.5675625e-12,0
51453,1.0,1.4263344e-12,0
51454,1.0,8.7347013e-10,0
51455,1.0,1.1070401e-12,0
51456,1.0,2.1667241e-11,0
51457,1.0,3.8309416e-12,0
51458,1.0,3.6941037e-11,0
51459,1.0,2.1002663e-10,0
51460,1.0,1.3057613e-12,0
51461,1.0,4.487598e-12,0
51462,0.9999969,3.1166846e-06,0
51463,1.0,1.03868e-11,0
51464,1.0,2.8943952e-12,0
51465,1.0,1.3160175e-12,0
51466,1.0,1.5198971e-10,0
51467,1.0,3.4855385e-12,0
51468,1.0,6.2476527e-13,0
51469,1.0,6.2865614e-13,0
51470,1.0,5.0375866e-13,0
51471,1.0,4.8086674e-10,0
51472,1.0,2.0857501e-11,0
51473,1.0,2.0841117e-11,0
51474,1.0,7.06566e-14,0
51475,1.0,1.3143769e-12,0
51476,1.0,1.6452275e-12,0
51477,1.0,1.1226005e-12,0
51478,1.0,8.829221e-14,0
51479,1.0,1.5304169e-09,0
51480,1.0,3.010546e-11,0
51481,1.0,6.532472e-11,0
51482,1.0,4.3794287e-13,0
51483,1.0,1.9530535e-14,0
51484,1.0,1.4440564e-12,0
51485,1.0,4.659415e-13,0
51486,1.0,1.6658619e-13,0
51487,1.0,1.992471e-10,0
51488,1.0,3.1745135e-09,0
51489,1.0,1.0381961e-12,0
51490,1.0,9.070642e-09,0
51491,1.0,1.4406348e-11,0
51492,1.0,2.994196e-08,0
51493,1.0,5.9223106e-11,0
51494,1.0,7.916838e-09,0
51495,1.0,1.6206448e-08,0
51496,1.0,8.994514e-12,0
51497,1.0,1.539425e-13,0
51498,1.0,2.4418679e-11,0
51499,1.0,1.310877e-12,0
51500,1.0,3.4545159e-13,0
51501,1.0,3.411191e-09,0
51502,1.0,2.8100029e-12,0
51503,0.999998,2.0212437e-06,0
51504,1.0,1.9673509e-10,0
51505,1.0,1.8848674e-08,0
51506,1.0,1.1485824e-12,0
51507,0.99999917,8.477215e-07,0
51508,1.0,3.1665085e-08,0
51509,1.0,4.359234e-10,0
51510,1.0,1.097835e-11,0
51511,1.0,7.9548596e-13,0
51512,1.0,6.5176746e-11,0
51513,1.0,3.9340056e-10,0
51514,1.0,4.553434e-13,0
51515,1.0,4.957815e-12,0
51516,1.0,2.2437446e-10,0
51517,1.0,3.869945e-09,0
51518,1.0,5.4663174e-10,0
51519,1.0,1.3132255e-10,0
51520,1.0,3.1887698e-12,0
51521,1.0,4.207308e-11,0
51522,1.0,5.7470373e-10,0
51523,1.0,1.2017272e-11,0
51524,1.0,3.2933292e-10,0
51525,1.0,2.428365e-08,0
51526,1.0,1.791548e-08,0
51527,1.0,8.216744e-12,0
51528,1.0,1.2570528e-10,0
51529,1.0,1.0725199e-08,0
51530,1.0,1.1066908e-10,0
51531,1.0,4.761795e-12,0
51532,0.9999999,7.833118e-08,0
51533,1.0,4.432462e-10,0
51534,1.0,2.0665681e-11,0
51535,1.0,5.955637e-11,0
51536,1.0,1.2860911e-12,0
51537,1.0,1.6986625e-10,0
51538,1.0,8.454728e-11,0
51539,1.0,1.9635421e-10,0
51540,1.0,1.6922649e-11,0
51541,1.0,7.0657486e-12,0
51542,1.0,4.714836e-12,0
51543,1.0,2.3631423e-09,0
51544,1.0,1.35952885e-08,0
51545,1.0,2.6304255e-08,0
51546,1.0,9.2488035e-09,0
51547,0.99999917,7.9084475e-07,0
51548,1.0,2.449419e-08,0
51549,1.0,1.2845505e-10,0
51550,1.0,1.0219641e-08,0
51551,1.0,4.8650762e-12,0
51552,1.0,2.061648e-10,0
51553,1.0,5.1273076e-11,0
51554,1.0,1.7883849e-10,0
51555,1.0,7.607742e-09,0
51556,1.0,7.495479e-10,0
51557,1.0,7.645752e-13,0
51558,1.0,4.712919e-09,0
51559,1.0,1.1441225e-11,0
51560,1.0,1.516366e-08,0
51561,1.0,1.7768092e-12,0
51562,1.0,5.1452946e-11,0
51563,1.0,4.896044e-13,0
51564,1.0,1.2614146e-10,0
51565,1.0,2.5262318e-12,0
51566,1.0,1.1582545e-10,0
51567,1.0,5.4140763e-09,0
51568,1.0,3.6480038e-11,0
51569,1.0,3.3828748e-10,0
51570,1.0,1.953816e-08,0
51571,1.0,2.5846703e-12,0
51572,1.0,1.4238665e-12,0
51573,1.0,3.914147e-11,0
51574,1.0,4.1272656e-09,0
51575,1.0,1.0620322e-08,0
51576,1.0,1.2422762e-08,0
51577,1.0,3.229364e-11,0
51578,1.0,7.878812e-10,0
51579,1.0,6.9252265e-12,0
51580,1.0,3.137398e-09,0
51581,1.0,1.12806795e-11,0
51582,1.0,4.743615e-10,0
51583,1.0,7.5873884e-11,0
51584,1.0,9.894682e-12,0
51585,0.9999999,6.865347e-08,0
51586,1.0,6.633907e-09,0
51587,1.0,1.8269743e-11,0
51588,1.0,1.4598098e-10,0
51589,1.0,8.305289e-10,0
51590,1.0,9.897193e-12,0
51591,1.0,8.988722e-11,0
51592,1.0,4.0655963e-09,0
51593,1.0,3.9314833e-11,0
51594,1.0,7.3736167e-10,0
51595,1.0,1.01830645e-11,0
51596,0.9999999,8.539257e-08,0
51597,1.0,1.0282643e-11,0
51598,1.0,2.233379e-09,0
51599,0.9999999,6.079855e-08,0
51600,0.9999993,7.678974e-07,0
51601,1.0,1.079368e-08,0
51602,1.0,5.978588e-09,0
51603,1.0,4.1323087e-08,0
51604,1.0,4.4450235e-11,0
51605,1.0,1.8940345e-09,0
51606,1.0,6.0894963e-13,0
51607,1.0,8.7599314e-09,0
51608,1.0,1.0128445e-10,0
51609,1.0,5.893621e-11,0
51610,1.0,5.9226557e-09,0
51611,1.0,6.345819e-10,0
51612,1.0,3.558241e-11,0
51613,1.0,4.478043e-14,0
51614,1.0,1.2001243e-10,0
51615,1.0,1.4948728e-10,0
51616,1.0,1.5937434e-11,0
51617,0.9999999,1.460717e-07,0
51618,1.0,4.8406545e-10,0
51619,1.0,7.4700917e-13,0
51620,1.0,4.2992535e-10,0
51621,1.0,2.2449271e-09,0
51622,1.0,3.5072892e-10,0
51623,1.0,4.717303e-11,0
51624,0.9999999,1.16256544e-07,0
51625,1.0,6.0576943e-10,0
51626,1.0,3.32167e-12,0
51627,1.0,5.382156e-10,0
51628,1.0,5.8582983e-10,0
51629,1.0,3.8745253e-12,0
51630,0.99999976,2.3695803e-07,0
51631,1.0,1.03972855e-11,0
51632,1.0,1.1874034e-10,0
51633,1.0,1.8780124e-09,0
51634,1.0,2.1238993e-08,0
51635,1.0,2.0288105e-10,0
51636,1.0,3.0567523e-12,0
51637,1.0,4.1304668e-11,0
51638,1.0,4.4598814e-09,0
51639,1.0,1.3543182e-09,0
51640,1.0,1.1992016e-11,0
51641,1.0,2.1901602e-13,0
51642,1.0,1.5972421e-12,0
51643,1.0,1.0857746e-09,0
51644,1.0,6.8156347e-09,0
51645,1.0,2.1389635e-10,0
51646,1.0,6.444162e-11,0
51647,1.0,5.252361e-12,0
51648,1.0,1.4645236e-09,0
51649,1.0,4.0018758e-10,0
51650,1.0,3.282483e-12,0
51651,1.0,7.337592e-09,0
51652,1.0,5.216116e-10,0
51653,0.9999999,6.867142e-08,0
51654,1.0,7.054562e-11,0
51655,1.0,3.9947073e-10,0
51656,0.9999999,7.8264726e-08,0
51657,1.0,3.634001e-12,0
51658,1.0,3.0257394e-10,0
51659,1.0,4.2870506e-11,0
51660,1.0,8.047745e-15,0
51661,1.0,4.447226e-12,0
51662,1.0,2.9317534e-13,0
51663,1.0,1.3003184e-12,0
51664,1.0,6.7950767e-12,0
51665,1.0,3.9393182e-08,0
51666,1.0,1.3031608e-09,0
51667,1.0,4.4271514e-12,0
51668,1.0,5.7592403e-10,0
51669,1.0,3.5011497e-12,0
51670,1.0,2.1711464e-11,0
51671,1.0,1.0205942e-09,0
51672,1.0,2.01403e-12,0
51673,1.0,6.5674513e-15,0
51674,1.0,2.7411358e-13,0
51675,1.0,1.6745405e-12,0
51676,1.0,1.5977837e-13,0
51677,1.0,7.6106225e-11,0
51678,1.0,4.62486e-12,0
51679,1.0,3.6134068e-11,0
51680,1.0,1.7292126e-12,0
51681,1.0,1.4983267e-10,0
51682,1.0,2.0649782e-13,0
51683,1.0,2.3543302e-08,0
51684,0.9999993,6.7524405e-07,0
51685,1.0,8.163838e-11,0
51686,1.0,5.2503455e-09,0
51687,0.99999976,2.5984426e-07,0
51688,1.0,1.2047651e-12,0
51689,0.9999995,4.9378843e-07,0
51690,1.0,4.171912e-09,0
51691,1.0,5.138564e-12,0
51692,0.99999976,2.867108e-07,0
51693,1.0,5.6523836e-10,0
51694,1.0,4.68713e-12,0
51695,1.0,3.5515724e-09,0
51696,1.0,6.1910096e-13,0
51697,1.0,1.5743534e-10,0
51698,1.0,3.1732164e-10,0
51699,1.0,3.741335e-08,0
51700,1.0,1.9976401e-12,0
51701,1.0,5.793527e-10,0
51702,1.0,1.2977998e-10,0
51703,1.0,5.640668e-13,0
51704,1.0,5.662383e-11,0
51705,1.0,3.6374408e-12,0
51706,1.0,4.7579636e-12,0
51707,1.0,2.6507352e-10,0
51708,1.0,2.4582517e-11,0
51709,1.0,8.4153746e-11,0
51710,1.0,9.336071e-10,0
51711,1.0,3.9847518e-11,0
51712,1.0,1.4263134e-11,0
51713,1.0,1.691213e-11,0
51714,1.0,2.3339732e-08,0
51715,1.0,5.810444e-11,0
51716,1.0,7.158015e-12,0
51717,1.0,1.0135557e-10,0
51718,1.0,1.5890984e-12,0
51719,1.0,3.281233e-11,0
51720,1.0,3.4019867e-11,0
51721,0.9999752,2.4847612e-05,0
51722,1.0,6.318629e-11,0
51723,1.0,1.2507635e-09,0
51724,1.0,8.9902995e-11,0
51725,1.0,1.9350006e-13,0
51726,1.0,8.2845585e-11,0
51727,1.0,1.9114839e-09,0
51728,0.9999993,6.768081e-07,0
51729,1.0,2.9376252e-13,0
51730,0.9999974,2.669639e-06,0
51731,1.0,6.578748e-11,0
51732,1.0,1.6642271e-12,0
51733,1.0,7.959997e-11,0
51734,1.0,4.6170155e-12,0
51735,1.0,2.013745e-09,0
51736,1.0,2.9060104e-13,0
51737,1.0,7.876074e-11,0
51738,1.0,1.1942139e-08,0
51739,1.0,2.1760158e-09,0
51740,1.0,9.887298e-10,0
51741,1.0,2.9001082e-09,0
51742,1.0,4.5431582e-11,0
51743,1.0,1.1639512e-09,0
51744,0.99999917,8.825103e-07,0
51745,1.0,1.4102665e-11,0
51746,1.0,4.4621533e-09,0
51747,1.0,5.1660853e-10,0
51748,1.0,4.625273e-09,0
51749,1.0,5.9535417e-09,0
51750,1.0,7.152949e-09,0
51751,1.0,2.176598e-08,0
51752,1.0,1.4757093e-12,0
51753,1.0,9.253585e-09,0
51754,1.0,1.5792686e-09,0
51755,1.0,4.1008275e-10,0
51756,1.0,1.1670138e-10,0
51757,0.9999999,6.794027e-08,0
51758,1.0,1.4599941e-09,0
51759,1.0,1.6456944e-09,0
51760,1.0,1.6748872e-10,0
51761,1.0,1.2511542e-10,0
51762,1.0,2.5609332e-09,0
51763,1.0,6.6822654e-13,0
51764,1.0,1.7912908e-09,0
51765,1.0,3.6158074e-10,0
51766,1.0,1.3795217e-12,0
51767,1.0,1.898199e-11,0
51768,1.0,1.528227e-08,0
51769,1.0,9.507456e-09,0
51770,1.0,9.8962305e-12,0
51771,1.0,2.9625268e-11,0
51772,1.0,2.056818e-09,0
51773,1.0,3.3840686e-10,0
51774,1.0,5.252972e-12,0
51775,0.99999964,3.8271452e-07,0
51776,1.0,9.262953e-11,0
51777,1.0,1.0710521e-08,0
51778,0.9999999,8.2904975e-08,0
51779,0.9999963,3.655236e-06,0
51780,0.99999964,3.27056e-07,0
51781,0.9999994,5.891084e-07,0
51782,1.0,5.1606847e-08,0
51783,1.0,1.2736926e-08,0
51784,1.0,1.9690825e-09,0
51785,1.0,2.8844369e-08,0
51786,1.0,5.27459e-11,0
51787,1.0,9.597397e-11,0
51788,0.9999999,8.502673e-08,0
51789,1.0,4.8124677e-13,0
51790,1.0,6.3719256e-12,0
51791,1.0,5.028674e-11,0
51792,1.0,1.7265984e-09,0
51793,1.0,3.112286e-10,0
51794,0.99999976,2.0096066e-07,0
51795,1.0,2.8324787e-09,0
51796,1.0,1.881682e-11,0
51797,0.9999999,1.5386442e-07,0
51798,0.99999976,2.638637e-07,0
51799,1.0,3.8309182e-09,0
51800,1.0,4.5987797e-08,0
51801,1.0,2.1759875e-12,0
51802,1.0,1.0391631e-08,0
51803,1.0,5.4421793e-11,0
51804,1.0,8.600635e-12,0
51805,0.999998,2.0363354e-06,0
51806,0.9999999,8.2431164e-08,0
51807,0.999998,1.9672195e-06,0
51808,0.9999993,7.179304e-07,0
51809,0.9999989,1.0331333e-06,0
51810,1.0,6.2650185e-12,0
51811,1.0,1.242644e-11,0
51812,0.99999726,2.7003448e-06,0
51813,1.0,8.7667806e-10,0
51814,0.9999989,1.0972442e-06,0
51815,1.0,6.3687273e-09,0
51816,1.0,2.2012388e-08,0
51817,1.0,3.1414545e-11,0
51818,1.0,3.802663e-10,0
51819,1.0,1.097968e-09,0
51820,1.0,4.919032e-10,0
51821,1.0,1.1278125e-10,0
51822,1.0,4.8758504e-09,0
51823,0.9999994,5.5875057e-07,0
51824,1.0,3.0938512e-09,0
51825,0.9999999,1.4017894e-07,0
51826,1.0,2.6485605e-11,0
51827,0.99999845,1.5047111e-06,0
51828,1.0,2.040159e-08,0
51829,1.0,2.2243238e-09,0
51830,1.0,9.253748e-12,0
51831,1.0,5.3750618e-08,0
51832,0.9999999,6.323147e-08,0
51833,0.9999974,2.6163361e-06,0
51834,1.0,4.500432e-11,0
51835,1.0,1.0883083e-09,0
51836,1.0,1.3328974e-12,0
51837,1.0,8.373809e-11,0
51838,0.9999956,4.370138e-06,0
51839,0.9999975,2.5473923e-06,0
51840,1.0,1.8012401e-13,0
51841,1.0,2.8935687e-11,0
51842,1.0,1.0368002e-10,0
51843,0.99999976,1.9344269e-07,0
51844,1.0,8.323652e-14,0
51845,1.0,1.3312626e-10,0
51846,0.9999999,7.2492604e-08,0
51847,1.0,5.2633124e-12,0
51848,1.0,1.4638364e-13,0
51849,1.0,4.126313e-09,0
51850,1.0,1.2879385e-10,0
51851,1.0,3.2751536e-12,0
51852,1.0,6.453467e-13,0
51853,1.0,4.8066956e-10,0
51854,1.0,2.1153818e-11,0
51855,1.0,2.9477905e-09,0
51856,1.0,3.1279777e-11,0
51857,0.9999994,6.345752e-07,0
51858,1.0,1.3811856e-12,0
51859,1.0,3.8869516e-09,0
51860,1.0,3.8766398e-08,0
51861,0.9999993,7.710661e-07,0
51862,1.0,1.7502337e-08,0
51863,0.9999988,1.2426955e-06,0
51864,0.99999523,4.7240633e-06,0
51865,1.0,3.8950652e-08,0
51866,0.9999999,7.704385e-08,0
51867,1.0,6.857257e-09,0
51868,0.99999845,1.497062e-06,0
51869,0.9999999,8.424621e-08,0
51870,0.9999994,5.6354554e-07,0
51871,1.0,3.719287e-11,0
51872,0.9999976,2.404538e-06,0
51873,0.99999976,2.881705e-07,0
51874,0.9999957,4.2895626e-06,0
51875,1.0,5.8424336e-09,0
51876,0.99999976,2.5732496e-07,0
51877,1.0,1.0870091e-10,0
51878,1.0,5.9379876e-11,0
51879,1.0,6.2005856e-12,0
51880,1.0,1.31916205e-11,0
51881,1.0,3.6901584e-12,0
51882,1.0,4.3668072e-10,0
51883,1.0,1.7061762e-10,0
51884,0.99999714,2.851001e-06,0
51885,1.0,7.2873814e-09,0
51886,0.9999994,5.796594e-07,0
51887,1.0,3.4145646e-08,0
51888,0.9999958,4.1735166e-06,0
51889,0.99999833,1.613799e-06,0
51890,1.0,2.2644156e-10,0
51891,0.99996626,3.3759272e-05,0
51892,1.0,3.9765786e-09,0
51893,1.0,1.248916e-09,0
51894,1.0,1.7879772e-08,0
51895,0.9999839,1.6139766e-05,0
51896,0.9999999,7.557877e-08,0
51897,1.0,2.5819542e-09,0
51898,0.99999976,1.9603189e-07,0
51899,0.9999999,1.7018722e-07,0
51900,0.99999917,8.043329e-07,0
51901,0.99999905,9.81152e-07,0
51902,1.0,1.58706e-08,0
51903,1.0,4.7530407e-11,0
51904,1.0,8.8129015e-10,0
51905,1.0,7.9743623e-10,0
51906,1.0,3.5265714e-08,0
51907,1.0,3.0889588e-08,0
51908,1.0,2.877222e-12,0
51909,0.9999989,1.117776e-06,0
51910,1.0,2.3900466e-08,0
51911,0.99999976,2.8874433e-07,0
51912,0.99999857,1.4821192e-06,0
51913,1.0,2.7822551e-08,0
51914,0.99999976,2.4947045e-07,0
51915,0.9999989,1.0708651e-06,0
51916,1.0,1.3667171e-09,0
51917,1.0,2.831065e-08,0
51918,0.99999845,1.5073252e-06,0
51919,0.99999845,1.542935e-06,0
51920,0.9999993,7.5759453e-07,0
51921,1.0,3.1748873e-10,0
51922,1.0,1.0786991e-08,0
51923,0.9999949,5.175834e-06,0
51924,0.9999999,6.6477035e-08,0
51925,1.0,3.4349956e-09,0
51926,0.9999989,1.0425877e-06,0
51927,0.9999995,4.372554e-07,0
51928,0.99999857,1.4030937e-06,0
51929,1.0,5.085106e-08,0
51930,1.0,1.7937294e-08,0
51931,1.0,5.5726324e-10,0
51932,1.0,2.6910008e-09,0
51933,1.0,3.78691e-08,0
51934,1.0,3.7616996e-08,0
51935,0.9999933,6.6908533e-06,0
51936,1.0,6.3399025e-10,0
51937,1.0,1.5935026e-08,0
51938,0.9999994,5.5297454e-07,0
51939,1.0,2.0456374e-08,0
51940,1.0,1.3971098e-08,0
51941,1.0,7.1780693e-09,0
51942,1.0,3.1161324e-08,0
51943,0.9999994,6.3167215e-07,0
51944,1.0,2.1736224e-09,0
51945,0.9999999,6.083509e-08,0
51946,1.0,2.1726658e-08,0
51947,1.0,2.3155364e-08,0
51948,0.9999999,1.6846775e-07,0
51949,1.0,2.1005008e-08,0
51950,0.99999905,9.230098e-07,0
51951,0.99999654,3.487808e-06,0
51952,1.0,1.1929276e-08,0
51953,0.9999999,7.9311384e-08,0
51954,0.9999993,6.578569e-07,0
51955,1.0,4.6678843e-09,0
51956,1.0,1.3068353e-08,0
51957,1.0,9.747051e-10,0
51958,0.9999999,6.427746e-08,0
51959,1.0,2.9255982e-09,0
51960,1.0,4.7028287e-08,0
51961,1.0,4.6767155e-09,0
51962,0.9999999,9.1765344e-08,0
51963,0.9999999,8.456514e-08,0
51964,1.0,5.5038292e-08,0
51965,1.0,6.887431e-09,0
51966,1.0,1.4469748e-10,0
51967,0.99999976,2.7458321e-07,0
51968,1.0,1.1505442e-09,0
51969,1.0,1.5158302e-09,0
51970,1.0,1.9920757e-10,0
51971,0.9999993,7.052862e-07,0
51972,1.0,1.1222104e-09,0
51973,1.0,2.334908e-12,0
51974,0.9999969,3.1200123e-06,0
51975,0.9999999,1.4978461e-07,0
51976,1.0,7.793986e-11,0
51977,0.99999976,2.0988914e-07,0
51978,0.99999917,8.463127e-07,0
51979,1.0,2.1059003e-08,0
51980,1.0,2.6448983e-09,0
51981,1.0,4.6244233e-10,0
51982,0.9999995,4.969072e-07,0
51983,0.99999714,2.8376446e-06,0
51984,1.0,5.1133764e-09,0
51985,1.0,1.824809e-10,0
51986,1.0,2.0427433e-09,0
51987,0.99999976,2.5649828e-07,0
51988,0.9999993,6.7371195e-07,0
51989,1.0,6.276771e-10,0
51990,1.0,2.2300246e-09,0
51991,1.0,2.1352144e-09,0
51992,0.9999982,1.834758e-06,0
51993,0.99999964,3.321861e-07,0
51994,0.99999857,1.3758926e-06,0
51995,1.0,2.999237e-08,0
51996,0.99999964,3.7222736e-07,0
51997,0.9999962,3.7562684e-06,0
51998,1.0,3.6635445e-08,0
51999,0.9999995,4.7197042e-07,0
52000,1.0,1.4185393e-09,0
52001,0.9999995,4.591689e-07,0
52002,1.0,3.2051775e-09,0
52003,0.99999964,3.1505206e-07,0
52004,1.0,2.466778e-10,0
52005,1.0,7.595607e-09,0
52006,1.0,2.106751e-09,0
52007,1.0,6.2378067e-09,0
52008,1.0,1.005416e-08,0
52009,1.0,1.5065327e-08,0
52010,0.9999999,1.092944e-07,0
52011,1.0,2.8675691e-08,0
52012,0.9999999,9.623678e-08,0
52013,0.9999999,1.1230037e-07,0
52014,0.99999905,9.996261e-07,0
52015,1.0,4.024779e-10,0
52016,1.0,4.9195075e-11,0
52017,1.0,5.04843e-12,0
52018,1.0,2.1171922e-09,0
52019,1.0,1.4832863e-08,0
52020,0.99999964,3.1513318e-07,0
52021,1.0,3.9873647e-12,0
52022,1.0,3.042589e-08,0
52023,0.9999987,1.3500566e-06,0
52024,0.9999993,7.28623e-07,0
52025,0.99999976,2.0923123e-07,0
52026,0.99999845,1.5100819e-06,0
52027,0.9999981,1.8766654e-06,0
52028,0.9999999,8.344755e-08,0
52029,1.0,7.77539e-09,0
52030,0.9999999,9.670692e-08,0
52031,0.9999999,1.0458206e-07,0
52032,1.0,5.265713e-08,0
52033,0.99999857,1.4033761e-06,0
52034,0.9999982,1.7374139e-06,0
52035,0.99999964,3.1742613e-07,0
52036,1.0,3.1995155e-09,0
52037,0.99999833,1.6945113e-06,0
52038,1.0,9.622867e-09,0
52039,0.9999989,1.0717877e-06,0
52040,1.0,4.0135735e-09,0
52041,1.0,4.910014e-10,0
52042,1.0,8.4856735e-09,0
52043,1.0,3.4212758e-10,0
52044,0.9999995,4.5335133e-07,0
52045,1.0,1.985734e-09,0
52046,0.99996865,3.137713e-05,0
52047,1.0,6.6549186e-13,0
52048,1.0,4.487057e-09,0
52049,1.0,2.6540994e-10,0
52050,1.0,3.8924956e-08,0
52051,0.99999654,3.4998934e-06,0
52052,0.9999975,2.5019478e-06,0
52053,1.0,2.2965658e-08,0
52054,1.0,9.268993e-12,0
52055,0.99999964,3.5464845e-07,0
52056,0.9999956,4.4233557e-06,0
52057,0.99999964,3.7688383e-07,0
52058,0.9999975,2.5359222e-06,0
52059,0.99999917,8.251853e-07,0
52060,1.0,1.0790829e-10,0
52061,0.9999993,7.315738e-07,0
52062,0.9999962,3.776995e-06,0
52063,0.9999945,5.504907e-06,0
52064,0.99999917,8.779604e-07,0
52065,0.99999774,2.2298975e-06,0
52066,0.9999988,1.2477734e-06,0
52067,0.9999993,7.2624766e-07,0
52068,0.99999785,2.110788e-06,0
52069,0.9999995,4.564911e-07,0
52070,0.9999994,6.411608e-07,0
52071,1.0,5.02076e-10,0
52072,0.9999993,6.9826035e-07,0
52073,0.9999988,1.1448444e-06,0
52074,1.0,1.6263456e-08,0
52075,1.0,3.2973707e-10,0
52076,0.99999714,2.8795919e-06,0
52077,0.9999999,1.5605941e-07,0
52078,1.0,2.2733673e-08,0
52079,1.0,4.9919773e-11,0
52080,1.0,4.203272e-08,0
52081,0.9999993,6.768681e-07,0
52082,1.0,7.1962804e-11,0
52083,1.0,3.384228e-11,0
52084,0.9999993,7.098356e-07,0
52085,1.0,2.390778e-10,0
52086,1.0,1.7898384e-10,0
52087,0.9999994,5.820902e-07,0
52088,0.9999567,4.3322678e-05,0
52089,1.0,1.2331214e-08,0
52090,1.0,2.8888953e-09,0
52091,1.0,5.817605e-12,0
52092,0.9999976,2.4225421e-06,0
52093,1.0,2.8051024e-09,0
52094,0.99999976,1.9800625e-07,0
52095,0.9999999,6.227122e-08,0
52096,1.0,8.760534e-09,0
52097,0.99999833,1.6373534e-06,0
52098,1.0,4.8064255e-08,0
52099,0.999998,2.0593432e-06,0
52100,1.0,1.2707612e-08,0
52101,1.0,5.016857e-09,0
52102,0.9999994,5.467438e-07,0
52103,1.0,1.1098992e-11,0
52104,1.0,6.108185e-11,0
52105,1.0,3.5216168e-12,0
52106,0.9999993,7.597217e-07,0
52107,1.0,1.8059875e-09,0
52108,1.0,2.4006745e-11,0
52109,1.0,3.1149323e-08,0
52110,1.0,1.1960574e-09,0
52111,1.0,6.0703015e-10,0
52112,0.9999999,1.10463404e-07,0
52113,1.0,1.020168e-09,0
52114,1.0,1.1863681e-11,0
52115,1.0,8.644657e-13,0
52116,1.0,6.061202e-12,0
52117,1.0,3.8431013e-14,0
52118,1.0,7.355163e-09,0
52119,1.0,2.4609821e-11,0
52120,1.0,3.2783254e-10,0
52121,1.0,8.057742e-12,0
52122,1.0,8.672303e-13,0
52123,0.9999999,9.335669e-08,0
52124,0.9999989,1.0752522e-06,0
52125,1.0,8.3643636e-10,0
52126,0.99999976,2.901145e-07,0
52127,0.99999976,2.3527326e-07,0
52128,1.0,1.12817394e-10,0
52129,1.0,5.9260117e-09,0
52130,1.0,7.182886e-10,0
52131,0.99999666,3.3531405e-06,0
52132,0.9999999,6.567562e-08,0
52133,0.9999999,6.759632e-08,0
52134,0.9999999,1.04860696e-07,0
52135,0.9999908,9.134072e-06,0
52136,0.99999917,8.305643e-07,0
52137,1.0,3.4842923e-10,0
52138,0.9999995,4.948274e-07,0
52139,1.0,4.165555e-11,0
52140,1.0,1.2232555e-10,0
52141,0.99999976,2.159963e-07,0
52142,1.0,1.1391447e-11,0
52143,1.0,1.059733e-09,0
52144,1.0,5.933566e-13,0
52145,1.0,4.9583657e-11,0
52146,1.0,9.675807e-11,0
52147,0.99999964,3.6138672e-07,0
52148,1.0,6.6944133e-12,0
52149,1.0,2.7199442e-13,0
52150,1.0,6.3523733e-09,0
52151,1.0,1.2654612e-09,0
52152,0.9999989,1.0484146e-06,0
52153,1.0,4.2848027e-11,0
52154,1.0,1.8532683e-08,0
52155,0.9999994,5.649516e-07,0
52156,0.9999918,8.2396145e-06,0
52157,1.0,2.6193861e-08,0
52158,1.0,3.8051662e-10,0
52159,0.9999993,6.9634376e-07,0
52160,0.9999999,7.2262615e-08,0
52161,0.9999999,1.2597211e-07,0
52162,1.0,3.322128e-11,0
52163,1.0,1.301744e-10,0
52164,0.99999905,9.009346e-07,0
52165,0.9999968,3.2176124e-06,0
52166,1.0,5.0807305e-09,0
52167,0.9999976,2.4013411e-06,0
52168,1.0,1.433822e-08,0
52169,1.0,5.075992e-10,0
52170,0.99999976,2.069931e-07,0
52171,1.0,8.4239264e-09,0
52172,1.0,7.389385e-10,0
52173,1.0,6.4585777e-09,0
52174,1.0,8.6088003e-10,0
52175,1.0,3.9584677e-10,0
52176,0.99999654,3.4152597e-06,0
52177,0.99999964,3.090409e-07,0
52178,0.99999857,1.4315889e-06,0
52179,0.9999999,1.6380407e-07,0
52180,1.0,6.0388365e-09,0
52181,1.0,3.0926917e-11,0
52182,1.0,1.1165664e-11,0
52183,1.0,2.8077972e-11,0
52184,1.0,4.673499e-08,0
52185,1.0,6.0229016e-10,0
52186,1.0,4.0702747e-13,0
52187,0.9999999,1.2208623e-07,0
52188,1.0,2.2276249e-11,0
52189,0.9999993,6.9861335e-07,0
52190,1.0,7.254292e-09,0
52191,0.9999994,6.1373714e-07,0
52192,1.0,2.8648738e-08,0
52193,0.99999905,9.4324434e-07,0
52194,1.0,1.6319255e-09,0
52195,0.9999999,1.12699276e-07,0
52196,0.9999933,6.695194e-06,0
52197,0.9999982,1.7920661e-06,0
52198,1.0,2.1672607e-08,0
52199,1.0,2.3918273e-10,0
52200,1.0,4.083502e-09,0
52201,1.0,3.0071172e-09,0
52202,0.9999976,2.3417556e-06,0
52203,1.0,9.737811e-11,0
52204,1.0,4.5974066e-10,0
52205,0.99999976,1.9371997e-07,0
52206,0.99999976,2.700103e-07,0
52207,0.9999982,1.7686154e-06,0
52208,0.99999976,2.5929074e-07,0
52209,0.99999905,8.983093e-07,0
52210,0.9999987,1.3668737e-06,0
52211,0.9999999,1.16078404e-07,0
52212,1.0,1.0834205e-09,0
52213,0.9999988,1.1778831e-06,0
52214,1.0,2.986893e-09,0
52215,0.99999785,2.1077262e-06,0
52216,0.999998,2.0697469e-06,0
52217,0.99999905,9.1185717e-07,0
52218,0.9999995,5.0289793e-07,0
52219,0.99999964,3.5112691e-07,0
52220,0.99999833,1.685325e-06,0
52221,0.9999963,3.6888823e-06,0
52222,0.9999999,1.0733143e-07,0
52223,0.99999714,2.8367838e-06,0
52224,0.9999999,7.750976e-08,0
52225,1.0,9.365968e-09,0
52226,0.9999796,2.0349828e-05,0
52227,0.9999989,1.1200553e-06,0
52228,0.99999964,3.7968007e-07,0
52229,1.0,3.9136157e-08,0
52230,0.99999964,3.910624e-07,0
52231,1.0,1.9295338e-18,0
52232,0.9999995,4.580108e-07,0
52233,1.0,1.9382858e-08,0
52234,0.9999969,3.0476008e-06,0
52235,0.99999964,4.0219447e-07,0
52236,1.0,7.1085623e-11,0
52237,1.0,2.1618829e-10,0
52238,0.99999833,1.7094375e-06,0
52239,0.999997,2.943328e-06,0
52240,1.0,4.0945238e-12,0
52241,1.0,9.1174e-10,0
52242,1.0,4.536922e-08,0
52243,0.9999989,1.0892558e-06,0
52244,0.99999976,1.8568956e-07,0
52245,0.99999964,3.1340713e-07,0
52246,0.99999905,9.2672656e-07,0
52247,1.0,4.1750803e-09,0
52248,1.0,1.912184e-09,0
52249,1.0,1.5673322e-08,0
52250,1.0,1.4470032e-09,0
52251,1.0,8.748131e-12,0
52252,1.0,3.2752587e-09,0
52253,1.0,1.3427906e-08,0
52254,1.0,1.5635952e-10,0
52255,1.0,7.80549e-10,0
52256,1.0,1.0127446e-09,0
52257,1.0,1.4978582e-10,0
52258,1.0,1.0925969e-09,0
52259,1.0,2.7258596e-13,0
52260,1.0,7.77331e-10,0
52261,1.0,7.5053497e-10,0
52262,1.0,3.4884484e-10,0
52263,1.0,8.629585e-09,0
52264,0.9999994,6.0902784e-07,0
52265,1.0,1.1082862e-09,0
52266,1.0,8.142041e-10,0
52267,1.0,1.3178708e-09,0
52268,0.9999999,1.07347404e-07,0
52269,1.0,1.801405e-09,0
52270,0.99999785,2.1607036e-06,0
52271,0.9999995,4.4360021e-07,0
52272,1.0,3.213464e-10,0
52273,1.0,2.2236803e-08,0
52274,1.0,5.5917654e-10,0
52275,0.9999993,7.228797e-07,0
52276,1.0,4.2026947e-08,0
52277,1.0,3.3547265e-09,0
52278,0.9999975,2.4767337e-06,0
52279,0.99999833,1.6260607e-06,0
52280,0.9999987,1.276601e-06,0
52281,0.9999989,1.0346143e-06,0
52282,0.9999999,7.678287e-08,0
52283,1.0,8.016869e-09,0
52284,1.0,2.1234294e-08,0
52285,0.9999988,1.1637185e-06,0
52286,1.0,2.5968712e-08,0
52287,1.0,8.898975e-11,0
52288,1.0,2.7128515e-09,0
52289,1.0,3.6274678e-10,0
52290,0.99999976,1.8640246e-07,0
52291,0.99999964,3.9315424e-07,0
52292,1.0,5.131168e-09,0
52293,0.9999999,7.287468e-08,0
52294,1.0,1.4981075e-09,0
52295,1.0,5.0594974e-08,0
52296,0.99999976,2.4687907e-07,0
52297,0.9999989,1.0260069e-06,0
52298,1.0,1.8102881e-09,0
52299,1.0,4.4902499e-13,0
52300,1.0,1.8014977e-09,0
52301,0.99999976,2.1401333e-07,0
52302,1.0,9.471916e-11,0
52303,1.0,4.3279536e-09,0
52304,0.99999547,4.493094e-06,0
52305,0.99995613,4.3905122e-05,0
52306,1.0,1.0627881e-08,0
52307,1.0,1.0631185e-08,0
52308,1.0,1.4581225e-11,0
52309,1.0,1.4126862e-12,0
52310,1.0,4.5698193e-12,0
52311,1.0,3.101297e-08,0
52312,1.0,3.093702e-10,0
52313,0.9999999,5.968814e-08,0
52314,0.9999974,2.6371229e-06,0
52315,1.0,1.6906737e-08,0
52316,1.0,9.3232894e-11,0
52317,1.0,8.460539e-10,0
52318,0.9999969,3.0540423e-06,0
52319,1.0,3.389904e-09,0
52320,1.0,8.3790536e-10,0
52321,1.0,3.738182e-08,0
52322,1.0,1.830803e-09,0
52323,1.0,1.9942568e-11,0
52324,0.9999989,1.0995634e-06,0
52325,1.0,1.9033173e-08,0
52326,1.0,7.837468e-12,0
52327,1.0,8.6164886e-10,0
52328,0.9999999,1.7749574e-07,0
52329,0.99999857,1.417874e-06,0
52330,0.99999905,9.598176e-07,0
52331,1.0,6.842568e-10,0
52332,1.0,3.9101886e-09,0
52333,1.0,4.838478e-09,0
52334,0.9999999,7.4265806e-08,0
52335,1.0,5.8390215e-10,0
52336,1.0,3.6394052e-08,0
52337,1.0,3.7838845e-08,0
52338,1.0,1.6996938e-09,0
52339,1.0,1.1724807e-09,0
52340,1.0,2.2724893e-10,0
52341,0.99999917,8.058539e-07,0
52342,1.0,1.5654468e-12,0
52343,0.99999523,4.7786875e-06,0
52344,1.0,3.420754e-10,0
52345,1.0,2.2922816e-08,0
52346,1.0,5.9189322e-08,0
52347,0.99999976,2.8595085e-07,0
52348,0.9999999,8.663562e-08,0
52349,0.99999785,2.101422e-06,0
52350,1.0,4.5692356e-12,0
52351,1.0,3.7638667e-08,0
52352,0.9999939,6.076579e-06,0
52353,0.9999987,1.2708468e-06,0
52354,1.0,4.9741353e-12,0
52355,1.0,4.9902774e-13,0
52356,1.0,2.5538617e-08,0
52357,1.0,5.630575e-09,0
52358,1.0,1.7954194e-09,0
52359,0.9999999,7.55854e-08,0
52360,1.0,6.9194506e-10,0
52361,0.9999975,2.4848796e-06,0
52362,0.9999707,2.9284492e-05,0
52363,1.0,3.0249517e-08,0
52364,1.0,6.903898e-09,0
52365,1.0,1.9058437e-10,0
52366,1.0,7.613897e-09,0
52367,0.9999999,9.9734486e-08,0
52368,1.0,2.7954842e-08,0
52369,1.0,1.4741355e-10,0
52370,1.0,6.4037583e-13,0
52371,1.0,7.830986e-11,0
52372,1.0,7.8590805e-09,0
52373,1.0,1.0969265e-11,0
52374,1.0,4.9807976e-09,0
52375,1.0,9.373197e-11,0
52376,1.0,2.9763446e-12,0
52377,1.0,2.873156e-10,0
52378,1.0,2.541058e-12,0
52379,1.0,5.051982e-13,0
52380,1.0,3.9222108e-11,0
52381,1.0,1.33654875e-11,0
52382,1.0,1.063937e-10,0
52383,1.0,1.528081e-12,0
52384,1.0,1.111918e-08,0
52385,1.0,1.5269426e-11,0
52386,1.0,2.9897013e-10,0
52387,1.0,2.5199662e-12,0
52388,1.0,9.924944e-12,0
52389,1.0,1.06840266e-10,0
52390,1.0,3.3919605e-09,0
52391,1.0,5.952037e-11,0
52392,1.0,9.663515e-13,0
52393,1.0,8.69109e-11,0
52394,1.0,9.286304e-11,0
52395,0.9999999,7.924757e-08,0
52396,1.0,1.2306947e-11,0
52397,1.0,3.2838592e-13,0
52398,1.0,3.125996e-12,0
52399,1.0,7.558572e-11,0
52400,1.0,5.6365486e-13,0
52401,1.0,7.665904e-09,0
52402,1.0,6.895416e-11,0
52403,0.9999999,8.987997e-08,0
52404,1.0,1.981569e-12,0
52405,1.0,8.0680064e-14,0
52406,0.99999905,1.0099346e-06,0
52407,1.0,1.048818e-09,0
52408,1.0,3.9726764e-12,0
52409,1.0,1.785049e-13,0
52410,1.0,1.6615227e-11,0
52411,1.0,3.3518622e-12,0
52412,1.0,7.686588e-10,0
52413,1.0,5.964862e-13,0
52414,1.0,3.2067946e-11,0
52415,1.0,6.345885e-12,0
52416,0.9999963,3.6414542e-06,0
52417,1.0,3.8796962e-11,0
52418,1.0,2.2295547e-11,0
52419,0.9999999,1.5647579e-07,0
52420,1.0,1.783051e-10,0
52421,0.99999905,8.980986e-07,0
52422,0.99999774,2.213834e-06,0
52423,1.0,8.3514823e-10,0
52424,1.0,4.498557e-09,0
52425,1.0,3.077302e-09,0
52426,1.0,1.3142114e-12,0
52427,0.9999999,8.091362e-08,0
52428,1.0,1.9490251e-12,0
52429,0.9999976,2.3785421e-06,0
52430,1.0,5.2274956e-08,0
52431,1.0,2.2256392e-09,0
52432,1.0,3.7158554e-11,0
52433,1.0,3.1510726e-08,0
52434,1.0,3.795679e-13,0
52435,1.0,1.921245e-11,0
52436,1.0,5.9984075e-12,0
52437,0.99999976,2.559397e-07,0
52438,1.0,9.392942e-10,0
52439,0.9999994,6.17089e-07,0
52440,1.0,1.1803227e-09,0
52441,1.0,1.0010134e-11,0
52442,1.0,1.8208718e-08,0
52443,1.0,1.1004357e-09,0
52444,0.9999999,1.7571149e-07,0
52445,1.0,1.5834119e-10,0
52446,1.0,1.9884105e-12,0
52447,1.0,3.4383604e-08,0
52448,1.0,4.7602303e-13,0
52449,0.9999999,1.6323129e-07,0
52450,1.0,2.0768134e-08,0
52451,0.99999976,2.2786467e-07,0
52452,1.0,3.9687837e-08,0
52453,0.9999999,1.5889901e-07,0
52454,1.0,5.64026e-09,0
52455,1.0,3.8190775e-09,0
52456,1.0,1.1545138e-10,0
52457,1.0,2.946985e-10,0
52458,0.9999994,5.680825e-07,0
52459,0.9999987,1.3475726e-06,0
52460,1.0,1.1907628e-09,0
52461,0.9999999,1.7425e-07,0
52462,0.99999976,2.0654942e-07,0
52463,1.0,2.1719739e-08,0
52464,1.0,2.1878702e-11,0
52465,1.0,3.458942e-08,0
52466,0.9999994,6.081688e-07,0
52467,1.0,2.0782121e-08,0
52468,1.0,3.097286e-10,0
52469,1.0,6.085535e-10,0
52470,0.999998,2.0673756e-06,0
52471,1.0,3.332366e-10,0
52472,1.0,8.242817e-12,0
52473,0.99999225,7.789517e-06,0
52474,1.0,3.922514e-09,0
52475,1.0,7.378291e-09,0
52476,1.0,3.1207806e-10,0
52477,1.0,6.9230338e-12,0
52478,1.0,8.5692683e-14,0
52479,1.0,2.689887e-13,0
52480,1.0,1.3187294e-11,0
52481,1.0,1.0669913e-10,0
52482,1.0,3.0473725e-13,0
52483,1.0,3.576662e-10,0
52484,1.0,1.4186082e-11,0
52485,1.0,7.8662593e-10,0
52486,1.0,1.0022777e-12,0
52487,1.0,1.9117881e-11,0
52488,1.0,2.8443211e-11,0
52489,1.0,4.2236926e-12,0
52490,1.0,1.7439274e-10,0
52491,1.0,2.54843e-09,0
52492,1.0,2.8006156e-10,0
52493,1.0,4.1807658e-11,0
52494,1.0,1.1130087e-08,0
52495,1.0,2.418856e-12,0
52496,1.0,3.7025843e-14,0
52497,1.0,3.0805904e-09,0
52498,0.9999988,1.1583417e-06,0
52499,1.0,3.225049e-11,0
52500,1.0,1.0357654e-08,0
52501,1.0,7.591152e-11,0
52502,1.0,1.4928112e-12,0
52503,1.0,2.924493e-13,0
52504,1.0,7.565737e-12,0
52505,1.0,4.3425374e-10,0
52506,1.0,6.062246e-11,0
52507,1.0,5.3646395e-14,0
52508,1.0,4.6251774e-12,0
52509,1.0,4.3648519e-13,0
52510,1.0,3.5119178e-12,0
52511,1.0,2.668375e-12,0
52512,1.0,1.6488505e-11,0
52513,1.0,3.8278525e-08,0
52514,1.0,1.5257854e-13,0
52515,1.0,1.331425e-10,0
52516,1.0,1.7270407e-08,0
52517,1.0,1.4908272e-13,0
52518,1.0,1.9081078e-12,0
52519,1.0,7.041353e-13,0
52520,0.9999993,7.038241e-07,0
52521,1.0,9.871982e-13,0
52522,1.0,5.709518e-14,0
52523,1.0,1.0614227e-08,0
52524,0.9999995,5.033787e-07,0
52525,0.9999994,5.385477e-07,0
52526,1.0,1.3959322e-12,0
52527,1.0,2.5834885e-11,0
52528,1.0,1.140024e-13,0
52529,1.0,1.8214258e-10,0
52530,1.0,1.3811713e-10,0
52531,1.0,2.975845e-12,0
52532,1.0,2.6092438e-08,0
52533,1.0,5.381021e-12,0
52534,1.0,1.1542125e-13,0
52535,1.0,2.329981e-14,0
52536,1.0,1.935323e-08,0
52537,1.0,6.2498284e-11,0
52538,0.99999905,9.731175e-07,0
52539,1.0,2.4370371e-12,0
52540,1.0,1.7215916e-11,0
52541,1.0,4.8720034e-12,0
52542,1.0,9.18525e-13,0
52543,1.0,9.041954e-12,0
52544,0.9999995,4.400381e-07,0
52545,1.0,7.4041874e-13,0
52546,1.0,3.193712e-12,0
52547,1.0,8.751335e-12,0
52548,0.9999999,7.246496e-08,0
52549,1.0,6.4392416e-09,0
52550,1.0,5.6557264e-10,0
52551,1.0,3.940492e-11,0
52552,1.0,2.6974656e-09,0
52553,1.0,1.0985321e-08,0
52554,1.0,2.9697615e-08,0
52555,1.0,7.55899e-11,0
52556,1.0,3.1251256e-12,0
52557,1.0,3.574028e-11,0
52558,1.0,7.706799e-11,0
52559,1.0,1.2457732e-09,0
52560,0.9999993,7.2358256e-07,0
52561,1.0,7.615316e-10,0
52562,1.0,5.193774e-12,0
52563,1.0,7.981179e-10,0
52564,1.0,8.3568964e-11,0
52565,1.0,1.1981832e-09,0
52566,1.0,1.0469611e-13,0
52567,1.0,9.276173e-12,0
52568,0.9999999,1.1839506e-07,0
52569,1.0,2.4980713e-09,0
52570,1.0,1.2736197e-08,0
52571,1.0,6.5467605e-09,0
52572,1.0,5.8009653e-11,0
52573,0.9999993,7.1663203e-07,0
52574,1.0,1.0129726e-09,0
52575,1.0,3.181155e-10,0
52576,1.0,5.729187e-10,0
52577,1.0,4.812291e-10,0
52578,1.0,2.9755743e-11,0
52579,0.9999988,1.174464e-06,0
52580,1.0,2.6149532e-08,0
52581,1.0,6.923896e-11,0
52582,1.0,5.8031184e-09,0
52583,0.99999857,1.3976822e-06,0
52584,0.9999999,1.1432151e-07,0
52585,1.0,1.2666207e-12,0
52586,1.0,3.279956e-11,0
52587,1.0,3.8825503e-09,0
52588,1.0,7.705227e-11,0
52589,1.0,7.0156283e-13,0
52590,1.0,3.4549427e-10,0
52591,1.0,4.97188e-11,0
52592,1.0,1.5370911e-11,0
52593,1.0,1.303462e-12,0
52594,1.0,6.8068454e-11,0
52595,1.0,6.633632e-12,0
52596,0.9999995,5.090055e-07,0
52597,1.0,8.667856e-09,0
52598,1.0,8.932381e-13,0
52599,0.9999989,1.0829272e-06,0
52600,0.99999976,2.556387e-07,0
52601,1.0,5.317351e-14,0
52602,0.9999999,1.4337954e-07,0
52603,1.0,1.1304265e-11,0
52604,1.0,3.9211376e-09,0
52605,1.0,6.3067027e-09,0
52606,1.0,2.388118e-09,0
52607,1.0,7.256188e-09,0
52608,1.0,6.115021e-13,0
52609,1.0,1.4196497e-08,0
52610,0.99999905,9.904328e-07,0
52611,0.9999995,4.3862153e-07,0
52612,1.0,8.280325e-11,0
52613,1.0,6.020788e-10,0
52614,1.0,8.160623e-13,0
52615,1.0,6.024349e-10,0
52616,1.0,1.2749211e-10,0
52617,1.0,4.8433533e-09,0
52618,1.0,2.56267e-11,0
52619,1.0,2.4728348e-11,0
52620,1.0,1.7342993e-12,0
52621,1.0,2.5064007e-12,0
52622,1.0,5.9790575e-12,0
52623,1.0,9.295882e-09,0
52624,1.0,3.9691046e-14,0
52625,1.0,2.0367227e-11,0
52626,1.0,1.3286846e-11,0
52627,1.0,1.1943332e-10,0
52628,1.0,4.4279855e-09,0
52629,1.0,4.545507e-11,0
52630,1.0,2.4918978e-10,0
52631,0.9999999,1.0948009e-07,0
52632,1.0,1.8024655e-11,0
52633,1.0,1.0329008e-12,0
52634,1.0,1.1970962e-12,0
52635,1.0,6.8613734e-14,0
52636,1.0,1.6635069e-12,0
52637,1.0,1.7062321e-13,0
52638,1.0,1.1923492e-09,0
52639,1.0,4.6024053e-11,0
52640,1.0,3.355155e-13,0
52641,0.9999999,7.147578e-08,0
52642,1.0,1.1396762e-09,0
52643,1.0,6.1733696e-13,0
52644,1.0,1.4084876e-10,0
52645,1.0,1.024424e-10,0
52646,1.0,6.194229e-11,0
52647,1.0,3.312725e-11,0
52648,1.0,4.0769083e-10,0
52649,1.0,1.42530405e-08,0
52650,1.0,1.0179997e-11,0
52651,1.0,1.757403e-11,0
52652,1.0,3.8974264e-09,0
52653,1.0,6.772847e-12,0
52654,1.0,2.2804415e-12,0
52655,1.0,3.8055416e-11,0
52656,1.0,1.098344e-11,0
52657,1.0,1.8153415e-11,0
52658,1.0,1.5606447e-11,0
52659,1.0,5.347383e-11,0
52660,1.0,2.1112834e-10,0
52661,1.0,2.0874297e-11,0
52662,1.0,4.0189665e-09,0
52663,1.0,6.3744204e-11,0
52664,0.99999833,1.6351781e-06,0
52665,1.0,1.5758828e-10,0
52666,1.0,4.6648424e-08,0
52667,1.0,1.4965303e-10,0
52668,1.0,5.7670774e-10,0
52669,1.0,3.1395427e-08,0
52670,1.0,6.227295e-10,0
52671,1.0,5.46496e-11,0
52672,1.0,1.848693e-08,0
52673,1.0,2.3601386e-12,0
52674,1.0,5.314284e-12,0
52675,0.99999905,9.462085e-07,0
52676,1.0,7.4734663e-10,0
52677,1.0,4.9352375e-12,0
52678,1.0,4.004216e-12,0
52679,1.0,4.8507376e-10,0
52680,1.0,1.5093592e-09,0
52681,1.0,1.7611218e-10,0
52682,1.0,1.2423549e-11,0
52683,1.0,2.4300373e-12,0
52684,1.0,6.323336e-13,0
52685,0.99999917,8.716832e-07,0
52686,1.0,4.9003913e-12,0
52687,1.0,8.2024876e-10,0
52688,1.0,3.569619e-08,0
52689,1.0,2.9167222e-09,0
52690,1.0,5.2316046e-12,0
52691,1.0,2.3391205e-08,0
52692,1.0,3.4919252e-09,0
52693,1.0,1.004562e-10,0
52694,1.0,1.06951996e-10,0
52695,1.0,8.010483e-12,0
52696,1.0,4.613908e-12,0
52697,1.0,5.2757804e-10,0
52698,1.0,5.393295e-10,0
52699,1.0,1.8533876e-09,0
52700,1.0,5.547731e-10,0
52701,1.0,8.5089954e-13,0
52702,0.9999994,5.4967785e-07,0
52703,1.0,4.5330525e-13,0
52704,1.0,2.6452387e-11,0
52705,1.0,2.7072883e-10,0
52706,1.0,1.3855784e-09,0
52707,1.0,2.8077665e-10,0
52708,1.0,4.8991974e-11,0
52709,1.0,1.4310966e-10,0
52710,1.0,7.574093e-09,0
52711,1.0,1.7508579e-12,0
52712,1.0,2.1896361e-11,0
52713,1.0,1.2052405e-09,0
52714,1.0,1.5219248e-10,0
52715,0.99999905,1.0100474e-06,0
52716,1.0,1.7562504e-11,0
52717,1.0,1.4274519e-10,0
52718,1.0,4.576479e-10,0
52719,1.0,4.4634825e-12,0
52720,1.0,7.401982e-10,0
52721,1.0,9.525166e-10,0
52722,1.0,2.5001614e-11,0
52723,1.0,3.674938e-08,0
52724,1.0,1.3640294e-09,0
52725,1.0,2.0295972e-09,0
52726,1.0,7.1885536e-12,0
52727,1.0,2.6734315e-10,0
52728,1.0,8.0435575e-11,0
52729,0.9999987,1.2846224e-06,0
52730,1.0,4.056274e-11,0
52731,1.0,1.0398832e-11,0
52732,1.0,5.177943e-10,0
52733,1.0,1.5936742e-10,0
52734,1.0,2.2045937e-10,0
52735,1.0,7.4140094e-09,0
52736,1.0,2.0189072e-08,0
52737,1.0,3.5837315e-09,0
52738,1.0,2.64634e-10,0
52739,1.0,7.158893e-11,0
52740,1.0,2.71339e-09,0
52741,0.99999976,2.706662e-07,0
52742,1.0,4.02894e-11,0
52743,1.0,6.315752e-10,0
52744,0.9999993,6.586843e-07,0
52745,1.0,5.063763e-12,0
52746,1.0,3.2604024e-11,0
52747,1.0,6.652235e-11,0
52748,1.0,2.162577e-09,0
52749,0.99999905,9.953017e-07,0
52750,1.0,8.2863644e-10,0
52751,1.0,4.5161788e-10,0
52752,1.0,1.3516137e-09,0
52753,1.0,7.81422e-10,0
52754,1.0,1.2399261e-11,0
52755,1.0,1.9860275e-11,0
52756,1.0,8.666999e-12,0
52757,1.0,6.995325e-11,0
52758,1.0,2.0786748e-09,0
52759,1.0,9.43649e-13,0
52760,1.0,7.925415e-10,0
52761,1.0,3.3108952e-10,0
52762,1.0,6.837933e-11,0
52763,1.0,1.7066856e-08,0
52764,1.0,6.681457e-11,0
52765,1.0,3.911252e-11,0
52766,1.0,2.1759554e-11,0
52767,1.0,1.6675566e-09,0
52768,0.9999999,1.01256006e-07,0
52769,1.0,7.676947e-10,0
52770,1.0,1.2914223e-09,0
52771,1.0,4.958969e-12,0
52772,1.0,8.623657e-10,0
52773,1.0,1.5592025e-10,0
52774,1.0,6.437123e-11,0
52775,1.0,1.0665127e-11,0
52776,1.0,7.566748e-12,0
52777,1.0,2.568485e-10,0
52778,1.0,8.820876e-13,0
52779,1.0,1.8150723e-10,0
52780,1.0,1.2821687e-10,0
52781,1.0,3.7191097e-11,0
52782,1.0,3.5636918e-09,0
52783,1.0,9.551086e-11,0
52784,1.0,1.1087069e-09,0
52785,1.0,4.184218e-12,0
52786,1.0,6.0281246e-12,0
52787,1.0,3.6653022e-10,0
52788,1.0,5.1647185e-13,0
52789,0.9999999,1.4731117e-07,0
52790,1.0,5.841734e-12,0
52791,1.0,2.0792864e-12,0
52792,1.0,4.9079074e-10,0
52793,1.0,3.96191e-11,0
52794,1.0,1.5577042e-10,0
52795,1.0,1.752933e-08,0
52796,1.0,8.685058e-11,0
52797,1.0,1.7183236e-08,0
52798,1.0,6.723362e-11,0
52799,1.0,3.6846182e-11,0
52800,1.0,6.830382e-12,0
52801,1.0,4.950884e-10,0
52802,1.0,4.221079e-10,0
52803,1.0,2.4820252e-11,0
52804,1.0,1.0327743e-09,0
52805,1.0,5.5912747e-10,0
52806,1.0,3.4489015e-12,0
52807,1.0,3.1528235e-11,0
52808,1.0,1.2383e-11,0
52809,1.0,3.9599495e-13,0
52810,1.0,2.4904935e-12,0
52811,1.0,3.9867837e-10,0
52812,1.0,1.2387342e-12,0
52813,1.0,4.555799e-12,0
52814,1.0,2.6829708e-12,0
52815,1.0,3.7822605e-12,0
52816,1.0,7.591043e-13,0
52817,1.0,1.7336768e-13,0
52818,1.0,1.934606e-09,0
52819,1.0,1.6400109e-12,0
52820,1.0,1.40425414e-11,0
52821,1.0,2.1234817e-12,0
52822,1.0,4.550035e-11,0
52823,1.0,2.2314883e-09,0
52824,1.0,3.922804e-10,0
52825,1.0,2.8081276e-12,0
52826,1.0,4.1889773e-12,0
52827,1.0,5.0292714e-10,0
52828,1.0,5.589073e-12,0
52829,0.9999993,6.9343855e-07,0
52830,1.0,5.7355037e-11,0
52831,1.0,6.012118e-12,0
52832,1.0,6.1916134e-09,0
52833,1.0,1.0731168e-09,0
52834,1.0,1.1094516e-09,0
52835,1.0,4.5884074e-11,0
52836,1.0,5.3356026e-12,0
52837,1.0,2.6914923e-10,0
52838,1.0,6.608882e-11,0
52839,1.0,7.9463947e-10,0
52840,1.0,3.1283385e-13,0
52841,1.0,4.0099293e-10,0
52842,1.0,5.801211e-10,0
52843,1.0,1.5579597e-10,0
52844,0.9999975,2.5619665e-06,0
52845,1.0,1.5705466e-11,0
52846,1.0,1.0295791e-11,0
52847,1.0,1.1620966e-09,0
52848,1.0,1.3002588e-12,0
52849,1.0,3.2409744e-09,0
52850,1.0,1.819417e-12,0
52851,1.0,3.2595378e-11,0
52852,1.0,1.1511232e-10,0
52853,1.0,3.8095596e-10,0
52854,1.0,3.724301e-10,0
52855,1.0,1.6384744e-10,0
52856,1.0,6.4458866e-10,0
52857,0.99999833,1.6717727e-06,0
52858,1.0,1.9312048e-11,0
52859,1.0,1.3690272e-11,0
52860,1.0,3.5969836e-12,0
52861,1.0,7.557899e-10,0
52862,1.0,5.9113576e-13,0
52863,1.0,3.2976977e-10,0
52864,1.0,4.2150086e-12,0
52865,1.0,1.2824628e-13,0
52866,1.0,1.4708138e-09,0
52867,1.0,3.211598e-12,0
52868,1.0,6.079476e-11,0
52869,1.0,2.1769278e-10,0
52870,1.0,4.3512572e-11,0
52871,1.0,8.543533e-10,0
52872,1.0,5.8459883e-13,0
52873,1.0,1.5846172e-14,0
52874,0.99999976,2.1410068e-07,0
52875,1.0,7.725804e-10,0
52876,0.99999964,3.3063236e-07,0
52877,1.0,1.5793771e-09,0
52878,0.9999999,1.09361125e-07,0
52879,1.0,5.4715854e-10,0
52880,1.0,7.309166e-13,0
52881,1.0,5.464056e-10,0
52882,1.0,6.214417e-11,0
52883,0.9999976,2.4210917e-06,0
52884,0.99999964,3.6767685e-07,0
52885,1.0,8.847276e-10,0
52886,1.0,1.0521606e-12,0
52887,0.9999975,2.5481602e-06,0
52888,1.0,4.1174586e-10,0
52889,0.99999976,2.9396878e-07,0
52890,1.0,1.578581e-10,0
52891,1.0,6.457973e-13,0
52892,0.99999976,1.9256709e-07,0
52893,1.0,2.3866867e-10,0
52894,1.0,8.058372e-12,0
52895,1.0,1.6987021e-09,0
52896,1.0,8.058414e-13,0
52897,1.0,1.396754e-10,0
52898,1.0,1.5116416e-12,0
52899,0.99999964,3.0018643e-07,0
52900,1.0,1.6867755e-09,0
52901,1.0,5.2252974e-10,0
52902,1.0,8.282279e-12,0
52903,1.0,1.3534034e-10,0
52904,1.0,1.6854216e-09,0
52905,1.0,1.4009548e-12,0
52906,1.0,5.410646e-10,0
52907,1.0,2.3632325e-09,0
52908,0.99999964,3.1579623e-07,0
52909,1.0,5.197045e-08,0
52910,1.0,3.2999126e-10,0
52911,1.0,4.4669193e-10,0
52912,1.0,1.37515315e-08,0
52913,1.0,9.23515e-11,0
52914,1.0,4.2508417e-11,0
52915,0.9999999,1.2045061e-07,0
52916,0.9999993,7.0634434e-07,0
52917,1.0,1.7734389e-10,0
52918,1.0,6.863688e-11,0
52919,1.0,1.1836022e-10,0
52920,1.0,2.7858124e-12,0
52921,1.0,1.0115234e-11,0
52922,1.0,6.205537e-10,0
52923,1.0,3.450241e-10,0
52924,1.0,4.2485637e-11,0
52925,1.0,3.053386e-11,0
52926,1.0,7.1811233e-09,0
52927,0.9999999,8.3876635e-08,0
52928,1.0,2.7079775e-12,0
52929,1.0,3.8045807e-09,0
52930,1.0,4.586579e-11,0
52931,1.0,6.2664765e-12,0
52932,1.0,3.49883e-10,0
52933,1.0,4.504743e-11,0
52934,1.0,8.906043e-10,0
52935,1.0,3.900189e-11,0
52936,1.0,1.6087152e-10,0
52937,1.0,6.1087113e-10,0
52938,1.0,4.4542574e-11,0
52939,1.0,6.276264e-11,0
52940,1.0,6.7110584e-12,0
52941,1.0,3.3722708e-10,0
52942,1.0,3.1034597e-10,0
52943,1.0,1.1971654e-11,0
52944,0.9999999,6.092323e-08,0
52945,1.0,9.120871e-12,0
52946,1.0,6.0352884e-13,0
52947,1.0,4.0591325e-10,0
52948,1.0,3.797144e-08,0
52949,1.0,9.254476e-11,0
52950,1.0,7.5738775e-09,0
52951,1.0,6.5848027e-10,0
52952,1.0,4.2123024e-11,0
52953,1.0,3.7418738e-10,0
52954,1.0,9.589158e-12,0
52955,1.0,1.9375704e-10,0
52956,1.0,1.1875408e-11,0
52957,1.0,3.5272848e-08,0
52958,1.0,1.68961e-08,0
52959,1.0,3.1893292e-12,0
52960,1.0,5.8260007e-08,0
52961,1.0,2.6770367e-08,0
52962,1.0,5.7217363e-11,0
52963,1.0,1.9355378e-11,0
52964,1.0,1.9957627e-12,0
52965,1.0,1.4242373e-10,0
52966,1.0,1.1428008e-11,0
52967,1.0,2.4360531e-11,0
52968,1.0,2.5262838e-09,0
52969,1.0,4.55094e-10,0
52970,1.0,2.591648e-10,0
52971,1.0,1.9591455e-11,0
52972,1.0,1.6994531e-10,0
52973,1.0,7.579621e-15,0
52974,1.0,7.142577e-12,0
52975,1.0,2.710463e-12,0
52976,1.0,3.5418122e-12,0
52977,1.0,1.6421434e-11,0
52978,1.0,2.5029547e-13,0
52979,1.0,1.4501356e-10,0
52980,1.0,5.4435605e-11,0
52981,1.0,4.884637e-13,0
52982,1.0,3.3727726e-10,0
52983,1.0,7.0297664e-11,0
52984,1.0,3.0240588e-11,0
52985,1.0,2.693738e-09,0
52986,1.0,4.3440403e-12,0
52987,1.0,3.3970314e-12,0
52988,1.0,2.073591e-12,0
52989,1.0,1.7147451e-08,0
52990,1.0,2.230583e-12,0
52991,1.0,3.3022261e-12,0
52992,1.0,1.2375263e-10,0
52993,1.0,1.5670458e-11,0
52994,1.0,1.8463203e-09,0
52995,1.0,2.1782653e-10,0
52996,1.0,1.1812645e-12,0
52997,1.0,1.5679585e-10,0
52998,1.0,4.26859e-13,0
52999,1.0,1.8215933e-09,0
53000,1.0,5.2921303e-09,0
53001,1.0,1.7582345e-11,0
53002,1.0,5.3246027e-12,0
53003,0.9999999,1.2750128e-07,0
53004,1.0,5.993579e-09,0
53005,1.0,9.478829e-09,0
53006,1.0,3.1946918e-09,0
53007,1.0,1.8253643e-12,0
53008,1.0,9.410388e-14,0
53009,1.0,9.2556414e-11,0
53010,1.0,5.364949e-13,0
53011,1.0,5.2151534e-13,0
53012,1.0,9.027002e-11,0
53013,1.0,8.3884844e-11,0
53014,1.0,4.7064956e-13,0
53015,0.9999988,1.2503906e-06,0
53016,1.0,1.2254268e-11,0
53017,1.0,9.327731e-12,0
53018,0.9999938,6.203961e-06,0
53019,1.0,1.03119124e-10,0
53020,0.9999994,6.2726474e-07,0
53021,1.0,1.2142744e-12,0
53022,1.0,9.482192e-13,0
53023,1.0,6.946622e-11,0
53024,1.0,1.3653413e-09,0
53025,1.0,2.753667e-08,0
53026,1.0,2.0077504e-13,0
53027,1.0,3.3270204e-09,0
53028,1.0,4.1361453e-10,0
53029,1.0,2.6218151e-08,0
53030,1.0,7.1514754e-09,0
53031,0.99999976,2.1520694e-07,0
53032,0.9999999,1.17952034e-07,0
53033,1.0,9.409622e-09,0
53034,1.0,5.1637557e-12,0
53035,1.0,1.0222384e-09,0
53036,1.0,3.396178e-11,0
53037,1.0,6.250365e-11,0
53038,1.0,8.003523e-11,0
53039,1.0,4.0377868e-11,0
53040,1.0,4.58589e-10,0
53041,1.0,6.431714e-10,0
53042,1.0,4.4361303e-11,0
53043,1.0,4.69863e-09,0
53044,1.0,6.5810296e-12,0
53045,1.0,1.820166e-09,0
53046,1.0,8.101728e-11,0
53047,1.0,1.6202628e-10,0
53048,1.0,7.744016e-12,0
53049,1.0,1.413569e-10,0
53050,1.0,7.609636e-11,0
53051,1.0,1.788318e-12,0
53052,1.0,1.1828988e-09,0
53053,1.0,3.5603062e-10,0
53054,1.0,1.2227384e-09,0
53055,1.0,5.487819e-13,0
53056,1.0,2.208825e-09,0
53057,1.0,3.0291967e-11,0
53058,1.0,7.527705e-09,0
53059,1.0,2.6921556e-13,0
53060,1.0,1.0467252e-10,0
53061,1.0,1.7649966e-09,0
53062,0.9999995,4.6054592e-07,0
53063,1.0,3.9705688e-09,0
53064,1.0,8.718925e-13,0
53065,1.0,5.835637e-10,0
53066,1.0,3.0168954e-09,0
53067,1.0,6.9681288e-12,0
53068,1.0,2.107842e-11,0
53069,1.0,3.5312525e-10,0
53070,1.0,4.6475882e-11,0
53071,1.0,3.0763058e-08,0
53072,1.0,1.5443554e-11,0
53073,1.0,1.5049536e-11,0
53074,1.0,7.457059e-11,0
53075,1.0,3.839909e-09,0
53076,1.0,1.7304558e-09,0
53077,1.0,5.899262e-09,0
53078,1.0,5.3278357e-11,0
53079,1.0,4.782984e-09,0
53080,1.0,2.2874475e-11,0
53081,1.0,2.6143209e-11,0
53082,1.0,2.2328923e-10,0
53083,1.0,2.4845534e-12,0
53084,1.0,5.2317668e-11,0
53085,1.0,4.8835824e-10,0
53086,1.0,7.8736745e-10,0
53087,1.0,1.25632535e-08,0
53088,1.0,8.9851954e-10,0
53089,1.0,7.6114866e-09,0
53090,1.0,4.028692e-12,0
53091,1.0,4.0285212e-13,0
53092,1.0,7.288347e-11,0
53093,1.0,8.375663e-11,0
53094,1.0,3.8997684e-13,0
53095,1.0,8.665268e-11,0
53096,0.9999999,1.0002672e-07,0
53097,1.0,5.101197e-10,0
53098,1.0,6.3328294e-11,0
53099,1.0,6.7470024e-10,0
53100,1.0,1.3206032e-13,0
53101,1.0,2.0918007e-12,0
53102,1.0,1.09061225e-10,0
53103,0.99999917,7.967161e-07,0
53104,0.99999833,1.7028202e-06,0
53105,1.0,9.5437506e-14,0
53106,1.0,4.614342e-11,0
53107,1.0,1.0072351e-09,0
53108,1.0,5.0901106e-09,0
53109,1.0,1.2405452e-12,0
53110,1.0,5.610271e-13,0
53111,1.0,2.00563e-09,0
53112,1.0,2.9074863e-12,0
53113,0.9999994,5.9789556e-07,0
53114,0.99999964,3.6850847e-07,0
53115,1.0,1.9486046e-09,0
53116,1.0,1.2929541e-11,0
53117,1.0,3.067439e-13,0
53118,1.0,9.62395e-09,0
53119,1.0,1.6245155e-09,0
53120,1.0,1.0734515e-11,0
53121,1.0,4.1811665e-10,0
53122,1.0,5.9050052e-12,0
53123,1.0,2.3427773e-08,0
53124,1.0,1.1393425e-11,0
53125,1.0,1.0611609e-09,0
53126,1.0,4.2506493e-10,0
53127,1.0,1.2598468e-10,0
53128,1.0,5.65806e-09,0
53129,1.0,1.8808728e-09,0
53130,0.99999917,8.1612944e-07,0
53131,1.0,1.869641e-10,0
53132,1.0,8.1143825e-10,0
53133,1.0,4.1652015e-09,0
53134,1.0,2.4631073e-09,0
53135,1.0,1.2154476e-11,0
53136,1.0,1.2919982e-10,0
53137,1.0,4.9288153e-11,0
53138,1.0,6.2043566e-09,0
53139,1.0,1.3074934e-12,0
53140,1.0,2.761904e-12,0
53141,1.0,1.9683605e-10,0
53142,1.0,4.885557e-10,0
53143,0.9999999,6.764584e-08,0
53144,1.0,6.674731e-11,0
53145,1.0,1.1026365e-11,0
53146,1.0,4.763726e-10,0
53147,1.0,5.0767326e-08,0
53148,1.0,2.6126549e-12,0
53149,1.0,5.711089e-13,0
53150,1.0,4.1926684e-09,0
53151,1.0,4.3388714e-13,0
53152,1.0,7.156592e-13,0
53153,1.0,2.4770192e-13,0
53154,1.0,1.965558e-10,0
53155,1.0,1.1864457e-10,0
53156,1.0,1.6111182e-08,0
53157,1.0,2.5636637e-10,0
53158,0.99999964,3.8944566e-07,0
53159,1.0,2.6780528e-08,0
53160,0.9999999,8.818896e-08,0
53161,1.0,7.995512e-11,0
53162,0.9999987,1.2790164e-06,0
53163,0.99999976,1.8081603e-07,0
53164,1.0,9.678913e-10,0
53165,1.0,4.1958184e-10,0
53166,1.0,2.2228868e-12,0
53167,1.0,1.2544397e-10,0
53168,1.0,1.4546627e-09,0
53169,1.0,2.3457607e-11,0
53170,1.0,4.036559e-09,0
53171,1.0,4.9455652e-12,0
53172,1.0,5.1560645e-10,0
53173,1.0,2.574641e-13,0
53174,1.0,3.8853487e-10,0
53175,1.0,3.286963e-08,0
53176,1.0,4.2507482e-13,0
53177,1.0,1.9972945e-11,0
53178,1.0,3.3055915e-12,0
53179,1.0,3.8838403e-12,0
53180,1.0,6.651442e-13,0
53181,1.0,3.6382425e-10,0
53182,1.0,3.868164e-10,0
53183,0.99999976,2.134538e-07,0
53184,0.99999964,3.619296e-07,0
53185,1.0,2.3335003e-09,0
53186,1.0,3.968702e-11,0
53187,1.0,1.5892204e-11,0
53188,1.0,1.9603303e-11,0
53189,1.0,7.1945535e-14,0
53190,1.0,1.1830684e-12,0
53191,1.0,1.2013497e-10,0
53192,1.0,7.554951e-12,0
53193,1.0,1.1305705e-08,0
53194,1.0,5.0206644e-10,0
53195,1.0,4.1560318e-11,0
53196,1.0,3.223567e-11,0
53197,1.0,7.4669966e-14,0
53198,1.0,1.9745611e-10,0
53199,1.0,2.9064042e-09,0
53200,1.0,2.3975869e-10,0
53201,1.0,3.6239112e-11,0
53202,1.0,1.0756275e-12,0
53203,1.0,1.4352598e-10,0
53204,1.0,1.11682625e-11,0
53205,1.0,1.3566488e-11,0
53206,1.0,1.8007077e-09,0
53207,1.0,6.8247565e-12,0
53208,1.0,1.1187862e-10,0
53209,1.0,2.7457867e-10,0
53210,1.0,2.4035898e-10,0
53211,1.0,2.10916e-12,0
53212,1.0,1.5881349e-12,0
53213,1.0,1.3595624e-12,0
53214,1.0,2.9085529e-11,0
53215,1.0,1.6946704e-12,0
53216,1.0,1.2478324e-13,0
53217,1.0,1.7412476e-11,0
53218,1.0,1.7107897e-11,0
53219,1.0,1.2147257e-09,0
53220,1.0,1.5551335e-10,0
53221,1.0,1.20044885e-11,0
53222,1.0,9.299096e-12,0
53223,1.0,6.554329e-10,0
53224,1.0,3.6008826e-12,0
53225,1.0,1.7773491e-11,0
53226,1.0,5.504619e-11,0
53227,1.0,1.5372611e-11,0
53228,1.0,5.4434877e-11,0
53229,1.0,5.7738926e-13,0
53230,1.0,1.06895855e-11,0
53231,1.0,2.5806238e-10,0
53232,1.0,8.3434065e-11,0
53233,1.0,8.11398e-10,0
53234,1.0,2.3904942e-11,0
53235,1.0,1.2371063e-10,0
53236,1.0,1.9226377e-11,0
53237,1.0,5.793377e-12,0
53238,1.0,3.7831103e-09,0
53239,1.0,1.2089898e-11,0
53240,1.0,1.2977874e-10,0
53241,1.0,5.209864e-13,0
53242,1.0,1.7854722e-12,0
53243,1.0,3.0271e-11,0
53244,1.0,1.8052297e-13,0
53245,1.0,3.495063e-13,0
53246,1.0,3.566476e-11,0
53247,1.0,8.945617e-12,0
53248,1.0,6.658322e-13,0
53249,1.0,2.2919208e-10,0
53250,1.0,2.5436474e-12,0
53251,0.99999964,3.051918e-07,0
53252,1.0,2.2067224e-10,0
53253,1.0,1.0308379e-09,0
53254,1.0,3.6446497e-12,0
53255,1.0,1.3588176e-13,0
53256,1.0,1.222452e-12,0
53257,1.0,2.2030449e-08,0
53258,1.0,1.1641143e-11,0
53259,1.0,4.7633755e-12,0
53260,1.0,1.0581363e-11,0
53261,1.0,2.4290723e-13,0
53262,1.0,2.8096264e-13,0
53263,1.0,2.798502e-13,0
53264,1.0,3.036911e-13,0
53265,1.0,2.0430772e-14,0
53266,1.0,2.813316e-13,0
53267,1.0,1.3751059e-08,0
53268,1.0,6.698539e-12,0
53269,1.0,9.818324e-11,0
53270,1.0,1.3506969e-12,0
53271,1.0,4.8117356e-12,0
53272,1.0,2.5339033e-13,0
53273,1.0,3.5886728e-15,0
53274,1.0,2.0498436e-12,0
53275,1.0,6.7353176e-13,0
53276,1.0,1.1976712e-13,0
53277,1.0,6.0407742e-12,0
53278,1.0,5.139355e-13,0
53279,1.0,1.2584796e-11,0
53280,0.99999976,1.986766e-07,0
53281,1.0,4.3007997e-08,0
53282,1.0,1.2745843e-12,0
53283,1.0,1.0526895e-10,0
53284,1.0,3.824275e-09,0
53285,1.0,1.47719e-09,0
53286,1.0,7.74734e-12,0
53287,1.0,7.641528e-12,0
53288,1.0,3.627673e-11,0
53289,1.0,3.137203e-11,0
53290,1.0,1.5620696e-13,0
53291,1.0,1.1325513e-09,0
53292,1.0,6.238951e-12,0
53293,1.0,2.1674465e-08,0
53294,1.0,1.0885377e-11,0
53295,1.0,3.6591397e-11,0
53296,1.0,3.9332101e-10,0
53297,1.0,1.7330221e-13,0
53298,1.0,4.459256e-11,0
53299,1.0,4.399644e-11,0
53300,1.0,2.5609173e-10,0
53301,1.0,1.0491021e-09,0
53302,1.0,1.333254e-11,0
53303,1.0,4.548959e-11,0
53304,1.0,9.42351e-12,0
53305,1.0,2.6100448e-12,0
53306,1.0,1.4197682e-09,0
53307,1.0,7.767107e-12,0
53308,1.0,2.0904098e-11,0
53309,1.0,4.8855923e-11,0
53310,1.0,1.1783353e-11,0
53311,1.0,2.6153708e-09,0
53312,1.0,4.2918837e-12,0
53313,1.0,7.253067e-11,0
53314,1.0,2.1160458e-09,0
53315,1.0,4.4224697e-11,0
53316,1.0,1.9416249e-10,0
53317,1.0,2.446733e-09,0
53318,1.0,2.3192899e-11,0
53319,1.0,2.8372853e-13,0
53320,1.0,1.0633597e-12,0
53321,1.0,5.6876146e-11,0
53322,1.0,1.2334024e-10,0
53323,1.0,1.3794719e-08,0
53324,1.0,3.1516916e-12,0
53325,1.0,3.400477e-10,0
53326,1.0,2.3842753e-10,0
53327,1.0,1.5369571e-10,0
53328,1.0,1.9058193e-09,0
53329,1.0,3.061902e-10,0
53330,1.0,3.463873e-12,0
53331,1.0,9.328865e-13,0
53332,1.0,1.9665668e-10,0
53333,1.0,2.3392666e-09,0
53334,1.0,2.0248575e-12,0
53335,1.0,8.904692e-12,0
53336,1.0,7.4803575e-13,0
53337,1.0,6.8992273e-12,0
53338,1.0,8.2894275e-11,0
53339,1.0,2.4006835e-11,0
53340,1.0,3.5720824e-09,0
53341,1.0,1.5720414e-12,0
53342,1.0,2.751193e-09,0
53343,1.0,1.0254004e-12,0
53344,1.0,6.253104e-12,0
53345,1.0,5.1825846e-11,0
53346,1.0,2.8867924e-12,0
53347,1.0,2.6101456e-11,0
53348,1.0,3.507998e-10,0
53349,1.0,3.3157595e-11,0
53350,1.0,3.2015788e-09,0
53351,1.0,3.254309e-10,0
53352,1.0,4.4788075e-12,0
53353,1.0,7.3367415e-12,0
53354,1.0,5.2976085e-11,0
53355,1.0,1.2289454e-10,0
53356,1.0,9.638668e-12,0
53357,0.9999999,1.0241969e-07,0
53358,1.0,8.282658e-12,0
53359,1.0,3.5006995e-10,0
53360,1.0,7.337598e-11,0
53361,1.0,3.7007105e-08,0
53362,1.0,3.2334826e-10,0
53363,1.0,3.5980374e-10,0
53364,1.0,2.5208314e-12,0
53365,1.0,1.0024483e-11,0
53366,1.0,6.4699357e-12,0
53367,1.0,2.769903e-11,0
53368,1.0,1.3828878e-13,0
53369,1.0,9.215123e-12,0
53370,1.0,1.113993e-10,0
53371,1.0,2.1644563e-11,0
53372,1.0,3.2209382e-10,0
53373,1.0,6.348661e-11,0
53374,1.0,2.5086688e-11,0
53375,1.0,1.5873406e-13,0
53376,1.0,3.628571e-12,0
53377,1.0,5.8707847e-09,0
53378,1.0,4.1452095e-11,0
53379,1.0,4.5259058e-10,0
53380,1.0,1.1464867e-10,0
53381,1.0,3.7089638e-08,0
53382,1.0,3.8754497e-08,0
53383,1.0,6.3296723e-09,0
53384,1.0,5.9266334e-09,0
53385,1.0,2.1478644e-13,0
53386,1.0,4.2176204e-13,0
53387,1.0,1.8861825e-09,0
53388,0.99999964,3.9603904e-07,0
53389,1.0,4.051212e-10,0
53390,1.0,6.343208e-09,0
53391,1.0,2.2211885e-11,0
53392,1.0,5.0921393e-13,0
53393,1.0,1.5567277e-13,0
53394,1.0,4.2851517e-12,0
53395,1.0,1.9539183e-10,0
53396,1.0,4.295209e-08,0
53397,1.0,1.9154656e-09,0
53398,0.99999964,3.829679e-07,0
53399,1.0,6.939193e-11,0
53400,1.0,5.351878e-09,0
53401,1.0,1.0450789e-11,0
53402,1.0,6.400327e-13,0
53403,1.0,3.188671e-09,0
53404,1.0,6.902591e-10,0
53405,1.0,1.5683355e-10,0
53406,1.0,7.545256e-09,0
53407,1.0,6.544216e-12,0
53408,0.99999976,2.7902115e-07,0
53409,1.0,2.5391104e-12,0
53410,1.0,1.5635214e-09,0
53411,1.0,2.950462e-09,0
53412,1.0,2.8619188e-12,0
53413,1.0,5.2096827e-10,0
53414,1.0,4.236523e-11,0
53415,1.0,1.0646576e-10,0
53416,1.0,3.8557818e-10,0
53417,1.0,4.2206122e-10,0
53418,1.0,1.5667849e-12,0
53419,1.0,1.239023e-11,0
53420,1.0,4.750186e-11,0
53421,1.0,4.8747547e-12,0
53422,1.0,1.8017632e-12,0
53423,1.0,2.4235757e-12,0
53424,1.0,3.124424e-11,0
53425,1.0,2.5758817e-11,0
53426,1.0,5.3840243e-10,0
53427,1.0,6.6870187e-10,0
53428,1.0,1.7694864e-09,0
53429,1.0,9.333337e-12,0
53430,1.0,3.8233772e-13,0
53431,1.0,1.08705414e-11,0
53432,1.0,6.4642895e-11,0
53433,1.0,3.6006411e-09,0
53434,1.0,3.460276e-11,0
53435,1.0,3.8304926e-10,0
53436,1.0,5.461164e-12,0
53437,0.99999976,2.8858275e-07,0
53438,1.0,1.2290258e-09,0
53439,1.0,1.2634453e-12,0
53440,1.0,8.898139e-12,0
53441,1.0,1.3316993e-10,0
53442,1.0,2.6451061e-12,0
53443,1.0,1.3936079e-11,0
53444,1.0,4.586626e-13,0
53445,1.0,1.8485613e-13,0
53446,1.0,1.0877065e-09,0
53447,1.0,1.259039e-11,0
53448,1.0,2.301283e-09,0
53449,1.0,6.216807e-09,0
53450,1.0,9.2613495e-10,0
53451,1.0,8.9677106e-11,0
53452,1.0,2.4004089e-11,0
53453,1.0,7.708196e-11,0
53454,1.0,1.1674095e-11,0
53455,1.0,4.206632e-12,0
53456,1.0,1.6244133e-09,0
53457,0.9999988,1.2029625e-06,0
53458,1.0,8.0250495e-10,0
53459,1.0,2.0690845e-11,0
53460,1.0,1.2012717e-10,0
53461,1.0,4.4328655e-11,0
53462,1.0,1.0122414e-11,0
53463,1.0,1.5206814e-12,0
53464,1.0,3.3035527e-10,0
53465,1.0,2.0686328e-09,0
53466,1.0,3.688765e-12,0
53467,1.0,3.8026518e-12,0
53468,1.0,6.161354e-11,0
53469,1.0,2.5352791e-11,0
53470,0.99999964,3.9619167e-07,0
53471,1.0,1.9790762e-12,0
53472,1.0,1.5640278e-10,0
53473,1.0,2.4693037e-08,0
53474,1.0,1.1781953e-12,0
53475,1.0,1.0306382e-11,0
53476,1.0,3.4105665e-09,0
53477,0.9999999,6.836847e-08,0
53478,1.0,9.114624e-09,0
53479,1.0,3.0573197e-11,0
53480,1.0,4.4021915e-13,0
53481,1.0,1.9278834e-09,0
53482,1.0,2.260079e-10,0
53483,1.0,4.5851754e-09,0
53484,1.0,1.3076056e-12,0
53485,1.0,6.4908345e-09,0
53486,1.0,4.235004e-11,0
53487,1.0,4.976211e-09,0
53488,1.0,4.5539297e-09,0
53489,1.0,6.7800978e-12,0
53490,1.0,1.9870135e-10,0
53491,0.99999905,1.0121968e-06,0
53492,1.0,5.4231686e-10,0
53493,1.0,2.1722472e-12,0
53494,1.0,2.6766024e-12,0
53495,1.0,5.195649e-11,0
53496,1.0,6.662851e-11,0
53497,0.9999999,7.2143905e-08,0
53498,1.0,1.9638284e-12,0
53499,1.0,4.9432947e-11,0
53500,1.0,3.402363e-11,0
53501,1.0,1.113936e-13,0
53502,1.0,1.6902481e-08,0
53503,1.0,7.463637e-10,0
53504,1.0,5.6722906e-09,0
53505,1.0,7.158241e-10,0
53506,0.9999999,6.980567e-08,0
53507,1.0,1.8861825e-09,0
53508,1.0,1.159662e-11,0
53509,1.0,3.0721262e-11,0
53510,1.0,3.896369e-10,0
53511,1.0,1.7222987e-10,0
53512,1.0,6.8205637e-09,0
53513,1.0,2.336198e-10,0
53514,1.0,6.810816e-12,0
53515,1.0,4.8603482e-11,0
53516,1.0,8.342268e-13,0
53517,1.0,3.524796e-08,0
53518,1.0,4.8568432e-12,0
53519,1.0,6.854549e-13,0
53520,1.0,5.468565e-12,0
53521,1.0,3.5533403e-13,0
53522,1.0,1.8621592e-11,0
53523,1.0,5.670316e-11,0
53524,1.0,1.0048149e-10,0
53525,1.0,1.9693094e-11,0
53526,1.0,6.2240347e-12,0
53527,1.0,5.64814e-09,0
53528,1.0,7.279729e-12,0
53529,1.0,3.6380482e-10,0
53530,1.0,7.6225025e-12,0
53531,1.0,6.0355596e-11,0
53532,1.0,5.870051e-11,0
53533,1.0,5.0344322e-11,0
53534,1.0,6.000588e-10,0
53535,1.0,1.3530245e-13,0
53536,1.0,1.4006336e-09,0
53537,1.0,4.6741156e-11,0
53538,1.0,6.603269e-09,0
53539,1.0,2.602886e-12,0
53540,1.0,2.1093342e-11,0
53541,1.0,1.0270702e-08,0
53542,1.0,1.4353255e-10,0
53543,1.0,1.9329693e-08,0
53544,1.0,1.2355673e-12,0
53545,1.0,6.299483e-11,0
53546,1.0,9.658797e-13,0
53547,1.0,1.8477763e-08,0
53548,1.0,2.5812945e-09,0
53549,1.0,2.4555618e-11,0
53550,1.0,7.5377975e-11,0
53551,1.0,2.4709486e-11,0
53552,1.0,2.9829175e-10,0
53553,1.0,1.2743292e-08,0
53554,1.0,3.9738926e-10,0
53555,1.0,6.8033605e-13,0
53556,1.0,3.4236485e-12,0
53557,1.0,4.463228e-08,0
53558,1.0,1.0476111e-08,0
53559,1.0,8.8394075e-12,0
53560,1.0,2.939736e-11,0
53561,1.0,8.380201e-11,0
53562,1.0,1.2833151e-08,0
53563,1.0,1.1159681e-11,0
53564,1.0,1.3562782e-12,0
53565,1.0,4.5589963e-09,0
53566,1.0,4.5823748e-10,0
53567,1.0,2.9954234e-12,0
53568,1.0,9.943177e-11,0
53569,1.0,9.157214e-12,0
53570,1.0,1.9326099e-10,0
53571,1.0,2.2006928e-12,0
53572,1.0,2.7326572e-10,0
53573,1.0,1.493933e-09,0
53574,1.0,3.5881617e-10,0
53575,1.0,1.0364759e-10,0
53576,1.0,1.03013355e-10,0
53577,1.0,3.2623678e-11,0
53578,1.0,3.918758e-10,0
53579,1.0,9.858617e-10,0
53580,1.0,7.0983672e-09,0
53581,1.0,1.2490975e-12,0
53582,1.0,9.964075e-12,0
53583,1.0,1.5549555e-10,0
53584,0.9999995,4.6231054e-07,0
53585,1.0,2.759932e-10,0
53586,1.0,4.5340516e-11,0
53587,1.0,2.0693382e-10,0
53588,1.0,2.5937361e-09,0
53589,1.0,6.551744e-13,0
53590,1.0,3.5051972e-13,0
53591,1.0,1.0532967e-09,0
53592,1.0,1.0838312e-10,0
53593,1.0,1.2042495e-10,0
53594,1.0,9.772386e-14,0
53595,0.9999988,1.2177057e-06,0
53596,1.0,8.251221e-11,0
53597,1.0,1.10734116e-10,0
53598,1.0,5.302681e-12,0
53599,0.9999999,1.0957514e-07,0
53600,1.0,1.9421704e-09,0
53601,1.0,3.7014267e-10,0
53602,1.0,1.263242e-10,0
53603,1.0,1.3301976e-12,0
53604,0.99999964,3.3902748e-07,0
53605,1.0,3.4251638e-12,0
53606,1.0,1.6725048e-11,0
53607,1.0,1.3205202e-09,0
53608,1.0,8.6671816e-12,0
53609,1.0,1.4206087e-08,0
53610,1.0,3.9225437e-13,0
53611,1.0,9.465333e-09,0
53612,1.0,7.305773e-11,0
53613,1.0,1.2392452e-11,0
53614,1.0,2.1510519e-11,0
53615,1.0,3.4603355e-11,0
53616,1.0,3.3412554e-11,0
53617,1.0,8.346311e-09,0
53618,1.0,3.8980416e-10,0
53619,1.0,6.5256784e-13,0
53620,1.0,1.7281996e-09,0
53621,1.0,6.3289223e-13,0
53622,1.0,5.216024e-11,0
53623,1.0,1.6831112e-10,0
53624,1.0,7.2949594e-13,0
53625,1.0,7.758786e-12,0
53626,1.0,6.8443363e-12,0
53627,1.0,1.2535135e-11,0
53628,1.0,6.503868e-10,0
53629,1.0,6.601471e-12,0
53630,1.0,3.444571e-11,0
53631,1.0,5.2006515e-09,0
53632,1.0,4.567323e-10,0
53633,1.0,2.1640735e-10,0
53634,1.0,6.173836e-11,0
53635,1.0,7.065425e-12,0
53636,1.0,6.958991e-12,0
53637,1.0,4.6282027e-09,0
53638,1.0,2.0582398e-08,0
53639,1.0,3.0089962e-11,0
53640,1.0,9.278543e-12,0
53641,1.0,6.022933e-11,0
53642,1.0,6.9477445e-12,0
53643,1.0,2.887767e-12,0
53644,1.0,4.1989363e-12,0
53645,1.0,8.569143e-13,0
53646,1.0,3.086822e-11,0
53647,1.0,4.2754716e-11,0
53648,1.0,1.6243404e-11,0
53649,1.0,2.3411701e-11,0
53650,1.0,2.9083354e-08,0
53651,1.0,3.074779e-09,0
53652,1.0,2.8739062e-14,0
53653,1.0,1.4281987e-09,0
53654,1.0,5.969901e-10,0
53655,1.0,8.682739e-11,0
53656,1.0,1.033945e-09,0
53657,0.9999999,1.7342077e-07,0
53658,1.0,2.482493e-12,0
53659,1.0,3.8183984e-10,0
53660,1.0,6.4111186e-12,0
53661,1.0,1.0614034e-10,0
53662,1.0,3.3746064e-10,0
53663,1.0,1.5612013e-11,0
53664,1.0,3.421966e-11,0
53665,1.0,4.036645e-12,0
53666,1.0,2.0362682e-11,0
53667,1.0,2.0189348e-11,0
53668,1.0,3.3433228e-10,0
53669,1.0,5.7996597e-11,0
53670,1.0,5.1434945e-09,0
53671,1.0,8.127067e-14,0
53672,1.0,1.9672504e-13,0
53673,1.0,4.76121e-10,0
53674,1.0,2.8750183e-11,0
53675,1.0,5.6229416e-10,0
53676,0.9999999,1.3332871e-07,0
53677,1.0,2.8876637e-11,0
53678,1.0,3.4065015e-10,0
53679,1.0,2.2324384e-12,0
53680,1.0,1.101784e-09,0
53681,1.0,1.25935365e-11,0
53682,1.0,1.3314047e-10,0
53683,1.0,3.6853934e-10,0
53684,1.0,4.7272806e-12,0
53685,1.0,4.6046657e-13,0
53686,1.0,2.7912084e-10,0
53687,1.0,1.7480509e-09,0
53688,1.0,9.099715e-10,0
53689,0.9999999,1.3019321e-07,0
53690,1.0,1.153701e-11,0
53691,1.0,1.4478314e-09,0
53692,1.0,8.397064e-11,0
53693,1.0,1.0515181e-09,0
53694,1.0,7.353661e-13,0
53695,1.0,8.727003e-11,0
53696,1.0,4.2703428e-12,0
53697,1.0,3.1337617e-09,0
53698,1.0,8.681424e-09,0
53699,1.0,2.4898014e-11,0
53700,1.0,2.463e-12,0
53701,0.9999999,1.4625235e-07,0
53702,1.0,6.470556e-11,0
53703,1.0,7.315087e-11,0
53704,1.0,1.5246814e-11,0
53705,1.0,3.2296567e-13,0
53706,1.0,1.0417394e-11,0
53707,1.0,2.9619632e-10,0
53708,1.0,6.0367054e-09,0
53709,1.0,5.1066092e-14,0
53710,1.0,2.3090054e-11,0
53711,1.0,1.3649865e-10,0
53712,1.0,1.28004904e-08,0
53713,1.0,5.943931e-09,0
53714,1.0,3.9416345e-11,0
53715,1.0,6.0507543e-10,0
53716,1.0,4.291806e-10,0
53717,1.0,1.5114103e-09,0
53718,1.0,4.137127e-12,0
53719,1.0,6.5551155e-14,0
53720,1.0,7.0820203e-12,0
53721,1.0,8.6713285e-09,0
53722,1.0,2.4872477e-11,0
53723,1.0,6.360866e-11,0
53724,1.0,3.525503e-11,0
53725,1.0,4.5542372e-11,0
53726,1.0,2.9296224e-10,0
53727,1.0,5.5279552e-11,0
53728,1.0,3.254768e-10,0
53729,1.0,3.000859e-10,0
53730,1.0,5.7295696e-10,0
53731,1.0,2.2823224e-11,0
53732,1.0,2.4515177e-08,0
53733,1.0,3.2184266e-10,0
53734,1.0,1.7453829e-12,0
53735,1.0,7.396911e-11,0
53736,1.0,6.868488e-09,0
53737,1.0,1.4999803e-09,0
53738,1.0,4.461446e-13,0
53739,1.0,3.6375083e-13,0
53740,1.0,1.7416088e-08,0
53741,1.0,2.1321599e-11,0
53742,1.0,1.1103937e-09,0
53743,1.0,3.2312107e-12,0
53744,1.0,2.0424316e-09,0
53745,1.0,5.229455e-10,0
53746,1.0,9.69723e-09,0
53747,1.0,1.1345094e-10,0
53748,0.999998,2.0169825e-06,0
53749,1.0,1.2789014e-09,0
53750,1.0,2.1165715e-08,0
53751,1.0,1.2612461e-10,0
53752,1.0,1.372536e-11,0
53753,1.0,6.2890834e-12,0
53754,1.0,9.306527e-09,0
53755,1.0,4.8252825e-12,0
53756,1.0,2.995938e-08,0
53757,1.0,4.7265813e-10,0
53758,1.0,1.2225617e-12,0
53759,1.0,1.8985041e-10,0
53760,1.0,9.8242196e-12,0
53761,1.0,4.221862e-09,0
53762,1.0,5.4241583e-11,0
53763,1.0,2.1515474e-12,0
53764,1.0,1.4566492e-11,0
53765,1.0,1.6342366e-09,0
53766,1.0,1.6974713e-09,0
53767,0.9999999,1.3022401e-07,0
53768,1.0,2.1461313e-10,0
53769,1.0,1.167508e-10,0
53770,1.0,4.7033058e-11,0
53771,1.0,6.512284e-10,0
53772,0.9999999,1.1327943e-07,0
53773,1.0,4.671834e-11,0
53774,1.0,2.3630754e-12,0
53775,1.0,6.028774e-14,0
53776,1.0,3.726153e-11,0
53777,1.0,3.502142e-10,0
53778,1.0,1.36032045e-11,0
53779,1.0,1.20042145e-11,0
53780,1.0,2.5056943e-11,0
53781,1.0,3.4890553e-13,0
53782,1.0,4.0721135e-10,0
53783,0.9999999,8.208427e-08,0
53784,1.0,1.1417348e-12,0
53785,1.0,9.646145e-10,0
53786,1.0,5.3704215e-11,0
53787,1.0,3.5946557e-10,0
53788,1.0,7.843536e-09,0
53789,1.0,5.5768164e-12,0
53790,1.0,4.617306e-12,0
53791,1.0,4.099965e-11,0
53792,1.0,1.3823229e-14,0
53793,1.0,2.987041e-09,0
53794,1.0,1.347823e-11,0
53795,1.0,5.24108e-13,0
53796,1.0,3.484802e-11,0
53797,0.9999999,1.2389037e-07,0
53798,1.0,1.03279746e-10,0
53799,1.0,3.5698026e-08,0
53800,1.0,7.1829376e-11,0
53801,0.9999999,1.6565136e-07,0
53802,1.0,4.230778e-09,0
53803,1.0,1.4002349e-10,0
53804,1.0,1.1223913e-11,0
53805,1.0,3.894781e-09,0
53806,1.0,1.090047e-09,0
53807,1.0,1.3245443e-12,0
53808,1.0,4.1325197e-09,0
53809,1.0,6.6429128e-12,0
53810,1.0,7.371985e-10,0
53811,1.0,3.8088133e-09,0
53812,1.0,1.3585658e-10,0
53813,1.0,2.49241e-11,0
53814,1.0,6.0819747e-13,0
53815,1.0,1.6751556e-10,0
53816,1.0,7.6041576e-13,0
53817,1.0,7.5396994e-10,0
53818,1.0,8.498538e-12,0
53819,1.0,1.237643e-12,0
53820,1.0,2.5957183e-11,0
53821,1.0,1.8656807e-09,0
53822,1.0,2.3417499e-08,0
53823,1.0,2.7931896e-10,0
53824,1.0,1.3369413e-11,0
53825,1.0,6.299288e-12,0
53826,1.0,2.4392252e-10,0
53827,0.99999976,2.9551506e-07,0
53828,1.0,1.6452259e-10,0
53829,1.0,1.093264e-09,0
53830,1.0,1.07393934e-10,0
53831,1.0,6.1481065e-09,0
53832,1.0,3.4690154e-13,0
53833,1.0,4.113106e-12,0
53834,1.0,5.070147e-10,0
53835,1.0,2.458095e-09,0
53836,1.0,3.995254e-11,0
53837,1.0,5.030691e-10,0
53838,1.0,2.1163604e-09,0
53839,1.0,1.7289432e-11,0
53840,1.0,3.8658202e-13,0
53841,1.0,8.951317e-12,0
53842,1.0,1.9363686e-11,0
53843,1.0,3.9643743e-11,0
53844,1.0,1.7451832e-12,0
53845,1.0,2.8411748e-12,0
53846,1.0,1.2642977e-10,0
53847,1.0,1.0545257e-11,0
53848,1.0,7.3244796e-12,0
53849,1.0,1.1618456e-10,0
53850,1.0,5.170911e-12,0
53851,1.0,2.0053816e-09,0
53852,0.9999994,5.9766865e-07,0
53853,1.0,1.0759189e-12,0
53854,1.0,9.349038e-11,0
53855,1.0,1.1799952e-11,0
53856,1.0,1.0438084e-10,0
53857,0.9999999,1.7513966e-07,0
53858,1.0,1.5938338e-12,0
53859,1.0,7.61067e-10,0
53860,1.0,6.797226e-09,0
53861,1.0,9.127418e-11,0
53862,1.0,2.702137e-12,0
53863,1.0,1.0623594e-10,0
53864,1.0,1.748395e-12,0
53865,1.0,9.1138146e-11,0
53866,1.0,1.0966913e-09,0
53867,1.0,7.815136e-12,0
53868,1.0,5.02217e-13,0
53869,1.0,1.1263017e-13,0
53870,1.0,7.609095e-12,0
53871,1.0,2.3967788e-09,0
53872,1.0,8.452119e-10,0
53873,1.0,7.9960004e-11,0
53874,1.0,1.0087505e-08,0
53875,1.0,6.098682e-12,0
53876,1.0,1.5201515e-11,0
53877,1.0,2.1995147e-11,0
53878,1.0,1.590286e-13,0
53879,1.0,1.7758469e-12,0
53880,1.0,3.070397e-08,0
53881,1.0,6.7589906e-11,0
53882,1.0,1.228219e-10,0
53883,1.0,9.874817e-11,0
53884,1.0,3.911524e-09,0
53885,1.0,6.0978187e-09,0
53886,1.0,1.642759e-09,0
53887,1.0,1.1443594e-09,0
53888,1.0,6.495509e-11,0
53889,0.9999999,8.1029754e-08,0
53890,1.0,5.490134e-09,0
53891,1.0,2.538108e-12,0
53892,1.0,3.5112076e-12,0
53893,1.0,3.0581156e-13,0
53894,1.0,2.778148e-10,0
53895,1.0,7.644006e-12,0
53896,1.0,5.3941e-09,0
53897,1.0,1.1792071e-12,0
53898,1.0,1.2132836e-12,0
53899,1.0,2.8185837e-10,0
53900,1.0,9.949063e-10,0
53901,1.0,3.803673e-13,0
53902,1.0,5.5225854e-13,0
53903,1.0,8.159086e-12,0
53904,1.0,4.8021254e-09,0
53905,1.0,5.301492e-14,0
53906,1.0,2.1433708e-13,0
53907,1.0,2.2780243e-12,0
53908,1.0,9.086801e-12,0
53909,1.0,1.7216442e-11,0
53910,1.0,8.047666e-12,0
53911,1.0,3.3985896e-14,0
53912,1.0,3.2390598e-12,0
53913,1.0,1.839407e-12,0
53914,1.0,1.8495894e-11,0
53915,1.0,8.3467055e-10,0
53916,1.0,1.2798177e-11,0
53917,1.0,1.1543778e-09,0
53918,0.9999999,9.2271165e-08,0
53919,0.9999999,1.0472818e-07,0
53920,1.0,8.637575e-12,0
53921,1.0,5.5523565e-14,0
53922,1.0,2.2752573e-09,0
53923,1.0,2.0510481e-12,0
53924,1.0,1.8731237e-11,0
53925,1.0,6.121124e-13,0
53926,1.0,1.8476104e-12,0
53927,1.0,8.0346334e-11,0
53928,1.0,1.0840572e-09,0
53929,1.0,9.716452e-12,0
53930,1.0,1.8961022e-09,0
53931,1.0,2.6141313e-11,0
53932,0.9999999,1.13843335e-07,0
53933,1.0,4.2747658e-13,0
53934,1.0,3.1742241e-12,0
53935,1.0,1.9159807e-09,0
53936,1.0,2.9595586e-13,0
53937,1.0,5.330939e-10,0
53938,1.0,2.7958412e-12,0
53939,1.0,1.1018665e-08,0
53940,1.0,3.1172972e-12,0
53941,1.0,8.3314045e-10,0
53942,1.0,2.3252397e-10,0
53943,1.0,3.8121945e-12,0
53944,1.0,1.8533317e-12,0
53945,1.0,2.2018183e-08,0
53946,1.0,1.6887448e-10,0
53947,1.0,5.5490196e-11,0
53948,1.0,3.036781e-11,0
53949,1.0,3.786933e-11,0
53950,1.0,6.978956e-12,0
53951,1.0,1.985114e-08,0
53952,1.0,9.022883e-12,0
53953,1.0,4.4448372e-11,0
53954,1.0,4.738727e-12,0
53955,1.0,4.6480914e-12,0
53956,1.0,1.3336929e-09,0
53957,1.0,4.790217e-12,0
53958,0.9999999,7.828966e-08,0
53959,1.0,3.5074994e-12,0
53960,1.0,2.8794153e-10,0
53961,1.0,4.699824e-12,0
53962,1.0,2.1939526e-09,0
53963,1.0,1.5431166e-10,0
53964,1.0,1.5912822e-12,0
53965,1.0,2.757076e-13,0
53966,1.0,5.0257927e-09,0
53967,1.0,2.8888317e-11,0
53968,1.0,2.1440785e-09,0
53969,1.0,2.0044934e-10,0
53970,1.0,2.1112693e-12,0
53971,1.0,3.654534e-12,0
53972,1.0,5.6302493e-14,0
53973,0.99999976,1.9725236e-07,0
53974,1.0,5.700088e-09,0
53975,1.0,2.2337314e-10,0
53976,1.0,3.5286268e-10,0
53977,0.9999764,2.3642071e-05,0
53978,1.0,3.4269868e-12,0
53979,1.0,2.1940783e-09,0
53980,1.0,4.6508496e-12,0
53981,1.0,4.3187814e-10,0
53982,1.0,8.3047735e-12,0
53983,1.0,1.111046e-13,0
53984,1.0,3.784368e-12,0
53985,1.0,1.2129545e-09,0
53986,1.0,8.824482e-12,0
53987,1.0,6.3353217e-10,0
53988,1.0,8.559003e-12,0
53989,1.0,9.530004e-13,0
53990,1.0,6.903417e-11,0
53991,1.0,2.2000505e-12,0
53992,1.0,7.914999e-12,0
53993,1.0,4.2180752e-11,0
53994,1.0,2.0489008e-09,0
53995,1.0,2.667e-13,0
53996,0.9999999,1.5023267e-07,0
53997,1.0,1.4009628e-12,0
53998,1.0,1.2980958e-08,0
53999,1.0,4.6437099e-10,0
54000,1.0,2.1841168e-12,0
54001,1.0,3.6968478e-10,0
54002,1.0,9.898769e-14,0
54003,1.0,1.9208288e-13,0
54004,1.0,6.0919016e-09,0
54005,1.0,9.1516315e-11,0
54006,1.0,9.354117e-12,0
54007,1.0,6.3639516e-10,0
54008,1.0,1.6900957e-13,0
54009,1.0,4.8545945e-11,0
54010,1.0,1.6260284e-09,0
54011,1.0,1.1758824e-13,0
54012,1.0,1.319259e-13,0
54013,1.0,4.9156577e-09,0
54014,1.0,2.4247063e-10,0
54015,1.0,4.0794673e-10,0
54016,1.0,2.7527502e-14,0
54017,1.0,1.7278674e-12,0
54018,1.0,4.725417e-11,0
54019,1.0,2.0667022e-11,0
54020,1.0,4.157425e-12,0
54021,1.0,1.1341578e-12,0
54022,1.0,9.9791466e-14,0
54023,1.0,5.1818215e-08,0
54024,1.0,9.68818e-11,0
54025,1.0,2.2520494e-14,0
54026,1.0,1.9030765e-13,0
54027,1.0,6.9831237e-12,0
54028,1.0,3.332981e-11,0
54029,1.0,4.549926e-13,0
54030,1.0,1.214882e-11,0
54031,1.0,6.322368e-14,0
54032,1.0,5.900637e-12,0
54033,0.9999999,1.5215788e-07,0
54034,1.0,4.594266e-11,0
54035,1.0,7.0366557e-09,0
54036,1.0,1.4730618e-10,0
54037,1.0,4.3008753e-11,0
54038,1.0,4.5560426e-12,0
54039,1.0,5.9529487e-10,0
54040,1.0,6.999546e-10,0
54041,1.0,1.5637652e-10,0
54042,1.0,2.2570237e-11,0
54043,1.0,3.5903897e-12,0
54044,1.0,3.188198e-12,0
54045,1.0,3.3946367e-11,0
54046,1.0,2.0752185e-11,0
54047,0.9999999,9.486465e-08,0
54048,1.0,2.2021497e-12,0
54049,1.0,4.3128195e-11,0
54050,1.0,4.257422e-11,0
54051,1.0,1.3197089e-10,0
54052,1.0,7.9262457e-14,0
54053,1.0,3.7526088e-10,0
54054,1.0,5.2993243e-12,0
54055,1.0,2.0695136e-12,0
54056,1.0,1.989898e-08,0
54057,1.0,2.7368587e-12,0
54058,1.0,7.078104e-12,0
54059,1.0,3.9413658e-10,0
54060,1.0,2.8566069e-12,0
54061,1.0,2.0291711e-13,0
54062,1.0,4.9948726e-11,0
54063,1.0,3.666655e-12,0
54064,1.0,1.7317177e-12,0
54065,1.0,7.549394e-11,0
54066,1.0,4.547903e-10,0
54067,1.0,4.6876993e-13,0
54068,1.0,3.5792362e-13,0
54069,1.0,4.4645106e-13,0
54070,1.0,3.2660506e-13,0
54071,1.0,2.3309368e-10,0
54072,1.0,3.6961582e-13,0
54073,1.0,8.882853e-10,0
54074,1.0,1.1144344e-11,0
54075,1.0,3.5423952e-11,0
54076,1.0,9.0731936e-11,0
54077,1.0,1.1133642e-10,0
54078,1.0,5.7230305e-09,0
54079,1.0,8.929349e-13,0
54080,1.0,1.6586872e-09,0
54081,1.0,2.201919e-08,0
54082,1.0,9.5946836e-12,0
54083,1.0,2.6742957e-12,0
54084,1.0,6.8473883e-13,0
54085,1.0,2.00171e-12,0
54086,1.0,3.0723633e-13,0
54087,1.0,4.547983e-13,0
54088,1.0,2.1732853e-10,0
54089,1.0,4.195654e-12,0
54090,1.0,5.8029238e-11,0
54091,1.0,5.4595404e-08,0
54092,1.0,1.0298773e-08,0
54093,1.0,5.982808e-13,0
54094,1.0,1.339073e-10,0
54095,1.0,1.4729269e-10,0
54096,1.0,8.530368e-12,0
54097,1.0,3.640658e-10,0
54098,1.0,1.7607178e-11,0
54099,1.0,4.879744e-11,0
54100,1.0,1.8758758e-12,0
54101,1.0,1.9982559e-10,0
54102,0.9999999,7.0165555e-08,0
54103,1.0,2.855613e-10,0
54104,1.0,3.6194658e-13,0
54105,1.0,1.1962986e-10,0
54106,1.0,1.007469e-10,0
54107,1.0,4.393719e-13,0
54108,1.0,3.4158752e-11,0
54109,1.0,7.935485e-11,0
54110,1.0,1.8379896e-09,0
54111,1.0,5.4670996e-10,0
54112,0.9999999,9.272405e-08,0
54113,1.0,8.4947694e-14,0
54114,1.0,5.5298777e-10,0
54115,1.0,4.5675494e-10,0
54116,1.0,2.883217e-11,0
54117,1.0,5.291789e-12,0
54118,1.0,1.6511919e-11,0
54119,1.0,2.4724526e-11,0
54120,1.0,2.0481563e-11,0
54121,1.0,4.7098024e-12,0
54122,1.0,1.1643536e-12,0
54123,1.0,4.6807063e-12,0
54124,1.0,1.0697561e-11,0
54125,1.0,4.2426826e-12,0
54126,1.0,4.271235e-10,0
54127,1.0,1.2155235e-08,0
54128,1.0,4.6192022e-11,0
54129,1.0,8.934635e-12,0
54130,1.0,2.9664379e-12,0
54131,1.0,7.199935e-14,0
54132,1.0,1.5416774e-11,0
54133,1.0,2.586468e-10,0
54134,1.0,5.916691e-10,0
54135,1.0,1.03999684e-10,0
54136,1.0,2.1966763e-11,0
54137,1.0,3.04203e-13,0
54138,1.0,1.12786204e-10,0
54139,0.99999976,1.8094161e-07,0
54140,1.0,6.1166215e-12,0
54141,1.0,3.6613997e-12,0
54142,1.0,5.0917144e-12,0
54143,1.0,1.0638725e-09,0
54144,1.0,4.2909465e-10,0
54145,1.0,4.769724e-11,0
54146,1.0,1.4658867e-10,0
54147,1.0,8.612618e-12,0
54148,1.0,1.4749502e-11,0
54149,1.0,1.0528531e-12,0
54150,1.0,4.715432e-11,0
54151,1.0,8.3942145e-11,0
54152,1.0,1.5873717e-12,0
54153,1.0,3.505428e-11,0
54154,1.0,2.341745e-12,0
54155,1.0,2.1619644e-11,0
54156,1.0,6.411883e-10,0
54157,1.0,5.2558335e-10,0
54158,1.0,2.4718963e-11,0
54159,1.0,1.8976017e-11,0
54160,1.0,1.6526876e-12,0
54161,1.0,1.7202337e-10,0
54162,1.0,1.0987615e-10,0
54163,1.0,6.7153574e-13,0
54164,1.0,3.43351e-12,0
54165,1.0,2.1297721e-09,0
54166,1.0,8.1667395e-10,0
54167,1.0,1.829657e-10,0
54168,1.0,7.644199e-11,0
54169,1.0,1.4629623e-10,0
54170,1.0,5.2405455e-11,0
54171,1.0,1.9430419e-12,0
54172,1.0,2.3675534e-10,0
54173,1.0,9.100097e-10,0
54174,1.0,9.93512e-11,0
54175,1.0,5.109012e-08,0
54176,1.0,6.4682574e-12,0
54177,1.0,3.4988887e-11,0
54178,1.0,7.196624e-11,0
54179,1.0,9.6201814e-14,0
54180,1.0,1.5633297e-10,0
54181,1.0,3.629149e-14,0
54182,1.0,1.4903462e-10,0
54183,1.0,4.821858e-13,0
54184,1.0,2.019067e-10,0
54185,1.0,5.225467e-10,0
54186,1.0,5.607128e-12,0
54187,1.0,6.105933e-12,0
54188,1.0,3.2883626e-11,0
54189,1.0,1.6301007e-11,0
54190,1.0,2.2201774e-10,0
54191,1.0,2.6896844e-11,0
54192,1.0,1.002718e-11,0
54193,1.0,3.642485e-10,0
54194,1.0,1.9713238e-11,0
54195,1.0,7.929267e-11,0
54196,1.0,8.148437e-11,0
54197,1.0,7.761568e-12,0
54198,1.0,1.09353715e-13,0
54199,1.0,4.120835e-11,0
54200,1.0,2.4557587e-11,0
54201,1.0,2.605977e-11,0
54202,1.0,2.2875446e-10,0
54203,1.0,9.156778e-12,0
54204,1.0,1.0841346e-11,0
54205,0.9999999,8.119189e-08,0
54206,1.0,1.4201831e-12,0
54207,1.0,2.3164616e-10,0
54208,1.0,1.502652e-09,0
54209,1.0,9.305874e-12,0
54210,1.0,3.0884388e-09,0
54211,1.0,2.6980815e-10,0
54212,1.0,4.902546e-10,0
54213,1.0,7.315013e-12,0
54214,0.9999999,7.056227e-08,0
54215,1.0,5.843792e-13,0
54216,1.0,2.1970097e-09,0
54217,1.0,1.746153e-11,0
54218,1.0,9.899585e-13,0
54219,1.0,1.6688364e-08,0
54220,1.0,3.5982326e-12,0
54221,1.0,7.701138e-12,0
54222,1.0,7.259074e-11,0
54223,1.0,2.4959956e-12,0
54224,1.0,8.861614e-10,0
54225,1.0,1.6649869e-11,0
54226,0.9999976,2.335217e-06,0
54227,1.0,6.580882e-11,0
54228,1.0,2.776376e-12,0
54229,1.0,1.8522513e-11,0
54230,1.0,1.4984819e-09,0
54231,1.0,5.2227385e-13,0
54232,1.0,5.066285e-12,0
54233,1.0,5.0329196e-13,0
54234,1.0,3.046058e-10,0
54235,1.0,5.19696e-10,0
54236,1.0,8.805841e-11,0
54237,1.0,2.2222723e-12,0
54238,1.0,1.1825028e-11,0
54239,1.0,2.3013551e-11,0
54240,1.0,1.2084908e-09,0
54241,1.0,3.8858839e-13,0
54242,1.0,2.0810135e-11,0
54243,1.0,2.0286294e-13,0
54244,1.0,5.4130042e-12,0
54245,1.0,2.2046578e-09,0
54246,1.0,4.6604803e-10,0
54247,1.0,5.838214e-12,0
54248,1.0,1.7188619e-11,0
54249,1.0,5.8566224e-10,0
54250,1.0,3.650118e-08,0
54251,1.0,1.9525248e-10,0
54252,1.0,1.1401247e-08,0
54253,1.0,7.814633e-11,0
54254,1.0,1.1369411e-08,0
54255,1.0,2.5615007e-12,0
54256,1.0,7.2329287e-10,0
54257,1.0,3.2234964e-09,0
54258,1.0,8.637563e-11,0
54259,1.0,1.6012466e-09,0
54260,1.0,3.762813e-11,0
54261,1.0,1.226968e-11,0
54262,1.0,8.161767e-11,0
54263,1.0,1.4362581e-08,0
54264,1.0,1.5156855e-13,0
54265,1.0,4.423054e-10,0
54266,1.0,5.8183214e-10,0
54267,1.0,1.3396223e-10,0
54268,1.0,1.1908972e-12,0
54269,1.0,9.4580004e-14,0
54270,1.0,2.4933143e-14,0
54271,1.0,1.1243111e-11,0
54272,1.0,1.4219966e-08,0
54273,1.0,4.509011e-13,0
54274,1.0,5.6025373e-10,0
54275,1.0,2.9954221e-09,0
54276,1.0,4.6520607e-10,0
54277,1.0,1.7792529e-10,0
54278,1.0,6.314508e-11,0
54279,1.0,9.741266e-11,0
54280,1.0,8.467319e-10,0
54281,1.0,3.943684e-09,0
54282,1.0,1.3314061e-08,0
54283,1.0,1.6534746e-10,0
54284,1.0,1.0590878e-14,0
54285,1.0,1.5884717e-15,0
54286,1.0,1.1005044e-10,0
54287,1.0,1.5745645e-09,0
54288,1.0,3.7587786e-09,0
54289,1.0,4.6012752e-10,0
54290,1.0,1.1944415e-12,0
54291,1.0,8.875498e-11,0
54292,1.0,5.663607e-10,0
54293,1.0,2.5823332e-13,0
54294,1.0,6.8563926e-13,0
54295,1.0,2.7615696e-10,0
54296,1.0,5.1620246e-11,0
54297,1.0,1.8908101e-14,0
54298,1.0,1.3792508e-12,0
54299,1.0,2.363628e-10,0
54300,1.0,4.3651015e-13,0
54301,1.0,5.2606023e-12,0
54302,1.0,5.5138e-12,0
54303,1.0,7.830628e-11,0
54304,1.0,1.1857965e-10,0
54305,1.0,1.3041963e-11,0
54306,1.0,3.828358e-11,0
54307,1.0,2.138381e-09,0
54308,1.0,1.7508664e-10,0
54309,1.0,1.8205252e-11,0
54310,1.0,7.95048e-12,0
54311,1.0,1.4766288e-10,0
54312,1.0,1.4499585e-10,0
54313,1.0,4.5745525e-13,0
54314,1.0,2.213352e-11,0
54315,1.0,9.446746e-15,0
54316,1.0,9.0145305e-14,0
54317,1.0,7.5233764e-11,0
54318,1.0,2.0832316e-09,0
54319,1.0,4.1091092e-11,0
54320,1.0,1.9153432e-11,0
54321,1.0,1.8904389e-10,0
54322,1.0,5.546271e-10,0
54323,1.0,8.529303e-10,0
54324,1.0,1.8568426e-11,0
54325,1.0,1.6994741e-12,0
54326,1.0,2.2717914e-10,0
54327,1.0,2.5109979e-09,0
54328,1.0,8.2591885e-11,0
54329,1.0,6.781582e-13,0
54330,1.0,7.859349e-13,0
54331,1.0,1.7560085e-08,0
54332,1.0,1.3276573e-09,0
54333,1.0,3.9880647e-12,0
54334,1.0,3.8100642e-12,0
54335,1.0,5.8339484e-09,0
54336,1.0,1.8467879e-10,0
54337,1.0,7.289018e-10,0
54338,1.0,1.1419483e-12,0
54339,1.0,1.4030487e-12,0
54340,1.0,3.85146e-10,0
54341,1.0,2.3670477e-10,0
54342,1.0,1.0080297e-11,0
54343,1.0,1.695567e-11,0
54344,1.0,7.26102e-09,0
54345,1.0,6.5917764e-14,0
54346,1.0,3.1427714e-12,0
54347,1.0,3.4262076e-13,0
54348,1.0,2.7731368e-12,0
54349,1.0,2.2573876e-09,0
54350,1.0,1.9268422e-10,0
54351,1.0,2.051654e-09,0
54352,1.0,3.2734266e-14,0
54353,1.0,3.542591e-11,0
54354,1.0,5.4328266e-14,0
54355,1.0,5.6730935e-12,0
54356,1.0,2.6465733e-13,0
54357,1.0,2.550831e-10,0
54358,1.0,2.761626e-11,0
54359,1.0,8.776074e-12,0
54360,1.0,3.3771655e-12,0
54361,1.0,3.3186973e-10,0
54362,1.0,2.8527083e-12,0
54363,1.0,8.278359e-09,0
54364,1.0,3.905945e-14,0
54365,1.0,1.5185794e-09,0
54366,1.0,1.4640291e-13,0
54367,1.0,2.2076854e-11,0
54368,1.0,4.5425713e-10,0
54369,1.0,2.7657324e-11,0
54370,1.0,6.310409e-09,0
54371,1.0,1.996745e-12,0
54372,0.99999964,3.5285436e-07,0
54373,0.999998,1.9816619e-06,0
54374,0.9999999,1.3162668e-07,0
54375,1.0,3.318444e-10,0
54376,1.0,2.1270065e-10,0
54377,1.0,8.22706e-09,0
54378,1.0,1.0391878e-10,0
54379,1.0,1.7395099e-09,0
54380,0.9999999,1.7703186e-07,0
54381,1.0,1.0959239e-09,0
54382,0.9999994,5.488764e-07,0
54383,1.0,5.760861e-08,0
54384,1.0,1.0308423e-08,0
54385,1.0,2.06271e-10,0
54386,1.0,4.3622552e-13,0
54387,1.0,1.4710343e-14,0
54388,1.0,5.4164048e-11,0
54389,1.0,5.303131e-10,0
54390,1.0,4.0011085e-12,0
54391,1.0,1.4175792e-09,0
54392,1.0,1.3518902e-12,0
54393,1.0,2.0509008e-11,0
54394,1.0,1.9180062e-13,0
54395,1.0,9.219293e-11,0
54396,1.0,7.080376e-11,0
54397,1.0,2.2354159e-09,0
54398,1.0,9.241095e-13,0
54399,1.0,3.941828e-12,0
54400,1.0,9.891485e-10,0
54401,1.0,2.8134077e-09,0
54402,1.0,5.923056e-11,0
54403,1.0,6.911586e-11,0
54404,1.0,7.414893e-11,0
54405,1.0,8.77702e-10,0
54406,1.0,1.1521908e-10,0
54407,1.0,8.119111e-12,0
54408,1.0,1.02960716e-10,0
54409,1.0,5.610998e-13,0
54410,1.0,1.5424922e-11,0
54411,1.0,3.7375452e-13,0
54412,1.0,2.9111505e-11,0
54413,1.0,3.0565475e-09,0
54414,1.0,3.796834e-11,0
54415,1.0,9.046168e-11,0
54416,1.0,4.0512445e-13,0
54417,1.0,5.114115e-10,0
54418,1.0,2.0842071e-11,0
54419,1.0,5.9800245e-09,0
54420,1.0,4.2354384e-12,0
54421,1.0,3.4858394e-11,0
54422,1.0,3.7432726e-10,0
54423,1.0,4.7148694e-13,0
54424,1.0,3.9028917e-14,0
54425,1.0,1.9831128e-11,0
54426,1.0,1.2348229e-12,0
54427,1.0,7.1747435e-09,0
54428,1.0,3.1516947e-10,0
54429,1.0,4.5750456e-11,0
54430,1.0,7.8298215e-11,0
54431,1.0,2.2549057e-12,0
54432,1.0,1.6183348e-11,0
54433,1.0,8.162172e-11,0
54434,1.0,2.961342e-10,0
54435,1.0,6.2461906e-12,0
54436,1.0,6.7455546e-12,0
54437,0.9999993,6.96053e-07,0
54438,1.0,6.326042e-12,0
54439,1.0,1.6606293e-11,0
54440,1.0,2.1644502e-09,0
54441,1.0,1.8309408e-11,0
54442,1.0,1.4096917e-10,0
54443,1.0,2.4737192e-09,0
54444,1.0,3.8028313e-13,0
54445,1.0,8.8601104e-10,0
54446,1.0,1.1699931e-11,0
54447,1.0,1.172346e-10,0
54448,1.0,4.173989e-13,0
54449,1.0,1.2588133e-11,0
54450,1.0,3.231385e-11,0
54451,1.0,3.997979e-13,0
54452,1.0,9.790525e-13,0
54453,1.0,1.3905578e-10,0
54454,1.0,1.7486986e-12,0
54455,1.0,1.306447e-11,0
54456,1.0,5.0311776e-11,0
54457,1.0,6.142647e-12,0
54458,1.0,1.3948497e-11,0
54459,1.0,2.0041942e-11,0
54460,1.0,1.765648e-11,0
54461,1.0,2.0472133e-09,0
54462,0.9999999,5.998969e-08,0
54463,1.0,1.165484e-09,0
54464,1.0,7.2624216e-12,0
54465,1.0,5.543842e-09,0
54466,1.0,8.349754e-12,0
54467,1.0,1.2449323e-09,0
54468,1.0,3.5921402e-10,0
54469,1.0,2.6823197e-13,0
54470,1.0,6.647834e-11,0
54471,1.0,4.6864864e-12,0
54472,1.0,1.07342746e-10,0
54473,1.0,6.6903993e-10,0
54474,1.0,2.1658346e-12,0
54475,1.0,1.2563157e-12,0
54476,1.0,2.6634847e-11,0
54477,1.0,1.6717148e-10,0
54478,1.0,3.6151297e-11,0
54479,1.0,2.2284745e-11,0
54480,1.0,4.6570503e-10,0
54481,1.0,4.8250275e-11,0
54482,1.0,3.2357745e-12,0
54483,1.0,5.985299e-12,0
54484,1.0,4.2634576e-12,0
54485,0.9999999,1.0416441e-07,0
54486,1.0,8.454046e-12,0
54487,1.0,4.4802576e-13,0
54488,1.0,1.8565436e-09,0
54489,1.0,2.592663e-09,0
54490,1.0,2.7436142e-10,0
54491,1.0,8.0604814e-11,0
54492,1.0,1.02431015e-11,0
54493,1.0,1.9870165e-11,0
54494,1.0,3.435159e-13,0
54495,1.0,1.0834029e-11,0
54496,1.0,2.622913e-10,0
54497,1.0,3.2321847e-12,0
54498,1.0,1.156537e-10,0
54499,1.0,1.7656557e-10,0
54500,1.0,8.9027195e-09,0
54501,1.0,2.1441109e-13,0
54502,1.0,5.256455e-10,0
54503,1.0,6.267749e-14,0
54504,1.0,9.4506165e-12,0
54505,1.0,1.3900075e-12,0
54506,1.0,9.891093e-13,0
54507,1.0,7.916547e-10,0
54508,1.0,7.9939874e-11,0
54509,1.0,2.7288222e-11,0
54510,1.0,1.8139708e-11,0
54511,1.0,3.8124714e-08,0
54512,1.0,9.242718e-13,0
54513,1.0,2.6364138e-11,0
54514,1.0,9.654174e-09,0
54515,1.0,7.1855e-11,0
54516,1.0,2.2011178e-11,0
54517,1.0,3.449785e-11,0
54518,1.0,2.9557948e-10,0
54519,1.0,7.0945125e-12,0
54520,1.0,2.3275926e-09,0
54521,1.0,3.2066787e-11,0
54522,1.0,3.4252587e-10,0
54523,1.0,1.4237205e-11,0
54524,1.0,2.5042178e-11,0
54525,1.0,4.0606763e-12,0
54526,1.0,2.7511982e-09,0
54527,1.0,9.2043456e-10,0
54528,1.0,1.884541e-11,0
54529,1.0,1.1627435e-10,0
54530,1.0,3.9516657e-09,0
54531,1.0,2.788133e-10,0
54532,1.0,1.2874996e-09,0
54533,1.0,5.149008e-10,0
54534,1.0,4.541761e-12,0
54535,1.0,2.65324e-13,0
54536,1.0,9.744189e-10,0
54537,0.99999964,3.1166203e-07,0
54538,1.0,1.9079584e-12,0
54539,0.99999976,1.9242519e-07,0
54540,1.0,1.9751347e-09,0
54541,1.0,6.2442967e-12,0
54542,0.9999994,5.9584295e-07,0
54543,1.0,9.388647e-09,0
54544,1.0,9.180141e-12,0
54545,1.0,2.0481984e-08,0
54546,1.0,4.1417932e-12,0
54547,1.0,3.2528178e-11,0
54548,1.0,6.1465845e-12,0
54549,1.0,1.1925538e-09,0
54550,1.0,1.0182006e-09,0
54551,1.0,3.3581131e-09,0
54552,1.0,1.3857628e-10,0
54553,0.9999999,1.4405097e-07,0
54554,1.0,4.26577e-11,0
54555,0.99999833,1.6274398e-06,0
54556,1.0,1.0321032e-12,0
54557,1.0,1.1939201e-08,0
54558,1.0,1.4853984e-08,0
54559,1.0,3.1359331e-12,0
54560,1.0,3.3945036e-13,0
54561,1.0,4.369025e-09,0
54562,1.0,2.486203e-12,0
54563,1.0,7.841927e-11,0
54564,1.0,6.3864257e-13,0
54565,0.9999999,8.3984695e-08,0
54566,1.0,4.8993653e-11,0
54567,1.0,7.985678e-12,0
54568,1.0,2.068116e-09,0
54569,1.0,8.857542e-10,0
54570,1.0,3.616716e-11,0
54571,1.0,3.862145e-08,0
54572,1.0,1.6342491e-09,0
54573,1.0,1.7296884e-11,0
54574,1.0,6.0317593e-12,0
54575,1.0,4.2813468e-11,0
54576,1.0,3.6792246e-11,0
54577,1.0,5.3537283e-12,0
54578,1.0,2.0281303e-09,0
54579,1.0,2.8450397e-13,0
54580,1.0,1.3030116e-09,0
54581,1.0,1.545983e-10,0
54582,1.0,6.7108896e-09,0
54583,1.0,1.8992129e-11,0
54584,1.0,1.4402068e-10,0
54585,1.0,6.7895065e-12,0
54586,1.0,1.874531e-12,0
54587,1.0,4.6614643e-11,0
54588,1.0,2.652274e-09,0
54589,1.0,5.5841665e-10,0
54590,1.0,1.4038377e-09,0
54591,1.0,1.5545061e-12,0
54592,1.0,1.1201858e-12,0
54593,1.0,2.51345e-10,0
54594,1.0,4.6119905e-12,0
54595,1.0,3.084674e-11,0
54596,1.0,1.5412775e-11,0
54597,1.0,8.596101e-10,0
54598,1.0,4.55401e-08,0
54599,1.0,3.9530334e-11,0
54600,1.0,4.5205003e-12,0
54601,1.0,2.0599116e-09,0
54602,1.0,1.9029042e-11,0
54603,1.0,1.9417361e-10,0
54604,1.0,1.0487636e-10,0
54605,1.0,1.7693776e-10,0
54606,1.0,1.877594e-12,0
54607,1.0,1.7019444e-10,0
54608,1.0,1.534913e-09,0
54609,1.0,2.7122473e-12,0
54610,1.0,1.9132864e-12,0
54611,1.0,2.3859006e-09,0
54612,1.0,1.4219937e-12,0
54613,1.0,1.7349221e-11,0
54614,1.0,1.639954e-09,0
54615,1.0,8.417911e-11,0
54616,1.0,1.4704384e-12,0
54617,1.0,9.9660315e-12,0
54618,1.0,1.2124965e-09,0
54619,1.0,1.0634454e-11,0
54620,1.0,2.261775e-09,0
54621,1.0,1.0434058e-11,0
54622,1.0,5.91905e-10,0
54623,1.0,4.92504e-10,0
54624,1.0,5.0110976e-10,0
54625,1.0,2.1342757e-11,0
54626,1.0,7.564168e-11,0
54627,1.0,2.762871e-10,0
54628,1.0,4.247031e-08,0
54629,1.0,2.3493304e-14,0
54630,1.0,1.9361998e-10,0
54631,1.0,8.534612e-13,0
54632,1.0,5.8813837e-10,0
54633,0.99999774,2.2172187e-06,0
54634,0.9999995,4.8868856e-07,0
54635,1.0,1.0743912e-08,0
54636,0.99999356,6.4377364e-06,0
54637,1.0,6.660544e-13,0
54638,0.99999607,3.9834395e-06,0
54639,1.0,1.6312625e-13,0
54640,1.0,3.5339092e-09,0
54641,1.0,6.76754e-12,0
54642,1.0,1.5462587e-12,0
54643,1.0,1.0061837e-11,0
54644,1.0,4.0642298e-10,0
54645,1.0,5.1577904e-12,0
54646,1.0,2.359169e-10,0
54647,1.0,2.6302487e-09,0
54648,1.0,2.1212877e-12,0
54649,1.0,2.3601748e-12,0
54650,1.0,3.0150483e-13,0
54651,1.0,6.7953004e-11,0
54652,1.0,7.908061e-11,0
54653,1.0,2.2378722e-10,0
54654,1.0,1.0535739e-09,0
54655,1.0,5.4753593e-12,0
54656,1.0,5.2405753e-11,0
54657,1.0,1.2133351e-11,0
54658,1.0,1.8694296e-11,0
54659,1.0,5.8729646e-14,0
54660,1.0,1.6956978e-13,0
54661,1.0,3.1758488e-11,0
54662,1.0,6.209426e-12,0
54663,1.0,4.4605486e-11,0
54664,1.0,4.924037e-13,0
54665,1.0,2.0668452e-10,0
54666,1.0,6.6879335e-11,0
54667,1.0,4.0863784e-12,0
54668,1.0,9.623725e-10,0
54669,1.0,2.3075942e-13,0
54670,1.0,4.997841e-13,0
54671,1.0,1.269582e-11,0
54672,1.0,4.940847e-10,0
54673,1.0,1.35799245e-11,0
54674,1.0,1.8572581e-10,0
54675,1.0,1.6874423e-12,0
54676,1.0,8.895695e-12,0
54677,1.0,2.6532804e-13,0
54678,1.0,3.3116197e-11,0
54679,1.0,3.4988516e-13,0
54680,1.0,1.7024564e-11,0
54681,1.0,5.4133805e-14,0
54682,1.0,3.2969254e-13,0
54683,1.0,2.3316015e-12,0
54684,1.0,2.1260197e-11,0
54685,1.0,2.8894243e-09,0
54686,1.0,1.1269261e-11,0
54687,1.0,3.3881014e-12,0
54688,1.0,1.4056824e-11,0
54689,1.0,1.0125074e-12,0
54690,1.0,1.2681352e-10,0
54691,1.0,1.9852217e-10,0
54692,1.0,1.2350113e-12,0
54693,1.0,3.0892472e-12,0
54694,1.0,4.5156424e-11,0
54695,1.0,5.7414446e-12,0
54696,1.0,7.226424e-09,0
54697,1.0,1.6753352e-09,0
54698,1.0,8.552993e-13,0
54699,1.0,4.9882056e-12,0
54700,0.99999964,3.2332582e-07,0
54701,0.9999999,9.391122e-08,0
54702,1.0,5.4186135e-12,0
54703,1.0,4.830889e-09,0
54704,1.0,8.304905e-11,0
54705,1.0,5.6694507e-11,0
54706,1.0,2.2314648e-11,0
54707,1.0,6.85385e-11,0
54708,1.0,3.6063815e-12,0
54709,1.0,3.196337e-13,0
54710,1.0,6.957086e-14,0
54711,1.0,1.506454e-13,0
54712,1.0,1.3099178e-11,0
54713,1.0,8.1647996e-12,0
54714,1.0,1.8413703e-11,0
54715,1.0,1.19405215e-08,0
54716,1.0,5.3751587e-10,0
54717,1.0,5.868072e-10,0
54718,1.0,3.6782954e-09,0
54719,1.0,3.9325204e-10,0
54720,1.0,4.1269366e-12,0
54721,1.0,2.08007e-10,0
54722,1.0,4.874534e-11,0
54723,1.0,6.9875405e-10,0
54724,1.0,4.015928e-11,0
54725,1.0,1.9227462e-09,0
54726,1.0,3.3765536e-12,0
54727,1.0,6.8783755e-12,0
54728,1.0,2.3109327e-13,0
54729,1.0,6.287476e-12,0
54730,1.0,8.357279e-11,0
54731,1.0,3.567718e-09,0
54732,0.99999523,4.7686854e-06,0
54733,1.0,8.5683016e-11,0
54734,0.9999958,4.2023526e-06,0
54735,1.0,1.4990606e-11,0
54736,1.0,7.538574e-11,0
54737,1.0,4.1765315e-12,0
54738,1.0,4.996061e-12,0
54739,1.0,5.22755e-10,0
54740,1.0,9.541805e-10,0
54741,1.0,1.5614353e-09,0
54742,1.0,4.5032766e-10,0
54743,1.0,2.567487e-09,0
54744,1.0,4.9705073e-10,0
54745,1.0,1.9798647e-09,0
54746,1.0,5.959727e-11,0
54747,0.9999969,3.0855695e-06,0
54748,1.0,1.3901746e-08,0
54749,1.0,1.6431004e-13,0
54750,1.0,2.1452954e-11,0
54751,1.0,2.1063022e-08,0
54752,1.0,8.4520546e-10,0
54753,1.0,4.881563e-13,0
54754,1.0,8.580968e-13,0
54755,1.0,9.511936e-09,0
54756,1.0,2.570516e-12,0
54757,1.0,1.2303908e-09,0
54758,1.0,1.700995e-12,0
54759,1.0,1.7947827e-09,0
54760,1.0,4.095856e-10,0
54761,1.0,7.1099664e-09,0
54762,1.0,8.3475084e-12,0
54763,1.0,3.8143634e-11,0
54764,1.0,2.2603127e-13,0
54765,1.0,1.8478873e-10,0
54766,1.0,9.480153e-12,0
54767,1.0,1.1145031e-10,0
54768,1.0,5.6683297e-10,0
54769,1.0,1.07150046e-10,0
54770,1.0,7.7480315e-09,0
54771,1.0,4.7120985e-10,0
54772,1.0,4.6164494e-13,0
54773,1.0,1.6058259e-08,0
54774,1.0,2.095015e-12,0
54775,1.0,1.514394e-09,0
54776,1.0,1.4257205e-11,0
54777,1.0,1.18867e-10,0
54778,1.0,8.340904e-12,0
54779,1.0,8.689018e-11,0
54780,1.0,2.354861e-11,0
54781,1.0,2.7759484e-11,0
54782,1.0,2.136787e-09,0
54783,1.0,1.6136274e-12,0
54784,1.0,3.8650293e-14,0
54785,1.0,2.3422288e-11,0
54786,1.0,1.5899186e-10,0
54787,1.0,7.0910352e-12,0
54788,1.0,4.4513677e-12,0
54789,1.0,1.0937573e-11,0
54790,1.0,2.1090142e-13,0
54791,0.9999999,1.1228259e-07,0
54792,1.0,3.4811637e-10,0
54793,0.9999999,8.035442e-08,0
54794,1.0,2.4910636e-12,0
54795,1.0,4.4017425e-11,0
54796,1.0,4.2447896e-11,0
54797,1.0,2.7035858e-12,0
54798,1.0,1.0489626e-12,0
54799,1.0,1.2039641e-11,0
54800,1.0,1.0987939e-12,0
54801,1.0,2.660168e-12,0
54802,1.0,1.8303323e-12,0
54803,1.0,7.5665196e-11,0
54804,1.0,1.1479779e-12,0
54805,1.0,9.8013715e-11,0
54806,1.0,8.436617e-12,0
54807,1.0,9.572242e-11,0
54808,1.0,3.8731657e-12,0
54809,1.0,2.562548e-11,0
54810,1.0,1.952914e-12,0
54811,0.99999857,1.3766512e-06,0
54812,0.9999956,4.4501476e-06,0
54813,1.0,5.86081e-11,0
54814,1.0,4.641883e-11,0
54815,1.0,4.204338e-12,0
54816,0.99999976,2.4774656e-07,0
54817,1.0,1.2485426e-08,0
54818,1.0,7.764478e-10,0
54819,1.0,4.4078297e-09,0
54820,1.0,3.950109e-11,0
54821,1.0,1.0505649e-11,0
54822,1.0,1.1047348e-08,0
54823,0.9999999,6.5386516e-08,0
54824,1.0,3.6302676e-08,0
54825,1.0,1.0484655e-10,0
54826,1.0,1.22891905e-11,0
54827,1.0,1.2345005e-08,0
54828,1.0,7.558825e-09,0
54829,1.0,4.4470907e-12,0
54830,1.0,1.6507542e-11,0
54831,1.0,1.247479e-11,0
54832,1.0,2.1001101e-10,0
54833,1.0,1.7304723e-09,0
54834,1.0,6.6577945e-11,0
54835,1.0,2.6658417e-12,0
54836,1.0,1.4574052e-11,0
54837,1.0,8.906328e-11,0
54838,1.0,2.8206073e-09,0
54839,1.0,7.2891186e-09,0
54840,1.0,6.948301e-12,0
54841,1.0,9.598611e-10,0
54842,1.0,5.9843347e-10,0
54843,0.99999905,9.49613e-07,0
54844,1.0,2.0953518e-11,0
54845,1.0,4.1869623e-09,0
54846,1.0,4.9824814e-12,0
54847,1.0,1.8439876e-12,0
54848,1.0,1.5974183e-09,0
54849,1.0,7.267792e-10,0
54850,1.0,2.9260457e-12,0
54851,1.0,4.410493e-10,0
54852,0.9999999,1.1169561e-07,0
54853,0.999998,2.0133216e-06,0
54854,0.9999999,8.4854676e-08,0
54855,1.0,1.6777346e-08,0
54856,1.0,4.409759e-11,0
54857,1.0,8.755477e-19,0
54858,1.0,8.310609e-11,0
54859,1.0,3.5314123e-11,0
54860,1.0,3.1072386e-10,0
54861,1.0,2.347961e-09,0
54862,1.0,2.057527e-10,0
54863,1.0,2.995704e-08,0
54864,1.0,1.5477577e-12,0
54865,1.0,3.2153998e-11,0
54866,1.0,3.022518e-08,0
54867,1.0,5.6098164e-11,0
54868,1.0,7.1421655e-09,0
54869,1.0,1.5081396e-12,0
54870,1.0,4.9578527e-12,0
54871,0.9999999,1.3365003e-07,0
54872,0.99999976,2.9569293e-07,0
54873,1.0,8.296802e-10,0
54874,1.0,1.2944462e-12,0
54875,1.0,3.2661703e-12,0
54876,0.99999976,2.8435318e-07,0
54877,1.0,1.2857258e-08,0
54878,1.0,9.44785e-10,0
54879,1.0,2.2101784e-12,0
54880,1.0,2.1319405e-11,0
54881,1.0,1.5979605e-13,0
54882,1.0,2.6510386e-10,0
54883,1.0,6.145281e-09,0
54884,1.0,1.1207612e-11,0
54885,1.0,4.544619e-09,0
54886,1.0,1.2455628e-11,0
54887,1.0,2.383709e-12,0
54888,1.0,1.4759233e-12,0
54889,1.0,1.824315e-10,0
54890,1.0,9.795531e-13,0
54891,1.0,3.588418e-12,0
54892,1.0,7.969215e-12,0
54893,1.0,1.2391412e-11,0
54894,1.0,2.738907e-11,0
54895,1.0,1.11459277e-13,0
54896,1.0,5.143982e-10,0
54897,1.0,6.15681e-14,0
54898,1.0,2.1088555e-11,0
54899,1.0,1.6217399e-11,0
54900,1.0,1.03154376e-13,0
54901,1.0,6.1046636e-12,0
54902,1.0,8.068965e-13,0
54903,0.9999993,7.4801034e-07,0
54904,1.0,2.249918e-08,0
54905,1.0,9.6254915e-09,0
54906,1.0,7.319989e-10,0
54907,1.0,1.4671432e-13,0
54908,1.0,2.3481756e-13,0
54909,1.0,5.5648652e-11,0
54910,1.0,5.1188636e-08,0
54911,1.0,5.6759046e-13,0
54912,1.0,4.371405e-11,0
54913,1.0,4.303602e-10,0
54914,0.99999845,1.5348046e-06,0
54915,1.0,2.7474117e-13,0
54916,1.0,2.0182506e-10,0
54917,1.0,2.9881466e-09,0
54918,1.0,5.042019e-13,0
54919,1.0,2.6602002e-11,0
54920,1.0,1.3149086e-08,0
54921,1.0,2.7890423e-10,0
54922,1.0,3.1602408e-11,0
54923,1.0,9.792393e-13,0
54924,1.0,5.1310405e-09,0
54925,1.0,1.7087117e-08,0
54926,1.0,2.2493793e-10,0
54927,1.0,1.1852898e-10,0
54928,1.0,1.0553598e-09,0
54929,1.0,7.4331213e-10,0
54930,1.0,1.0243512e-11,0
54931,1.0,2.7009727e-12,0
54932,1.0,1.4976425e-08,0
54933,1.0,1.0202267e-12,0
54934,1.0,6.3805294e-10,0
54935,0.9999999,6.975775e-08,0
54936,1.0,2.0654018e-11,0
54937,1.0,4.6441578e-08,0
54938,1.0,4.265312e-12,0
54939,1.0,1.9862473e-11,0
54940,1.0,4.7254307e-09,0
54941,1.0,1.8149459e-08,0
54942,1.0,5.486741e-13,0
54943,0.9999962,3.86822e-06,0
54944,1.0,4.4606146e-12,0
54945,1.0,3.7377862e-10,0
54946,1.0,1.6030495e-09,0
54947,1.0,6.7972744e-10,0
54948,1.0,7.31793e-12,0
54949,1.0,4.3559906e-11,0
54950,1.0,1.1887963e-11,0
54951,1.0,1.2884046e-11,0
54952,1.0,2.913172e-11,0
54953,1.0,1.3703668e-08,0
54954,1.0,1.3423627e-12,0
54955,1.0,5.395332e-10,0
54956,1.0,2.2070833e-11,0
54957,1.0,1.4973282e-12,0
54958,1.0,3.0962746e-11,0
54959,1.0,1.4681006e-09,0
54960,1.0,6.199696e-09,0
54961,1.0,5.94971e-11,0
54962,1.0,1.7055913e-09,0
54963,1.0,7.623276e-11,0
54964,1.0,2.9649064e-11,0
54965,1.0,2.209203e-10,0
54966,1.0,1.117773e-10,0
54967,1.0,1.1651945e-10,0
54968,1.0,3.08354e-10,0
54969,1.0,1.1433023e-11,0
54970,1.0,2.810522e-09,0
54971,1.0,7.4891796e-13,0
54972,1.0,1.493903e-11,0
54973,1.0,3.4398435e-11,0
54974,1.0,1.258964e-12,0
54975,1.0,2.5318406e-13,0
54976,1.0,9.910223e-13,0
54977,0.9999999,1.0001108e-07,0
54978,0.99999344,6.56648e-06,0
54979,1.0,5.377623e-09,0
54980,1.0,2.414919e-12,0
54981,1.0,4.689678e-16,0
54982,1.0,1.3044625e-11,0
54983,1.0,1.8934927e-09,0
54984,1.0,2.4374887e-15,0
54985,1.0,1.2133357e-10,0
54986,1.0,4.906232e-10,0
54987,1.0,2.1435693e-11,0
54988,1.0,1.3826422e-10,0
54989,1.0,2.0365723e-10,0
54990,1.0,1.466255e-11,0
54991,0.99999976,2.2054839e-07,0
54992,1.0,6.478398e-11,0
54993,1.0,2.5189568e-12,0
54994,0.9999999,6.365195e-08,0
54995,0.9999981,1.910222e-06,0
54996,1.0,3.904331e-09,0
54997,0.99999976,2.0665445e-07,0
54998,1.0,2.451703e-13,0
54999,1.0,8.347716e-12,0
55000,1.0,5.9702887e-10,0
55001,1.0,2.4430827e-08,0
55002,1.0,1.3214555e-12,0
55003,1.0,3.6978158e-09,0
55004,1.0,1.8284647e-09,0
55005,1.0,5.4054153e-14,0
55006,1.0,1.7232962e-08,0
55007,0.99999976,1.9518869e-07,0
55008,1.0,3.36931e-08,0
55009,1.0,2.1967465e-12,0
55010,1.0,4.445159e-11,0
55011,1.0,1.3716357e-11,0
55012,1.0,2.881873e-09,0
55013,1.0,6.9511376e-12,0
55014,1.0,1.5419126e-11,0
55015,1.0,2.372984e-13,0
55016,1.0,1.26111795e-11,0
55017,1.0,1.1645629e-11,0
55018,1.0,4.6958635e-12,0
55019,1.0,1.7155063e-13,0
55020,1.0,4.9369064e-11,0
55021,1.0,2.8707947e-10,0
55022,1.0,4.2225667e-11,0
55023,1.0,1.4269175e-11,0
55024,1.0,1.5465302e-12,0
55025,1.0,1.51403e-13,0
55026,1.0,6.63614e-11,0
55027,1.0,3.735509e-12,0
55028,1.0,1.614629e-11,0
55029,1.0,8.2726254e-10,0
55030,1.0,2.5896022e-14,0
55031,1.0,8.507161e-13,0
55032,1.0,3.6878828e-10,0
55033,1.0,1.3158036e-09,0
55034,1.0,5.740544e-09,0
55035,1.0,3.6544524e-11,0
55036,1.0,6.506877e-12,0
55037,1.0,7.589798e-13,0
55038,1.0,1.146027e-11,0
55039,1.0,1.3255679e-08,0
55040,0.99996257,3.7424426e-05,0
55041,0.9999994,5.7447966e-07,0
55042,1.0,1.2874557e-12,0
55043,0.99999976,1.9525275e-07,0
55044,1.0,5.181317e-12,0
55045,1.0,2.8931481e-08,0
55046,0.99999905,1.0032686e-06,0
55047,1.0,6.9834665e-13,0
55048,1.0,3.2813785e-10,0
55049,1.0,3.1514457e-08,0
55050,1.0,1.5381433e-08,0
55051,1.0,1.7716825e-08,0
55052,1.0,1.4563794e-08,0
55053,0.99999905,9.176602e-07,0
55054,0.9999999,8.597076e-08,0
55055,1.0,8.991281e-10,0
55056,0.99999523,4.824837e-06,0
55057,0.9999993,7.571821e-07,0
55058,0.99999905,9.69589e-07,0
55059,0.99999845,1.5207142e-06,0
55060,1.0,3.2250584e-09,0
55061,0.99999964,4.0878962e-07,0
55062,1.0,1.5012434e-08,0
55063,1.0,2.562019e-08,0
55064,0.99999726,2.7037206e-06,0
55065,1.0,4.007702e-11,0
55066,1.0,4.00776e-09,0
55067,1.0,2.7595926e-08,0
55068,1.0,7.912025e-12,0
55069,0.99999845,1.6080656e-06,0
55070,0.9999956,4.3721056e-06,0
55071,1.0,6.3445686e-11,0
55072,1.0,1.0834891e-12,0
55073,1.0,5.3179658e-08,0
55074,1.0,2.5309776e-12,0
55075,1.0,2.419778e-09,0
55076,0.9999993,7.517147e-07,0
55077,0.999998,2.0614673e-06,0
55078,0.99998224,1.7760693e-05,0
55079,0.9999999,1.5327757e-07,0
55080,0.9999975,2.5418592e-06,0
55081,0.9999999,1.113421e-07,0
55082,0.9999993,7.679443e-07,0
55083,1.0,4.1386466e-10,0
55084,0.99999857,1.4703651e-06,0
55085,0.99999976,2.8055433e-07,0
55086,0.9999982,1.7982293e-06,0
55087,1.0,1.1612907e-08,0
55088,0.99999857,1.4454406e-06,0
55089,0.99999905,9.945265e-07,0
55090,0.99999976,2.7245002e-07,0
55091,1.0,4.332201e-08,0
55092,0.9999994,5.5855025e-07,0
55093,0.9999993,7.497294e-07,0
55094,1.0,5.1094257e-10,0
55095,0.9999994,6.5155575e-07,0
55096,1.0,2.54607e-08,0
55097,1.0,8.5835833e-10,0
55098,0.9999995,4.6890617e-07,0
55099,1.0,6.7385014e-10,0
55100,1.0,2.6034375e-08,0
55101,1.0,4.250984e-09,0
55102,0.9999995,5.355578e-07,0
55103,1.0,1.284809e-08,0
55104,0.9999987,1.2909472e-06,0
55105,1.0,5.516759e-11,0
55106,0.99998033,1.9681878e-05,0
55107,0.9999999,1.0133676e-07,0
55108,1.0,2.3830808e-09,0
55109,1.0,8.570043e-09,0
55110,1.0,2.6050765e-08,0
55111,0.9999995,4.805986e-07,0
55112,0.9999964,3.5806975e-06,0
55113,1.0,8.805849e-09,0
55114,1.0,1.3287474e-08,0
55115,0.9999999,6.648224e-08,0
55116,0.9999939,6.069646e-06,0
55117,1.0,2.1161414e-10,0
55118,1.0,2.2316054e-11,0
55119,1.0,9.798111e-09,0
55120,0.9999964,3.5666626e-06,0
55121,1.0,1.4072196e-11,0
55122,0.99999976,2.911736e-07,0
55123,1.0,1.731784e-08,0
55124,0.99999964,3.2130816e-07,0
55125,0.9999999,6.114837e-08,0
55126,0.9999999,8.04363e-08,0
55127,1.0,8.173023e-09,0
55128,1.0,1.7115951e-08,0
55129,0.99999917,7.788453e-07,0
55130,0.99999964,3.0052786e-07,0
55131,0.99999976,2.3048119e-07,0
55132,1.0,5.304102e-10,0
55133,0.9999999,1.3630346e-07,0
55134,0.99999964,4.1262138e-07,0
55135,0.9999975,2.5147963e-06,0
55136,1.0,3.1979108e-09,0
55137,1.0,4.498096e-08,0
55138,1.0,1.882801e-12,0
55139,1.0,2.008214e-09,0
55140,0.9999989,1.0801258e-06,0
55141,0.99999976,2.4737025e-07,0
55142,0.99999917,8.348526e-07,0
55143,0.9999999,8.54822e-08,0
55144,0.99999917,7.797966e-07,0
55145,1.0,2.5906672e-08,0
55146,0.99999976,2.6050353e-07,0
55147,1.0,5.5210304e-08,0
55148,1.0,4.7398734e-09,0
55149,1.0,2.9544436e-09,0
55150,1.0,1.4834823e-11,0
55151,1.0,3.0515201e-09,0
55152,0.99999917,7.938749e-07,0
55153,1.0,5.0931234e-08,0
55154,1.0,3.2988837e-08,0
55155,0.9999999,1.4902474e-07,0
55156,1.0,1.5107078e-08,0
55157,1.0,7.326236e-09,0
55158,1.0,3.8009627e-08,0
55159,1.0,3.991482e-08,0
55160,1.0,2.0743194e-08,0
55161,0.99999976,1.906817e-07,0
55162,1.0,1.0957081e-10,0
55163,1.0,7.20081e-15,0
55164,1.0,5.6113523e-09,0
55165,1.0,2.4744473e-08,0
55166,0.99999964,3.8810055e-07,0
55167,0.999998,2.0135176e-06,0
55168,0.99999774,2.2115275e-06,0
55169,0.999997,2.9578844e-06,0
55170,0.9999999,1.3394096e-07,0
55171,1.0,2.1436734e-13,0
55172,1.0,2.7992667e-12,0
55173,1.0,1.3437488e-08,0
55174,0.9999988,1.1860892e-06,0
55175,0.9999999,7.69892e-08,0
55176,0.9999994,6.19295e-07,0
55177,1.0,8.120421e-10,0
55178,1.0,3.5465901e-09,0
55179,1.0,2.8270314e-10,0
55180,0.99999845,1.6001475e-06,0
55181,1.0,2.4542895e-10,0
55182,0.99999976,1.8455015e-07,0
55183,0.99999976,2.409027e-07,0
55184,1.0,1.3287764e-10,0
55185,0.9999999,8.6609354e-08,0
55186,0.9999994,6.255502e-07,0
55187,0.99999917,8.3649593e-07,0
55188,0.99999976,2.4260694e-07,0
55189,1.0,4.3855923e-08,0
55190,1.0,1.6308862e-09,0
55191,1.0,2.4350717e-08,0
55192,1.0,1.4040046e-08,0
55193,1.0,8.684222e-09,0
55194,1.0,4.0695163e-08,0
55195,0.9999938,6.145493e-06,0
55196,1.0,1.3825584e-09,0
55197,1.0,1.4203215e-08,0
55198,0.99999976,2.4131703e-07,0
55199,0.9999995,5.176734e-07,0
55200,0.99999976,2.7386562e-07,0
55201,0.9999988,1.161068e-06,0
55202,0.9999999,9.8857605e-08,0
55203,0.9999999,8.2462925e-08,0
55204,1.0,2.57027e-09,0
55205,1.0,1.5198345e-16,0
55206,0.99999976,2.3986146e-07,0
55207,0.9999995,5.040166e-07,0
55208,1.0,3.973739e-11,0
55209,0.9999999,9.7780074e-08,0
55210,0.9999981,1.8876989e-06,0
55211,0.99999964,3.0295888e-07,0
55212,0.99999523,4.7984477e-06,0
55213,1.0,1.6594576e-11,0
55214,0.9999994,5.9273145e-07,0
55215,1.0,6.319129e-09,0
55216,0.9999982,1.8220029e-06,0
55217,1.0,4.2136628e-10,0
55218,0.99999833,1.6133542e-06,0
55219,1.0,4.2695733e-10,0
55220,0.9999987,1.291132e-06,0
55221,1.0,4.2436984e-10,0
55222,0.9999981,1.8519946e-06,0
55223,1.0,3.0347646e-08,0
55224,1.0,8.041955e-09,0
55225,0.99999905,9.4131326e-07,0
55226,0.9999993,7.3302925e-07,0
55227,0.99998975,1.0200779e-05,0
55228,0.9999987,1.3052107e-06,0
55229,0.99999976,2.2835675e-07,0
55230,0.9999993,6.6241864e-07,0
55231,1.0,3.3557873e-10,0
55232,1.0,8.716518e-12,0
55233,1.0,2.9715702e-11,0
55234,0.9999999,1.1509777e-07,0
55235,1.0,4.412973e-11,0
55236,1.0,3.193451e-08,0
55237,1.0,1.0819027e-09,0
55238,0.9999999,9.1235314e-08,0
55239,1.0,4.3253126e-09,0
55240,1.0,1.968337e-11,0
55241,1.0,1.0144535e-09,0
55242,0.9999995,4.7064222e-07,0
55243,1.0,1.8131831e-10,0
55244,0.9999999,8.060632e-08,0
55245,0.99999976,2.4187761e-07,0
55246,0.9999994,5.50046e-07,0
55247,1.0,6.0083556e-09,0
55248,1.0,1.3308119e-08,0
55249,1.0,3.487906e-08,0
55250,1.0,3.412992e-10,0
55251,0.99999976,2.949778e-07,0
55252,1.0,1.7632008e-08,0
55253,1.0,9.463144e-10,0
55254,0.9999999,1.4775677e-07,0
55255,1.0,3.8370737e-10,0
55256,1.0,2.9701366e-11,0
55257,0.9999995,4.4467689e-07,0
55258,0.9999989,1.0403697e-06,0
55259,1.0,3.6906236e-08,0
55260,0.99999976,1.8752773e-07,0
55261,1.0,3.4647887e-10,0
55262,1.0,1.200089e-08,0
55263,1.0,1.1925669e-10,0
55264,1.0,1.094445e-09,0
55265,0.9999999,1.11150925e-07,0
55266,1.0,2.7590506e-08,0
55267,0.9999999,1.4075457e-07,0
55268,0.9999999,8.805601e-08,0
55269,1.0,2.6133778e-08,0
55270,1.0,4.1248183e-09,0
55271,1.0,1.6758595e-09,0
55272,1.0,1.4951758e-09,0
55273,1.0,3.9341558e-10,0
55274,1.0,1.6410334e-09,0
55275,1.0,1.2080614e-10,0
55276,1.0,1.5797347e-10,0
55277,0.9999999,1.4737945e-07,0
55278,1.0,5.2353187e-08,0
55279,1.0,2.1945554e-09,0
55280,1.0,2.6185429e-11,0
55281,0.99999845,1.5573501e-06,0
55282,0.99999964,3.696316e-07,0
55283,1.0,2.2973852e-08,0
55284,1.0,4.8897856e-08,0
55285,0.99999917,8.8447433e-07,0
55286,1.0,6.8902564e-09,0
55287,1.0,2.7637011e-08,0
55288,1.0,7.138379e-09,0
55289,1.0,5.8386123e-09,0
55290,0.9999995,4.3711907e-07,0
55291,1.0,2.4296368e-10,0
55292,0.99999964,3.0090212e-07,0
55293,1.0,1.852067e-08,0
55294,1.0,4.328201e-09,0
55295,1.0,1.3149557e-09,0
55296,1.0,9.2861614e-11,0
55297,0.9999999,1.15749096e-07,0
55298,0.99999976,2.5701496e-07,0
55299,1.0,3.0469416e-10,0
55300,1.0,9.5518884e-11,0
55301,1.0,8.664843e-10,0
55302,1.0,6.5823196e-09,0
55303,1.0,2.7957668e-08,0
55304,1.0,3.5612302e-10,0
55305,1.0,3.0647342e-11,0
55306,0.9999994,5.5023804e-07,0
55307,1.0,4.505113e-11,0
55308,1.0,2.4516042e-10,0
55309,0.9999999,1.5523825e-07,0
55310,1.0,7.849679e-11,0
55311,1.0,6.3427416e-11,0
55312,1.0,5.211756e-08,0
55313,0.9999999,1.7409087e-07,0
55314,1.0,1.01701145e-08,0
55315,0.99999857,1.4493595e-06,0
55316,1.0,1.4220848e-10,0
55317,1.0,1.2524537e-09,0
55318,0.99999976,2.0283836e-07,0
55319,0.9999995,4.2807983e-07,0
55320,1.0,1.7252479e-10,0
55321,0.99999976,2.4267035e-07,0
55322,1.0,6.35824e-09,0
55323,1.0,7.043423e-09,0
55324,1.0,1.9922278e-10,0
55325,1.0,3.8291007e-12,0
55326,1.0,1.2519567e-13,0
55327,1.0,3.191111e-09,0
55328,0.99999833,1.6665485e-06,0
55329,1.0,1.1346053e-09,0
55330,1.0,2.4499214e-10,0
55331,0.9999995,4.3736802e-07,0
55332,1.0,6.130384e-11,0
55333,0.9999999,7.101783e-08,0
55334,1.0,2.3752482e-09,0
55335,1.0,1.045718e-09,0
55336,0.99999976,2.028428e-07,0
55337,1.0,1.1518892e-11,0
55338,1.0,1.37834375e-08,0
55339,1.0,7.631791e-10,0
55340,1.0,7.0525874e-10,0
55341,1.0,1.4660783e-08,0
55342,1.0,1.7805031e-09,0
55343,1.0,2.479254e-10,0
55344,0.99999905,9.689743e-07,0
55345,1.0,2.5058222e-08,0
55346,1.0,1.1284446e-11,0
55347,1.0,9.569954e-12,0
55348,1.0,2.9405433e-11,0
55349,1.0,1.45534e-09,0
55350,0.9999999,1.14665234e-07,0
55351,0.99999917,8.743824e-07,0
55352,0.9999999,1.102321e-07,0
55353,1.0,3.148871e-10,0
55354,1.0,8.696065e-11,0
55355,1.0,2.4562657e-10,0
55356,0.99999976,1.8849687e-07,0
55357,0.9999999,6.287956e-08,0
55358,1.0,8.215452e-10,0
55359,0.9999999,1.3473834e-07,0
55360,1.0,1.6376324e-08,0
55361,1.0,1.631496e-09,0
55362,1.0,1.6292049e-12,0
55363,1.0,2.3250115e-08,0
55364,0.9999999,1.3091359e-07,0
55365,0.9999999,1.408804e-07,0
55366,0.9999964,3.5676017e-06,0
55367,1.0,1.7742254e-08,0
55368,1.0,5.850867e-08,0
55369,1.0,1.0823676e-08,0
55370,1.0,3.4716865e-11,0
55371,1.0,1.357639e-09,0
55372,1.0,4.9288293e-09,0
55373,1.0,1.1652889e-08,0
55374,1.0,1.1574204e-09,0
55375,1.0,2.8734656e-08,0
55376,0.9999999,1.5027967e-07,0
55377,1.0,1.2580152e-09,0
55378,0.9999975,2.471887e-06,0
55379,1.0,5.763727e-09,0
55380,1.0,7.333527e-11,0
55381,1.0,4.1788067e-10,0
55382,0.9999999,6.8719764e-08,0
55383,0.9999999,8.7913534e-08,0
55384,0.9999999,8.935351e-08,0
55385,1.0,1.3250877e-08,0
55386,0.9999994,5.68335e-07,0
55387,0.9999999,6.91207e-08,0
55388,1.0,3.8961462e-10,0
55389,1.0,5.30992e-11,0
55390,0.99999964,3.4122408e-07,0
55391,0.9999999,8.211434e-08,0
55392,1.0,1.8739557e-08,0
55393,1.0,2.4490883e-11,0
55394,1.0,1.0302998e-08,0
55395,0.9999999,1.2883677e-07,0
55396,1.0,6.7692345e-11,0
55397,1.0,3.8288657e-09,0
55398,1.0,2.5203546e-09,0
55399,1.0,6.264878e-11,0
55400,0.9999999,1.1810287e-07,0
55401,1.0,2.322022e-10,0
55402,1.0,3.052552e-08,0
55403,1.0,3.4659187e-10,0
55404,1.0,5.026504e-12,0
55405,0.99999905,1.0059599e-06,0
55406,1.0,1.9135639e-08,0
55407,1.0,3.593651e-12,0
55408,1.0,4.2279804e-12,0
55409,0.9999995,4.8946004e-07,0
55410,1.0,7.554591e-12,0
55411,0.99999654,3.4519014e-06,0
55412,1.0,2.5461476e-08,0
55413,0.9999994,6.268736e-07,0
55414,1.0,1.7639061e-13,0
55415,1.0,4.9755208e-08,0
55416,1.0,1.2368608e-10,0
55417,0.9999999,1.7726094e-07,0
55418,0.99999964,4.029723e-07,0
55419,0.9999994,5.4924715e-07,0
55420,1.0,4.49969e-09,0
55421,1.0,5.014188e-09,0
55422,0.9999999,9.788009e-08,0
55423,0.9999995,4.3363093e-07,0
55424,1.0,5.5788535e-10,0
55425,1.0,4.347796e-08,0
55426,1.0,3.1643924e-10,0
55427,1.0,9.599709e-10,0
55428,1.0,2.3544502e-09,0
55429,0.9999989,1.0350485e-06,0
55430,1.0,9.3024095e-09,0
55431,1.0,4.7604947e-09,0
55432,1.0,4.8848143e-09,0
55433,1.0,1.1193903e-10,0
55434,1.0,2.5196793e-11,0
55435,0.9999995,4.98043e-07,0
55436,1.0,4.505628e-11,0
55437,1.0,3.3533606e-11,0
55438,1.0,3.8879765e-08,0
55439,1.0,3.7734105e-09,0
55440,0.99999917,8.070375e-07,0
55441,1.0,3.513581e-11,0
55442,1.0,1.5462088e-08,0
55443,1.0,4.0153267e-09,0
55444,0.99999964,3.2409267e-07,0
55445,1.0,1.3117886e-10,0
55446,0.9999907,9.27003e-06,0
55447,0.99999845,1.5789371e-06,0
55448,0.9999969,3.1400598e-06,0
55449,1.0,2.9726048e-09,0
55450,1.0,3.2673344e-09,0
55451,0.9999999,8.958576e-08,0
55452,1.0,1.6123215e-10,0
55453,0.9999999,1.08958254e-07,0
55454,1.0,9.340025e-10,0
55455,1.0,4.385851e-12,0
55456,1.0,5.8167736e-08,0
55457,0.99999905,9.599586e-07,0
55458,1.0,9.205855e-10,0
55459,0.99999964,3.8692463e-07,0
55460,1.0,5.6623892e-09,0
55461,1.0,5.431053e-11,0
55462,1.0,4.678527e-09,0
55463,0.99999976,2.6935038e-07,0
55464,0.9999999,9.4822326e-08,0
55465,1.0,2.7727602e-09,0
55466,1.0,9.597507e-11,0
55467,0.9999982,1.8311796e-06,0
55468,0.9999999,1.5011723e-07,0
55469,0.99999917,7.807566e-07,0
55470,0.9999999,1.03903666e-07,0
55471,1.0,1.2104492e-09,0
55472,0.99999976,2.3648981e-07,0
55473,1.0,2.8445832e-10,0
55474,0.99999976,2.808713e-07,0
55475,0.9999999,1.7433511e-07,0
55476,1.0,1.6087998e-08,0
55477,0.9999999,8.08772e-08,0
55478,0.99999976,2.7147638e-07,0
55479,0.99999976,2.5095324e-07,0
55480,1.0,4.8548634e-11,0
55481,0.99999774,2.281979e-06,0
55482,1.0,1.41027945e-08,0
55483,1.0,5.0677357e-08,0
55484,0.9999999,1.05947734e-07,0
55485,0.99999976,2.5467747e-07,0
55486,1.0,5.5916025e-11,0
55487,0.99999976,1.9958092e-07,0
55488,1.0,3.407552e-11,0
55489,0.99999976,2.376442e-07,0
55490,0.9999999,1.0133986e-07,0
55491,0.999998,1.999186e-06,0
55492,1.0,1.00325415e-10,0
55493,0.9999982,1.8277217e-06,0
55494,0.9999993,6.710457e-07,0
55495,0.9999963,3.7108682e-06,0
55496,0.9999999,1.6289727e-07,0
55497,1.0,1.1027853e-08,0
55498,0.9999758,2.4239742e-05,0
55499,1.0,1.1360199e-08,0
55500,0.99999547,4.5826346e-06,0
55501,1.0,1.2360578e-08,0
55502,0.9999995,4.4168203e-07,0
55503,0.99999976,1.9021455e-07,0
55504,0.999998,2.0293212e-06,0
55505,0.99999976,2.0198803e-07,0
55506,1.0,1.3673375e-09,0
55507,0.9998603,0.00013965178,0
55508,1.0,2.2406162e-08,0
55509,1.0,1.3737788e-09,0
55510,1.0,2.3332598e-09,0
55511,0.9999976,2.4375872e-06,0
55512,1.0,3.4515477e-08,0
55513,1.0,2.293671e-09,0
55514,1.0,4.4524974e-08,0
55515,0.99996936,3.063922e-05,0
55516,1.0,2.521411e-10,0
55517,1.0,4.728156e-08,0
55518,0.99999976,1.8652872e-07,0
55519,1.0,2.826844e-09,0
55520,1.0,1.3024785e-11,0
55521,1.0,7.602193e-11,0
55522,1.0,9.2635184e-11,0
55523,0.99999976,2.0546278e-07,0
55524,0.99999976,2.1886318e-07,0
55525,1.0,1.1218707e-08,0
55526,0.99999917,8.748596e-07,0
55527,0.9999999,1.673601e-07,0
55528,0.99999356,6.4503224e-06,0
55529,1.0,1.2140765e-10,0
55530,0.999982,1.7967868e-05,0
55531,1.0,2.064885e-08,0
55532,0.99999976,2.168849e-07,0
55533,1.0,2.3119164e-09,0
55534,0.9999994,5.4258214e-07,0
55535,1.0,1.1165552e-08,0
55536,0.9999999,6.626436e-08,0
55537,1.0,5.571702e-12,0
55538,0.9999993,7.272429e-07,0
55539,1.0,9.829164e-09,0
55540,1.0,4.2979557e-11,0
55541,1.0,5.7449284e-08,0
55542,1.0,8.469774e-10,0
55543,1.0,1.1685535e-09,0
55544,0.9999993,6.860673e-07,0
55545,1.0,3.5276424e-11,0
55546,1.0,3.2548582e-12,0
55547,0.99999964,3.0806396e-07,0
55548,1.0,5.105867e-11,0
55549,1.0,6.868668e-10,0
55550,0.9999943,5.744693e-06,0
55551,1.0,3.5911079e-09,0
55552,1.0,3.790944e-11,0
55553,1.0,1.1057113e-11,0
55554,1.0,2.7365339e-09,0
55555,1.0,1.6923149e-13,0
55556,1.0,1.0006403e-09,0
55557,1.0,3.1324764e-13,0
55558,1.0,2.4241908e-08,0
55559,1.0,7.254904e-12,0
55560,1.0,7.479702e-09,0
55561,1.0,1.0514097e-13,0
55562,0.9999999,1.03909414e-07,0
55563,1.0,3.577733e-10,0
55564,1.0,4.2095193e-13,0
55565,1.0,2.0447272e-13,0
55566,1.0,3.7050167e-09,0
55567,1.0,1.8450406e-11,0
55568,1.0,2.5538272e-12,0
55569,0.99999976,2.467376e-07,0
55570,1.0,1.4976247e-09,0
55571,1.0,2.8989508e-10,0
55572,1.0,1.7348957e-11,0
55573,1.0,1.0139908e-10,0
55574,0.9999994,5.550425e-07,0
55575,0.9999988,1.1541691e-06,0
55576,0.9999999,8.593781e-08,0
55577,0.99999833,1.7134885e-06,0
55578,0.99999523,4.731846e-06,0
55579,0.9999963,3.6744868e-06,0
55580,0.9999994,6.346829e-07,0
55581,1.0,5.6573075e-08,0
55582,1.0,1.2103045e-08,0
55583,1.0,7.491224e-09,0
55584,0.9999993,6.921554e-07,0
55585,1.0,8.058514e-11,0
55586,0.99999905,9.73811e-07,0
55587,1.0,1.4348289e-08,0
55588,0.9999989,1.0240665e-06,0
55589,1.0,8.541513e-10,0
55590,1.0,5.5043065e-10,0
55591,0.9999994,5.454627e-07,0
55592,1.0,2.7794092e-10,0
55593,0.99999976,2.2728172e-07,0
55594,0.99999964,3.2683243e-07,0
55595,1.0,1.03479785e-08,0
55596,0.9999976,2.4150777e-06,0
55597,0.99999845,1.5828149e-06,0
55598,1.0,2.3916652e-12,0
55599,1.0,2.3661519e-08,0
55600,0.99999845,1.6003794e-06,0
55601,0.9999993,6.636731e-07,0
55602,1.0,2.268451e-08,0
55603,1.0,6.096708e-11,0
55604,1.0,1.533243e-08,0
55605,0.99999964,3.5787266e-07,0
55606,1.0,1.2168764e-11,0
55607,1.0,6.49575e-13,0
55608,1.0,2.4696117e-10,0
55609,1.0,7.412128e-13,0
55610,0.99999964,3.4493894e-07,0
55611,1.0,3.599894e-12,0
55612,1.0,1.0993473e-12,0
55613,1.0,2.7916094e-09,0
55614,1.0,5.239986e-11,0
55615,1.0,1.271868e-14,0
55616,1.0,4.9695547e-12,0
55617,1.0,4.499619e-10,0
55618,1.0,4.5235475e-11,0
55619,1.0,1.3264613e-11,0
55620,1.0,1.0910465e-11,0
55621,1.0,8.021189e-11,0
55622,1.0,6.044038e-11,0
55623,1.0,2.711461e-12,0
55624,1.0,1.299644e-12,0
55625,1.0,1.9896e-10,0
55626,1.0,8.20415e-09,0
55627,1.0,2.538684e-12,0
55628,1.0,7.7068985e-12,0
55629,1.0,4.665808e-10,0
55630,1.0,3.468518e-10,0
55631,1.0,1.2303138e-12,0
55632,1.0,1.3161487e-11,0
55633,1.0,7.719583e-11,0
55634,1.0,2.1999121e-12,0
55635,1.0,1.2254829e-11,0
55636,0.9999999,1.1106975e-07,0
55637,1.0,4.544853e-09,0
55638,1.0,6.1272744e-11,0
55639,1.0,4.571332e-10,0
55640,1.0,4.7955757e-11,0
55641,1.0,4.790916e-10,0
55642,1.0,1.167601e-11,0
55643,1.0,1.6319074e-12,0
55644,1.0,2.2955135e-13,0
55645,1.0,4.2241015e-09,0
55646,1.0,1.2149667e-09,0
55647,1.0,7.1027914e-14,0
55648,1.0,2.0645185e-12,0
55649,1.0,1.6920252e-12,0
55650,1.0,2.8324188e-13,0
55651,1.0,1.6715409e-12,0
55652,1.0,8.242519e-12,0
55653,0.99999964,3.7045106e-07,0
55654,1.0,1.0057756e-10,0
55655,1.0,5.3065993e-11,0
55656,1.0,1.29243135e-11,0
55657,1.0,1.2914814e-09,0
55658,1.0,2.1607369e-10,0
55659,1.0,2.4550493e-09,0
55660,1.0,4.6544749e-10,0
55661,1.0,1.2984028e-08,0
55662,1.0,1.5615885e-11,0
55663,1.0,1.3053716e-10,0
55664,1.0,7.8202505e-12,0
55665,1.0,5.3562255e-10,0
55666,1.0,7.539203e-12,0
55667,1.0,5.030379e-12,0
55668,1.0,6.867197e-11,0
55669,1.0,2.8953037e-10,0
55670,1.0,1.237923e-10,0
55671,1.0,3.3423903e-11,0
55672,1.0,2.6658533e-11,0
55673,1.0,4.227706e-12,0
55674,1.0,1.1714546e-09,0
55675,1.0,2.1770836e-12,0
55676,1.0,1.2141222e-11,0
55677,1.0,1.4010337e-10,0
55678,1.0,3.4706452e-12,0
55679,1.0,1.2092382e-12,0
55680,1.0,1.5957112e-11,0
55681,1.0,1.6815331e-09,0
55682,1.0,1.3810976e-10,0
55683,1.0,8.687179e-11,0
55684,1.0,1.6487647e-12,0
55685,1.0,1.0616549e-09,0
55686,1.0,2.2315585e-11,0
55687,1.0,7.4579617e-13,0
55688,1.0,1.8338267e-12,0
55689,0.9999995,4.191911e-07,0
55690,1.0,5.5483587e-09,0
55691,1.0,6.089996e-09,0
55692,1.0,3.0059197e-12,0
55693,1.0,1.6343084e-09,0
55694,1.0,2.9108314e-09,0
55695,1.0,1.7294914e-10,0
55696,1.0,1.4618312e-08,0
55697,1.0,9.041678e-12,0
55698,1.0,5.8704e-14,0
55699,1.0,1.4259155e-12,0
55700,1.0,8.270349e-11,0
55701,1.0,3.9577636e-11,0
55702,1.0,1.5441089e-10,0
55703,1.0,1.4602671e-09,0
55704,1.0,1.0670783e-11,0
55705,1.0,6.53174e-10,0
55706,1.0,3.0793152e-13,0
55707,1.0,4.1533e-10,0
55708,1.0,5.5500543e-12,0
55709,1.0,6.8591955e-12,0
55710,1.0,1.2969059e-11,0
55711,1.0,5.5393573e-10,0
55712,1.0,1.547529e-10,0
55713,1.0,1.2706994e-10,0
55714,1.0,2.49988e-11,0
55715,1.0,1.4445819e-09,0
55716,1.0,3.6062429e-09,0
55717,1.0,8.1811763e-10,0
55718,1.0,2.1463615e-09,0
55719,1.0,4.6620294e-09,0
55720,1.0,2.1221669e-11,0
55721,1.0,1.3508438e-08,0
55722,0.9999989,1.0387131e-06,0
55723,1.0,1.8562258e-08,0
55724,1.0,2.1310398e-13,0
55725,1.0,4.787141e-11,0
55726,0.99999976,2.1093942e-07,0
55727,1.0,4.5737867e-12,0
55728,1.0,6.9772794e-12,0
55729,1.0,1.0819909e-10,0
55730,1.0,3.5508274e-09,0
55731,1.0,1.9104279e-08,0
55732,1.0,4.931394e-10,0
55733,1.0,3.288791e-10,0
55734,1.0,9.893562e-10,0
55735,1.0,7.4568886e-11,0
55736,1.0,1.3458871e-13,0
55737,1.0,1.9557462e-09,0
55738,1.0,1.5727208e-10,0
55739,1.0,2.6540958e-09,0
55740,1.0,6.050639e-10,0
55741,1.0,5.0839755e-10,0
55742,1.0,1.0745547e-09,0
55743,1.0,4.5950722e-11,0
55744,0.99999964,3.652758e-07,0
55745,0.9999994,5.590768e-07,0
55746,0.9999999,8.788805e-08,0
55747,0.9999994,6.025274e-07,0
55748,0.9999993,7.2314793e-07,0
55749,0.99999857,1.410443e-06,0
55750,0.99999845,1.6060013e-06,0
55751,0.99999845,1.5014602e-06,0
55752,1.0,5.5903713e-09,0
55753,0.99999905,9.836732e-07,0
55754,0.9999995,4.7828865e-07,0
55755,0.99999917,8.643431e-07,0
55756,0.9999999,8.8474366e-08,0
55757,1.0,3.7056844e-11,0
55758,0.99999976,2.497287e-07,0
55759,1.0,1.8936452e-12,0
55760,0.9999981,1.9233726e-06,0
55761,0.99999976,1.9863833e-07,0
55762,1.0,3.6231285e-12,0
55763,1.0,1.8338567e-10,0
55764,1.0,1.5285192e-11,0
55765,0.99999833,1.6816788e-06,0
55766,1.0,2.7247788e-09,0
55767,1.0,9.390383e-13,0
55768,0.9999988,1.2313749e-06,0
55769,1.0,1.14934624e-10,0
55770,1.0,6.0521854e-10,0
55771,1.0,8.6861557e-10,0
55772,1.0,2.6984124e-09,0
55773,1.0,2.3812666e-10,0
55774,0.9999993,6.736554e-07,0
55775,1.0,7.530217e-09,0
55776,1.0,8.363238e-12,0
55777,1.0,7.231901e-12,0
55778,1.0,1.900369e-11,0
55779,1.0,1.0209786e-11,0
55780,1.0,2.1106825e-11,0
55781,1.0,3.6044678e-13,0
55782,1.0,1.136677e-11,0
55783,1.0,4.457402e-11,0
55784,1.0,6.2842247e-09,0
55785,1.0,1.3930889e-12,0
55786,1.0,1.6447868e-10,0
55787,1.0,1.000822e-12,0
55788,1.0,3.0318588e-09,0
55789,1.0,6.001824e-10,0
55790,1.0,8.9965124e-14,0
55791,1.0,1.460974e-10,0
55792,1.0,9.2233915e-11,0
55793,1.0,5.218733e-10,0
55794,1.0,2.6997983e-12,0
55795,1.0,1.0038958e-13,0
55796,1.0,1.2750719e-10,0
55797,1.0,9.653077e-15,0
55798,1.0,1.3326275e-09,0
55799,1.0,5.799574e-10,0
55800,1.0,4.201832e-14,0
55801,1.0,4.127775e-10,0
55802,1.0,1.3285622e-12,0
55803,1.0,1.154446e-13,0
55804,1.0,3.6133257e-10,0
55805,1.0,4.879632e-11,0
55806,1.0,7.077979e-13,0
55807,0.9999999,8.1593825e-08,0
55808,1.0,5.061832e-12,0
55809,1.0,2.448125e-12,0
55810,1.0,9.158978e-12,0
55811,1.0,1.0554308e-12,0
55812,1.0,2.6147012e-10,0
55813,1.0,2.1414525e-11,0
55814,1.0,4.9787624e-10,0
55815,1.0,3.652609e-13,0
55816,1.0,1.1443096e-12,0
55817,1.0,9.713678e-11,0
55818,1.0,2.0090122e-08,0
55819,1.0,4.0016887e-12,0
55820,1.0,2.0629832e-12,0
55821,1.0,7.577084e-13,0
55822,1.0,1.0999298e-13,0
55823,1.0,4.7237134e-11,0
55824,1.0,4.0463817e-08,0
55825,1.0,1.9143695e-13,0
55826,1.0,9.623673e-13,0
55827,1.0,8.80272e-14,0
55828,1.0,6.39719e-13,0
55829,1.0,9.646682e-13,0
55830,1.0,1.3093938e-10,0
55831,1.0,4.919571e-12,0
55832,1.0,3.364057e-12,0
55833,1.0,1.1798678e-13,0
55834,1.0,5.113225e-11,0
55835,1.0,2.802702e-12,0
55836,1.0,3.4814623e-10,0
55837,1.0,5.2743037e-13,0
55838,1.0,4.795098e-12,0
55839,1.0,1.1287492e-09,0
55840,1.0,9.0619076e-13,0
55841,1.0,7.51628e-14,0
55842,1.0,1.0226557e-09,0
55843,1.0,2.67124e-10,0
55844,1.0,1.1115135e-11,0
55845,1.0,4.895242e-09,0
55846,1.0,2.970574e-10,0
55847,1.0,1.5802153e-12,0
55848,1.0,5.516643e-11,0
55849,1.0,8.0951093e-13,0
55850,0.99999976,2.3300552e-07,0
55851,1.0,3.6898612e-13,0
55852,1.0,5.8277616e-10,0
55853,1.0,7.925166e-12,0
55854,1.0,6.3899255e-12,0
55855,1.0,2.8359017e-12,0
55856,1.0,2.8282703e-11,0
55857,0.99999964,3.3938397e-07,0
55858,1.0,5.295313e-12,0
55859,1.0,1.8573891e-10,0
55860,1.0,2.7816807e-09,0
55861,1.0,3.1683146e-12,0
55862,1.0,6.090275e-09,0
55863,0.9999994,6.398182e-07,0
55864,1.0,1.3601973e-09,0
55865,1.0,2.3192899e-11,0
55866,1.0,1.3162032e-12,0
55867,1.0,1.1261273e-10,0
55868,1.0,1.1933542e-10,0
55869,1.0,1.3120063e-10,0
55870,1.0,1.3178669e-11,0
55871,1.0,1.666067e-11,0
55872,1.0,1.6424284e-11,0
55873,1.0,1.4376181e-11,0
55874,1.0,3.9041336e-11,0
55875,1.0,4.7256756e-12,0
55876,1.0,1.0592596e-10,0
55877,1.0,8.4940455e-09,0
55878,1.0,7.659612e-11,0
55879,1.0,6.897573e-11,0
55880,1.0,3.7310176e-11,0
55881,1.0,3.8335332e-10,0
55882,1.0,2.0193905e-10,0
55883,0.9999999,1.483785e-07,0
55884,1.0,7.419813e-12,0
55885,1.0,1.1951846e-08,0
55886,1.0,4.3556977e-12,0
55887,1.0,3.789292e-09,0
55888,1.0,5.2457734e-12,0
55889,1.0,7.9452955e-12,0
55890,0.9999993,6.9179185e-07,0
55891,1.0,2.982044e-12,0
55892,1.0,3.767693e-13,0
55893,0.99999905,1.0009157e-06,0
55894,1.0,1.2661922e-10,0
55895,1.0,2.876222e-13,0
55896,1.0,1.3219169e-12,0
55897,1.0,4.357403e-11,0
55898,1.0,3.376221e-11,0
55899,1.0,3.1567723e-10,0
55900,1.0,2.8959901e-09,0
55901,0.9999999,1.2983934e-07,0
55902,0.9999999,7.3940164e-08,0
55903,0.99999917,8.652083e-07,0
55904,0.99999976,2.6968453e-07,0
55905,1.0,1.3372116e-11,0
55906,0.99999964,3.6710716e-07,0
55907,1.0,1.7602689e-10,0
55908,1.0,1.7599062e-10,0
55909,1.0,1.0520382e-12,0
55910,0.9999999,6.023045e-08,0
55911,0.9999999,8.9204676e-08,0
55912,1.0,2.9134112e-11,0
55913,1.0,8.1461286e-13,0
55914,1.0,1.8100602e-09,0
55915,0.99999964,3.2458883e-07,0
55916,1.0,8.5064963e-13,0
55917,1.0,1.4587228e-12,0
55918,1.0,3.1042326e-08,0
55919,1.0,1.3005621e-11,0
55920,1.0,1.6873127e-13,0
55921,1.0,3.2875848e-11,0
55922,0.9999994,5.835431e-07,0
55923,1.0,4.4459095e-13,0
55924,1.0,4.6677523e-12,0
55925,0.99999976,2.1420445e-07,0
55926,0.9999999,1.3734787e-07,0
55927,1.0,2.2042772e-11,0
55928,1.0,4.3180837e-09,0
55929,1.0,2.997891e-13,0
55930,1.0,5.574604e-12,0
55931,1.0,9.178623e-11,0
55932,1.0,4.448539e-13,0
55933,1.0,2.7427756e-11,0
55934,1.0,1.1465571e-13,0
55935,1.0,3.0421204e-11,0
55936,1.0,1.3295776e-10,0
55937,1.0,5.1925755e-12,0
55938,1.0,2.3146571e-12,0
55939,1.0,6.737534e-11,0
55940,1.0,1.5350219e-12,0
55941,1.0,2.0200827e-11,0
55942,1.0,1.0863661e-11,0
55943,1.0,6.522179e-10,0
55944,1.0,1.0552255e-12,0
55945,1.0,1.4730491e-12,0
55946,1.0,7.093088e-13,0
55947,1.0,2.1112328e-12,0
55948,1.0,7.102752e-10,0
55949,1.0,4.8323956e-11,0
55950,1.0,9.100156e-12,0
55951,0.9999889,1.1061823e-05,0
55952,1.0,2.775595e-10,0
55953,0.9999993,7.605945e-07,0
55954,1.0,1.6351446e-12,0
55955,1.0,3.4566086e-11,0
55956,1.0,4.0984266e-10,0
55957,1.0,7.864781e-12,0
55958,1.0,1.6160986e-11,0
55959,1.0,2.650328e-12,0
55960,1.0,1.2857355e-12,0
55961,1.0,2.3773275e-10,0
55962,1.0,3.5562422e-13,0
55963,1.0,1.3212201e-10,0
55964,1.0,2.1050197e-13,0
55965,1.0,4.167494e-11,0
55966,1.0,7.3416506e-13,0
55967,1.0,1.9509964e-12,0
55968,1.0,2.117908e-12,0
55969,1.0,1.3023947e-10,0
55970,1.0,8.9162205e-11,0
55971,1.0,1.9033635e-09,0
55972,0.9999999,7.1307475e-08,0
55973,1.0,3.0139097e-13,0
55974,1.0,3.8765748e-11,0
55975,1.0,3.9185713e-10,0
55976,1.0,4.741245e-10,0
55977,1.0,2.2692753e-10,0
55978,1.0,2.605219e-13,0
55979,1.0,2.7058636e-10,0
55980,1.0,4.280663e-10,0
55981,1.0,2.1358952e-12,0
55982,1.0,8.060965e-13,0
55983,1.0,1.0016676e-09,0
55984,1.0,3.6942698e-09,0
55985,1.0,4.8753688e-12,0
55986,1.0,2.427529e-10,0
55987,1.0,6.7229993e-12,0
55988,1.0,3.2835054e-11,0
55989,0.99999976,2.944115e-07,0
55990,1.0,1.456316e-11,0
55991,1.0,1.496972e-11,0
55992,1.0,5.047123e-11,0
55993,1.0,7.708699e-10,0
55994,1.0,1.1003542e-12,0
55995,1.0,4.052539e-11,0
55996,1.0,2.8380214e-13,0
55997,1.0,1.7090366e-09,0
55998,1.0,3.867963e-11,0
55999,1.0,7.730877e-13,0
56000,1.0,4.7262187e-11,0
56001,1.0,6.5510475e-12,0
56002,1.0,7.846681e-12,0
56003,1.0,1.85422e-11,0
56004,1.0,5.026679e-11,0
56005,1.0,1.0767391e-10,0
56006,1.0,2.6155066e-12,0
56007,1.0,1.2152389e-11,0
56008,1.0,1.731022e-11,0
56009,1.0,1.6686598e-10,0
56010,1.0,2.897567e-11,0
56011,1.0,1.5563144e-10,0
56012,1.0,3.2945903e-11,0
56013,1.0,1.089823e-12,0
56014,0.9999999,9.0052076e-08,0
56015,1.0,4.2179684e-12,0
56016,1.0,1.527966e-10,0
56017,1.0,3.504385e-11,0
56018,1.0,7.2247312e-12,0
56019,1.0,5.1897237e-12,0
56020,1.0,2.5794904e-11,0
56021,1.0,2.1895558e-12,0
56022,1.0,1.1113215e-13,0
56023,1.0,8.276783e-12,0
56024,1.0,2.1137874e-12,0
56025,1.0,1.6140684e-11,0
56026,1.0,1.3117172e-12,0
56027,1.0,1.3415898e-12,0
56028,1.0,5.1335656e-13,0
56029,1.0,5.0445702e-12,0
56030,1.0,1.5274242e-10,0
56031,1.0,1.1145785e-12,0
56032,1.0,6.535344e-13,0
56033,1.0,3.9467184e-12,0
56034,1.0,1.6209413e-12,0
56035,1.0,2.4417595e-12,0
56036,1.0,3.5107715e-09,0
56037,1.0,2.2788263e-10,0
56038,1.0,1.4380397e-12,0
56039,0.99999976,2.794448e-07,0
56040,1.0,6.3800367e-12,0
56041,1.0,4.4710707e-10,0
56042,1.0,3.0343783e-11,0
56043,1.0,2.5300524e-11,0
56044,1.0,2.0161565e-11,0
56045,1.0,2.067848e-09,0
56046,1.0,6.6059298e-12,0
56047,1.0,2.7029774e-12,0
56048,1.0,6.178433e-10,0
56049,1.0,3.5764876e-12,0
56050,1.0,3.2402028e-12,0
56051,1.0,6.9964156e-12,0
56052,1.0,1.0678713e-13,0
56053,1.0,7.4096235e-10,0
56054,1.0,2.4659722e-11,0
56055,1.0,4.3129014e-11,0
56056,1.0,4.565664e-12,0
56057,1.0,6.174115e-12,0
56058,1.0,3.6655062e-13,0
56059,1.0,1.026486e-09,0
56060,1.0,1.959351e-11,0
56061,1.0,3.6649926e-11,0
56062,1.0,2.0573612e-11,0
56063,1.0,8.40512e-12,0
56064,1.0,8.6825447e-10,0
56065,1.0,9.1645753e-11,0
56066,1.0,5.1826266e-10,0
56067,1.0,1.324154e-10,0
56068,1.0,1.8314517e-10,0
56069,1.0,2.62044e-12,0
56070,1.0,5.392693e-12,0
56071,1.0,1.776119e-11,0
56072,1.0,1.1276071e-12,0
56073,1.0,1.828729e-10,0
56074,1.0,3.2054768e-13,0
56075,1.0,7.9420116e-11,0
56076,1.0,2.557949e-10,0
56077,1.0,5.6416958e-11,0
56078,1.0,3.8041228e-13,0
56079,1.0,7.0427705e-11,0
56080,1.0,2.55857e-09,0
56081,1.0,1.01069795e-11,0
56082,1.0,4.347261e-10,0
56083,1.0,2.2546423e-09,0
56084,1.0,1.3057228e-10,0
56085,1.0,8.902213e-12,0
56086,1.0,2.625726e-10,0
56087,1.0,2.0414113e-09,0
56088,1.0,1.0616336e-11,0
56089,1.0,2.595513e-09,0
56090,1.0,7.0950374e-09,0
56091,1.0,1.5143652e-09,0
56092,1.0,5.221028e-12,0
56093,1.0,1.1445721e-11,0
56094,1.0,6.1680445e-11,0
56095,1.0,8.3159277e-13,0
56096,1.0,2.4464855e-09,0
56097,1.0,7.7897654e-11,0
56098,1.0,4.4891117e-09,0
56099,0.9999999,1.3310155e-07,0
56100,1.0,3.7747458e-11,0
56101,1.0,7.584379e-11,0
56102,1.0,1.3367127e-10,0
56103,1.0,1.8267757e-11,0
56104,1.0,5.005416e-09,0
56105,1.0,9.650735e-12,0
56106,1.0,3.8768815e-13,0
56107,1.0,3.7076324e-09,0
56108,1.0,7.8150536e-10,0
56109,1.0,1.3800219e-12,0
56110,1.0,1.4227684e-14,0
56111,1.0,3.2388775e-10,0
56112,1.0,1.426717e-10,0
56113,1.0,1.0317809e-11,0
56114,1.0,1.9340507e-11,0
56115,1.0,5.6175546e-12,0
56116,1.0,4.3387762e-11,0
56117,1.0,2.614125e-12,0
56118,1.0,3.616732e-10,0
56119,1.0,1.386989e-11,0
56120,1.0,3.1080682e-10,0
56121,0.9999975,2.5561533e-06,0
56122,1.0,3.2103592e-13,0
56123,1.0,4.279147e-09,0
56124,1.0,3.799348e-11,0
56125,1.0,2.8034158e-10,0
56126,1.0,1.1070703e-11,0
56127,1.0,1.9692907e-11,0
56128,1.0,5.6698944e-11,0
56129,1.0,8.012932e-11,0
56130,1.0,6.398508e-13,0
56131,1.0,2.346505e-10,0
56132,1.0,6.2526595e-13,0
56133,1.0,2.898305e-13,0
56134,1.0,5.730774e-13,0
56135,0.99999905,1.0093415e-06,0
56136,1.0,5.981864e-12,0
56137,1.0,6.016827e-14,0
56138,1.0,2.3201736e-12,0
56139,1.0,1.03098906e-13,0
56140,1.0,2.3638635e-09,0
56141,1.0,3.2946485e-14,0
56142,1.0,3.6946498e-13,0
56143,0.9999988,1.1597808e-06,0
56144,0.99999917,8.338548e-07,0
56145,1.0,1.1543867e-09,0
56146,1.0,1.1902427e-13,0
56147,1.0,4.4889998e-13,0
56148,1.0,1.9909332e-13,0
56149,1.0,4.4901173e-11,0
56150,1.0,5.059687e-13,0
56151,1.0,4.7518193e-14,0
56152,0.99999976,2.9302356e-07,0
56153,1.0,2.489983e-10,0
56154,0.99999964,3.3679743e-07,0
56155,1.0,6.6486547e-12,0
56156,1.0,1.8755208e-09,0
56157,1.0,1.2660334e-09,0
56158,1.0,5.5976975e-14,0
56159,1.0,2.2195085e-10,0
56160,1.0,6.5176606e-15,0
56161,1.0,7.631703e-14,0
56162,1.0,5.3632765e-11,0
56163,1.0,4.7957155e-10,0
56164,1.0,7.149995e-11,0
56165,1.0,6.055268e-14,0
56166,1.0,2.1139014e-11,0
56167,1.0,2.037095e-08,0
56168,1.0,9.451374e-12,0
56169,1.0,3.8499227e-15,0
56170,1.0,1.315954e-13,0
56171,1.0,2.6794158e-09,0
56172,1.0,2.8709553e-09,0
56173,1.0,9.643192e-12,0
56174,1.0,5.2763967e-13,0
56175,1.0,5.862249e-12,0
56176,1.0,1.0914414e-12,0
56177,1.0,3.1089915e-11,0
56178,1.0,3.5598836e-11,0
56179,1.0,3.2119885e-13,0
56180,1.0,3.5678603e-13,0
56181,1.0,5.496241e-13,0
56182,0.9999999,1.3919714e-07,0
56183,1.0,5.0364243e-13,0
56184,1.0,2.3923826e-11,0
56185,1.0,4.1327383e-10,0
56186,1.0,1.9033916e-10,0
56187,1.0,1.9009896e-14,0
56188,1.0,1.2551917e-13,0
56189,1.0,8.904891e-13,0
56190,1.0,1.5480175e-12,0
56191,1.0,7.466833e-12,0
56192,1.0,1.084192e-12,0
56193,1.0,1.9179157e-12,0
56194,1.0,4.747695e-11,0
56195,1.0,1.0592192e-10,0
56196,1.0,3.1835131e-12,0
56197,1.0,1.3024878e-12,0
56198,1.0,1.1066665e-12,0
56199,1.0,1.1979134e-13,0
56200,1.0,1.5640716e-11,0
56201,1.0,2.0632884e-10,0
56202,1.0,1.2765842e-12,0
56203,1.0,1.6489133e-11,0
56204,1.0,5.927916e-11,0
56205,1.0,1.680903e-11,0
56206,1.0,2.0415376e-11,0
56207,1.0,2.8166261e-11,0
56208,1.0,3.3902627e-11,0
56209,1.0,1.9762869e-10,0
56210,1.0,6.088852e-11,0
56211,1.0,5.836051e-13,0
56212,1.0,9.1009205e-12,0
56213,1.0,2.5955807e-10,0
56214,1.0,5.545454e-11,0
56215,1.0,1.9122267e-14,0
56216,1.0,3.8113404e-10,0
56217,1.0,2.5999897e-11,0
56218,1.0,1.4875723e-09,0
56219,1.0,8.383808e-12,0
56220,1.0,5.2839753e-11,0
56221,1.0,2.2248159e-09,0
56222,1.0,2.5896147e-12,0
56223,1.0,1.0139666e-08,0
56224,1.0,3.817073e-10,0
56225,1.0,1.9193887e-10,0
56226,1.0,2.6933677e-13,0
56227,1.0,1.7510173e-13,0
56228,1.0,1.2686917e-10,0
56229,1.0,1.6487048e-12,0
56230,1.0,1.616669e-11,0
56231,1.0,3.1261868e-12,0
56232,1.0,5.915537e-11,0
56233,1.0,1.3777015e-13,0
56234,1.0,3.3922528e-12,0
56235,1.0,2.3518421e-13,0
56236,1.0,5.969782e-12,0
56237,1.0,4.669611e-13,0
56238,1.0,2.4521687e-11,0
56239,1.0,1.713912e-11,0
56240,0.9999999,9.22636e-08,0
56241,1.0,1.8625722e-10,0
56242,1.0,7.582727e-12,0
56243,1.0,9.976131e-12,0
56244,1.0,4.9755556e-13,0
56245,1.0,1.5813174e-10,0
56246,1.0,1.6628724e-12,0
56247,1.0,2.1995523e-11,0
56248,1.0,2.0771403e-10,0
56249,1.0,1.3559381e-10,0
56250,1.0,1.1637201e-13,0
56251,0.99999964,3.9225614e-07,0
56252,1.0,8.961643e-14,0
56253,1.0,1.3236415e-10,0
56254,1.0,4.8568084e-11,0
56255,0.99999905,9.1222245e-07,0
56256,1.0,3.6777654e-11,0
56257,0.9999943,5.773737e-06,0
56258,1.0,3.2389067e-11,0
56259,1.0,1.848667e-13,0
56260,1.0,1.6042784e-10,0
56261,1.0,1.2041511e-13,0
56262,1.0,6.676179e-12,0
56263,1.0,5.539611e-10,0
56264,1.0,9.0716365e-11,0
56265,1.0,3.9959935e-11,0
56266,1.0,7.44935e-12,0
56267,0.99999845,1.5946024e-06,0
56268,1.0,2.6187803e-09,0
56269,0.99999976,2.6546596e-07,0
56270,1.0,1.827153e-10,0
56271,1.0,4.452166e-12,0
56272,1.0,1.5054007e-12,0
56273,1.0,8.262754e-10,0
56274,1.0,1.3158871e-12,0
56275,1.0,1.3391866e-12,0
56276,1.0,1.4403882e-10,0
56277,1.0,6.3673115e-11,0
56278,1.0,2.018162e-10,0
56279,1.0,1.03555e-12,0
56280,1.0,1.345868e-11,0
56281,1.0,4.9995963e-09,0
56282,1.0,1.2651955e-13,0
56283,1.0,2.376382e-12,0
56284,1.0,2.2943689e-11,0
56285,1.0,1.1312085e-09,0
56286,1.0,4.6838588e-12,0
56287,1.0,3.2940813e-11,0
56288,1.0,8.449134e-11,0
56289,1.0,7.995981e-12,0
56290,1.0,3.4871878e-08,0
56291,0.9999906,9.444862e-06,0
56292,0.99999917,8.0941e-07,0
56293,1.0,3.863994e-12,0
56294,0.99999964,3.7782385e-07,0
56295,0.99999976,2.7773092e-07,0
56296,1.0,5.0923387e-11,0
56297,1.0,4.382209e-14,0
56298,1.0,9.5644985e-12,0
56299,1.0,3.8487408e-11,0
56300,1.0,4.5975204e-10,0
56301,1.0,3.3510524e-11,0
56302,0.99999464,5.3176277e-06,0
56303,1.0,3.99984e-13,0
56304,1.0,2.0187222e-12,0
56305,1.0,4.4394948e-13,0
56306,1.0,9.325983e-13,0
56307,1.0,9.17814e-13,0
56308,0.9999999,6.0136095e-08,0
56309,1.0,9.305208e-10,0
56310,1.0,8.5593094e-13,0
56311,1.0,1.533669e-13,0
56312,1.0,3.930123e-09,0
56313,1.0,1.5217383e-11,0
56314,1.0,7.945212e-10,0
56315,1.0,1.17133e-12,0
56316,1.0,1.4951302e-09,0
56317,1.0,1.4392684e-13,0
56318,0.9999819,1.8143292e-05,0
56319,1.0,2.1325574e-12,0
56320,1.0,3.95947e-11,0
56321,1.0,1.1042023e-11,0
56322,0.99999905,9.819664e-07,0
56323,1.0,1.7542364e-13,0
56324,1.0,1.8047608e-10,0
56325,1.0,7.7974134e-13,0
56326,1.0,4.50568e-11,0
56327,1.0,4.6877736e-12,0
56328,1.0,5.647531e-11,0
56329,1.0,1.505184e-10,0
56330,1.0,2.319875e-10,0
56331,1.0,2.8829492e-10,0
56332,1.0,3.1881935e-11,0
56333,1.0,2.1904487e-09,0
56334,1.0,4.991096e-13,0
56335,1.0,1.7865233e-10,0
56336,1.0,1.8146709e-10,0
56337,0.9999987,1.2782676e-06,0
56338,1.0,2.779828e-10,0
56339,1.0,1.0330662e-12,0
56340,1.0,5.8780707e-08,0
56341,1.0,9.60966e-13,0
56342,1.0,3.0720515e-10,0
56343,1.0,2.4337574e-12,0
56344,1.0,4.3028894e-13,0
56345,1.0,2.5433661e-12,0
56346,1.0,1.1076152e-11,0
56347,1.0,3.6389832e-11,0
56348,1.0,1.2604512e-12,0
56349,1.0,2.666035e-12,0
56350,1.0,3.3291019e-13,0
56351,1.0,6.5409933e-13,0
56352,1.0,1.2030246e-12,0
56353,1.0,9.493512e-11,0
56354,1.0,4.6867185e-12,0
56355,1.0,5.2650996e-12,0
56356,1.0,4.9471104e-13,0
56357,1.0,2.568481e-13,0
56358,1.0,4.0275822e-10,0
56359,1.0,2.5796568e-08,0
56360,1.0,7.131482e-12,0
56361,1.0,3.8929853e-12,0
56362,1.0,4.82155e-11,0
56363,1.0,1.6852734e-13,0
56364,1.0,4.9081314e-14,0
56365,1.0,5.441235e-11,0
56366,1.0,1.1061678e-13,0
56367,1.0,1.4008105e-12,0
56368,1.0,5.5975116e-12,0
56369,1.0,1.9147977e-12,0
56370,1.0,3.701169e-12,0
56371,1.0,2.3817798e-10,0
56372,1.0,3.0728192e-10,0
56373,1.0,1.0145299e-11,0
56374,1.0,1.0392513e-10,0
56375,1.0,8.8806366e-13,0
56376,1.0,1.2035457e-08,0
56377,1.0,2.4417807e-10,0
56378,1.0,2.9539038e-12,0
56379,1.0,3.1962242e-11,0
56380,1.0,1.4640334e-11,0
56381,1.0,1.4674888e-11,0
56382,1.0,8.6676396e-13,0
56383,1.0,5.2048513e-12,0
56384,1.0,2.0372616e-12,0
56385,1.0,6.0206905e-12,0
56386,1.0,2.729896e-10,0
56387,1.0,7.420266e-12,0
56388,1.0,5.588103e-12,0
56389,1.0,2.7082874e-12,0
56390,1.0,7.685085e-12,0
56391,1.0,3.0274293e-11,0
56392,1.0,2.8670013e-11,0
56393,1.0,1.7735655e-12,0
56394,1.0,2.8754915e-10,0
56395,1.0,2.3724411e-09,0
56396,1.0,3.5058176e-10,0
56397,0.9999999,1.166408e-07,0
56398,1.0,4.096006e-13,0
56399,1.0,2.226184e-08,0
56400,1.0,2.6315334e-09,0
56401,1.0,4.324036e-12,0
56402,0.9999993,6.691554e-07,0
56403,1.0,5.4225396e-13,0
56404,1.0,6.627258e-12,0
56405,1.0,1.37688e-08,0
56406,1.0,4.2090136e-09,0
56407,1.0,2.145189e-11,0
56408,1.0,9.658917e-11,0
56409,1.0,3.0333439e-10,0
56410,1.0,2.1694236e-08,0
56411,1.0,5.446124e-08,0
56412,1.0,1.8904873e-12,0
56413,1.0,1.3538513e-12,0
56414,1.0,2.5404585e-11,0
56415,0.9999999,8.935351e-08,0
56416,1.0,5.747679e-12,0
56417,1.0,1.9940894e-11,0
56418,1.0,4.289451e-13,0
56419,1.0,2.659273e-10,0
56420,1.0,2.321556e-11,0
56421,1.0,2.175225e-11,0
56422,1.0,1.5618702e-09,0
56423,1.0,6.730149e-11,0
56424,1.0,1.5395843e-12,0
56425,1.0,7.43328e-13,0
56426,1.0,4.9667333e-11,0
56427,1.0,1.413271e-12,0
56428,1.0,3.0407585e-10,0
56429,1.0,2.5384544e-10,0
56430,1.0,2.8889884e-13,0
56431,1.0,4.2359757e-10,0
56432,1.0,6.486462e-10,0
56433,1.0,4.3771575e-13,0
56434,1.0,1.503834e-08,0
56435,1.0,9.542081e-13,0
56436,1.0,1.2891726e-13,0
56437,1.0,1.699441e-09,0
56438,1.0,4.4904476e-09,0
56439,0.9999999,6.336318e-08,0
56440,1.0,1.1096536e-11,0
56441,1.0,5.258679e-11,0
56442,1.0,7.743473e-11,0
56443,1.0,3.457378e-12,0
56444,1.0,3.1330532e-11,0
56445,1.0,8.5439204e-11,0
56446,1.0,1.781951e-12,0
56447,1.0,1.3760242e-08,0
56448,1.0,1.2827803e-10,0
56449,1.0,9.036618e-10,0
56450,1.0,2.3933548e-11,0
56451,1.0,2.522042e-13,0
56452,1.0,7.908619e-11,0
56453,1.0,2.3990347e-12,0
56454,1.0,2.4922542e-10,0
56455,1.0,1.1087804e-10,0
56456,0.99999964,3.5145055e-07,0
56457,1.0,2.5439437e-08,0
56458,1.0,9.1619407e-10,0
56459,1.0,2.9451092e-13,0
56460,1.0,1.4888275e-12,0
56461,1.0,9.2747225e-12,0
56462,1.0,1.8754172e-09,0
56463,1.0,5.4257493e-12,0
56464,1.0,2.1018195e-08,0
56465,1.0,1.5957204e-11,0
56466,1.0,3.7565312e-11,0
56467,1.0,5.474571e-10,0
56468,1.0,2.0985456e-09,0
56469,1.0,4.979707e-12,0
56470,1.0,9.0841376e-11,0
56471,1.0,3.5144494e-09,0
56472,1.0,3.7709445e-12,0
56473,1.0,2.1264752e-10,0
56474,1.0,5.263039e-09,0
56475,1.0,1.3202758e-13,0
56476,1.0,9.449769e-12,0
56477,1.0,1.437971e-12,0
56478,1.0,1.9822213e-10,0
56479,1.0,2.0228002e-08,0
56480,1.0,3.4390582e-10,0
56481,1.0,6.589175e-10,0
56482,1.0,1.0019107e-12,0
56483,1.0,2.472218e-10,0
56484,1.0,5.447198e-10,0
56485,1.0,8.165785e-11,0
56486,1.0,2.0615879e-11,0
56487,1.0,2.0449878e-10,0
56488,1.0,4.1596937e-08,0
56489,1.0,4.9835674e-11,0
56490,1.0,3.526443e-12,0
56491,1.0,1.2923518e-12,0
56492,0.9999995,4.6168932e-07,0
56493,1.0,1.6393371e-10,0
56494,1.0,6.523669e-11,0
56495,1.0,3.129798e-11,0
56496,1.0,1.3897284e-09,0
56497,0.99999964,3.4196654e-07,0
56498,1.0,4.9913947e-08,0
56499,1.0,1.5307416e-12,0
56500,1.0,3.7485345e-12,0
56501,1.0,8.053312e-13,0
56502,0.99999976,1.9147913e-07,0
56503,1.0,1.1144946e-10,0
56504,1.0,2.6966014e-09,0
56505,1.0,2.1043473e-11,0
56506,0.9999999,6.9559526e-08,0
56507,1.0,1.4284193e-13,0
56508,1.0,6.513076e-11,0
56509,1.0,8.8014535e-12,0
56510,0.9999999,9.931704e-08,0
56511,0.99999917,8.41935e-07,0
56512,1.0,2.4891423e-14,0
56513,1.0,5.082821e-14,0
56514,0.9999999,6.671813e-08,0
56515,0.9999999,6.951628e-08,0
56516,0.99999964,4.1018882e-07,0
56517,1.0,2.476142e-12,0
56518,1.0,8.820894e-09,0
56519,1.0,1.9216077e-11,0
56520,1.0,1.5426517e-10,0
56521,1.0,2.7596725e-11,0
56522,1.0,2.796905e-14,0
56523,1.0,8.789509e-12,0
56524,1.0,3.8152203e-12,0
56525,1.0,1.0861961e-11,0
56526,1.0,7.7003074e-14,0
56527,0.9999995,4.753905e-07,0
56528,1.0,1.3057556e-13,0
56529,1.0,1.5061022e-11,0
56530,1.0,1.0903813e-10,0
56531,1.0,9.804887e-11,0
56532,1.0,8.164886e-10,0
56533,1.0,2.5920597e-09,0
56534,1.0,1.84883e-12,0
56535,1.0,1.1665275e-12,0
56536,0.99999917,8.416299e-07,0
56537,1.0,6.0997405e-12,0
56538,1.0,3.673985e-08,0
56539,1.0,2.5877604e-14,0
56540,0.99999964,3.446897e-07,0
56541,0.99999857,1.4004148e-06,0
56542,1.0,4.415649e-12,0
56543,1.0,6.8767686e-10,0
56544,1.0,3.5395078e-13,0
56545,1.0,3.1453945e-14,0
56546,1.0,8.382191e-09,0
56547,1.0,2.958075e-09,0
56548,0.99999917,8.398596e-07,0
56549,0.9999999,6.895242e-08,0
56550,0.99994326,5.675649e-05,0
56551,1.0,4.2870096e-11,0
56552,1.0,2.1489585e-13,0
56553,1.0,8.375203e-10,0
56554,1.0,1.3057819e-11,0
56555,1.0,8.472662e-11,0
56556,1.0,1.6377736e-11,0
56557,1.0,1.6060203e-10,0
56558,1.0,4.0222697e-10,0
56559,1.0,5.4711572e-14,0
56560,1.0,3.1490462e-13,0
56561,1.0,2.9988795e-10,0
56562,1.0,2.368467e-09,0
56563,1.0,5.5029783e-12,0
56564,1.0,5.2967066e-12,0
56565,1.0,3.6316315e-12,0
56566,1.0,6.0987717e-13,0
56567,1.0,8.432764e-10,0
56568,1.0,9.539034e-11,0
56569,1.0,1.625557e-09,0
56570,1.0,8.117319e-11,0
56571,1.0,2.4220784e-12,0
56572,1.0,7.032794e-12,0
56573,1.0,7.9384145e-13,0
56574,1.0,7.126927e-12,0
56575,1.0,7.7211e-11,0
56576,1.0,4.016355e-12,0
56577,1.0,8.279819e-11,0
56578,1.0,3.2584794e-12,0
56579,1.0,1.6030374e-09,0
56580,1.0,1.0688016e-11,0
56581,1.0,2.1331525e-11,0
56582,1.0,5.8717435e-14,0
56583,1.0,1.1891177e-12,0
56584,1.0,9.101133e-11,0
56585,1.0,3.0947925e-11,0
56586,1.0,5.8502253e-10,0
56587,1.0,2.9268733e-11,0
56588,1.0,3.3651226e-12,0
56589,1.0,9.799123e-12,0
56590,1.0,1.6467824e-11,0
56591,1.0,1.9444703e-11,0
56592,1.0,2.2144269e-09,0
56593,1.0,9.457e-12,0
56594,1.0,1.0077809e-09,0
56595,1.0,5.6369818e-12,0
56596,1.0,1.8740948e-12,0
56597,1.0,3.1743737e-13,0
56598,1.0,4.8537845e-13,0
56599,1.0,5.055566e-10,0
56600,1.0,1.0647414e-09,0
56601,1.0,6.227867e-13,0
56602,1.0,8.9454166e-11,0
56603,1.0,4.104558e-11,0
56604,1.0,2.7471747e-10,0
56605,1.0,1.2211488e-09,0
56606,1.0,3.797307e-10,0
56607,1.0,2.0502336e-13,0
56608,1.0,1.9577e-11,0
56609,1.0,4.5267776e-10,0
56610,1.0,7.5900264e-10,0
56611,0.99999964,3.0395557e-07,0
56612,1.0,4.749819e-13,0
56613,1.0,2.473711e-08,0
56614,1.0,1.2941543e-09,0
56615,1.0,4.1484186e-12,0
56616,1.0,1.3638259e-10,0
56617,1.0,2.1679777e-10,0
56618,1.0,1.2423787e-11,0
56619,1.0,8.646236e-14,0
56620,1.0,2.1542186e-10,0
56621,1.0,1.8913178e-11,0
56622,1.0,2.991695e-08,0
56623,1.0,4.9152165e-13,0
56624,1.0,3.5361727e-10,0
56625,1.0,8.8304425e-12,0
56626,1.0,4.9218445e-11,0
56627,1.0,3.742257e-11,0
56628,1.0,2.581548e-11,0
56629,1.0,4.7848038e-11,0
56630,1.0,1.6817288e-09,0
56631,1.0,3.1523335e-09,0
56632,1.0,1.0602875e-08,0
56633,1.0,4.2088352e-10,0
56634,1.0,3.8082973e-13,0
56635,1.0,4.8883324e-11,0
56636,1.0,3.2049402e-12,0
56637,1.0,4.2077617e-09,0
56638,1.0,2.848261e-12,0
56639,1.0,8.7238244e-11,0
56640,1.0,3.341668e-12,0
56641,1.0,1.16759215e-11,0
56642,1.0,4.0496005e-12,0
56643,1.0,6.428359e-12,0
56644,1.0,4.680646e-11,0
56645,1.0,1.2799368e-08,0
56646,1.0,6.6194286e-11,0
56647,1.0,2.9012282e-11,0
56648,1.0,1.8694028e-13,0
56649,1.0,7.067882e-11,0
56650,1.0,1.9321304e-14,0
56651,1.0,1.2435261e-11,0
56652,1.0,9.856065e-13,0
56653,1.0,3.3381978e-11,0
56654,1.0,4.04016e-11,0
56655,1.0,3.678018e-11,0
56656,1.0,5.352048e-14,0
56657,1.0,3.7898356e-12,0
56658,1.0,3.186473e-11,0
56659,1.0,8.1380025e-14,0
56660,1.0,6.9156736e-11,0
56661,1.0,3.63557e-11,0
56662,0.9999999,7.845738e-08,0
56663,1.0,7.1878675e-12,0
56664,1.0,1.2879349e-08,0
56665,1.0,9.916289e-10,0
56666,1.0,8.1697885e-11,0
56667,1.0,3.8661575e-14,0
56668,1.0,3.2655833e-13,0
56669,1.0,7.8670915e-12,0
56670,1.0,1.1804791e-11,0
56671,1.0,8.084316e-11,0
56672,1.0,5.4134714e-11,0
56673,1.0,8.709576e-11,0
56674,1.0,1.0292498e-10,0
56675,1.0,7.768322e-12,0
56676,1.0,7.491739e-09,0
56677,1.0,6.025774e-10,0
56678,1.0,4.9790687e-09,0
56679,1.0,1.1814376e-09,0
56680,1.0,2.9217528e-11,0
56681,1.0,3.3406375e-11,0
56682,1.0,1.6665756e-11,0
56683,1.0,4.41564e-12,0
56684,1.0,6.8374367e-15,0
56685,1.0,3.1512723e-11,0
56686,1.0,1.5039492e-11,0
56687,1.0,5.350051e-09,0
56688,1.0,5.3620368e-12,0
56689,1.0,5.5135475e-12,0
56690,1.0,6.378871e-11,0
56691,1.0,1.7603964e-10,0
56692,1.0,8.609433e-12,0
56693,1.0,3.9178466e-10,0
56694,1.0,1.1755479e-10,0
56695,1.0,1.3287714e-10,0
56696,1.0,1.9394007e-10,0
56697,1.0,2.9618388e-10,0
56698,1.0,2.0632577e-13,0
56699,1.0,8.464658e-13,0
56700,1.0,2.1392583e-09,0
56701,1.0,2.5859042e-11,0
56702,1.0,4.3513007e-14,0
56703,1.0,1.6561859e-10,0
56704,1.0,1.0603015e-12,0
56705,1.0,8.825795e-12,0
56706,1.0,2.0459884e-08,0
56707,1.0,1.1685819e-10,0
56708,1.0,5.8570915e-10,0
56709,1.0,5.3688494e-13,0
56710,1.0,2.8467185e-12,0
56711,1.0,1.1737656e-08,0
56712,1.0,3.3809266e-10,0
56713,1.0,1.081506e-10,0
56714,1.0,6.954248e-10,0
56715,1.0,2.7693431e-11,0
56716,1.0,2.393075e-12,0
56717,1.0,2.0510003e-13,0
56718,1.0,4.099764e-10,0
56719,1.0,3.5366603e-09,0
56720,1.0,9.864397e-09,0
56721,1.0,1.4349456e-13,0
56722,1.0,1.2294213e-10,0
56723,1.0,1.4058754e-11,0
56724,1.0,2.5847766e-10,0
56725,0.9999988,1.237198e-06,0
56726,1.0,5.083566e-11,0
56727,1.0,1.2377889e-09,0
56728,1.0,1.9982452e-13,0
56729,1.0,8.877893e-13,0
56730,1.0,2.3454052e-09,0
56731,1.0,1.4864569e-10,0
56732,1.0,2.9304133e-12,0
56733,1.0,6.326482e-10,0
56734,1.0,3.0557543e-09,0
56735,1.0,8.491651e-12,0
56736,1.0,2.297476e-13,0
56737,1.0,1.4544276e-12,0
56738,1.0,4.990835e-11,0
56739,1.0,3.3893055e-11,0
56740,1.0,5.3512396e-11,0
56741,1.0,2.3948779e-09,0
56742,1.0,8.03242e-09,0
56743,1.0,1.7870251e-09,0
56744,1.0,1.5605353e-10,0
56745,1.0,1.0325881e-11,0
56746,1.0,7.6672055e-09,0
56747,1.0,5.1187258e-12,0
56748,1.0,4.8876934e-13,0
56749,0.99999964,3.147079e-07,0
56750,1.0,1.7991661e-13,0
56751,1.0,4.0476283e-10,0
56752,1.0,1.1179665e-11,0
56753,1.0,4.899125e-10,0
56754,1.0,2.3656924e-11,0
56755,1.0,1.12241156e-13,0
56756,1.0,3.1650694e-13,0
56757,1.0,4.695396e-09,0
56758,1.0,1.4427363e-10,0
56759,1.0,1.085009e-12,0
56760,1.0,5.1371805e-09,0
56761,1.0,9.498697e-10,0
56762,1.0,9.980057e-11,0
56763,1.0,2.1900192e-12,0
56764,1.0,9.532149e-13,0
56765,1.0,4.774457e-11,0
56766,1.0,7.3054104e-11,0
56767,1.0,7.778904e-13,0
56768,1.0,2.836766e-13,0
56769,1.0,1.2959075e-10,0
56770,1.0,2.0512135e-11,0
56771,1.0,2.0622987e-12,0
56772,1.0,9.722897e-13,0
56773,1.0,4.246415e-12,0
56774,1.0,4.3041577e-11,0
56775,1.0,3.0881326e-09,0
56776,1.0,1.8745713e-11,0
56777,1.0,9.738865e-12,0
56778,1.0,2.6165186e-09,0
56779,1.0,8.747963e-12,0
56780,1.0,5.3665454e-13,0
56781,1.0,4.1179237e-13,0
56782,1.0,7.344936e-11,0
56783,1.0,3.7081842e-09,0
56784,1.0,3.7116213e-10,0
56785,1.0,2.8997126e-11,0
56786,1.0,3.3178456e-12,0
56787,1.0,1.2678286e-13,0
56788,1.0,8.481401e-13,0
56789,1.0,8.739321e-13,0
56790,1.0,3.4837175e-08,0
56791,1.0,2.048379e-11,0
56792,1.0,9.997021e-13,0
56793,1.0,4.7359287e-11,0
56794,1.0,4.482344e-09,0
56795,1.0,1.5190588e-11,0
56796,1.0,1.482579e-12,0
56797,1.0,7.089531e-13,0
56798,1.0,3.8659292e-10,0
56799,1.0,5.6874006e-10,0
56800,1.0,2.3935842e-10,0
56801,1.0,3.0391375e-12,0
56802,1.0,1.5890326e-11,0
56803,1.0,7.3629075e-10,0
56804,1.0,1.1615437e-11,0
56805,1.0,2.096935e-11,0
56806,1.0,8.8129015e-10,0
56807,1.0,8.135226e-10,0
56808,1.0,2.8152052e-13,0
56809,1.0,2.509689e-14,0
56810,1.0,4.4129422e-10,0
56811,1.0,4.31979e-12,0
56812,1.0,7.544543e-11,0
56813,1.0,8.44519e-10,0
56814,1.0,1.0815092e-08,0
56815,1.0,2.1363825e-10,0
56816,1.0,9.245715e-13,0
56817,1.0,2.4236635e-12,0
56818,1.0,1.0538497e-12,0
56819,1.0,9.745509e-10,0
56820,1.0,5.6470653e-12,0
56821,1.0,1.144367e-11,0
56822,1.0,3.6496842e-13,0
56823,1.0,8.44846e-14,0
56824,1.0,3.7074305e-11,0
56825,1.0,1.6535125e-10,0
56826,1.0,2.1602371e-11,0
56827,1.0,3.838739e-12,0
56828,1.0,2.3918145e-13,0
56829,1.0,7.69809e-14,0
56830,1.0,4.979826e-10,0
56831,1.0,5.307204e-12,0
56832,1.0,3.6900198e-11,0
56833,1.0,1.6758412e-08,0
56834,1.0,1.3046908e-12,0
56835,1.0,5.0156056e-12,0
56836,1.0,3.5589334e-11,0
56837,1.0,3.70393e-12,0
56838,1.0,1.1837456e-12,0
56839,1.0,4.3844624e-12,0
56840,1.0,2.8828816e-11,0
56841,1.0,1.8414686e-11,0
56842,1.0,3.876418e-08,0
56843,1.0,4.379519e-10,0
56844,1.0,8.750709e-10,0
56845,1.0,1.304085e-10,0
56846,1.0,7.4717976e-14,0
56847,1.0,7.151025e-13,0
56848,1.0,1.841142e-11,0
56849,1.0,2.6682762e-10,0
56850,1.0,4.885327e-09,0
56851,1.0,3.6084165e-13,0
56852,1.0,3.0116028e-11,0
56853,0.9999939,6.0375824e-06,0
56854,1.0,2.335339e-13,0
56855,1.0,2.4734986e-12,0
56856,1.0,7.91743e-12,0
56857,1.0,1.3855072e-09,0
56858,1.0,7.84174e-13,0
56859,1.0,1.4963126e-11,0
56860,1.0,2.7448913e-10,0
56861,1.0,1.045337e-09,0
56862,1.0,7.85015e-13,0
56863,1.0,2.3408049e-14,0
56864,1.0,5.2677737e-11,0
56865,1.0,7.8281034e-11,0
56866,1.0,3.3854755e-14,0
56867,1.0,3.0648615e-12,0
56868,1.0,3.159881e-10,0
56869,1.0,3.3316698e-12,0
56870,1.0,3.7651228e-12,0
56871,1.0,2.2676389e-11,0
56872,1.0,2.0061447e-11,0
56873,1.0,2.8473206e-09,0
56874,1.0,6.1065004e-13,0
56875,1.0,2.9708376e-12,0
56876,1.0,2.5446713e-12,0
56877,0.99999964,3.2281284e-07,0
56878,1.0,6.078873e-11,0
56879,1.0,6.8861067e-12,0
56880,1.0,5.771804e-12,0
56881,1.0,1.4015897e-10,0
56882,1.0,6.119443e-13,0
56883,1.0,6.508236e-10,0
56884,1.0,7.0363763e-12,0
56885,1.0,2.789117e-10,0
56886,1.0,1.0671435e-11,0
56887,1.0,2.2432911e-10,0
56888,1.0,3.4715228e-10,0
56889,1.0,2.9339814e-12,0
56890,1.0,4.060276e-11,0
56891,1.0,3.569225e-11,0
56892,1.0,2.1460205e-14,0
56893,1.0,4.8772153e-10,0
56894,1.0,1.927674e-09,0
56895,1.0,3.319507e-14,0
56896,1.0,2.2861402e-10,0
56897,1.0,1.8970743e-10,0
56898,1.0,4.598577e-12,0
56899,1.0,1.2053334e-11,0
56900,1.0,1.598017e-11,0
56901,1.0,2.1353955e-11,0
56902,1.0,7.582231e-13,0
56903,1.0,3.1396812e-11,0
56904,1.0,3.8491685e-10,0
56905,1.0,5.734216e-10,0
56906,1.0,7.9348415e-13,0
56907,1.0,5.589528e-13,0
56908,1.0,1.4333435e-12,0
56909,1.0,2.8786863e-13,0
56910,1.0,7.9409965e-11,0
56911,1.0,1.6161309e-13,0
56912,1.0,1.0755501e-11,0
56913,1.0,1.492382e-11,0
56914,1.0,7.2220585e-12,0
56915,1.0,2.1391081e-12,0
56916,1.0,1.7962072e-09,0
56917,1.0,4.1657375e-11,0
56918,1.0,5.7442624e-11,0
56919,1.0,1.4835105e-11,0
56920,1.0,2.1897793e-10,0
56921,1.0,8.241127e-14,0
56922,1.0,2.230285e-12,0
56923,1.0,2.29431e-09,0
56924,1.0,5.6028335e-11,0
56925,1.0,5.135737e-14,0
56926,1.0,1.3131297e-11,0
56927,1.0,6.0317307e-10,0
56928,1.0,1.4818638e-12,0
56929,1.0,5.8938882e-12,0
56930,1.0,1.1039706e-11,0
56931,1.0,2.8658095e-11,0
56932,1.0,1.7673453e-12,0
56933,1.0,4.3670338e-13,0
56934,1.0,1.658418e-13,0
56935,1.0,1.6830538e-13,0
56936,1.0,8.1373395e-13,0
56937,1.0,7.929948e-11,0
56938,1.0,3.0882824e-11,0
56939,1.0,3.7914302e-10,0
56940,1.0,2.2933473e-09,0
56941,1.0,3.7419126e-12,0
56942,1.0,3.4163136e-10,0
56943,1.0,1.0786999e-14,0
56944,1.0,1.5984375e-11,0
56945,1.0,1.9437112e-10,0
56946,1.0,4.6187468e-10,0
56947,1.0,4.8923268e-14,0
56948,1.0,4.7402165e-13,0
56949,1.0,2.2585826e-11,0
56950,1.0,6.7431427e-10,0
56951,1.0,2.2062856e-13,0
56952,1.0,1.1285608e-11,0
56953,1.0,7.7865345e-13,0
56954,1.0,1.996869e-10,0
56955,1.0,2.2773826e-11,0
56956,1.0,9.797955e-14,0
56957,1.0,2.6217712e-11,0
56958,1.0,1.4423889e-11,0
56959,1.0,1.4712254e-10,0
56960,1.0,6.8504746e-12,0
56961,1.0,3.0515285e-11,0
56962,1.0,4.5995044e-13,0
56963,1.0,1.6728329e-08,0
56964,1.0,1.7292935e-10,0
56965,1.0,1.715846e-10,0
56966,1.0,8.054607e-12,0
56967,1.0,1.0528164e-13,0
56968,1.0,1.1543905e-10,0
56969,1.0,1.2641699e-10,0
56970,1.0,4.010281e-10,0
56971,1.0,6.5298217e-10,0
56972,1.0,1.2431195e-09,0
56973,1.0,8.489733e-10,0
56974,1.0,4.647358e-11,0
56975,1.0,3.2579702e-08,0
56976,1.0,8.004939e-12,0
56977,1.0,2.78917e-10,0
56978,1.0,6.5898495e-11,0
56979,1.0,1.6402324e-09,0
56980,1.0,1.8830545e-10,0
56981,1.0,9.069503e-12,0
56982,1.0,2.8429366e-12,0
56983,1.0,4.548271e-12,0
56984,1.0,7.8328385e-11,0
56985,1.0,8.0443735e-14,0
56986,1.0,5.3931686e-11,0
56987,1.0,1.1474274e-10,0
56988,1.0,1.3408179e-11,0
56989,1.0,8.7786185e-12,0
56990,0.9999995,4.5572074e-07,0
56991,1.0,6.140986e-11,0
56992,1.0,4.4053475e-14,0
56993,1.0,6.7766653e-10,0
56994,1.0,4.9904564e-10,0
56995,1.0,4.740443e-09,0
56996,1.0,4.325531e-11,0
56997,1.0,2.1060497e-11,0
56998,1.0,2.6508701e-11,0
56999,1.0,7.9575574e-10,0
57000,1.0,4.465797e-09,0
57001,1.0,1.3624932e-12,0
57002,1.0,8.313744e-12,0
57003,1.0,1.3117304e-11,0
57004,1.0,1.6462179e-10,0
57005,1.0,2.476548e-12,0
57006,0.9999993,6.8682675e-07,0
57007,1.0,1.3878848e-09,0
57008,1.0,9.398498e-10,0
57009,1.0,4.0427828e-10,0
57010,1.0,3.555744e-11,0
57011,1.0,6.259258e-13,0
57012,1.0,4.353663e-12,0
57013,1.0,4.4129015e-13,0
57014,1.0,2.1930468e-11,0
57015,0.9999982,1.8000155e-06,0
57016,1.0,1.1154807e-11,0
57017,1.0,4.116016e-09,0
57018,1.0,2.0566146e-12,0
57019,1.0,1.7120669e-10,0
57020,1.0,1.5011286e-12,0
57021,1.0,1.1643929e-13,0
57022,1.0,1.3369963e-09,0
57023,0.99999964,3.1441093e-07,0
57024,1.0,2.0272338e-12,0
57025,1.0,3.6001157e-11,0
57026,1.0,4.0693295e-12,0
57027,1.0,5.2319465e-11,0
57028,1.0,1.455635e-08,0
57029,1.0,1.1913756e-10,0
57030,1.0,1.4644983e-13,0
57031,1.0,7.567223e-12,0
57032,1.0,1.8119731e-10,0
57033,1.0,3.1851694e-13,0
57034,1.0,3.9208685e-09,0
57035,1.0,8.640042e-13,0
57036,1.0,4.782582e-13,0
57037,1.0,1.4319247e-09,0
57038,1.0,5.82487e-11,0
57039,1.0,1.1150809e-11,0
57040,1.0,1.2013245e-10,0
57041,1.0,8.684064e-11,0
57042,1.0,3.5840747e-12,0
57043,1.0,2.608782e-11,0
57044,1.0,6.845582e-14,0
57045,1.0,2.0680567e-13,0
57046,1.0,2.7111521e-11,0
57047,1.0,2.271771e-09,0
57048,1.0,1.2315007e-10,0
57049,1.0,9.447635e-10,0
57050,1.0,9.68993e-12,0
57051,1.0,3.0776274e-11,0
57052,1.0,1.1948851e-13,0
57053,1.0,9.049317e-13,0
57054,1.0,1.4893666e-09,0
57055,1.0,1.0494013e-11,0
57056,1.0,1.3072291e-12,0
57057,1.0,5.0420406e-12,0
57058,1.0,1.712479e-13,0
57059,1.0,4.1421094e-12,0
57060,1.0,1.0241271e-10,0
57061,1.0,5.5866558e-11,0
57062,1.0,3.1185254e-10,0
57063,1.0,7.679701e-10,0
57064,1.0,2.0078357e-12,0
57065,1.0,4.596159e-11,0
57066,1.0,6.3356237e-10,0
57067,1.0,2.1306e-10,0
57068,1.0,5.1558948e-11,0
57069,0.9999982,1.767506e-06,0
57070,1.0,3.0392071e-12,0
57071,1.0,9.458055e-10,0
57072,1.0,3.3411934e-10,0
57073,0.9999995,5.263052e-07,0
57074,1.0,5.619259e-12,0
57075,1.0,1.1284833e-11,0
57076,1.0,5.137618e-14,0
57077,1.0,5.211405e-13,0
57078,1.0,1.2291353e-10,0
57079,1.0,1.2661251e-09,0
57080,1.0,4.542151e-12,0
57081,1.0,3.7420962e-13,0
57082,1.0,1.4117185e-13,0
57083,1.0,1.1922696e-09,0
57084,1.0,1.1215262e-12,0
57085,1.0,5.558869e-12,0
57086,1.0,1.8044476e-10,0
57087,1.0,1.2350343e-13,0
57088,1.0,6.0384725e-11,0
57089,1.0,2.2278128e-10,0
57090,1.0,2.876425e-13,0
57091,1.0,7.697228e-13,0
57092,1.0,1.9701068e-14,0
57093,1.0,3.4386464e-13,0
57094,1.0,1.0028707e-08,0
57095,1.0,4.077952e-13,0
57096,1.0,1.9341824e-12,0
57097,1.0,2.4857327e-09,0
57098,1.0,4.6162236e-12,0
57099,1.0,3.0998408e-09,0
57100,1.0,2.2298267e-11,0
57101,1.0,4.5086912e-10,0
57102,1.0,3.612879e-13,0
57103,1.0,5.4477565e-11,0
57104,1.0,1.3435622e-11,0
57105,1.0,3.9118597e-09,0
57106,1.0,7.5222e-11,0
57107,1.0,6.6869795e-14,0
57108,1.0,2.945413e-09,0
57109,1.0,2.9773894e-12,0
57110,1.0,2.9687378e-11,0
57111,1.0,2.407184e-12,0
57112,1.0,1.1866365e-09,0
57113,1.0,1.9854263e-10,0
57114,1.0,5.2426948e-11,0
57115,1.0,2.8921782e-11,0
57116,1.0,1.163532e-12,0
57117,1.0,3.619005e-12,0
57118,1.0,1.149072e-14,0
57119,1.0,4.4996104e-10,0
57120,1.0,3.1365481e-09,0
57121,1.0,5.174897e-12,0
57122,1.0,5.1809636e-11,0
57123,1.0,1.5935805e-13,0
57124,1.0,4.4969226e-11,0
57125,1.0,1.1504077e-10,0
57126,1.0,2.7438027e-10,0
57127,1.0,6.4038315e-13,0
57128,1.0,1.138642e-09,0
57129,1.0,8.470509e-12,0
57130,1.0,7.732573e-13,0
57131,1.0,2.33929e-12,0
57132,0.99999917,8.061567e-07,0
57133,1.0,7.5567916e-13,0
57134,1.0,7.0331523e-13,0
57135,1.0,1.7014038e-12,0
57136,1.0,1.0285226e-12,0
57137,1.0,1.4729367e-12,0
57138,1.0,6.9190573e-13,0
57139,1.0,2.7458806e-14,0
57140,1.0,7.5538664e-13,0
57141,1.0,8.774362e-13,0
57142,1.0,7.616802e-09,0
57143,1.0,2.264356e-13,0
57144,1.0,1.0424057e-14,0
57145,0.9999999,9.5619995e-08,0
57146,1.0,2.760976e-09,0
57147,1.0,3.5252343e-11,0
57148,1.0,4.4228682e-10,0
57149,1.0,7.399356e-10,0
57150,1.0,4.1857746e-12,0
57151,1.0,3.8243877e-11,0
57152,1.0,1.7016717e-10,0
57153,1.0,4.388129e-11,0
57154,1.0,1.558607e-11,0
57155,1.0,9.773514e-12,0
57156,1.0,5.0352705e-10,0
57157,1.0,1.416812e-12,0
57158,1.0,5.0908305e-12,0
57159,1.0,5.387746e-09,0
57160,1.0,2.6980633e-12,0
57161,1.0,1.138959e-09,0
57162,1.0,1.8294477e-10,0
57163,1.0,1.9467626e-12,0
57164,1.0,3.3150187e-08,0
57165,1.0,9.393233e-09,0
57166,1.0,1.7201353e-10,0
57167,1.0,2.7701168e-13,0
57168,1.0,7.4236883e-09,0
57169,1.0,1.0276134e-11,0
57170,1.0,1.7031011e-13,0
57171,1.0,1.9280625e-14,0
57172,1.0,1.2897073e-08,0
57173,1.0,2.7731e-08,0
57174,1.0,2.8056624e-10,0
57175,1.0,4.562604e-10,0
57176,0.9999993,7.618083e-07,0
57177,1.0,2.6020285e-11,0
57178,1.0,1.4321097e-10,0
57179,1.0,1.8603116e-09,0
57180,1.0,4.7610115e-13,0
57181,1.0,7.189544e-11,0
57182,1.0,2.2953833e-12,0
57183,1.0,4.881933e-14,0
57184,1.0,4.2120316e-10,0
57185,1.0,2.9808475e-10,0
57186,1.0,2.0167527e-11,0
57187,1.0,6.375287e-10,0
57188,0.99999654,3.4077962e-06,0
57189,1.0,2.3441943e-12,0
57190,1.0,3.694289e-10,0
57191,1.0,7.400379e-12,0
57192,1.0,3.0910302e-10,0
57193,1.0,7.284956e-11,0
57194,1.0,5.5389343e-10,0
57195,1.0,8.7027754e-13,0
57196,1.0,3.2540234e-10,0
57197,1.0,6.2921374e-10,0
57198,1.0,2.1256894e-09,0
57199,1.0,3.409387e-14,0
57200,1.0,6.163822e-11,0
57201,1.0,1.1895234e-09,0
57202,1.0,2.2558875e-11,0
57203,1.0,1.5347783e-09,0
57204,1.0,3.8394765e-13,0
57205,1.0,3.2013845e-12,0
57206,1.0,4.5904468e-11,0
57207,1.0,3.5226921e-12,0
57208,1.0,3.862922e-10,0
57209,1.0,8.0540924e-10,0
57210,1.0,6.9399375e-10,0
57211,1.0,1.8575511e-11,0
57212,1.0,2.7912843e-09,0
57213,1.0,2.090405e-08,0
57214,1.0,1.1388754e-11,0
57215,1.0,5.2337332e-11,0
57216,1.0,8.2184884e-11,0
57217,1.0,3.0257147e-11,0
57218,1.0,5.4219244e-11,0
57219,1.0,4.829297e-12,0
57220,1.0,3.4848855e-09,0
57221,1.0,2.012144e-09,0
57222,0.99999714,2.8888971e-06,0
57223,1.0,4.8358136e-12,0
57224,1.0,1.08109355e-10,0
57225,1.0,1.9448708e-11,0
57226,1.0,7.564867e-13,0
57227,1.0,3.1605586e-12,0
57228,1.0,1.8008734e-08,0
57229,1.0,6.083881e-12,0
57230,1.0,8.657706e-10,0
57231,1.0,7.0577313e-09,0
57232,1.0,1.7429164e-10,0
57233,1.0,2.7513662e-09,0
57234,1.0,4.2609845e-09,0
57235,1.0,2.2635346e-10,0
57236,1.0,1.3674071e-14,0
57237,1.0,1.0237916e-09,0
57238,1.0,3.5615852e-09,0
57239,1.0,1.8903813e-10,0
57240,1.0,5.435909e-09,0
57241,1.0,1.4227921e-11,0
57242,1.0,3.0260797e-10,0
57243,1.0,3.8014774e-12,0
57244,1.0,2.794327e-12,0
57245,1.0,1.1701108e-12,0
57246,1.0,1.8532937e-11,0
57247,1.0,3.6342368e-12,0
57248,1.0,9.898086e-11,0
57249,1.0,7.4397696e-11,0
57250,1.0,1.6753801e-09,0
57251,1.0,1.3849323e-11,0
57252,1.0,2.0310316e-11,0
57253,1.0,1.1778994e-11,0
57254,1.0,1.9381212e-10,0
57255,1.0,1.8804264e-11,0
57256,1.0,4.852242e-08,0
57257,1.0,1.3148641e-11,0
57258,1.0,1.7024954e-11,0
57259,1.0,2.5989497e-10,0
57260,1.0,6.879684e-13,0
57261,1.0,2.7231055e-13,0
57262,1.0,1.0106161e-09,0
57263,1.0,3.1956392e-11,0
57264,1.0,9.541672e-11,0
57265,1.0,1.9337445e-11,0
57266,1.0,1.4511199e-11,0
57267,1.0,1.7768847e-11,0
57268,1.0,8.650736e-11,0
57269,1.0,1.4037675e-10,0
57270,1.0,9.8506994e-11,0
57271,1.0,8.447602e-11,0
57272,1.0,3.6906953e-11,0
57273,1.0,3.5604384e-12,0
57274,1.0,1.1029999e-08,0
57275,1.0,2.0775245e-10,0
57276,1.0,6.7160344e-10,0
57277,1.0,4.485532e-10,0
57278,0.9999999,8.3709466e-08,0
57279,1.0,7.811898e-13,0
57280,1.0,3.467534e-13,0
57281,1.0,9.381406e-11,0
57282,1.0,2.1014573e-13,0
57283,1.0,7.5191336e-10,0
57284,1.0,9.483028e-12,0
57285,1.0,4.1167638e-08,0
57286,1.0,1.4075268e-13,0
57287,1.0,7.505064e-10,0
57288,1.0,1.5519696e-09,0
57289,1.0,1.4936343e-12,0
57290,1.0,8.118558e-11,0
57291,1.0,6.112482e-12,0
57292,1.0,3.4001038e-12,0
57293,1.0,2.4049825e-11,0
57294,1.0,1.1827442e-11,0
57295,1.0,1.7123053e-10,0
57296,1.0,5.4016517e-11,0
57297,1.0,4.392795e-14,0
57298,1.0,3.0816772e-13,0
57299,1.0,7.822051e-13,0
57300,1.0,4.310784e-09,0
57301,1.0,8.0464295e-14,0
57302,1.0,3.1689172e-13,0
57303,1.0,2.2490382e-12,0
57304,1.0,2.93833e-10,0
57305,1.0,3.5334047e-12,0
57306,1.0,5.099337e-11,0
57307,1.0,2.0960393e-11,0
57308,1.0,2.1098371e-11,0
57309,1.0,9.365797e-15,0
57310,1.0,9.2608377e-10,0
57311,1.0,4.041767e-09,0
57312,1.0,1.047489e-12,0
57313,0.9999999,1.6074571e-07,0
57314,1.0,1.5252015e-08,0
57315,1.0,3.7408725e-11,0
57316,1.0,5.217959e-13,0
57317,1.0,2.7433272e-13,0
57318,1.0,6.443461e-11,0
57319,1.0,8.391268e-11,0
57320,1.0,7.425291e-12,0
57321,1.0,3.0314526e-10,0
57322,0.9999999,9.907109e-08,0
57323,1.0,2.4816276e-11,0
57324,0.99999917,7.9605076e-07,0
57325,0.99999917,8.640752e-07,0
57326,1.0,2.949088e-10,0
57327,1.0,3.597121e-12,0
57328,1.0,3.5235537e-11,0
57329,1.0,3.4988488e-11,0
57330,1.0,3.171137e-09,0
57331,1.0,1.13322424e-11,0
57332,1.0,1.5688327e-09,0
57333,1.0,2.4875503e-12,0
57334,1.0,5.754329e-11,0
57335,1.0,2.762059e-14,0
57336,1.0,4.4681103e-11,0
57337,1.0,2.1846218e-11,0
57338,1.0,6.429098e-11,0
57339,1.0,1.1060623e-13,0
57340,1.0,5.253892e-09,0
57341,1.0,1.750106e-09,0
57342,1.0,3.887652e-11,0
57343,1.0,8.562061e-11,0
57344,1.0,8.5299936e-12,0
57345,1.0,8.503423e-11,0
57346,1.0,7.2740425e-11,0
57347,1.0,7.362061e-11,0
57348,1.0,2.4049438e-09,0
57349,1.0,1.5814691e-09,0
57350,1.0,4.82941e-11,0
57351,1.0,1.2525671e-11,0
57352,1.0,1.2278552e-11,0
57353,1.0,1.6715929e-11,0
57354,1.0,4.2374562e-13,0
57355,1.0,5.2528793e-13,0
57356,1.0,1.4241068e-10,0
57357,1.0,1.316949e-12,0
57358,1.0,5.238612e-13,0
57359,1.0,2.5621603e-12,0
57360,1.0,1.768297e-11,0
57361,1.0,6.0548067e-10,0
57362,1.0,2.0786185e-10,0
57363,1.0,2.2967758e-12,0
57364,1.0,1.942701e-12,0
57365,1.0,9.697086e-12,0
57366,1.0,3.495987e-11,0
57367,1.0,6.0400712e-12,0
57368,1.0,1.4351797e-11,0
57369,1.0,1.6553906e-13,0
57370,1.0,4.9995334e-11,0
57371,1.0,1.9168259e-12,0
57372,1.0,4.242019e-12,0
57373,1.0,3.1449723e-08,0
57374,0.9999862,1.3876355e-05,0
57375,1.0,1.2033569e-09,0
57376,1.0,9.002654e-11,0
57377,1.0,5.9543676e-10,0
57378,1.0,7.9260953e-10,0
57379,0.9999999,1.2212874e-07,0
57380,1.0,5.2543758e-08,0
57381,1.0,1.9358166e-09,0
57382,1.0,2.9402925e-10,0
57383,1.0,1.316663e-08,0
57384,1.0,2.3024363e-10,0
57385,1.0,1.13042e-11,0
57386,1.0,9.605908e-12,0
57387,1.0,1.8373181e-11,0
57388,1.0,3.9633085e-11,0
57389,1.0,9.442443e-11,0
57390,1.0,8.220103e-11,0
57391,1.0,2.7577333e-13,0
57392,1.0,2.9047749e-09,0
57393,1.0,2.8593208e-09,0
57394,1.0,5.1246967e-15,0
57395,1.0,1.7944042e-11,0
57396,1.0,1.6830284e-09,0
57397,1.0,1.1316345e-11,0
57398,1.0,9.861185e-12,0
57399,1.0,1.2954862e-08,0
57400,1.0,4.4281162e-11,0
57401,1.0,1.9659603e-09,0
57402,1.0,1.2993627e-10,0
57403,1.0,8.816676e-12,0
57404,1.0,1.3392097e-12,0
57405,1.0,2.1421211e-12,0
57406,1.0,7.661401e-13,0
57407,1.0,5.0625633e-13,0
57408,1.0,1.6062318e-10,0
57409,1.0,4.1623385e-11,0
57410,1.0,1.0735691e-13,0
57411,1.0,5.845189e-12,0
57412,1.0,9.095124e-12,0
57413,1.0,1.1619852e-10,0
57414,1.0,3.6176318e-12,0
57415,1.0,4.1592275e-11,0
57416,1.0,1.5985992e-11,0
57417,1.0,3.452637e-10,0
57418,1.0,9.727866e-10,0
57419,1.0,1.4864156e-12,0
57420,1.0,2.5742783e-09,0
57421,1.0,1.3194213e-11,0
57422,1.0,1.4135366e-10,0
57423,0.99999785,2.1185765e-06,0
57424,1.0,3.105064e-14,0
57425,1.0,1.1303052e-12,0
57426,1.0,4.5877333e-11,0
57427,1.0,2.6784603e-09,0
57428,1.0,1.2065417e-10,0
57429,1.0,3.6267512e-12,0
57430,1.0,8.976652e-09,0
57431,0.9999993,6.7611654e-07,0
57432,1.0,3.5149217e-11,0
57433,1.0,6.993553e-14,0
57434,1.0,8.743931e-11,0
57435,1.0,5.3735216e-09,0
57436,1.0,6.155099e-13,0
57437,1.0,8.447772e-09,0
57438,1.0,9.460207e-13,0
57439,1.0,5.977501e-10,0
57440,1.0,5.3148934e-08,0
57441,1.0,9.111268e-13,0
57442,0.9999999,6.982724e-08,0
57443,1.0,7.3902655e-12,0
57444,1.0,1.07141306e-13,0
57445,1.0,8.3701365e-11,0
57446,1.0,2.1594563e-13,0
57447,1.0,2.091025e-10,0
57448,1.0,2.4664212e-13,0
57449,1.0,7.222489e-11,0
57450,1.0,1.9778309e-12,0
57451,1.0,4.9393177e-11,0
57452,1.0,7.9638314e-13,0
57453,1.0,1.0225817e-09,0
57454,1.0,1.8285494e-08,0
57455,1.0,1.7276854e-09,0
57456,1.0,1.952604e-09,0
57457,1.0,1.3022153e-11,0
57458,1.0,8.689759e-12,0
57459,1.0,3.9320492e-13,0
57460,1.0,1.1217033e-09,0
57461,1.0,1.936464e-08,0
57462,1.0,8.525753e-11,0
57463,0.9999999,1.0922187e-07,0
57464,1.0,1.9613561e-10,0
57465,1.0,5.2619725e-10,0
57466,1.0,1.1120197e-12,0
57467,1.0,2.2930914e-11,0
57468,1.0,5.090219e-12,0
57469,1.0,8.473422e-11,0
57470,1.0,1.3058055e-13,0
57471,1.0,2.2712995e-12,0
57472,1.0,1.1731819e-11,0
57473,1.0,2.1747357e-11,0
57474,1.0,5.7388743e-11,0
57475,1.0,3.1085377e-13,0
57476,1.0,2.0160132e-12,0
57477,1.0,1.517514e-09,0
57478,1.0,1.7482226e-11,0
57479,1.0,9.763318e-09,0
57480,1.0,6.4452033e-12,0
57481,1.0,1.19328485e-08,0
57482,1.0,3.472862e-09,0
57483,0.9999999,1.670901e-07,0
57484,1.0,1.5865248e-11,0
57485,1.0,2.4390308e-09,0
57486,1.0,2.2592127e-10,0
57487,1.0,5.081184e-10,0
57488,1.0,6.2470007e-12,0
57489,1.0,2.8666939e-12,0
57490,0.9999999,1.0520487e-07,0
57491,1.0,3.3206183e-12,0
57492,1.0,7.5275286e-10,0
57493,1.0,1.5122385e-12,0
57494,1.0,1.8860604e-09,0
57495,1.0,5.695322e-11,0
57496,1.0,1.3127104e-09,0
57497,1.0,4.567554e-12,0
57498,1.0,2.1763518e-13,0
57499,1.0,4.7011865e-12,0
57500,1.0,3.1601214e-14,0
57501,1.0,8.6690416e-10,0
57502,1.0,2.2321842e-11,0
57503,1.0,8.21262e-13,0
57504,1.0,3.354563e-11,0
57505,1.0,9.1603765e-12,0
57506,1.0,1.5083403e-09,0
57507,1.0,3.1340094e-11,0
57508,1.0,5.49692e-10,0
57509,1.0,1.1935362e-10,0
57510,1.0,1.0592479e-09,0
57511,1.0,9.74377e-12,0
57512,1.0,9.068077e-10,0
57513,0.99999845,1.5406133e-06,0
57514,1.0,9.663808e-13,0
57515,1.0,8.660208e-12,0
57516,1.0,1.1177469e-11,0
57517,1.0,1.0293873e-10,0
57518,1.0,6.9784833e-10,0
57519,1.0,8.591753e-11,0
57520,1.0,3.1776742e-10,0
57521,1.0,3.1909948e-13,0
57522,1.0,2.9497265e-08,0
57523,1.0,4.9317755e-08,0
57524,1.0,3.9699152e-10,0
57525,1.0,4.0373672e-13,0
57526,1.0,4.197767e-12,0
57527,1.0,9.160284e-13,0
57528,1.0,2.5142064e-11,0
57529,1.0,5.69144e-09,0
57530,1.0,2.0584338e-10,0
57531,1.0,5.04223e-13,0
57532,1.0,3.417133e-11,0
57533,1.0,2.7939769e-11,0
57534,1.0,9.67172e-09,0
57535,1.0,4.3664838e-13,0
57536,0.9999999,9.5967515e-08,0
57537,1.0,1.7956102e-10,0
57538,1.0,1.4152732e-11,0
57539,1.0,5.4505575e-13,0
57540,1.0,6.5284986e-11,0
57541,1.0,4.3719453e-08,0
57542,1.0,1.4942334e-11,0
57543,1.0,4.9912158e-11,0
57544,1.0,5.5962277e-13,0
57545,1.0,7.662732e-09,0
57546,1.0,5.5417804e-09,0
57547,1.0,5.075273e-11,0
57548,1.0,5.873755e-12,0
57549,1.0,2.5466852e-13,0
57550,1.0,2.3811622e-10,0
57551,1.0,2.4955613e-13,0
57552,1.0,1.8661548e-12,0
57553,1.0,7.467018e-12,0
57554,1.0,1.4022159e-13,0
57555,1.0,3.6671641e-09,0
57556,1.0,8.765601e-12,0
57557,1.0,4.3461518e-13,0
57558,1.0,3.58065e-09,0
57559,1.0,4.4403222e-14,0
57560,1.0,2.262051e-09,0
57561,1.0,1.1954815e-11,0
57562,1.0,2.9648953e-11,0
57563,0.9999993,7.017585e-07,0
57564,1.0,2.373593e-11,0
57565,1.0,5.5667307e-12,0
57566,1.0,4.581818e-09,0
57567,1.0,3.3123084e-11,0
57568,1.0,1.092397e-09,0
57569,1.0,2.5903668e-11,0
57570,1.0,3.420018e-13,0
57571,1.0,6.706094e-12,0
57572,1.0,8.12589e-10,0
57573,1.0,2.8772989e-12,0
57574,1.0,1.681833e-11,0
57575,1.0,1.5305854e-10,0
57576,1.0,4.1346382e-14,0
57577,1.0,3.4445644e-11,0
57578,1.0,1.2070382e-11,0
57579,1.0,5.637503e-10,0
57580,1.0,3.629738e-10,0
57581,1.0,1.1357522e-10,0
57582,1.0,4.408387e-08,0
57583,1.0,1.2264639e-09,0
57584,1.0,4.788259e-13,0
57585,1.0,3.888316e-09,0
57586,1.0,7.0915222e-12,0
57587,1.0,8.984951e-11,0
57588,1.0,5.552601e-10,0
57589,1.0,4.5277985e-13,0
57590,1.0,9.96443e-13,0
57591,1.0,2.821313e-12,0
57592,1.0,7.747902e-12,0
57593,0.99999845,1.5982381e-06,0
57594,1.0,2.5145336e-10,0
57595,1.0,1.7227686e-10,0
57596,1.0,2.8171203e-11,0
57597,1.0,4.294076e-09,0
57598,1.0,2.0181967e-10,0
57599,1.0,2.2275375e-13,0
57600,1.0,6.6461697e-12,0
57601,1.0,1.0173818e-12,0
57602,1.0,6.550585e-12,0
57603,1.0,1.984794e-10,0
57604,1.0,1.6074883e-10,0
57605,1.0,4.837396e-10,0
57606,1.0,4.793619e-11,0
57607,1.0,1.6789083e-09,0
57608,1.0,2.4097165e-11,0
57609,1.0,9.418077e-13,0
57610,1.0,2.1240845e-09,0
57611,1.0,5.21395e-13,0
57612,1.0,2.186061e-10,0
57613,1.0,9.671503e-12,0
57614,1.0,7.949347e-11,0
57615,1.0,3.367243e-11,0
57616,1.0,6.353736e-11,0
57617,1.0,8.900465e-12,0
57618,1.0,3.0805009e-10,0
57619,1.0,1.4817776e-10,0
57620,1.0,2.37156e-08,0
57621,1.0,1.2212047e-13,0
57622,1.0,2.7418826e-10,0
57623,1.0,1.5237402e-10,0
57624,1.0,6.3828947e-09,0
57625,1.0,2.5760842e-14,0
57626,1.0,3.5167706e-12,0
57627,1.0,2.316867e-11,0
57628,1.0,1.4766842e-11,0
57629,1.0,2.4141847e-10,0
57630,1.0,6.980753e-12,0
57631,1.0,1.1782666e-13,0
57632,1.0,1.4207853e-11,0
57633,1.0,6.0729707e-12,0
57634,1.0,1.5818e-10,0
57635,1.0,4.421902e-12,0
57636,1.0,9.0125504e-11,0
57637,1.0,1.1383433e-11,0
57638,1.0,3.0778372e-12,0
57639,1.0,5.6882762e-11,0
57640,1.0,2.8784267e-14,0
57641,1.0,2.0356846e-12,0
57642,1.0,1.5356075e-12,0
57643,1.0,2.385145e-13,0
57644,1.0,2.5735442e-11,0
57645,1.0,2.8381125e-10,0
57646,1.0,2.1026932e-12,0
57647,1.0,1.7505668e-09,0
57648,1.0,4.2702024e-13,0
57649,1.0,2.2887546e-13,0
57650,1.0,3.3244778e-12,0
57651,1.0,2.8744496e-10,0
57652,1.0,3.1269654e-10,0
57653,1.0,4.1304706e-09,0
57654,1.0,1.8075458e-12,0
57655,1.0,1.1745259e-10,0
57656,1.0,2.3823285e-11,0
57657,1.0,6.2930255e-10,0
57658,1.0,2.576185e-12,0
57659,1.0,7.2081455e-12,0
57660,1.0,1.4054391e-10,0
57661,1.0,5.971049e-11,0
57662,1.0,2.6381103e-10,0
57663,1.0,2.6930595e-13,0
57664,1.0,1.123753e-12,0
57665,1.0,7.378195e-12,0
57666,1.0,2.8232985e-09,0
57667,1.0,4.121853e-13,0
57668,1.0,5.122345e-10,0
57669,1.0,9.3049865e-12,0
57670,1.0,1.3150447e-11,0
57671,1.0,4.095686e-09,0
57672,1.0,8.247936e-14,0
57673,1.0,1.2315882e-13,0
57674,1.0,1.1269793e-08,0
57675,1.0,9.222748e-13,0
57676,1.0,5.230804e-13,0
57677,1.0,2.2277831e-10,0
57678,1.0,3.9766128e-11,0
57679,1.0,6.2488084e-13,0
57680,1.0,3.95844e-09,0
57681,1.0,5.8325074e-11,0
57682,1.0,2.5267729e-11,0
57683,1.0,2.0853434e-12,0
57684,1.0,3.2503618e-11,0
57685,1.0,5.5037186e-10,0
57686,1.0,1.5140944e-08,0
57687,1.0,1.6050266e-12,0
57688,1.0,9.474964e-12,0
57689,1.0,5.141836e-13,0
57690,1.0,5.66944e-11,0
57691,1.0,2.3123935e-12,0
57692,1.0,4.5514715e-13,0
57693,1.0,1.9016642e-10,0
57694,1.0,3.9153045e-11,0
57695,1.0,7.250263e-10,0
57696,1.0,2.3589325e-12,0
57697,0.9999999,9.934433e-08,0
57698,1.0,1.7730534e-10,0
57699,0.99999964,3.4996086e-07,0
57700,1.0,1.5448048e-09,0
57701,1.0,8.648488e-12,0
57702,1.0,2.3862474e-12,0
57703,1.0,1.6029701e-09,0
57704,1.0,6.85151e-11,0
57705,1.0,2.9082284e-13,0
57706,1.0,1.1034533e-10,0
57707,1.0,3.1825707e-09,0
57708,1.0,3.9901134e-11,0
57709,1.0,3.5485778e-10,0
57710,1.0,1.213242e-12,0
57711,1.0,5.5355942e-11,0
57712,1.0,1.821687e-13,0
57713,1.0,4.9861754e-10,0
57714,1.0,8.977603e-11,0
57715,1.0,1.7906229e-11,0
57716,1.0,1.5308102e-10,0
57717,1.0,3.1996863e-09,0
57718,1.0,4.9797572e-11,0
57719,1.0,2.9314977e-12,0
57720,1.0,2.118989e-10,0
57721,0.99999917,8.801485e-07,0
57722,1.0,7.781331e-11,0
57723,1.0,3.6496583e-12,0
57724,1.0,8.633231e-11,0
57725,1.0,2.6327268e-10,0
57726,1.0,3.5268657e-09,0
57727,1.0,1.9132619e-11,0
57728,1.0,6.8954426e-11,0
57729,1.0,2.4063784e-10,0
57730,1.0,1.6896977e-11,0
57731,1.0,4.695185e-11,0
57732,1.0,7.43385e-12,0
57733,1.0,6.33543e-10,0
57734,1.0,2.3568122e-10,0
57735,1.0,1.0452155e-09,0
57736,1.0,5.1256065e-11,0
57737,1.0,2.4208786e-11,0
57738,1.0,8.988641e-10,0
57739,1.0,4.9249784e-12,0
57740,1.0,3.1881586e-10,0
57741,1.0,2.4336089e-12,0
57742,1.0,2.1911307e-12,0
57743,1.0,6.413033e-10,0
57744,1.0,2.1294693e-11,0
57745,1.0,9.989002e-12,0
57746,1.0,4.703959e-08,0
57747,1.0,6.560407e-10,0
57748,1.0,3.5656735e-11,0
57749,1.0,1.8631813e-12,0
57750,1.0,3.7191005e-12,0
57751,1.0,6.4972466e-10,0
57752,1.0,1.7147256e-08,0
57753,1.0,1.3484774e-09,0
57754,1.0,3.9864262e-10,0
57755,1.0,7.3564643e-10,0
57756,1.0,1.0815087e-09,0
57757,1.0,7.716408e-10,0
57758,1.0,7.4540087e-13,0
57759,1.0,3.6510296e-12,0
57760,1.0,3.3274102e-11,0
57761,1.0,2.230131e-09,0
57762,1.0,9.852587e-13,0
57763,1.0,5.2807285e-12,0
57764,1.0,1.31693015e-14,0
57765,1.0,1.1140307e-11,0
57766,1.0,2.2632831e-11,0
57767,1.0,6.870643e-11,0
57768,1.0,8.218477e-10,0
57769,1.0,4.2212803e-10,0
57770,1.0,1.0230996e-11,0
57771,1.0,3.5328067e-11,0
57772,1.0,6.9500737e-13,0
57773,1.0,3.8501524e-10,0
57774,1.0,2.5196598e-11,0
57775,1.0,6.526052e-13,0
57776,1.0,3.8462036e-10,0
57777,1.0,3.2572586e-10,0
57778,1.0,1.2447107e-14,0
57779,1.0,7.6373565e-13,0
57780,1.0,9.853911e-15,0
57781,1.0,2.1150528e-13,0
57782,1.0,2.5557518e-12,0
57783,1.0,3.0286305e-11,0
57784,1.0,3.9036027e-12,0
57785,1.0,6.203528e-13,0
57786,1.0,3.5606897e-12,0
57787,1.0,2.2734492e-12,0
57788,1.0,1.9191463e-11,0
57789,1.0,1.0777915e-13,0
57790,1.0,1.945138e-11,0
57791,1.0,3.273817e-12,0
57792,1.0,8.059793e-14,0
57793,1.0,8.054491e-14,0
57794,1.0,2.5413296e-12,0
57795,1.0,4.961334e-12,0
57796,1.0,1.2758941e-10,0
57797,1.0,6.497758e-13,0
57798,1.0,4.8996623e-12,0
57799,1.0,1.6907929e-12,0
57800,1.0,1.186943e-11,0
57801,1.0,6.982458e-12,0
57802,1.0,4.285021e-12,0
57803,1.0,1.2176594e-10,0
57804,1.0,4.1966583e-14,0
57805,1.0,9.541837e-11,0
57806,1.0,2.2216027e-12,0
57807,1.0,1.2341854e-11,0
57808,1.0,3.763933e-11,0
57809,1.0,3.254132e-12,0
57810,1.0,1.7548926e-09,0
57811,1.0,3.865658e-13,0
57812,1.0,4.0597106e-11,0
57813,1.0,5.176953e-11,0
57814,1.0,4.033013e-12,0
57815,1.0,4.6622537e-12,0
57816,1.0,1.1934134e-10,0
57817,1.0,1.0171102e-12,0
57818,1.0,1.760477e-10,0
57819,1.0,2.3235216e-12,0
57820,1.0,3.442002e-08,0
57821,1.0,4.6146914e-12,0
57822,1.0,1.00614725e-11,0
57823,0.9999999,1.543375e-07,0
57824,1.0,3.441174e-12,0
57825,1.0,4.2682198e-11,0
57826,1.0,1.2070053e-12,0
57827,1.0,4.5838677e-11,0
57828,1.0,1.7403784e-10,0
57829,1.0,6.466573e-14,0
57830,1.0,2.6021056e-09,0
57831,1.0,1.9614787e-11,0
57832,0.9999999,1.639069e-07,0
57833,1.0,3.466241e-11,0
57834,1.0,1.5770056e-12,0
57835,1.0,4.3619598e-11,0
57836,1.0,1.749355e-09,0
57837,1.0,1.02992255e-08,0
57838,1.0,9.672034e-13,0
57839,1.0,1.2141672e-13,0
57840,1.0,1.290046e-13,0
57841,1.0,3.0306333e-09,0
57842,1.0,1.1030709e-09,0
57843,1.0,1.6849577e-14,0
57844,1.0,6.0652004e-13,0
57845,1.0,3.6136443e-09,0
57846,1.0,1.4545054e-12,0
57847,1.0,7.125242e-12,0
57848,1.0,1.3163037e-12,0
57849,1.0,5.4334933e-13,0
57850,1.0,5.665635e-11,0
57851,1.0,2.0240087e-11,0
57852,1.0,3.0461812e-13,0
57853,1.0,1.7093732e-12,0
57854,1.0,3.4068423e-12,0
57855,1.0,9.021167e-11,0
57856,1.0,4.579725e-11,0
57857,1.0,3.5466983e-09,0
57858,1.0,5.20851e-14,0
57859,0.9999963,3.750395e-06,0
57860,1.0,3.2557885e-09,0
57861,1.0,3.9265094e-10,0
57862,1.0,3.238666e-11,0
57863,1.0,1.9911772e-12,0
57864,1.0,1.061e-11,0
57865,1.0,3.5755365e-10,0
57866,1.0,1.4770498e-12,0
57867,1.0,3.3050114e-12,0
57868,1.0,6.193139e-12,0
57869,0.99999905,1.0024862e-06,0
57870,1.0,2.0639053e-11,0
57871,1.0,3.6476155e-10,0
57872,1.0,1.3452341e-11,0
57873,1.0,9.230039e-12,0
57874,1.0,7.7819023e-13,0
57875,1.0,2.407229e-13,0
57876,1.0,9.724123e-13,0
57877,1.0,5.057227e-09,0
57878,1.0,6.2627697e-13,0
57879,1.0,2.0700228e-12,0
57880,1.0,2.4279853e-08,0
57881,1.0,7.862339e-15,0
57882,1.0,2.513553e-12,0
57883,1.0,4.778295e-10,0
57884,1.0,9.8481925e-09,0
57885,1.0,4.1985656e-13,0
57886,1.0,3.4671517e-12,0
57887,1.0,3.474321e-12,0
57888,1.0,3.2906212e-11,0
57889,1.0,2.7620737e-11,0
57890,1.0,4.803875e-09,0
57891,1.0,9.704969e-12,0
57892,1.0,4.7427857e-09,0
57893,1.0,3.19298e-09,0
57894,1.0,2.692804e-12,0
57895,1.0,6.662724e-11,0
57896,1.0,7.3389317e-10,0
57897,1.0,2.0668274e-08,0
57898,1.0,2.4576516e-11,0
57899,1.0,4.5471507e-09,0
57900,1.0,1.0271307e-12,0
57901,1.0,2.810813e-08,0
57902,1.0,5.8149144e-14,0
57903,1.0,3.1101895e-11,0
57904,1.0,1.4729759e-12,0
57905,1.0,5.350021e-09,0
57906,1.0,1.2488825e-13,0
57907,1.0,2.22855e-12,0
57908,1.0,2.5154092e-08,0
57909,1.0,2.1893989e-14,0
57910,1.0,1.7158933e-12,0
57911,1.0,5.4511093e-09,0
57912,1.0,4.4257393e-13,0
57913,1.0,3.8006997e-13,0
57914,1.0,7.641969e-11,0
57915,1.0,1.8562018e-11,0
57916,1.0,1.6831286e-12,0
57917,1.0,2.4708728e-15,0
57918,1.0,6.6806597e-13,0
57919,1.0,7.201515e-10,0
57920,1.0,2.2069466e-09,0
57921,1.0,1.3228629e-08,0
57922,1.0,5.563836e-11,0
57923,1.0,2.7682416e-13,0
57924,1.0,1.5497673e-11,0
57925,1.0,3.5046963e-09,0
57926,1.0,1.0274879e-11,0
57927,1.0,2.1390317e-11,0
57928,1.0,1.0656953e-11,0
57929,1.0,9.652687e-12,0
57930,1.0,1.937695e-11,0
57931,1.0,8.3334094e-13,0
57932,1.0,4.4693887e-11,0
57933,1.0,5.2601236e-11,0
57934,1.0,2.8727958e-09,0
57935,1.0,4.0370676e-09,0
57936,1.0,7.2196458e-09,0
57937,1.0,6.954898e-10,0
57938,1.0,5.4366706e-11,0
57939,1.0,7.618621e-12,0
57940,1.0,7.1197805e-12,0
57941,1.0,2.098409e-13,0
57942,1.0,1.0489399e-13,0
57943,1.0,2.3612553e-12,0
57944,1.0,4.8384443e-08,0
57945,1.0,6.151499e-12,0
57946,1.0,3.4520709e-10,0
57947,1.0,7.84391e-09,0
57948,1.0,1.2711085e-11,0
57949,1.0,2.9063025e-14,0
57950,1.0,4.9668044e-13,0
57951,1.0,2.3229487e-13,0
57952,1.0,3.6124607e-08,0
57953,1.0,1.1184036e-11,0
57954,1.0,2.6147797e-11,0
57955,1.0,1.4168478e-11,0
57956,1.0,1.0182065e-09,0
57957,1.0,2.2341848e-12,0
57958,1.0,1.601103e-13,0
57959,1.0,1.4354311e-08,0
57960,1.0,7.5185203e-13,0
57961,1.0,2.7077207e-11,0
57962,1.0,8.729384e-11,0
57963,1.0,2.6233997e-09,0
57964,1.0,2.2297492e-12,0
57965,1.0,4.9020044e-10,0
57966,1.0,1.2000826e-11,0
57967,1.0,1.5704742e-08,0
57968,1.0,8.885249e-12,0
57969,1.0,8.0822155e-12,0
57970,1.0,2.790423e-12,0
57971,1.0,7.7380147e-10,0
57972,1.0,2.6862534e-08,0
57973,1.0,5.946179e-12,0
57974,1.0,3.3905582e-12,0
57975,1.0,1.6029876e-10,0
57976,1.0,8.672936e-12,0
57977,1.0,1.5325945e-11,0
57978,1.0,1.7728386e-08,0
57979,1.0,6.790769e-10,0
57980,1.0,4.3299785e-08,0
57981,1.0,6.8877165e-10,0
57982,1.0,9.976593e-11,0
57983,1.0,2.1897793e-10,0
57984,1.0,1.1053706e-13,0
57985,0.9999994,5.46256e-07,0
57986,1.0,1.08932e-12,0
57987,1.0,1.14358197e-10,0
57988,1.0,3.9510565e-12,0
57989,1.0,1.3395616e-09,0
57990,1.0,1.1946044e-10,0
57991,1.0,1.8944698e-11,0
57992,1.0,3.4829784e-09,0
57993,1.0,7.127808e-09,0
57994,1.0,1.2404695e-12,0
57995,1.0,2.857543e-13,0
57996,1.0,4.796431e-13,0
57997,1.0,5.494735e-12,0
57998,1.0,5.6145553e-12,0
57999,1.0,2.6335994e-11,0
58000,1.0,1.1640604e-12,0
58001,1.0,3.0640507e-11,0
58002,1.0,1.4714429e-12,0
58003,1.0,4.77839e-12,0
58004,1.0,5.514981e-11,0
58005,1.0,1.6342154e-12,0
58006,1.0,2.251926e-09,0
58007,1.0,3.265051e-11,0
58008,1.0,8.7763755e-12,0
58009,1.0,3.0045917e-11,0
58010,1.0,2.8310269e-12,0
58011,1.0,1.5276002e-12,0
58012,1.0,1.8381603e-14,0
58013,1.0,1.4445262e-10,0
58014,1.0,1.1788113e-12,0
58015,1.0,3.3407732e-10,0
58016,1.0,2.3896032e-09,0
58017,1.0,1.445051e-12,0
58018,1.0,6.8139716e-09,0
58019,1.0,2.337312e-10,0
58020,1.0,2.5658994e-10,0
58021,1.0,5.6111027e-14,0
58022,1.0,3.039396e-10,0
58023,1.0,7.646018e-12,0
58024,1.0,5.925704e-10,0
58025,1.0,3.5968624e-11,0
58026,1.0,4.7503654e-08,0
58027,1.0,1.4768168e-11,0
58028,1.0,1.17860955e-11,0
58029,1.0,8.8648094e-10,0
58030,1.0,1.6669802e-10,0
58031,1.0,4.4371987e-10,0
58032,1.0,1.9912143e-13,0
58033,1.0,1.1888128e-10,0
58034,1.0,1.3855394e-12,0
58035,1.0,2.450657e-12,0
58036,1.0,2.693739e-12,0
58037,1.0,2.7376403e-13,0
58038,1.0,4.3064144e-08,0
58039,1.0,1.046321e-08,0
58040,1.0,6.1277217e-10,0
58041,1.0,3.4794405e-12,0
58042,1.0,2.0838364e-12,0
58043,1.0,2.5127036e-09,0
58044,1.0,2.5881249e-11,0
58045,1.0,6.342945e-12,0
58046,1.0,2.156856e-12,0
58047,1.0,1.0932167e-08,0
58048,1.0,9.344979e-10,0
58049,1.0,4.1193797e-08,0
58050,1.0,1.5669488e-09,0
58051,1.0,4.725561e-11,0
58052,1.0,4.242521e-12,0
58053,1.0,2.3036652e-11,0
58054,1.0,8.027736e-12,0
58055,1.0,1.6620981e-09,0
58056,1.0,9.30122e-13,0
58057,1.0,8.211254e-10,0
58058,1.0,1.11930205e-11,0
58059,1.0,5.8175634e-11,0
58060,1.0,2.538348e-10,0
58061,1.0,1.1200842e-14,0
58062,1.0,2.0481172e-11,0
58063,1.0,2.9391903e-12,0
58064,1.0,1.0462481e-10,0
58065,1.0,8.99411e-14,0
58066,0.99999976,2.2267027e-07,0
58067,1.0,1.8474422e-11,0
58068,1.0,3.1140597e-11,0
58069,1.0,1.0054845e-09,0
58070,1.0,1.224247e-11,0
58071,1.0,5.7556524e-09,0
58072,1.0,6.099456e-10,0
58073,1.0,9.653548e-09,0
58074,1.0,3.937532e-11,0
58075,1.0,1.2466835e-09,0
58076,1.0,1.26143315e-11,0
58077,1.0,2.0370528e-11,0
58078,1.0,2.0540973e-09,0
58079,1.0,1.0451502e-08,0
58080,1.0,2.3558672e-11,0
58081,1.0,2.400456e-10,0
58082,1.0,5.607204e-08,0
58083,1.0,3.4449161e-09,0
58084,1.0,1.3156574e-10,0
58085,1.0,8.742505e-09,0
58086,1.0,4.64553e-12,0
58087,1.0,2.4591239e-11,0
58088,1.0,1.5241647e-10,0
58089,1.0,8.8784785e-11,0
58090,1.0,5.37108e-10,0
58091,1.0,3.2433534e-10,0
58092,1.0,3.0065035e-09,0
58093,1.0,4.2034258e-11,0
58094,1.0,2.1037535e-11,0
58095,1.0,5.498808e-10,0
58096,1.0,1.05729e-09,0
58097,1.0,7.624967e-10,0
58098,1.0,7.235764e-12,0
58099,1.0,4.771164e-10,0
58100,1.0,3.1998428e-14,0
58101,1.0,5.305256e-10,0
58102,1.0,7.07695e-10,0
58103,1.0,3.753065e-11,0
58104,1.0,5.509542e-12,0
58105,1.0,1.5923396e-11,0
58106,1.0,1.0240718e-11,0
58107,1.0,2.044392e-09,0
58108,1.0,3.2303098e-09,0
58109,1.0,1.9068271e-12,0
58110,1.0,8.121474e-10,0
58111,1.0,3.2182992e-09,0
58112,1.0,3.0168839e-09,0
58113,1.0,6.987301e-10,0
58114,1.0,3.2041227e-11,0
58115,1.0,2.7347936e-11,0
58116,1.0,9.225067e-10,0
58117,1.0,1.0470302e-11,0
58118,1.0,2.3439417e-10,0
58119,1.0,1.4132548e-12,0
58120,1.0,1.2521623e-09,0
58121,1.0,1.3109561e-13,0
58122,1.0,3.992885e-11,0
58123,1.0,3.4526598e-12,0
58124,1.0,1.95822e-10,0
58125,1.0,2.350967e-10,0
58126,1.0,1.4322155e-11,0
58127,1.0,6.114246e-11,0
58128,1.0,2.1047066e-09,0
58129,1.0,2.136567e-09,0
58130,1.0,1.7173175e-12,0
58131,1.0,1.5151313e-12,0
58132,1.0,5.807472e-12,0
58133,1.0,1.052698e-09,0
58134,0.99999976,2.1937157e-07,0
58135,1.0,6.0478494e-13,0
58136,1.0,2.6550664e-10,0
58137,1.0,4.0399806e-12,0
58138,1.0,1.07169005e-11,0
58139,1.0,1.9889312e-11,0
58140,1.0,4.945566e-08,0
58141,1.0,8.8281604e-10,0
58142,1.0,3.3962705e-10,0
58143,1.0,1.1604171e-10,0
58144,1.0,1.9500814e-12,0
58145,1.0,8.180449e-12,0
58146,1.0,4.913016e-12,0
58147,1.0,1.2744745e-09,0
58148,1.0,2.9020237e-12,0
58149,1.0,4.2490317e-12,0
58150,1.0,1.6655641e-12,0
58151,1.0,4.0730107e-08,0
58152,1.0,7.672109e-12,0
58153,0.99999964,4.1280796e-07,0
58154,1.0,3.143566e-10,0
58155,1.0,3.6915963e-11,0
58156,1.0,5.8465155e-12,0
58157,1.0,9.3156996e-11,0
58158,1.0,7.235602e-11,0
58159,1.0,1.5747739e-10,0
58160,1.0,4.740574e-11,0
58161,1.0,9.151164e-10,0
58162,0.9999999,7.687681e-08,0
58163,1.0,9.044132e-11,0
58164,1.0,1.8155274e-12,0
58165,1.0,9.033198e-12,0
58166,1.0,1.3263846e-12,0
58167,1.0,8.817845e-10,0
58168,1.0,2.347148e-11,0
58169,1.0,1.1193426e-11,0
58170,1.0,2.428131e-10,0
58171,1.0,3.3084188e-11,0
58172,1.0,7.867336e-11,0
58173,1.0,1.6879082e-13,0
58174,1.0,3.4552902e-11,0
58175,1.0,3.8202427e-13,0
58176,1.0,3.8719952e-10,0
58177,1.0,1.967912e-12,0
58178,1.0,7.7991384e-13,0
58179,1.0,5.355217e-09,0
58180,1.0,6.3503413e-12,0
58181,1.0,2.2768647e-12,0
58182,1.0,2.1735662e-11,0
58183,0.99999654,3.47165e-06,0
58184,1.0,6.049675e-12,0
58185,1.0,1.9567498e-13,0
58186,1.0,3.2503108e-12,0
58187,0.9999999,6.619337e-08,0
58188,1.0,1.4058091e-10,0
58189,1.0,2.1584962e-10,0
58190,0.99999976,2.6124863e-07,0
58191,1.0,2.4400508e-12,0
58192,1.0,3.0844887e-09,0
58193,0.9999999,1.12469074e-07,0
58194,1.0,9.319103e-09,0
58195,1.0,1.6557922e-16,0
58196,1.0,1.2881975e-12,0
58197,1.0,3.318596e-10,0
58198,1.0,2.082419e-11,0
58199,1.0,2.1122784e-10,0
58200,1.0,1.9778167e-11,0
58201,1.0,1.1295687e-11,0
58202,1.0,8.381623e-11,0
58203,1.0,4.9243845e-13,0
58204,1.0,1.6128429e-12,0
58205,1.0,3.5091457e-12,0
58206,1.0,5.101691e-11,0
58207,1.0,2.86026e-12,0
58208,1.0,1.0185332e-12,0
58209,1.0,7.893734e-10,0
58210,1.0,1.582276e-11,0
58211,1.0,2.3090572e-12,0
58212,1.0,5.605503e-12,0
58213,1.0,6.822696e-13,0
58214,1.0,1.4838521e-12,0
58215,1.0,9.262983e-12,0
58216,1.0,1.2084676e-13,0
58217,1.0,6.00225e-13,0
58218,1.0,1.1069318e-13,0
58219,1.0,6.691873e-12,0
58220,1.0,1.6548745e-11,0
58221,1.0,2.7113295e-10,0
58222,1.0,9.87816e-13,0
58223,1.0,9.218774e-13,0
58224,1.0,7.0931594e-12,0
58225,1.0,1.6251214e-11,0
58226,1.0,6.227675e-10,0
58227,1.0,2.142485e-12,0
58228,1.0,2.146653e-12,0
58229,1.0,2.0954974e-13,0
58230,1.0,3.2194113e-12,0
58231,1.0,2.1484676e-12,0
58232,1.0,1.3096709e-14,0
58233,1.0,3.2318256e-13,0
58234,1.0,2.7423712e-12,0
58235,1.0,1.2552546e-12,0
58236,1.0,5.527718e-13,0
58237,1.0,3.4935705e-13,0
58238,0.9999993,7.7405224e-07,0
58239,0.99999714,2.876888e-06,0
58240,1.0,6.2852884e-10,0
58241,1.0,2.8452124e-10,0
58242,1.0,1.523496e-10,0
58243,1.0,3.484307e-13,0
58244,1.0,3.6062594e-11,0
58245,1.0,1.5314723e-11,0
58246,1.0,4.175606e-09,0
58247,1.0,1.2114759e-11,0
58248,1.0,2.696902e-11,0
58249,1.0,1.2048892e-12,0
58250,1.0,1.059923e-09,0
58251,1.0,1.9736124e-10,0
58252,1.0,5.6711217e-13,0
58253,1.0,1.1088999e-12,0
58254,1.0,3.2671288e-09,0
58255,1.0,3.8110438e-13,0
58256,1.0,6.6968015e-12,0
58257,1.0,1.1693298e-12,0
58258,1.0,2.9220745e-12,0
58259,1.0,3.3049028e-09,0
58260,1.0,3.4429122e-13,0
58261,1.0,2.6713644e-12,0
58262,1.0,1.5783983e-09,0
58263,1.0,7.494467e-13,0
58264,1.0,3.032292e-13,0
58265,1.0,1.00906325e-10,0
58266,1.0,7.3812175e-13,0
58267,1.0,4.8330087e-09,0
58268,1.0,2.5185008e-08,0
58269,1.0,4.2712286e-13,0
58270,1.0,2.6800126e-10,0
58271,1.0,3.968912e-12,0
58272,1.0,5.2166556e-13,0
58273,1.0,4.620504e-12,0
58274,1.0,1.1147108e-11,0
58275,1.0,2.0067943e-12,0
58276,1.0,5.924361e-13,0
58277,1.0,5.539336e-10,0
58278,0.99992204,7.796191e-05,0
58279,1.0,5.7444594e-11,0
58280,1.0,1.4231186e-10,0
58281,1.0,1.056457e-10,0
58282,1.0,1.881962e-11,0
58283,1.0,3.5084484e-09,0
58284,1.0,1.0926995e-12,0
58285,1.0,3.8359702e-13,0
58286,1.0,7.43284e-13,0
58287,1.0,1.3468896e-08,0
58288,1.0,3.319873e-11,0
58289,1.0,1.4835882e-13,0
58290,1.0,8.429897e-11,0
58291,1.0,1.550012e-08,0
58292,1.0,1.239436e-12,0
58293,1.0,2.0457912e-14,0
58294,1.0,4.5054715e-12,0
58295,1.0,2.7440212e-11,0
58296,1.0,9.0438906e-11,0
58297,1.0,1.350259e-12,0
58298,1.0,1.0733246e-11,0
58299,1.0,5.6976906e-11,0
58300,1.0,5.4160842e-11,0
58301,1.0,7.833526e-11,0
58302,1.0,5.970266e-10,0
58303,1.0,2.921597e-11,0
58304,1.0,1.8318621e-12,0
58305,1.0,8.06303e-12,0
58306,1.0,2.3217019e-11,0
58307,1.0,7.762412e-12,0
58308,1.0,1.6816694e-11,0
58309,1.0,1.0115939e-09,0
58310,1.0,3.6481356e-11,0
58311,1.0,1.0052022e-10,0
58312,1.0,2.3752233e-11,0
58313,0.9999995,4.313032e-07,0
58314,1.0,1.9207291e-10,0
58315,1.0,1.2082498e-11,0
58316,1.0,6.3039574e-10,0
58317,1.0,3.9857987e-12,0
58318,1.0,1.4886307e-13,0
58319,1.0,4.084896e-13,0
58320,1.0,2.5301174e-09,0
58321,1.0,2.0629084e-12,0
58322,1.0,1.2285358e-13,0
58323,1.0,3.5101835e-12,0
58324,1.0,1.1943275e-12,0
58325,1.0,3.9428638e-13,0
58326,1.0,2.2286352e-12,0
58327,1.0,6.6205468e-09,0
58328,1.0,4.47625e-10,0
58329,1.0,2.2128389e-13,0
58330,1.0,3.1353931e-13,0
58331,1.0,2.629224e-10,0
58332,1.0,6.891126e-12,0
58333,1.0,7.2276884e-10,0
58334,1.0,5.5674904e-10,0
58335,1.0,4.3866524e-09,0
58336,1.0,7.491469e-12,0
58337,1.0,1.951301e-09,0
58338,1.0,7.918219e-11,0
58339,1.0,9.609822e-10,0
58340,1.0,4.2486274e-08,0
58341,1.0,5.929533e-11,0
58342,1.0,7.6031537e-10,0
58343,1.0,6.3441062e-12,0
58344,1.0,3.164237e-09,0
58345,1.0,1.2863581e-09,0
58346,1.0,1.8087222e-08,0
58347,1.0,7.0952125e-13,0
58348,1.0,5.705096e-11,0
58349,1.0,2.0942672e-09,0
58350,1.0,1.4444138e-09,0
58351,1.0,8.662798e-09,0
58352,1.0,3.0097307e-11,0
58353,1.0,3.516743e-09,0
58354,1.0,2.569343e-13,0
58355,1.0,1.3522945e-13,0
58356,1.0,2.0252844e-10,0
58357,1.0,9.211876e-11,0
58358,1.0,7.848571e-11,0
58359,1.0,4.1874997e-12,0
58360,1.0,2.9147758e-09,0
58361,1.0,1.1634411e-12,0
58362,1.0,1.1186505e-12,0
58363,1.0,1.8707724e-13,0
58364,1.0,3.657435e-12,0
58365,1.0,5.24469e-13,0
58366,1.0,1.2758468e-08,0
58367,1.0,9.680625e-11,0
58368,1.0,6.6858637e-12,0
58369,1.0,5.1262224e-11,0
58370,1.0,1.3513282e-12,0
58371,1.0,8.589974e-13,0
58372,1.0,2.3844977e-14,0
58373,1.0,1.327237e-09,0
58374,1.0,6.5558816e-13,0
58375,1.0,2.9856467e-12,0
58376,1.0,1.5373022e-11,0
58377,1.0,3.0694922e-10,0
58378,1.0,3.3026326e-10,0
58379,1.0,1.0535413e-10,0
58380,1.0,4.582309e-12,0
58381,1.0,9.799218e-12,0
58382,1.0,4.2310922e-13,0
58383,1.0,7.948152e-14,0
58384,1.0,5.2290585e-09,0
58385,1.0,2.7427418e-09,0
58386,1.0,2.2171453e-12,0
58387,1.0,2.185123e-10,0
58388,1.0,1.5496586e-10,0
58389,1.0,2.1215396e-11,0
58390,1.0,5.3487965e-09,0
58391,1.0,5.843367e-10,0
58392,1.0,1.8128243e-09,0
58393,1.0,2.0742383e-10,0
58394,1.0,1.3641685e-11,0
58395,1.0,7.492549e-10,0
58396,1.0,4.80695e-11,0
58397,1.0,3.2989904e-12,0
58398,1.0,4.7527055e-11,0
58399,1.0,5.767015e-09,0
58400,1.0,4.4202456e-10,0
58401,1.0,5.969253e-10,0
58402,1.0,2.4860145e-11,0
58403,1.0,4.4878082e-10,0
58404,1.0,7.8863555e-11,0
58405,1.0,2.6999527e-12,0
58406,1.0,4.7715252e-11,0
58407,1.0,2.5315126e-09,0
58408,1.0,5.9760904e-13,0
58409,1.0,5.333036e-13,0
58410,1.0,1.8243488e-11,0
58411,1.0,4.5539816e-09,0
58412,1.0,2.2343054e-11,0
58413,1.0,7.962681e-12,0
58414,1.0,7.53917e-13,0
58415,1.0,1.271574e-11,0
58416,1.0,5.3461444e-09,0
58417,1.0,5.034704e-10,0
58418,1.0,3.2451197e-12,0
58419,1.0,1.2269166e-11,0
58420,1.0,1.2641843e-10,0
58421,1.0,1.4763627e-12,0
58422,1.0,3.4417667e-11,0
58423,1.0,1.0072609e-11,0
58424,1.0,2.1763622e-11,0
58425,1.0,3.2933823e-12,0
58426,1.0,2.9006337e-09,0
58427,1.0,7.0966913e-12,0
58428,1.0,1.3549784e-11,0
58429,1.0,4.575255e-11,0
58430,1.0,2.4802957e-09,0
58431,1.0,1.2519986e-11,0
58432,1.0,3.8689517e-11,0
58433,1.0,2.0538914e-11,0
58434,1.0,2.5253275e-11,0
58435,1.0,1.066648e-09,0
58436,1.0,4.517303e-12,0
58437,1.0,6.698296e-12,0
58438,1.0,8.907283e-10,0
58439,1.0,5.663987e-13,0
58440,1.0,4.750018e-13,0
58441,1.0,1.4884129e-12,0
58442,1.0,7.779921e-11,0
58443,1.0,1.9938365e-13,0
58444,1.0,1.3897537e-11,0
58445,1.0,8.2107406e-13,0
58446,1.0,3.7402184e-10,0
58447,1.0,2.7524534e-12,0
58448,1.0,3.2999155e-12,0
58449,1.0,4.347145e-10,0
58450,1.0,2.1823376e-13,0
58451,1.0,3.2534772e-10,0
58452,1.0,1.0256485e-09,0
58453,1.0,4.6776055e-10,0
58454,1.0,1.4040888e-10,0
58455,1.0,4.412889e-11,0
58456,1.0,9.796218e-10,0
58457,1.0,9.600922e-09,0
58458,1.0,3.8535486e-09,0
58459,1.0,4.4456463e-13,0
58460,1.0,5.3376157e-13,0
58461,1.0,2.9961247e-13,0
58462,1.0,2.8899963e-10,0
58463,1.0,1.57394e-09,0
58464,1.0,1.3156618e-11,0
58465,0.9999999,1.2134288e-07,0
58466,1.0,1.3636639e-11,0
58467,1.0,1.4972976e-11,0
58468,1.0,4.9318416e-08,0
58469,1.0,2.5460505e-08,0
58470,1.0,1.2679086e-09,0
58471,1.0,5.0210256e-11,0
58472,1.0,1.1985453e-11,0
58473,1.0,1.617261e-11,0
58474,1.0,3.8342187e-11,0
58475,1.0,1.4450924e-12,0
58476,1.0,3.073461e-12,0
58477,1.0,1.6049731e-10,0
58478,1.0,6.6766187e-10,0
58479,1.0,4.026666e-11,0
58480,0.99999917,7.906879e-07,0
58481,1.0,4.3659427e-09,0
58482,1.0,1.3378093e-10,0
58483,1.0,1.6186999e-10,0
58484,1.0,1.3280816e-11,0
58485,1.0,1.6330541e-11,0
58486,1.0,1.1815098e-09,0
58487,1.0,1.2124335e-10,0
58488,0.9999999,1.7670902e-07,0
58489,1.0,3.970438e-10,0
58490,1.0,4.0646826e-12,0
58491,1.0,1.2271856e-11,0
58492,1.0,1.23709844e-11,0
58493,1.0,6.0182853e-10,0
58494,1.0,6.2465575e-09,0
58495,1.0,1.0961283e-10,0
58496,1.0,2.6284033e-09,0
58497,1.0,2.4830493e-10,0
58498,1.0,2.120419e-11,0
58499,1.0,1.3116104e-11,0
58500,1.0,8.237583e-12,0
58501,1.0,1.9174916e-12,0
58502,1.0,4.30449e-13,0
58503,1.0,1.0070411e-09,0
58504,1.0,1.0313166e-11,0
58505,1.0,3.3111004e-08,0
58506,1.0,4.6753152e-09,0
58507,1.0,6.873507e-13,0
58508,1.0,5.897942e-10,0
58509,1.0,9.048264e-13,0
58510,1.0,1.2606305e-10,0
58511,1.0,5.921989e-09,0
58512,1.0,1.0684318e-09,0
58513,1.0,1.1437795e-08,0
58514,1.0,9.298528e-12,0
58515,1.0,1.0178906e-08,0
58516,1.0,3.0890939e-12,0
58517,1.0,1.0309238e-10,0
58518,1.0,3.5779362e-11,0
58519,1.0,2.540741e-10,0
58520,1.0,7.4793234e-11,0
58521,1.0,3.8559382e-09,0
58522,1.0,1.4102042e-08,0
58523,1.0,3.526635e-10,0
58524,1.0,1.098794e-08,0
58525,1.0,7.832565e-12,0
58526,1.0,9.375856e-12,0
58527,1.0,4.4852752e-10,0
58528,1.0,3.0695665e-11,0
58529,1.0,3.4831594e-08,0
58530,1.0,1.25587795e-11,0
58531,1.0,2.6173681e-12,0
58532,1.0,6.4871675e-10,0
58533,1.0,3.5289383e-09,0
58534,1.0,2.5711414e-10,0
58535,1.0,2.539262e-11,0
58536,1.0,2.7645128e-12,0
58537,1.0,7.1693525e-13,0
58538,1.0,3.2671797e-12,0
58539,1.0,4.6592313e-12,0
58540,0.99999976,1.8024478e-07,0
58541,1.0,4.4369612e-14,0
58542,1.0,8.253452e-12,0
58543,1.0,1.593697e-08,0
58544,0.9999994,5.7111146e-07,0
58545,1.0,1.2668285e-12,0
58546,1.0,2.361358e-13,0
58547,1.0,2.1707075e-11,0
58548,1.0,1.2175178e-10,0
58549,1.0,2.0268908e-11,0
58550,1.0,2.5754199e-11,0
58551,1.0,3.8904116e-11,0
58552,1.0,7.135496e-12,0
58553,1.0,2.9430247e-10,0
58554,1.0,1.4032374e-10,0
58555,1.0,3.0264825e-11,0
58556,1.0,1.0662203e-10,0
58557,1.0,1.7426579e-09,0
58558,1.0,4.7910803e-10,0
58559,1.0,1.0629679e-09,0
58560,1.0,7.3582945e-12,0
58561,1.0,2.4627032e-09,0
58562,1.0,3.3266553e-11,0
58563,1.0,8.4288965e-12,0
58564,0.99999964,3.384034e-07,0
58565,1.0,4.8269396e-12,0
58566,1.0,1.1316782e-10,0
58567,1.0,5.6174825e-11,0
58568,1.0,7.520826e-10,0
58569,1.0,7.0946453e-09,0
58570,1.0,5.8584566e-13,0
58571,1.0,1.2895314e-10,0
58572,1.0,4.9211146e-10,0
58573,1.0,1.124236e-11,0
58574,1.0,3.008861e-13,0
58575,1.0,7.723214e-09,0
58576,1.0,2.6341004e-12,0
58577,1.0,3.0132387e-12,0
58578,1.0,6.424486e-12,0
58579,1.0,3.69856e-11,0
58580,1.0,2.893966e-11,0
58581,0.9999995,4.247246e-07,0
58582,1.0,4.477138e-10,0
58583,1.0,1.0086798e-11,0
58584,1.0,4.5311354e-12,0
58585,1.0,8.9816e-13,0
58586,1.0,1.1944421e-11,0
58587,1.0,2.9142757e-09,0
58588,1.0,8.3960394e-11,0
58589,1.0,5.0418315e-11,0
58590,1.0,4.8726658e-11,0
58591,1.0,3.197159e-10,0
58592,1.0,1.1463599e-10,0
58593,1.0,2.4831606e-12,0
58594,1.0,2.8058377e-11,0
58595,1.0,1.8047141e-12,0
58596,1.0,3.8822355e-11,0
58597,1.0,1.7766517e-10,0
58598,1.0,3.1742924e-11,0
58599,1.0,1.890236e-11,0
58600,1.0,5.419784e-11,0
58601,1.0,5.093876e-10,0
58602,1.0,1.4733878e-10,0
58603,1.0,3.322106e-09,0
58604,1.0,5.7802396e-13,0
58605,1.0,2.4192263e-11,0
58606,1.0,2.8659623e-11,0
58607,1.0,1.9662675e-13,0
58608,1.0,1.080912e-10,0
58609,1.0,6.8821025e-12,0
58610,0.99999976,2.7226872e-07,0
58611,1.0,2.1101452e-09,0
58612,0.9999987,1.2927928e-06,0
58613,1.0,1.1674941e-11,0
58614,1.0,3.318787e-13,0
58615,1.0,6.4583707e-12,0
58616,1.0,6.186177e-11,0
58617,1.0,6.72331e-11,0
58618,1.0,1.739819e-12,0
58619,1.0,6.8607e-12,0
58620,1.0,1.7776e-11,0
58621,1.0,3.872758e-09,0
58622,1.0,8.179331e-11,0
58623,1.0,2.1605967e-10,0
58624,1.0,4.233306e-12,0
58625,1.0,5.4294143e-12,0
58626,1.0,2.4145266e-09,0
58627,1.0,1.0096331e-10,0
58628,1.0,2.8376058e-12,0
58629,1.0,1.972203e-12,0
58630,1.0,8.975885e-12,0
58631,1.0,2.1194758e-12,0
58632,1.0,1.0418845e-11,0
58633,1.0,3.253066e-11,0
58634,1.0,2.881051e-11,0
58635,1.0,4.6197535e-09,0
58636,1.0,1.5607786e-11,0
58637,1.0,5.36188e-13,0
58638,1.0,2.5746488e-11,0
58639,1.0,1.4063387e-12,0
58640,1.0,6.362392e-12,0
58641,1.0,3.7102423e-13,0
58642,1.0,5.2546433e-13,0
58643,1.0,8.9927946e-13,0
58644,1.0,8.9095804e-13,0
58645,1.0,3.899919e-12,0
58646,1.0,1.3755011e-13,0
58647,1.0,2.5503846e-09,0
58648,0.99999964,3.9936114e-07,0
58649,0.99999976,2.786499e-07,0
58650,1.0,3.274003e-13,0
58651,1.0,5.9419675e-10,0
58652,1.0,3.5548762e-11,0
58653,1.0,1.3337882e-11,0
58654,1.0,1.6506581e-13,0
58655,1.0,8.121222e-11,0
58656,1.0,6.999005e-12,0
58657,1.0,1.1981951e-12,0
58658,1.0,4.8787177e-12,0
58659,1.0,2.5407976e-11,0
58660,1.0,2.9677153e-13,0
58661,1.0,2.1887814e-10,0
58662,1.0,1.348734e-10,0
58663,1.0,3.0199417e-12,0
58664,0.9999962,3.798546e-06,0
58665,1.0,4.7907832e-12,0
58666,1.0,2.6437595e-08,0
58667,1.0,1.6742693e-08,0
58668,1.0,3.9532314e-10,0
58669,1.0,1.4263353e-11,0
58670,1.0,8.697035e-09,0
58671,1.0,1.9639412e-08,0
58672,1.0,4.288128e-12,0
58673,1.0,2.8848163e-12,0
58674,1.0,5.0592014e-14,0
58675,1.0,2.3387658e-10,0
58676,1.0,1.8459266e-12,0
58677,1.0,3.962096e-09,0
58678,1.0,1.2572746e-12,0
58679,1.0,1.650079e-09,0
58680,1.0,1.0185843e-11,0
58681,1.0,1.3894734e-10,0
58682,1.0,4.5359716e-11,0
58683,1.0,2.005762e-11,0
58684,1.0,2.4024243e-11,0
58685,0.9999993,6.592889e-07,0
58686,1.0,2.9106214e-12,0
58687,1.0,2.4642444e-09,0
58688,1.0,2.2139335e-12,0
58689,1.0,1.194712e-13,0
58690,1.0,4.4412416e-12,0
58691,1.0,6.307872e-12,0
58692,1.0,5.4350475e-13,0
58693,1.0,5.71301e-12,0
58694,1.0,2.7528893e-12,0
58695,1.0,7.0375265e-13,0
58696,1.0,4.9760586e-13,0
58697,1.0,9.43394e-12,0
58698,0.9999995,4.946161e-07,0
58699,1.0,4.3319234e-10,0
58700,1.0,3.921356e-12,0
58701,1.0,6.8570334e-13,0
58702,1.0,4.1865754e-11,0
58703,1.0,2.333349e-09,0
58704,0.9999999,6.3515884e-08,0
58705,1.0,5.2489534e-13,0
58706,1.0,3.1761909e-13,0
58707,1.0,2.8727393e-10,0
58708,1.0,2.4367685e-11,0
58709,1.0,8.982718e-12,0
58710,1.0,6.3892554e-12,0
58711,1.0,3.8163683e-13,0
58712,1.0,4.5659596e-12,0
58713,1.0,2.0225182e-12,0
58714,1.0,8.326661e-12,0
58715,1.0,3.268177e-12,0
58716,1.0,2.0913231e-11,0
58717,1.0,1.1600177e-12,0
58718,1.0,3.2641773e-12,0
58719,1.0,5.520688e-10,0
58720,1.0,1.857761e-10,0
58721,1.0,1.3087073e-10,0
58722,1.0,9.336363e-12,0
58723,1.0,2.4938699e-11,0
58724,1.0,5.3008505e-12,0
58725,1.0,1.3805017e-11,0
58726,1.0,3.6557368e-10,0
58727,1.0,1.3508798e-12,0
58728,1.0,5.1050614e-10,0
58729,1.0,4.5059675e-13,0
58730,1.0,2.042193e-10,0
58731,1.0,1.4222861e-13,0
58732,1.0,1.2530378e-11,0
58733,1.0,7.3155365e-10,0
58734,1.0,5.043334e-10,0
58735,0.99999964,3.5374856e-07,0
58736,1.0,1.6131945e-11,0
58737,1.0,2.0606428e-09,0
58738,1.0,5.639673e-11,0
58739,1.0,3.2426078e-12,0
58740,1.0,2.084225e-09,0
58741,1.0,2.0216398e-11,0
58742,1.0,5.227261e-10,0
58743,1.0,1.762565e-12,0
58744,1.0,5.2948787e-12,0
58745,1.0,2.4276864e-10,0
58746,1.0,3.0343547e-11,0
58747,1.0,2.7104695e-11,0
58748,1.0,1.6613405e-09,0
58749,1.0,4.6966793e-08,0
58750,1.0,7.4729e-09,0
58751,1.0,7.0446995e-09,0
58752,1.0,3.9271513e-11,0
58753,1.0,7.630848e-13,0
58754,1.0,8.443901e-10,0
58755,1.0,9.7257966e-12,0
58756,1.0,8.158888e-11,0
58757,1.0,5.8261113e-12,0
58758,1.0,1.1821255e-12,0
58759,1.0,2.178229e-09,0
58760,1.0,7.609733e-12,0
58761,1.0,4.644075e-13,0
58762,1.0,2.9251446e-10,0
58763,1.0,9.721652e-10,0
58764,1.0,1.1778263e-13,0
58765,1.0,1.4791304e-12,0
58766,0.9999999,1.5160862e-07,0
58767,1.0,1.5272841e-14,0
58768,1.0,1.6343801e-09,0
58769,1.0,1.7595841e-10,0
58770,1.0,7.644834e-09,0
58771,1.0,8.556203e-14,0
58772,1.0,3.2008382e-10,0
58773,1.0,1.8972606e-12,0
58774,1.0,7.585467e-14,0
58775,1.0,2.8168474e-14,0
58776,1.0,1.8909914e-13,0
58777,1.0,1.8183883e-14,0
58778,1.0,1.5651093e-12,0
58779,1.0,3.929133e-13,0
58780,1.0,5.282879e-10,0
58781,1.0,7.686606e-13,0
58782,1.0,5.1536574e-13,0
58783,1.0,5.5302602e-09,0
58784,1.0,1.0406953e-10,0
58785,1.0,3.7807712e-14,0
58786,1.0,6.8685785e-13,0
58787,1.0,8.746366e-11,0
58788,1.0,1.184213e-12,0
58789,1.0,3.9070797e-13,0
58790,1.0,1.6426768e-10,0
58791,1.0,2.2319629e-11,0
58792,1.0,1.1194488e-12,0
58793,1.0,5.6179275e-09,0
58794,1.0,5.3062547e-11,0
58795,1.0,1.63259e-11,0
58796,1.0,8.214253e-12,0
58797,1.0,2.7522216e-09,0
58798,1.0,5.6872616e-13,0
58799,1.0,1.8833096e-10,0
58800,1.0,2.7201987e-09,0
58801,1.0,1.1952357e-10,0
58802,1.0,2.5559785e-14,0
58803,1.0,4.9210793e-13,0
58804,1.0,2.1046382e-09,0
58805,1.0,1.2125161e-11,0
58806,1.0,5.6240945e-12,0
58807,1.0,3.1198235e-13,0
58808,1.0,5.550544e-11,0
58809,0.99999917,8.620242e-07,0
58810,1.0,4.8662012e-11,0
58811,1.0,9.676693e-11,0
58812,1.0,1.2780228e-10,0
58813,1.0,1.2531303e-12,0
58814,0.9999932,6.743162e-06,0
58815,1.0,1.2149902e-12,0
58816,1.0,1.9256172e-08,0
58817,1.0,2.776798e-13,0
58818,0.99999976,2.4360526e-07,0
58819,0.99999976,1.8565557e-07,0
58820,0.99999964,4.0740682e-07,0
58821,0.9999999,8.8971206e-08,0
58822,1.0,3.4012842e-12,0
58823,1.0,6.4031996e-12,0
58824,0.9999999,6.703895e-08,0
58825,1.0,8.725206e-11,0
58826,1.0,4.3143992e-11,0
58827,0.9999993,7.166334e-07,0
58828,0.9999999,9.593604e-08,0
58829,1.0,4.236771e-12,0
58830,1.0,3.4582818e-12,0
58831,1.0,3.1435369e-13,0
58832,1.0,3.4196413e-12,0
58833,1.0,5.825225e-11,0
58834,1.0,4.1301594e-11,0
58835,1.0,3.8743613e-09,0
58836,1.0,2.1337558e-10,0
58837,1.0,2.8247866e-08,0
58838,1.0,3.4265573e-11,0
58839,1.0,4.0786393e-08,0
58840,1.0,1.221986e-08,0
58841,1.0,7.155121e-12,0
58842,1.0,3.099192e-08,0
58843,1.0,4.4379606e-10,0
58844,1.0,4.577093e-09,0
58845,1.0,1.8790146e-10,0
58846,1.0,2.3599735e-11,0
58847,1.0,2.556331e-09,0
58848,1.0,1.2404283e-10,0
58849,1.0,6.5455086e-10,0
58850,1.0,2.400822e-10,0
58851,0.99999857,1.4655675e-06,0
58852,1.0,4.3748432e-14,0
58853,0.9999924,7.6142132e-06,0
58854,1.0,1.4128747e-12,0
58855,1.0,2.4848104e-11,0
58856,1.0,1.0613912e-10,0
58857,0.9999988,1.1523103e-06,0
58858,0.99999976,2.05691e-07,0
58859,1.0,3.2907187e-13,0
58860,1.0,9.575356e-09,0
58861,1.0,4.4494172e-11,0
58862,1.0,3.452759e-08,0
58863,1.0,4.537892e-15,0
58864,0.99999964,3.507444e-07,0
58865,0.99999964,3.002414e-07,0
58866,1.0,5.948969e-12,0
58867,0.9999889,1.10809015e-05,0
58868,1.0,3.1203907e-08,0
58869,1.0,3.1325435e-12,0
58870,0.9999989,1.0863448e-06,0
58871,0.99999976,2.1235839e-07,0
58872,0.9999782,2.1857855e-05,0
58873,0.99999595,4.0508057e-06,0
58874,1.0,1.4324554e-08,0
58875,0.9999943,5.6727104e-06,0
58876,1.0,1.0427283e-09,0
58877,1.0,3.904631e-08,0
58878,0.999998,1.9696674e-06,0
58879,1.0,2.7852284e-08,0
58880,0.99999607,3.8779745e-06,0
58881,0.99999964,3.3992947e-07,0
58882,0.99999917,8.0099613e-07,0
58883,0.9999987,1.3010202e-06,0
58884,0.9999963,3.7463662e-06,0
58885,0.99999964,3.7641868e-07,0
58886,0.9999993,7.3769075e-07,0
58887,1.0,2.7627244e-13,0
58888,1.0,9.571922e-09,0
58889,0.999998,1.9865627e-06,0
58890,1.0,7.4159316e-17,0
58891,1.0,4.4398785e-08,0
58892,1.0,1.4249072e-08,0
58893,1.0,4.882958e-10,0
58894,0.9999989,1.0229e-06,0
58895,0.99999785,2.1123626e-06,0
58896,0.99999356,6.471684e-06,0
58897,0.9999988,1.1440859e-06,0
58898,0.99999976,2.2226926e-07,0
58899,0.99999785,2.1526578e-06,0
58900,1.0,2.1652856e-08,0
58901,1.0,1.2164281e-08,0
58902,0.999992,7.955143e-06,0
58903,1.0,2.051239e-09,0
58904,0.9999993,7.6285517e-07,0
58905,0.9999995,4.4868798e-07,0
58906,1.0,8.544935e-10,0
58907,1.0,8.609133e-09,0
58908,1.0,3.3030401e-15,0
58909,1.0,2.863468e-13,0
58910,0.99999976,2.4633252e-07,0
58911,0.9999999,1.6722689e-07,0
58912,1.0,1.244937e-09,0
58913,1.0,2.7631202e-09,0
58914,0.9999995,4.5085622e-07,0
58915,0.9999987,1.2944508e-06,0
58916,0.99999964,3.4876174e-07,0
58917,0.99999714,2.8838485e-06,0
58918,0.9999964,3.5861926e-06,0
58919,0.9999943,5.7415605e-06,0
58920,0.9999994,6.3368134e-07,0
58921,0.9999994,5.811589e-07,0
58922,1.0,2.807448e-08,0
58923,1.0,1.4288207e-08,0
58924,0.99999833,1.6332019e-06,0
58925,0.99999917,8.6770706e-07,0
58926,0.999998,1.9901313e-06,0
58927,0.99999976,2.3298752e-07,0
58928,0.9999993,6.9841883e-07,0
58929,0.9999999,1.7860114e-07,0
58930,1.0,4.984602e-08,0
58931,0.9999957,4.2333654e-06,0
58932,0.9999988,1.2247752e-06,0
58933,1.0,2.1204931e-10,0
58934,1.0,3.9228002e-08,0
58935,0.99999857,1.375095e-06,0
58936,1.0,3.0704697e-14,0
58937,0.999997,2.9309501e-06,0
58938,0.99999976,1.8092695e-07,0
58939,1.0,3.438155e-09,0
58940,1.0,9.1240245e-11,0
58941,1.0,2.7204464e-10,0
58942,1.0,3.3849708e-11,0
58943,0.99999917,8.2072273e-07,0
58944,1.0,5.7550397e-12,0
58945,0.99999905,9.3300054e-07,0
58946,0.99999726,2.778199e-06,0
58947,1.0,2.1091443e-08,0
58948,0.99999857,1.4090798e-06,0
58949,1.0,4.910592e-11,0
58950,1.0,1.445315e-09,0
58951,0.9999999,8.8095824e-08,0
58952,0.9999994,5.7697014e-07,0
58953,0.99999857,1.388097e-06,0
58954,0.9999999,1.0928377e-07,0
58955,0.9999374,6.252532e-05,0
58956,0.99999547,4.4874455e-06,0
58957,1.0,5.6105818e-09,0
58958,1.0,1.3656779e-08,0
58959,0.9999994,6.2747887e-07,0
58960,1.0,1.1700829e-10,0
58961,1.0,5.38715e-09,0
58962,1.0,7.499859e-09,0
58963,0.99999833,1.6558091e-06,0
58964,1.0,1.022648e-09,0
58965,0.99999547,4.5688885e-06,0
58966,1.0,2.3394808e-09,0
58967,1.0,2.2146676e-09,0
58968,1.0,9.429686e-10,0
58969,0.99999607,3.886664e-06,0
58970,0.9999974,2.6152134e-06,0
58971,0.9999995,4.811168e-07,0
58972,0.99999976,2.7545136e-07,0
58973,0.99999905,9.28456e-07,0
58974,0.99999964,4.150925e-07,0
58975,0.99999964,3.831151e-07,0
58976,0.9999988,1.1852072e-06,0
58977,1.0,2.4243005e-09,0
58978,1.0,1.2989e-09,0
58979,1.0,9.274329e-09,0
58980,1.0,2.2927363e-08,0
58981,0.9999994,6.125221e-07,0
58982,1.0,6.587243e-09,0
58983,1.0,2.9603735e-08,0
58984,0.9999993,7.3837066e-07,0
58985,0.9999995,4.843559e-07,0
58986,1.0,2.8341011e-08,0
58987,0.9999999,8.081707e-08,0
58988,0.9999995,4.2413444e-07,0
58989,1.0,1.3242589e-08,0
58990,0.9999999,7.58821e-08,0
58991,0.9999999,6.025136e-08,0
58992,1.0,4.8257068e-08,0
58993,1.0,6.791446e-09,0
58994,1.0,4.3043222e-11,0
58995,1.0,4.7815274e-08,0
58996,0.99999976,2.1435935e-07,0
58997,0.9999995,5.144312e-07,0
58998,1.0,2.2741132e-08,0
58999,0.99999833,1.7052789e-06,0
59000,0.99999976,2.659236e-07,0
59001,0.9999963,3.6986505e-06,0
59002,1.0,6.613201e-09,0
59003,1.0,9.2435076e-10,0
59004,0.9999999,1.0437899e-07,0
59005,1.0,2.1355381e-11,0
59006,0.99999464,5.339576e-06,0
59007,1.0,1.0989255e-09,0
59008,1.0,8.028383e-11,0
59009,0.99999976,1.9969269e-07,0
59010,1.0,8.990342e-09,0
59011,1.0,3.5937868e-09,0
59012,1.0,5.598051e-10,0
59013,1.0,1.3300798e-10,0
59014,0.99999964,3.4883726e-07,0
59015,0.99999845,1.5147855e-06,0
59016,1.0,4.1422915e-08,0
59017,0.9999989,1.0437984e-06,0
59018,1.0,5.1947e-10,0
59019,0.9999999,8.923667e-08,0
59020,0.9999995,5.108009e-07,0
59021,0.9999993,6.7848964e-07,0
59022,1.0,1.4400263e-09,0
59023,0.99999857,1.4810043e-06,0
59024,0.99999976,2.4921292e-07,0
59025,1.0,4.4162953e-09,0
59026,1.0,1.4797477e-09,0
59027,1.0,2.1003785e-10,0
59028,0.99999666,3.3179995e-06,0
59029,1.0,4.6059778e-08,0
59030,0.9999918,8.249648e-06,0
59031,0.9999989,1.0652009e-06,0
59032,1.0,5.2078577e-09,0
59033,0.9999999,7.348491e-08,0
59034,0.99999857,1.4023259e-06,0
59035,0.99999964,3.1257284e-07,0
59036,1.0,4.0843688e-08,0
59037,0.9999927,7.3260057e-06,0
59038,1.0,2.523035e-08,0
59039,0.9999982,1.8254292e-06,0
59040,1.0,8.946884e-11,0
59041,1.0,3.636276e-08,0
59042,1.0,2.8558036e-10,0
59043,0.99999905,9.5825e-07,0
59044,1.0,2.6843097e-10,0
59045,1.0,1.7309766e-10,0
59046,1.0,1.7848705e-11,0
59047,1.0,1.6715586e-10,0
59048,1.0,8.965171e-09,0
59049,1.0,9.137757e-09,0
59050,0.9999999,1.0715878e-07,0
59051,1.0,4.73678e-10,0
59052,0.9999999,1.09195625e-07,0
59053,1.0,2.025379e-08,0
59054,0.9999994,6.234514e-07,0
59055,0.99999607,3.9879515e-06,0
59056,0.99999654,3.413039e-06,0
59057,1.0,3.3241582e-10,0
59058,0.9999999,9.3753904e-08,0
59059,0.9999949,5.127529e-06,0
59060,0.99999833,1.6749996e-06,0
59061,0.9999999,1.2673489e-07,0
59062,0.9999999,7.052137e-08,0
59063,0.9999994,5.613148e-07,0
59064,1.0,7.305414e-10,0
59065,0.99999905,9.920135e-07,0
59066,0.9999989,1.0626339e-06,0
59067,1.0,3.4446085e-12,0
59068,0.99999833,1.6975845e-06,0
59069,1.0,3.340273e-08,0
59070,0.9999995,5.028183e-07,0
59071,1.0,2.5331426e-11,0
59072,1.0,3.0579992e-09,0
59073,1.0,2.4264159e-08,0
59074,1.0,2.3406415e-09,0
59075,1.0,3.2202717e-08,0
59076,1.0,2.8438096e-12,0
59077,0.99999905,9.4181155e-07,0
59078,1.0,2.4975568e-09,0
59079,1.0,8.67443e-11,0
59080,1.0,4.3325185e-10,0
59081,1.0,3.101177e-09,0
59082,1.0,4.1025308e-11,0
59083,1.0,1.0085452e-11,0
59084,1.0,1.2967594e-08,0
59085,1.0,1.3611413e-10,0
59086,1.0,4.1675177e-11,0
59087,1.0,5.4783678e-12,0
59088,1.0,1.1502616e-12,0
59089,1.0,3.0048423e-12,0
59090,0.9999999,1.7361438e-07,0
59091,1.0,1.6848006e-10,0
59092,1.0,5.2689596e-11,0
59093,1.0,2.7879973e-12,0
59094,1.0,3.4633466e-11,0
59095,1.0,1.0202573e-13,0
59096,1.0,1.1946854e-08,0
59097,1.0,4.5533732e-09,0
59098,1.0,3.2502787e-09,0
59099,0.9999994,6.098607e-07,0
59100,0.9999995,4.3725623e-07,0
59101,1.0,3.9533635e-08,0
59102,0.99999976,2.250395e-07,0
59103,1.0,1.7811084e-08,0
59104,1.0,3.08904e-09,0
59105,0.9999981,1.9221588e-06,0
59106,0.9999989,1.0231946e-06,0
59107,1.0,2.9237698e-08,0
59108,0.99999964,3.1809282e-07,0
59109,0.9999999,8.584575e-08,0
59110,0.99999976,2.6260025e-07,0
59111,1.0,1.874685e-08,0
59112,1.0,1.1062524e-09,0
59113,1.0,1.369296e-15,0
59114,1.0,1.6542996e-08,0
59115,0.9999981,1.8706025e-06,0
59116,0.9999999,1.2255717e-07,0
59117,0.99999833,1.6218373e-06,0
59118,1.0,5.2204907e-12,0
59119,1.0,1.1835599e-09,0
59120,0.9999994,5.9974815e-07,0
59121,0.9999999,1.0454716e-07,0
59122,0.9999999,8.4654864e-08,0
59123,0.9999995,4.6343177e-07,0
59124,1.0,1.0235924e-09,0
59125,0.9999999,1.1229716e-07,0
59126,1.0,5.0678803e-08,0
59127,1.0,6.253883e-11,0
59128,0.9999999,1.4532776e-07,0
59129,1.0,6.5917427e-09,0
59130,1.0,2.9453197e-11,0
59131,0.9999999,1.0857093e-07,0
59132,1.0,1.809012e-08,0
59133,1.0,1.3581785e-08,0
59134,1.0,1.252996e-09,0
59135,1.0,6.7372774e-11,0
59136,1.0,7.829306e-13,0
59137,1.0,5.061272e-12,0
59138,0.9999994,5.378676e-07,0
59139,1.0,1.1577955e-13,0
59140,1.0,4.3023644e-13,0
59141,0.99999666,3.3271667e-06,0
59142,0.9999999,1.07226874e-07,0
59143,0.99999976,2.1987195e-07,0
59144,0.99999917,8.8239585e-07,0
59145,1.0,2.7669081e-08,0
59146,1.0,1.326479e-11,0
59147,1.0,3.2480365e-08,0
59148,1.0,5.6099503e-09,0
59149,1.0,2.7618526e-11,0
59150,0.99999857,1.4391424e-06,0
59151,1.0,4.776265e-09,0
59152,0.9999994,5.464003e-07,0
59153,1.0,5.471213e-09,0
59154,0.99999905,9.197191e-07,0
59155,0.99999964,3.6555147e-07,0
59156,0.9999994,6.466765e-07,0
59157,1.0,6.324624e-10,0
59158,0.99999976,2.271842e-07,0
59159,0.9999989,1.0181642e-06,0
59160,1.0,1.0332674e-08,0
59161,1.0,1.416823e-08,0
59162,0.9999999,8.8452595e-08,0
59163,0.9999987,1.3131564e-06,0
59164,1.0,4.0123894e-08,0
59165,0.99999905,9.884022e-07,0
59166,1.0,3.808946e-08,0
59167,1.0,4.3420616e-08,0
59168,1.0,1.2811623e-09,0
59169,1.0,1.8487553e-09,0
59170,0.9999995,5.00986e-07,0
59171,1.0,7.3555806e-10,0
59172,1.0,4.483838e-10,0
59173,1.0,3.6928678e-09,0
59174,1.0,1.6642964e-09,0
59175,1.0,2.6847244e-10,0
59176,1.0,1.3859622e-12,0
59177,0.9999999,6.371682e-08,0
59178,1.0,4.0879223e-12,0
59179,1.0,9.366793e-12,0
59180,1.0,2.5116756e-11,0
59181,1.0,8.6988265e-09,0
59182,1.0,1.1593607e-12,0
59183,1.0,2.8984074e-11,0
59184,1.0,6.5591275e-11,0
59185,1.0,2.3168759e-11,0
59186,1.0,1.8160558e-10,0
59187,1.0,4.0857592e-10,0
59188,1.0,5.048611e-09,0
59189,1.0,6.987681e-12,0
59190,1.0,1.6225445e-11,0
59191,1.0,3.976446e-11,0
59192,1.0,1.0972416e-09,0
59193,1.0,4.111855e-10,0
59194,1.0,1.10899345e-11,0
59195,1.0,2.4982023e-11,0
59196,0.9999951,4.9453865e-06,0
59197,1.0,2.5485758e-09,0
59198,0.9999999,1.3306754e-07,0
59199,0.9999994,5.881434e-07,0
59200,1.0,4.1737767e-08,0
59201,0.9999988,1.1974707e-06,0
59202,1.0,5.699979e-09,0
59203,1.0,1.1505268e-09,0
59204,1.0,3.2127502e-08,0
59205,0.9999969,3.0697054e-06,0
59206,1.0,1.828702e-09,0
59207,0.9999999,1.3759723e-07,0
59208,1.0,6.144384e-11,0
59209,0.99999976,1.9135244e-07,0
59210,1.0,8.48501e-09,0
59211,1.0,2.2823782e-08,0
59212,0.99999344,6.497391e-06,0
59213,1.0,4.6007887e-08,0
59214,0.9999999,1.2283004e-07,0
59215,1.0,1.940186e-09,0
59216,0.9999994,6.113998e-07,0
59217,0.9999999,1.5060823e-07,0
59218,0.9999994,6.208864e-07,0
59219,0.9999994,6.445179e-07,0
59220,0.9999999,8.420219e-08,0
59221,1.0,8.434666e-09,0
59222,1.0,3.5342882e-08,0
59223,0.99999976,2.3181175e-07,0
59224,1.0,7.024499e-11,0
59225,1.0,1.5843773e-08,0
59226,1.0,1.171815e-08,0
59227,0.9999999,6.440595e-08,0
59228,0.9999999,1.046529e-07,0
59229,0.9999999,1.5017766e-07,0
59230,0.9999994,5.684109e-07,0
59231,0.9999999,1.1918637e-07,0
59232,0.99999726,2.6954924e-06,0
59233,0.9999993,7.4982734e-07,0
59234,1.0,8.354661e-12,0
59235,0.99999976,1.9336188e-07,0
59236,1.0,2.2831596e-10,0
59237,1.0,1.24799975e-08,0
59238,1.0,9.751945e-13,0
59239,0.9999999,1.7857286e-07,0
59240,0.9999994,5.723895e-07,0
59241,1.0,1.6884301e-09,0
59242,1.0,3.3957262e-10,0
59243,1.0,4.4132893e-09,0
59244,1.0,8.8046853e-10,0
59245,0.9999999,1.4871893e-07,0
59246,1.0,9.391333e-09,0
59247,1.0,3.152203e-08,0
59248,0.9999999,1.435047e-07,0
59249,1.0,2.5118794e-09,0
59250,1.0,1.242666e-10,0
59251,1.0,9.399352e-11,0
59252,0.9999976,2.3634286e-06,0
59253,1.0,1.5043002e-10,0
59254,0.99999917,7.8371664e-07,0
59255,1.0,2.0498143e-10,0
59256,1.0,5.6823474e-10,0
59257,0.9999989,1.0859802e-06,0
59258,1.0,2.2567073e-09,0
59259,1.0,1.0748273e-09,0
59260,0.99999976,2.4965325e-07,0
59261,0.9999989,1.0400613e-06,0
59262,1.0,6.8886403e-09,0
59263,0.99968636,0.0003136398,0
59264,0.99999034,9.6862905e-06,0
59265,1.0,2.1544345e-08,0
59266,0.9999993,7.2330795e-07,0
59267,1.0,1.1641858e-10,0
59268,1.0,6.1358585e-11,0
59269,1.0,7.542148e-09,0
59270,0.99997056,2.9486037e-05,0
59271,1.0,2.6653041e-11,0
59272,1.0,2.1112702e-11,0
59273,0.99999917,8.2323044e-07,0
59274,1.0,1.9881707e-09,0
59275,1.0,6.112587e-12,0
59276,0.99999976,2.9754946e-07,0
59277,1.0,1.2970653e-09,0
59278,0.9999999,1.2560025e-07,0
59279,0.99999845,1.5707401e-06,0
59280,1.0,1.8022737e-10,0
59281,0.99999857,1.4176982e-06,0
59282,0.99999917,8.4945174e-07,0
59283,1.0,3.7422163e-10,0
59284,1.0,5.6627182e-11,0
59285,1.0,2.7646698e-09,0
59286,0.99999726,2.7635622e-06,0
59287,1.0,1.4890122e-08,0
59288,1.0,5.555467e-08,0
59289,1.0,3.5879875e-08,0
59290,1.0,1.3764605e-11,0
59291,0.99999416,5.852145e-06,0
59292,0.9999987,1.3556909e-06,0
59293,1.0,1.2241315e-09,0
59294,1.0,2.2705482e-10,0
59295,0.9999999,1.1768956e-07,0
59296,0.99999964,3.6186748e-07,0
59297,1.0,3.1394152e-09,0
59298,1.0,6.522378e-10,0
59299,1.0,2.015178e-13,0
59300,1.0,5.951872e-13,0
59301,1.0,3.3753545e-13,0
59302,1.0,7.9705825e-12,0
59303,0.999997,2.9884557e-06,0
59304,1.0,1.2766403e-08,0
59305,0.9999999,1.2361255e-07,0
59306,1.0,6.1797443e-09,0
59307,0.99999666,3.2977441e-06,0
59308,0.9999875,1.2573208e-05,0
59309,1.0,1.2334784e-09,0
59310,0.99999964,3.1265273e-07,0
59311,1.0,3.0131573e-09,0
59312,0.9999995,4.5075436e-07,0
59313,0.99999905,9.771908e-07,0
59314,0.9999999,6.078069e-08,0
59315,1.0,1.9660332e-11,0
59316,0.99999857,1.3718087e-06,0
59317,1.0,1.8197609e-08,0
59318,1.0,4.575364e-09,0
59319,0.9999993,6.578619e-07,0
59320,0.999998,2.0237128e-06,0
59321,1.0,1.9955373e-09,0
59322,0.99999654,3.413892e-06,0
59323,0.9999999,1.0814663e-07,0
59324,1.0,8.1610707e-10,0
59325,1.0,5.738314e-08,0
59326,1.0,2.1093533e-12,0
59327,1.0,1.4241694e-10,0
59328,1.0,1.7383282e-10,0
59329,1.0,2.3610789e-09,0
59330,1.0,1.1009065e-08,0
59331,1.0,2.7043233e-12,0
59332,1.0,1.5864955e-10,0
59333,0.99999523,4.74725e-06,0
59334,1.0,3.503444e-14,0
59335,1.0,4.533638e-14,0
59336,1.0,5.97188e-11,0
59337,1.0,7.18154e-11,0
59338,1.0,4.7583524e-09,0
59339,1.0,7.7627786e-13,0
59340,1.0,2.1576452e-09,0
59341,1.0,1.7469601e-10,0
59342,0.9999708,2.9259036e-05,0
59343,1.0,8.660042e-12,0
59344,1.0,1.1939768e-12,0
59345,1.0,2.2246283e-10,0
59346,1.0,2.0218165e-08,0
59347,1.0,3.5969426e-12,0
59348,0.99999523,4.7466883e-06,0
59349,0.9999865,1.3426208e-05,0
59350,0.9999852,1.48386525e-05,0
59351,1.0,1.5776254e-12,0
59352,1.0,5.2832174e-08,0
59353,1.0,2.8290066e-13,0
59354,1.0,8.477815e-12,0
59355,0.9999999,6.344227e-08,0
59356,0.9999974,2.658485e-06,0
59357,0.99999785,2.1713752e-06,0
59358,1.0,1.8023767e-10,0
59359,1.0,3.889794e-08,0
59360,0.99999845,1.6031549e-06,0
59361,1.0,4.2866415e-11,0
59362,1.0,1.0361962e-08,0
59363,0.99999976,2.7577994e-07,0
59364,1.0,8.742206e-09,0
59365,1.0,2.9264002e-10,0
59366,0.9999999,1.4270537e-07,0
59367,1.0,6.306871e-09,0
59368,0.9999999,1.12888586e-07,0
59369,1.0,3.626027e-11,0
59370,0.9999999,5.974965e-08,0
59371,0.9999999,1.0181918e-07,0
59372,1.0,5.1546314e-09,0
59373,1.0,3.1586435e-15,0
59374,1.0,6.261295e-11,0
59375,1.0,2.7521874e-11,0
59376,1.0,1.6635758e-13,0
59377,1.0,8.6885075e-14,0
59378,1.0,3.2083485e-11,0
59379,1.0,2.0030029e-10,0
59380,1.0,1.2039263e-09,0
59381,1.0,5.3495656e-11,0
59382,1.0,1.4203444e-10,0
59383,1.0,8.414568e-12,0
59384,1.0,3.3673167e-13,0
59385,1.0,1.9386764e-13,0
59386,1.0,4.930618e-12,0
59387,1.0,1.5602816e-11,0
59388,1.0,4.133412e-12,0
59389,1.0,1.5587816e-12,0
59390,1.0,2.653707e-12,0
59391,1.0,2.4732142e-13,0
59392,1.0,9.184445e-13,0
59393,1.0,5.2502622e-14,0
59394,1.0,4.5348728e-11,0
59395,1.0,3.8350524e-11,0
59396,1.0,1.9709404e-11,0
59397,1.0,1.7698029e-10,0
59398,1.0,2.464881e-11,0
59399,1.0,7.63657e-13,0
59400,1.0,8.1541e-10,0
59401,1.0,1.4861784e-11,0
59402,1.0,1.2946215e-12,0
59403,1.0,2.7585243e-08,0
59404,1.0,2.8150403e-12,0
59405,0.9999999,1.2265141e-07,0
59406,1.0,5.3795683e-14,0
59407,1.0,2.0822033e-12,0
59408,0.9999999,7.474898e-08,0
59409,1.0,4.784343e-13,0
59410,1.0,3.8939856e-13,0
59411,0.99999774,2.2726078e-06,0
59412,1.0,4.2156985e-09,0
59413,0.9999968,3.167299e-06,0
59414,1.0,1.255479e-13,0
59415,0.999998,2.073008e-06,0
59416,1.0,8.954742e-10,0
59417,1.0,1.051296e-12,0
59418,1.0,1.277839e-08,0
59419,0.9999995,4.7279755e-07,0
59420,1.0,7.712078e-11,0
59421,1.0,1.0303271e-12,0
59422,1.0,1.0492767e-12,0
59423,1.0,1.1444537e-12,0
59424,1.0,1.4224815e-09,0
59425,0.99999917,8.234472e-07,0
59426,1.0,1.4867354e-13,0
59427,1.0,5.371689e-12,0
59428,0.9999994,5.7655325e-07,0
59429,1.0,4.3036423e-14,0
59430,1.0,1.584829e-10,0
59431,1.0,2.9434682e-10,0
59432,1.0,2.8829117e-13,0
59433,1.0,8.4830275e-11,0
59434,1.0,1.7217418e-12,0
59435,1.0,3.3143321e-10,0
59436,1.0,6.241275e-11,0
59437,1.0,1.3331262e-12,0
59438,1.0,2.1806825e-12,0
59439,1.0,1.6719961e-09,0
59440,1.0,2.4451385e-12,0
59441,1.0,2.5189884e-10,0
59442,1.0,2.649565e-08,0
59443,1.0,2.3702476e-09,0
59444,1.0,2.657103e-10,0
59445,1.0,2.346085e-13,0
59446,1.0,9.491402e-13,0
59447,1.0,3.6334189e-12,0
59448,1.0,4.939172e-13,0
59449,1.0,7.770026e-12,0
59450,1.0,2.3536506e-13,0
59451,1.0,1.7705998e-10,0
59452,0.99999964,3.889943e-07,0
59453,1.0,1.770348e-12,0
59454,1.0,5.253992e-09,0
59455,1.0,1.0401114e-11,0
59456,1.0,1.6377032e-13,0
59457,1.0,7.33145e-13,0
59458,1.0,3.1442821e-12,0
59459,1.0,1.0305419e-11,0
59460,0.9999999,1.381346e-07,0
59461,1.0,1.2120589e-10,0
59462,1.0,1.6141968e-12,0
59463,1.0,4.7234926e-13,0
59464,1.0,2.5241067e-13,0
59465,1.0,1.8077823e-10,0
59466,0.99999905,1.004975e-06,0
59467,1.0,3.1631538e-11,0
59468,0.9999982,1.811481e-06,0
59469,0.99999964,3.8061648e-07,0
59470,1.0,1.0596698e-10,0
59471,1.0,7.988059e-11,0
59472,1.0,1.7982983e-09,0
59473,0.9999994,6.3123196e-07,0
59474,1.0,1.6147875e-09,0
59475,1.0,1.09708866e-13,0
59476,1.0,8.822871e-11,0
59477,1.0,2.2036982e-10,0
59478,1.0,4.4643855e-12,0
59479,1.0,2.7000957e-13,0
59480,0.99999774,2.3193347e-06,0
59481,1.0,1.1650522e-10,0
59482,0.99999917,8.447999e-07,0
59483,0.99999976,2.6377765e-07,0
59484,1.0,5.997023e-12,0
59485,1.0,8.1757434e-11,0
59486,0.9999999,6.230473e-08,0
59487,1.0,1.4978309e-12,0
59488,1.0,3.0781894e-12,0
59489,1.0,1.2267936e-13,0
59490,1.0,1.4164113e-13,0
59491,1.0,9.9159236e-11,0
59492,1.0,4.0914793e-12,0
59493,1.0,1.2965799e-10,0
59494,1.0,1.9811933e-10,0
59495,1.0,4.2548505e-14,0
59496,1.0,2.021423e-12,0
59497,1.0,3.7143974e-10,0
59498,1.0,1.4046359e-09,0
59499,1.0,7.725607e-15,0
59500,1.0,2.449142e-13,0
59501,1.0,7.6911817e-13,0
59502,1.0,6.087574e-11,0
59503,1.0,4.8472976e-10,0
59504,1.0,6.47663e-11,0
59505,1.0,1.3016211e-12,0
59506,1.0,2.529643e-14,0
59507,1.0,2.171112e-12,0
59508,1.0,2.3076814e-10,0
59509,1.0,2.9846334e-12,0
59510,1.0,1.3234653e-09,0
59511,1.0,1.4421152e-13,0
59512,1.0,1.7922972e-11,0
59513,1.0,3.0241263e-12,0
59514,1.0,6.8243105e-13,0
59515,1.0,2.4878516e-10,0
59516,1.0,1.1464392e-09,0
59517,1.0,4.5495142e-11,0
59518,1.0,5.294532e-13,0
59519,1.0,1.909403e-13,0
59520,1.0,1.5227496e-10,0
59521,1.0,3.573811e-14,0
59522,1.0,5.029419e-12,0
59523,1.0,5.8205826e-11,0
59524,1.0,1.5405838e-11,0
59525,1.0,2.1398797e-08,0
59526,1.0,6.405447e-12,0
59527,1.0,6.9088142e-12,0
59528,1.0,1.787447e-10,0
59529,1.0,1.2715581e-13,0
59530,1.0,3.3181256e-11,0
59531,1.0,4.5997702e-12,0
59532,1.0,2.5311529e-11,0
59533,1.0,2.648063e-13,0
59534,1.0,1.6660225e-11,0
59535,1.0,9.643712e-11,0
59536,1.0,1.6471397e-12,0
59537,1.0,2.3017358e-12,0
59538,1.0,2.2312467e-12,0
59539,1.0,1.0546933e-10,0
59540,1.0,3.219955e-10,0
59541,1.0,2.7122901e-11,0
59542,1.0,1.2991333e-12,0
59543,1.0,2.9877872e-13,0
59544,1.0,3.080427e-12,0
59545,1.0,1.5331345e-12,0
59546,1.0,3.866886e-11,0
59547,1.0,2.8621138e-13,0
59548,1.0,2.0334827e-10,0
59549,1.0,1.9213961e-10,0
59550,1.0,1.4832389e-11,0
59551,1.0,3.890914e-12,0
59552,1.0,2.0962272e-11,0
59553,1.0,2.0958953e-11,0
59554,1.0,2.1489319e-11,0
59555,1.0,1.1139615e-13,0
59556,1.0,6.7079363e-12,0
59557,1.0,9.849798e-11,0
59558,1.0,4.5073686e-13,0
59559,1.0,8.2617725e-11,0
59560,1.0,9.765064e-10,0
59561,1.0,4.782888e-11,0
59562,1.0,8.119956e-10,0
59563,1.0,5.305188e-09,0
59564,1.0,1.15771e-12,0
59565,1.0,7.2966515e-11,0
59566,1.0,8.4425805e-10,0
59567,1.0,4.578487e-10,0
59568,1.0,4.505119e-12,0
59569,1.0,4.1546603e-11,0
59570,1.0,3.7970836e-13,0
59571,1.0,3.0142797e-08,0
59572,1.0,1.1690908e-09,0
59573,1.0,1.1349433e-12,0
59574,1.0,1.9512778e-10,0
59575,1.0,1.6381422e-11,0
59576,1.0,4.0270326e-12,0
59577,1.0,2.6976248e-13,0
59578,1.0,6.492264e-11,0
59579,1.0,2.1239516e-12,0
59580,1.0,1.4077779e-11,0
59581,1.0,1.192452e-12,0
59582,1.0,3.2817442e-12,0
59583,1.0,1.9089835e-10,0
59584,1.0,2.3632873e-12,0
59585,1.0,7.2697777e-09,0
59586,1.0,8.11824e-13,0
59587,1.0,5.566314e-13,0
59588,1.0,2.7042849e-10,0
59589,1.0,3.492804e-13,0
59590,1.0,5.4971036e-12,0
59591,1.0,2.830031e-10,0
59592,1.0,1.4674321e-12,0
59593,1.0,7.4255424e-13,0
59594,1.0,1.3499893e-11,0
59595,1.0,8.0169715e-10,0
59596,1.0,2.3597709e-11,0
59597,1.0,2.4867794e-10,0
59598,1.0,1.5363855e-10,0
59599,1.0,8.5705575e-11,0
59600,1.0,8.265866e-12,0
59601,1.0,4.6914516e-15,0
59602,1.0,5.158566e-09,0
59603,1.0,1.3075033e-12,0
59604,1.0,7.374699e-10,0
59605,1.0,1.1663502e-11,0
59606,1.0,1.6880428e-10,0
59607,1.0,1.2823845e-09,0
59608,1.0,4.1730083e-10,0
59609,1.0,6.5009695e-09,0
59610,1.0,1.8681643e-11,0
59611,1.0,4.5444235e-11,0
59612,1.0,3.986789e-11,0
59613,1.0,1.1662383e-12,0
59614,1.0,1.0261821e-10,0
59615,1.0,1.6393432e-10,0
59616,0.9999999,7.467489e-08,0
59617,1.0,1.566764e-12,0
59618,1.0,5.041046e-10,0
59619,1.0,3.290234e-10,0
59620,1.0,3.0935557e-13,0
59621,1.0,1.7645951e-10,0
59622,1.0,3.199239e-10,0
59623,1.0,2.144157e-12,0
59624,1.0,9.712992e-11,0
59625,1.0,1.0080192e-09,0
59626,1.0,6.7145484e-10,0
59627,1.0,3.2169492e-09,0
59628,1.0,1.1154053e-09,0
59629,1.0,1.6532229e-09,0
59630,0.9999969,3.0938877e-06,0
59631,1.0,4.4290117e-11,0
59632,1.0,9.503839e-11,0
59633,1.0,1.2354845e-09,0
59634,1.0,2.1698186e-10,0
59635,1.0,6.1200532e-12,0
59636,1.0,5.3506068e-11,0
59637,1.0,1.5774554e-10,0
59638,1.0,3.790606e-10,0
59639,1.0,1.4654296e-12,0
59640,1.0,1.5190552e-12,0
59641,1.0,9.685926e-11,0
59642,1.0,9.62938e-10,0
59643,1.0,7.502316e-10,0
59644,1.0,5.607559e-11,0
59645,1.0,1.2238635e-12,0
59646,1.0,5.555567e-10,0
59647,0.9999999,1.02507435e-07,0
59648,1.0,1.1935345e-13,0
59649,1.0,8.96461e-12,0
59650,1.0,2.2887231e-10,0
59651,1.0,7.8409317e-13,0
59652,1.0,1.437472e-12,0
59653,1.0,1.433619e-09,0
59654,0.99999917,8.086963e-07,0
59655,1.0,9.0657854e-12,0
59656,1.0,5.067054e-10,0
59657,1.0,4.9307494e-12,0
59658,1.0,2.360886e-12,0
59659,1.0,6.912301e-10,0
59660,1.0,3.8778746e-12,0
59661,1.0,2.661136e-13,0
59662,1.0,1.8095761e-10,0
59663,1.0,3.859238e-11,0
59664,1.0,1.5294524e-11,0
59665,1.0,4.697207e-12,0
59666,1.0,7.346271e-10,0
59667,1.0,6.921423e-12,0
59668,1.0,4.0336479e-10,0
59669,1.0,2.8041058e-10,0
59670,1.0,3.397357e-11,0
59671,1.0,1.0215449e-12,0
59672,1.0,2.9958133e-11,0
59673,1.0,9.711218e-10,0
59674,1.0,2.3990242e-13,0
59675,1.0,1.0717959e-08,0
59676,1.0,1.3518025e-12,0
59677,1.0,3.5972926e-12,0
59678,1.0,6.807339e-11,0
59679,1.0,3.2611006e-10,0
59680,1.0,1.6846486e-11,0
59681,1.0,4.737356e-11,0
59682,1.0,1.3448269e-10,0
59683,1.0,4.6478698e-12,0
59684,1.0,5.5825683e-10,0
59685,1.0,1.8714006e-13,0
59686,1.0,2.8091072e-09,0
59687,1.0,2.8575566e-11,0
59688,1.0,1.1945196e-11,0
59689,1.0,3.4691975e-11,0
59690,1.0,7.2078643e-10,0
59691,1.0,3.5395484e-09,0
59692,1.0,1.5952517e-11,0
59693,1.0,8.6853935e-10,0
59694,1.0,2.555485e-11,0
59695,1.0,8.3434544e-11,0
59696,1.0,4.292954e-13,0
59697,1.0,1.9696751e-10,0
59698,1.0,1.1652571e-13,0
59699,1.0,6.772353e-13,0
59700,1.0,7.98419e-11,0
59701,0.9999994,6.3777617e-07,0
59702,1.0,4.336625e-11,0
59703,1.0,2.035612e-11,0
59704,1.0,1.0775495e-12,0
59705,0.9999987,1.2769298e-06,0
59706,1.0,8.134388e-10,0
59707,1.0,2.4497743e-08,0
59708,1.0,2.2514491e-13,0
59709,1.0,2.3293336e-09,0
59710,1.0,2.28952e-08,0
59711,1.0,4.242863e-11,0
59712,1.0,1.1696108e-12,0
59713,1.0,4.46127e-12,0
59714,1.0,2.5344632e-10,0
59715,1.0,4.1987986e-09,0
59716,1.0,1.7194765e-13,0
59717,1.0,7.8381884e-11,0
59718,1.0,3.0278072e-13,0
59719,0.99999976,2.4869536e-07,0
59720,1.0,7.458303e-13,0
59721,1.0,2.85236e-12,0
59722,0.9999995,4.2962986e-07,0
59723,1.0,1.3909948e-11,0
59724,1.0,1.2279414e-12,0
59725,1.0,2.7211416e-10,0
59726,1.0,1.8202925e-11,0
59727,1.0,2.4733568e-12,0
59728,1.0,4.219825e-13,0
59729,1.0,3.8990937e-12,0
59730,1.0,5.859695e-10,0
59731,1.0,1.6179451e-12,0
59732,1.0,1.6803638e-08,0
59733,1.0,7.6777595e-12,0
59734,0.99999774,2.3072582e-06,0
59735,1.0,1.5317579e-12,0
59736,1.0,2.2103768e-08,0
59737,1.0,9.223211e-12,0
59738,1.0,1.1984146e-08,0
59739,1.0,9.790339e-09,0
59740,1.0,1.6522875e-12,0
59741,1.0,2.134744e-11,0
59742,1.0,5.429352e-12,0
59743,1.0,5.2973437e-12,0
59744,0.99999225,7.744452e-06,0
59745,1.0,1.4713201e-11,0
59746,0.9999989,1.1017299e-06,0
59747,1.0,4.3143805e-12,0
59748,1.0,2.0496884e-11,0
59749,1.0,3.486282e-09,0
59750,1.0,1.1836826e-08,0
59751,1.0,4.6821463e-11,0
59752,1.0,8.4536994e-10,0
59753,1.0,1.2508092e-12,0
59754,1.0,2.2251927e-10,0
59755,1.0,2.3791928e-13,0
59756,1.0,6.215775e-09,0
59757,1.0,4.4833692e-13,0
59758,1.0,2.3200363e-12,0
59759,0.99999857,1.4607925e-06,0
59760,1.0,3.514102e-12,0
59761,1.0,1.1718054e-09,0
59762,1.0,6.9382096e-12,0
59763,1.0,6.971818e-14,0
59764,1.0,1.6745596e-12,0
59765,1.0,1.1910239e-13,0
59766,1.0,4.0781094e-12,0
59767,0.9999993,7.502637e-07,0
59768,1.0,1.0423106e-13,0
59769,1.0,1.8502623e-12,0
59770,1.0,9.232815e-13,0
59771,1.0,2.256548e-13,0
59772,0.99999976,2.9521252e-07,0
59773,1.0,2.6289994e-13,0
59774,1.0,3.3406548e-12,0
59775,1.0,7.1257176e-12,0
59776,1.0,1.0980989e-11,0
59777,1.0,1.7633253e-08,0
59778,1.0,3.5040627e-12,0
59779,1.0,5.0734722e-11,0
59780,1.0,2.1387562e-13,0
59781,1.0,5.049104e-12,0
59782,1.0,9.8500086e-14,0
59783,1.0,3.017364e-11,0
59784,1.0,3.4806622e-12,0
59785,1.0,1.4546898e-10,0
59786,1.0,3.4451063e-13,0
59787,1.0,8.738958e-12,0
59788,1.0,1.4707092e-10,0
59789,1.0,7.021629e-12,0
59790,0.99999917,8.2936754e-07,0
59791,1.0,2.4016474e-13,0
59792,1.0,1.509834e-13,0
59793,1.0,2.1830213e-12,0
59794,1.0,1.0430505e-13,0
59795,1.0,4.8874518e-09,0
59796,0.9999993,7.484071e-07,0
59797,1.0,5.9976846e-09,0
59798,1.0,3.6154368e-09,0
59799,1.0,7.2406824e-11,0
59800,1.0,2.759002e-09,0
59801,1.0,3.0433785e-08,0
59802,1.0,2.8800815e-09,0
59803,1.0,4.505031e-09,0
59804,1.0,4.299926e-10,0
59805,1.0,2.2558724e-09,0
59806,1.0,5.7153915e-10,0
59807,1.0,2.7194311e-09,0
59808,1.0,2.476717e-09,0
59809,1.0,5.0687333e-11,0
59810,1.0,6.4551503e-10,0
59811,1.0,4.0226835e-14,0
59812,1.0,4.2562833e-12,0
59813,1.0,8.306298e-11,0
59814,1.0,2.5811512e-13,0
59815,1.0,7.277675e-12,0
59816,1.0,2.1665441e-13,0
59817,1.0,1.9579761e-11,0
59818,1.0,1.2638637e-10,0
59819,1.0,2.9109424e-09,0
59820,1.0,5.1630837e-09,0
59821,1.0,7.336503e-12,0
59822,1.0,3.1983954e-11,0
59823,1.0,7.729956e-11,0
59824,1.0,9.8731535e-12,0
59825,1.0,4.587874e-11,0
59826,1.0,1.0151935e-08,0
59827,1.0,3.0746906e-13,0
59828,1.0,8.622764e-11,0
59829,1.0,5.6147053e-12,0
59830,1.0,5.2382823e-09,0
59831,1.0,2.504268e-13,0
59832,1.0,9.023241e-09,0
59833,1.0,4.8991177e-13,0
59834,1.0,1.2155495e-11,0
59835,1.0,4.6958118e-11,0
59836,1.0,6.7904843e-10,0
59837,1.0,4.9808973e-11,0
59838,1.0,8.854696e-12,0
59839,1.0,9.0847226e-12,0
59840,1.0,1.1950887e-12,0
59841,1.0,4.8851986e-12,0
59842,1.0,3.8422862e-11,0
59843,1.0,3.2233702e-11,0
59844,1.0,3.1960034e-12,0
59845,1.0,5.113308e-13,0
59846,1.0,3.0767236e-11,0
59847,1.0,6.946863e-14,0
59848,1.0,2.2627933e-09,0
59849,1.0,7.2085163e-12,0
59850,1.0,8.7936e-12,0
59851,1.0,3.7166047e-12,0
59852,1.0,4.159898e-09,0
59853,1.0,1.7207643e-11,0
59854,1.0,3.0445104e-08,0
59855,1.0,3.6590717e-10,0
59856,1.0,5.873601e-11,0
59857,1.0,7.8089927e-13,0
59858,1.0,4.859431e-11,0
59859,1.0,6.797128e-11,0
59860,1.0,7.035809e-13,0
59861,1.0,1.0920536e-12,0
59862,1.0,1.917721e-09,0
59863,1.0,7.1419736e-13,0
59864,1.0,1.2591224e-12,0
59865,1.0,3.4498706e-11,0
59866,1.0,5.9922553e-12,0
59867,1.0,5.190612e-13,0
59868,1.0,8.7835045e-13,0
59869,1.0,8.837678e-14,0
59870,1.0,1.5850166e-10,0
59871,1.0,1.6094317e-12,0
59872,1.0,5.535407e-10,0
59873,1.0,2.7238094e-11,0
59874,1.0,3.162641e-11,0
59875,1.0,1.6756915e-11,0
59876,1.0,1.6001641e-11,0
59877,1.0,1.5068098e-10,0
59878,1.0,2.7895505e-12,0
59879,1.0,4.4546847e-10,0
59880,1.0,1.9717299e-11,0
59881,1.0,4.8561044e-11,0
59882,1.0,2.1778727e-12,0
59883,1.0,9.050551e-11,0
59884,1.0,5.4069003e-14,0
59885,1.0,5.76584e-12,0
59886,1.0,3.6651904e-10,0
59887,1.0,7.032435e-11,0
59888,1.0,5.02847e-12,0
59889,1.0,3.2898147e-13,0
59890,1.0,1.12594084e-13,0
59891,1.0,2.2333317e-13,0
59892,1.0,1.050335e-10,0
59893,1.0,3.853236e-11,0
59894,1.0,2.4606712e-12,0
59895,1.0,5.5485328e-11,0
59896,1.0,8.5725874e-14,0
59897,1.0,7.529689e-12,0
59898,1.0,2.9934358e-12,0
59899,1.0,3.0204747e-10,0
59900,1.0,1.3644243e-10,0
59901,1.0,4.386704e-12,0
59902,1.0,1.863753e-09,0
59903,1.0,8.131649e-12,0
59904,1.0,4.1081197e-12,0
59905,1.0,3.8068957e-09,0
59906,0.9999924,7.576692e-06,0
59907,1.0,1.6694453e-11,0
59908,1.0,2.4777779e-11,0
59909,1.0,2.5924667e-08,0
59910,1.0,5.4876603e-10,0
59911,1.0,1.988088e-12,0
59912,1.0,3.1410676e-13,0
59913,1.0,2.248961e-12,0
59914,1.0,1.0103208e-10,0
59915,1.0,1.3399173e-12,0
59916,1.0,6.697929e-11,0
59917,1.0,2.6356926e-09,0
59918,1.0,1.6099874e-12,0
59919,1.0,8.2279534e-13,0
59920,1.0,1.9402855e-13,0
59921,1.0,5.4714705e-10,0
59922,1.0,7.700448e-12,0
59923,1.0,3.891278e-08,0
59924,1.0,4.4842953e-12,0
59925,1.0,7.99081e-09,0
59926,1.0,5.54648e-11,0
59927,1.0,3.4140875e-09,0
59928,1.0,2.329813e-13,0
59929,1.0,3.4634673e-10,0
59930,1.0,3.8985323e-10,0
59931,1.0,1.6725208e-11,0
59932,1.0,3.0203795e-12,0
59933,1.0,1.0939758e-12,0
59934,1.0,7.283483e-11,0
59935,1.0,6.763994e-11,0
59936,1.0,5.32176e-12,0
59937,0.9999994,6.1112354e-07,0
59938,1.0,3.2398906e-10,0
59939,1.0,1.6995421e-12,0
59940,1.0,2.278018e-10,0
59941,1.0,2.9335243e-11,0
59942,1.0,6.664696e-14,0
59943,1.0,1.5223102e-11,0
59944,1.0,8.467186e-11,0
59945,1.0,2.0205065e-11,0
59946,1.0,2.0307618e-10,0
59947,1.0,5.787927e-10,0
59948,1.0,1.6954586e-13,0
59949,1.0,1.9719653e-09,0
59950,1.0,4.0898175e-12,0
59951,1.0,1.7501652e-10,0
59952,1.0,2.9689355e-11,0
59953,1.0,5.7735214e-12,0
59954,1.0,2.1117003e-08,0
59955,1.0,9.00794e-12,0
59956,1.0,5.6260655e-13,0
59957,1.0,1.5925294e-09,0
59958,1.0,6.5193337e-13,0
59959,1.0,5.4664294e-11,0
59960,1.0,6.7398254e-10,0
59961,1.0,9.02837e-13,0
59962,1.0,1.4976203e-11,0
59963,1.0,1.8082755e-10,0
59964,1.0,1.7098771e-10,0
59965,1.0,4.785922e-13,0
59966,1.0,2.9197474e-11,0
59967,0.9999994,6.456006e-07,0
59968,1.0,1.2543823e-10,0
59969,1.0,8.744223e-13,0
59970,1.0,5.2584356e-12,0
59971,1.0,7.781995e-12,0
59972,1.0,1.6813372e-13,0
59973,1.0,2.2666442e-11,0
59974,1.0,7.1775344e-13,0
59975,0.9999999,1.05670225e-07,0
59976,1.0,9.6450736e-11,0
59977,1.0,3.6748363e-10,0
59978,1.0,9.342822e-10,0
59979,1.0,1.7831589e-11,0
59980,1.0,7.3369375e-12,0
59981,1.0,6.2977024e-12,0
59982,1.0,4.1013123e-10,0
59983,1.0,1.5152614e-12,0
59984,1.0,2.7324787e-11,0
59985,1.0,5.5736687e-12,0
59986,1.0,7.4360873e-13,0
59987,1.0,7.648644e-12,0
59988,1.0,5.05668e-08,0
59989,1.0,6.8355396e-13,0
59990,1.0,1.7552475e-09,0
59991,1.0,4.8129133e-11,0
59992,1.0,1.1318893e-11,0
59993,1.0,1.5048633e-09,0
59994,1.0,8.479965e-12,0
59995,1.0,4.661433e-13,0
59996,1.0,9.715933e-12,0
59997,1.0,6.586812e-10,0
59998,1.0,3.939363e-12,0
59999,1.0,5.836146e-11,0
60000,1.0,8.9672774e-12,0
60001,1.0,2.2899314e-11,0
60002,1.0,1.4869284e-09,0
60003,1.0,4.074893e-11,0
60004,1.0,6.8375644e-12,0
60005,1.0,5.1790294e-10,0
60006,1.0,8.52711e-13,0
60007,1.0,3.9423305e-09,0
60008,1.0,2.1334599e-09,0
60009,1.0,5.459764e-10,0
60010,1.0,2.3479696e-13,0
60011,1.0,2.395626e-10,0
60012,1.0,2.0075983e-12,0
60013,1.0,5.4689746e-11,0
60014,1.0,1.7864688e-10,0
60015,1.0,4.668556e-11,0
60016,1.0,2.3516393e-14,0
60017,1.0,3.939968e-10,0
60018,1.0,1.6384843e-13,0
60019,1.0,1.4154683e-10,0
60020,0.9999995,5.132688e-07,0
60021,1.0,9.328371e-12,0
60022,1.0,2.267509e-11,0
60023,1.0,4.8491162e-11,0
60024,1.0,2.5262993e-12,0
60025,1.0,4.8773798e-11,0
60026,1.0,2.7693522e-12,0
60027,1.0,1.2812098e-11,0
60028,1.0,3.4285288e-09,0
60029,1.0,2.9517072e-12,0
60030,1.0,2.1829703e-13,0
60031,1.0,7.857824e-12,0
60032,1.0,2.0582982e-12,0
60033,1.0,2.1504337e-10,0
60034,1.0,1.6295297e-10,0
60035,1.0,1.3488638e-12,0
60036,1.0,2.2471674e-13,0
60037,1.0,3.4869715e-10,0
60038,1.0,5.3860223e-08,0
60039,1.0,3.0675386e-13,0
60040,1.0,7.470046e-10,0
60041,1.0,4.6558086e-13,0
60042,1.0,5.040499e-13,0
60043,1.0,4.0628345e-10,0
60044,1.0,3.004112e-10,0
60045,1.0,3.3771867e-11,0
60046,1.0,5.6012094e-11,0
60047,1.0,7.402355e-12,0
60048,1.0,1.2029053e-12,0
60049,1.0,4.970332e-12,0
60050,1.0,4.2331747e-13,0
60051,1.0,5.011431e-14,0
60052,1.0,4.8552845e-13,0
60053,1.0,9.442941e-12,0
60054,1.0,1.16255054e-10,0
60055,1.0,1.5168084e-12,0
60056,1.0,2.4585775e-13,0
60057,1.0,7.8136046e-11,0
60058,1.0,3.2891261e-12,0
60059,1.0,8.707412e-12,0
60060,0.9999999,8.138322e-08,0
60061,1.0,1.125321e-12,0
60062,1.0,5.8928595e-10,0
60063,1.0,7.361576e-13,0
60064,0.9999994,5.618262e-07,0
60065,0.99999976,1.795301e-07,0
60066,1.0,1.9568645e-10,0
60067,1.0,9.769818e-13,0
60068,1.0,4.9926604e-12,0
60069,1.0,2.2390867e-12,0
60070,1.0,7.9762775e-14,0
60071,1.0,4.6624114e-13,0
60072,1.0,5.569285e-10,0
60073,1.0,4.05925e-13,0
60074,1.0,2.9297453e-10,0
60075,1.0,1.0829411e-09,0
60076,1.0,4.282866e-11,0
60077,1.0,3.340502e-12,0
60078,0.9999987,1.3705233e-06,0
60079,0.9999999,1.5896784e-07,0
60080,1.0,3.4030204e-10,0
60081,1.0,4.1911613e-11,0
60082,1.0,6.4207615e-12,0
60083,1.0,2.971172e-12,0
60084,1.0,7.0827323e-13,0
60085,1.0,6.639957e-13,0
60086,1.0,2.953649e-09,0
60087,1.0,8.726699e-12,0
60088,1.0,7.275062e-13,0
60089,1.0,1.5672625e-13,0
60090,1.0,1.6053603e-12,0
60091,0.9999999,1.5178598e-07,0
60092,1.0,4.21859e-11,0
60093,1.0,3.7423337e-12,0
60094,1.0,8.922723e-10,0
60095,1.0,1.7731055e-12,0
60096,1.0,2.1458191e-11,0
60097,1.0,2.8717066e-12,0
60098,1.0,6.312876e-13,0
60099,1.0,3.7937557e-12,0
60100,1.0,3.2481927e-11,0
60101,1.0,4.489139e-12,0
60102,1.0,3.474162e-12,0
60103,1.0,2.8505994e-11,0
60104,1.0,1.0724212e-09,0
60105,1.0,1.2753242e-11,0
60106,1.0,3.794876e-09,0
60107,1.0,5.3291925e-13,0
60108,1.0,5.1477933e-09,0
60109,1.0,2.3499063e-12,0
60110,1.0,2.5258222e-12,0
60111,1.0,3.79852e-12,0
60112,1.0,3.9762616e-12,0
60113,1.0,1.0478767e-12,0
60114,1.0,2.2365642e-12,0
60115,1.0,6.8634323e-13,0
60116,1.0,1.6856979e-13,0
60117,1.0,1.7169648e-11,0
60118,1.0,5.3813728e-11,0
60119,0.99999845,1.5171825e-06,0
60120,1.0,2.1308358e-10,0
60121,1.0,9.686646e-11,0
60122,1.0,3.877475e-12,0
60123,1.0,2.1084713e-13,0
60124,1.0,6.867688e-13,0
60125,1.0,1.0850717e-11,0
60126,1.0,1.7869294e-13,0
60127,1.0,6.1121057e-13,0
60128,1.0,3.8006962e-11,0
60129,1.0,2.3674877e-12,0
60130,0.9999993,6.62315e-07,0
60131,1.0,1.0513441e-12,0
60132,1.0,5.823536e-11,0
60133,1.0,2.8314805e-12,0
60134,1.0,3.1158007e-11,0
60135,1.0,9.091959e-14,0
60136,1.0,4.4833394e-11,0
60137,1.0,9.046866e-13,0
60138,1.0,1.5111896e-11,0
60139,1.0,1.8130844e-12,0
60140,1.0,3.555717e-11,0
60141,1.0,3.7276376e-08,0
60142,1.0,3.4037376e-12,0
60143,1.0,4.74021e-12,0
60144,1.0,1.4338315e-10,0
60145,1.0,2.7096915e-13,0
60146,1.0,1.2230334e-11,0
60147,1.0,3.5187802e-14,0
60148,1.0,1.5740157e-12,0
60149,1.0,4.502061e-12,0
60150,1.0,3.4303794e-13,0
60151,1.0,5.579263e-12,0
60152,0.9999993,6.6841676e-07,0
60153,1.0,2.878224e-10,0
60154,1.0,1.6680361e-10,0
60155,1.0,5.4532374e-14,0
60156,1.0,1.6416375e-13,0
60157,1.0,2.0401732e-13,0
60158,1.0,1.3705412e-13,0
60159,1.0,8.273153e-12,0
60160,1.0,4.0064217e-13,0
60161,1.0,6.114499e-12,0
60162,1.0,9.811452e-15,0
60163,1.0,4.1703842e-13,0
60164,1.0,3.5828118e-11,0
60165,1.0,5.98295e-15,0
60166,1.0,3.7946318e-08,0
60167,1.0,1.3333354e-11,0
60168,1.0,1.123526e-12,0
60169,1.0,2.3322674e-13,0
60170,1.0,4.1727133e-14,0
60171,1.0,3.1307848e-10,0
60172,1.0,2.2008156e-11,0
60173,1.0,4.2128586e-14,0
60174,1.0,1.2477247e-14,0
60175,1.0,3.5202453e-13,0
60176,0.99999976,2.741468e-07,0
60177,1.0,1.05348e-08,0
60178,1.0,1.1776041e-09,0
60179,1.0,1.3285345e-08,0
60180,1.0,5.0496e-10,0
60181,1.0,1.6049105e-08,0
60182,0.99999976,2.1102554e-07,0
60183,1.0,3.7130125e-12,0
60184,1.0,3.9277865e-08,0
60185,1.0,4.228164e-09,0
60186,1.0,2.8342483e-11,0
60187,1.0,2.0011547e-10,0
60188,1.0,1.6379289e-12,0
60189,1.0,2.641345e-12,0
60190,1.0,1.02206976e-11,0
60191,1.0,4.1358746e-11,0
60192,1.0,1.6518526e-12,0
60193,1.0,2.0876265e-13,0
60194,1.0,4.2181796e-11,0
60195,1.0,3.2710816e-13,0
60196,1.0,4.9129084e-10,0
60197,1.0,2.099177e-10,0
60198,1.0,2.8997582e-10,0
60199,1.0,4.3095325e-10,0
60200,1.0,5.40212e-13,0
60201,1.0,1.2404784e-13,0
60202,1.0,8.3952865e-11,0
60203,1.0,1.2861844e-12,0
60204,1.0,4.1606896e-10,0
60205,1.0,4.451164e-12,0
60206,1.0,6.356372e-13,0
60207,1.0,2.5174668e-13,0
60208,0.9999988,1.1425321e-06,0
60209,1.0,8.5419324e-11,0
60210,1.0,2.6742155e-11,0
60211,1.0,6.368523e-12,0
60212,1.0,2.0605804e-12,0
60213,1.0,8.955274e-13,0
60214,1.0,1.7570268e-12,0
60215,1.0,1.3949143e-10,0
60216,1.0,1.3542394e-11,0
60217,1.0,6.45359e-13,0
60218,1.0,5.621574e-12,0
60219,1.0,8.383489e-12,0
60220,1.0,2.3566966e-09,0
60221,1.0,4.6873377e-11,0
60222,1.0,3.3490235e-13,0
60223,1.0,1.6101686e-12,0
60224,1.0,9.898463e-11,0
60225,1.0,5.556417e-13,0
60226,1.0,3.2462156e-12,0
60227,1.0,1.5640994e-10,0
60228,1.0,6.244206e-14,0
60229,1.0,2.3838023e-10,0
60230,1.0,5.9696224e-12,0
60231,1.0,1.1661148e-10,0
60232,1.0,2.7294012e-14,0
60233,1.0,1.6402431e-11,0
60234,1.0,5.367142e-12,0
60235,1.0,3.097652e-10,0
60236,1.0,2.937362e-13,0
60237,1.0,3.9390455e-13,0
60238,1.0,4.068786e-12,0
60239,1.0,5.14684e-13,0
60240,1.0,6.117442e-11,0
60241,1.0,1.6893649e-12,0
60242,1.0,7.895744e-12,0
60243,1.0,1.0290491e-11,0
60244,1.0,7.781639e-12,0
60245,1.0,4.0324593e-12,0
60246,1.0,5.2608678e-14,0
60247,1.0,2.9181775e-11,0
60248,1.0,1.2175474e-11,0
60249,1.0,1.474546e-10,0
60250,1.0,9.596472e-13,0
60251,1.0,1.4733189e-12,0
60252,1.0,3.914929e-12,0
60253,1.0,1.502687e-12,0
60254,1.0,6.826173e-09,0
60255,1.0,3.94615e-10,0
60256,1.0,5.5854995e-13,0
60257,1.0,2.5640328e-12,0
60258,1.0,6.613926e-11,0
60259,1.0,7.2853685e-12,0
60260,1.0,8.6890016e-11,0
60261,1.0,2.5650026e-11,0
60262,1.0,3.0601242e-12,0
60263,1.0,3.8470234e-11,0
60264,1.0,9.175726e-13,0
60265,1.0,3.1038606e-11,0
60266,1.0,2.1441078e-12,0
60267,1.0,4.6225667e-12,0
60268,1.0,6.3498496e-14,0
60269,1.0,7.215566e-14,0
60270,1.0,4.624745e-12,0
60271,1.0,7.266055e-11,0
60272,1.0,2.7252007e-12,0
60273,1.0,5.0404776e-14,0
60274,1.0,3.770155e-11,0
60275,1.0,2.250759e-12,0
60276,1.0,1.0444123e-09,0
60277,1.0,1.0049007e-11,0
60278,1.0,1.20710265e-11,0
60279,1.0,4.3683915e-13,0
60280,1.0,3.3681393e-09,0
60281,0.99999845,1.536099e-06,0
60282,1.0,5.5248115e-12,0
60283,1.0,3.3688473e-12,0
60284,1.0,1.8585753e-11,0
60285,1.0,6.982574e-13,0
60286,1.0,8.716618e-12,0
60287,1.0,5.8982064e-12,0
60288,1.0,3.1080889e-12,0
60289,1.0,7.2663156e-12,0
60290,1.0,7.716779e-13,0
60291,1.0,1.4267162e-11,0
60292,1.0,2.2087941e-14,0
60293,1.0,1.9733246e-08,0
60294,1.0,2.8325176e-12,0
60295,1.0,5.5282774e-09,0
60296,1.0,3.0922773e-12,0
60297,1.0,3.8361037e-12,0
60298,1.0,1.0533593e-12,0
60299,1.0,1.352359e-13,0
60300,1.0,2.2767224e-11,0
60301,1.0,5.9093824e-10,0
60302,1.0,4.2497797e-11,0
60303,1.0,4.2316797e-10,0
60304,1.0,9.070884e-09,0
60305,1.0,2.9036449e-09,0
60306,1.0,7.963584e-14,0
60307,1.0,7.553639e-12,0
60308,1.0,4.677204e-10,0
60309,1.0,1.0192281e-10,0
60310,1.0,4.184292e-11,0
60311,1.0,9.700257e-14,0
60312,1.0,1.6074822e-10,0
60313,1.0,2.3317095e-11,0
60314,1.0,5.668735e-12,0
60315,1.0,1.0050147e-09,0
60316,1.0,1.07167365e-11,0
60317,1.0,3.2895436e-10,0
60318,1.0,4.315751e-10,0
60319,1.0,2.5590055e-12,0
60320,1.0,2.300866e-09,0
60321,1.0,4.080339e-10,0
60322,1.0,3.231485e-10,0
60323,1.0,1.386905e-10,0
60324,1.0,2.3679845e-12,0
60325,1.0,7.4604455e-11,0
60326,1.0,1.7960879e-12,0
60327,1.0,1.1928859e-13,0
60328,1.0,4.6950035e-12,0
60329,1.0,5.9767655e-12,0
60330,1.0,2.6299136e-12,0
60331,1.0,1.756267e-11,0
60332,1.0,1.6530755e-12,0
60333,1.0,8.680955e-10,0
60334,1.0,3.591844e-11,0
60335,0.9999995,5.059391e-07,0
60336,1.0,2.348225e-13,0
60337,0.9999902,9.796722e-06,0
60338,1.0,1.7415588e-12,0
60339,1.0,4.356086e-09,0
60340,1.0,3.6852557e-12,0
60341,1.0,4.0372632e-11,0
60342,1.0,2.1884443e-09,0
60343,1.0,5.2324853e-11,0
60344,1.0,2.6047062e-10,0
60345,1.0,1.959024e-09,0
60346,1.0,2.2589047e-12,0
60347,1.0,1.8773729e-11,0
60348,0.99999964,3.1026997e-07,0
60349,1.0,4.4999833e-12,0
60350,1.0,2.0580082e-08,0
60351,1.0,7.674952e-11,0
60352,1.0,3.15315e-10,0
60353,1.0,5.8431823e-12,0
60354,1.0,1.2005422e-12,0
60355,1.0,7.706325e-12,0
60356,1.0,5.4633416e-12,0
60357,1.0,6.7814174e-12,0
60358,1.0,4.6734717e-12,0
60359,1.0,4.0533874e-12,0
60360,1.0,9.510901e-13,0
60361,1.0,1.1022168e-13,0
60362,0.9999943,5.7278767e-06,0
60363,0.999998,2.0260998e-06,0
60364,1.0,3.3842684e-10,0
60365,1.0,2.2242865e-12,0
60366,1.0,1.2128115e-12,0
60367,1.0,1.0208507e-10,0
60368,1.0,7.165512e-09,0
60369,1.0,3.3977588e-11,0
60370,0.9999994,5.789125e-07,0
60371,0.9999988,1.2149857e-06,0
60372,1.0,1.3773575e-09,0
60373,0.9999988,1.2475783e-06,0
60374,1.0,1.4801068e-12,0
60375,1.0,1.001149e-11,0
60376,1.0,1.98247e-11,0
60377,1.0,2.329508e-08,0
60378,1.0,2.5830325e-13,0
60379,1.0,5.126442e-13,0
60380,1.0,3.5210512e-13,0
60381,1.0,2.8735586e-12,0
60382,1.0,2.2010854e-10,0
60383,1.0,1.5773868e-13,0
60384,1.0,4.5944568e-12,0
60385,1.0,5.149769e-12,0
60386,1.0,1.949584e-11,0
60387,1.0,9.807346e-13,0
60388,1.0,1.0592671e-11,0
60389,1.0,6.189063e-09,0
60390,1.0,2.5908438e-09,0
60391,0.9999999,1.4299118e-07,0
60392,1.0,3.8073802e-10,0
60393,1.0,3.626769e-10,0
60394,1.0,4.305256e-12,0
60395,0.9999994,6.078916e-07,0
60396,1.0,4.9196536e-09,0
60397,1.0,2.9184447e-11,0
60398,1.0,2.417213e-13,0
60399,1.0,5.0088953e-08,0
60400,1.0,3.711304e-13,0
60401,1.0,1.5356787e-11,0
60402,1.0,2.6907385e-13,0
60403,1.0,3.0420968e-11,0
60404,1.0,1.8961787e-12,0
60405,1.0,5.416989e-09,0
60406,0.9999995,4.5687307e-07,0
60407,1.0,1.7813011e-13,0
60408,1.0,1.9087375e-12,0
60409,1.0,6.3117386e-11,0
60410,1.0,1.1876699e-11,0
60411,1.0,2.8573114e-11,0
60412,1.0,2.1827538e-13,0
60413,1.0,7.514645e-14,0
60414,1.0,1.0140082e-10,0
60415,1.0,1.0266417e-11,0
60416,1.0,8.475316e-14,0
60417,1.0,4.9401724e-12,0
60418,1.0,1.7163907e-12,0
60419,1.0,6.001818e-12,0
60420,0.9999995,5.3516874e-07,0
60421,1.0,8.557583e-12,0
60422,1.0,2.192644e-12,0
60423,1.0,1.9193603e-13,0
60424,1.0,1.6909035e-11,0
60425,1.0,8.001477e-11,0
60426,1.0,4.894618e-12,0
60427,1.0,4.1795335e-13,0
60428,1.0,5.7055344e-10,0
60429,1.0,9.418406e-12,0
60430,1.0,5.320182e-10,0
60431,1.0,8.070842e-13,0
60432,1.0,3.3967387e-09,0
60433,1.0,4.311012e-10,0
60434,1.0,1.9619817e-13,0
60435,1.0,6.323529e-13,0
60436,1.0,3.7504336e-10,0
60437,1.0,3.733071e-13,0
60438,1.0,2.627557e-12,0
60439,1.0,1.6839249e-12,0
60440,1.0,2.272851e-12,0
60441,1.0,2.7463847e-13,0
60442,1.0,3.728352e-10,0
60443,1.0,2.4560948e-12,0
60444,1.0,2.1557157e-13,0
60445,1.0,1.6015611e-13,0
60446,1.0,1.505134e-08,0
60447,1.0,2.6780947e-11,0
60448,1.0,1.5168597e-13,0
60449,1.0,4.646963e-13,0
60450,1.0,6.99023e-11,0
60451,1.0,5.2071774e-11,0
60452,1.0,2.8977908e-13,0
60453,1.0,1.4432523e-12,0
60454,1.0,2.9166052e-13,0
60455,0.99999976,1.8532441e-07,0
60456,1.0,3.7230508e-10,0
60457,1.0,6.276874e-15,0
60458,1.0,1.2401957e-11,0
60459,1.0,3.1218948e-13,0
60460,1.0,1.4483042e-12,0
60461,1.0,4.2131864e-11,0
60462,1.0,2.120697e-12,0
60463,1.0,3.0005926e-12,0
60464,1.0,3.0597536e-10,0
60465,1.0,6.9228226e-12,0
60466,1.0,4.9194135e-11,0
60467,1.0,2.8262145e-12,0
60468,1.0,4.562826e-12,0
60469,1.0,6.141801e-13,0
60470,1.0,4.4089057e-09,0
60471,1.0,3.1933893e-12,0
60472,1.0,4.2205055e-11,0
60473,1.0,5.5614324e-13,0
60474,1.0,3.4274023e-10,0
60475,1.0,2.0126418e-14,0
60476,1.0,1.193844e-13,0
60477,1.0,6.8211907e-12,0
60478,1.0,1.578429e-12,0
60479,1.0,5.495426e-12,0
60480,1.0,2.8387442e-11,0
60481,1.0,2.0213489e-09,0
60482,1.0,8.963533e-12,0
60483,1.0,5.853886e-10,0
60484,1.0,8.845799e-12,0
60485,1.0,3.484121e-13,0
60486,1.0,1.1886189e-12,0
60487,1.0,9.846084e-10,0
60488,0.99999964,3.9227186e-07,0
60489,1.0,1.4952206e-10,0
60490,1.0,6.187855e-10,0
60491,1.0,4.815652e-10,0
60492,1.0,5.7899553e-11,0
60493,1.0,9.963177e-09,0
60494,1.0,1.3754153e-12,0
60495,1.0,2.5082476e-11,0
60496,0.9999993,6.976147e-07,0
60497,1.0,6.2810306e-11,0
60498,1.0,6.085441e-14,0
60499,1.0,2.8931066e-10,0
60500,1.0,1.473725e-10,0
60501,1.0,1.0185567e-08,0
60502,1.0,7.5756095e-13,0
60503,1.0,5.6920176e-12,0
60504,1.0,2.8624754e-12,0
60505,0.99999976,2.362288e-07,0
60506,1.0,2.6929002e-13,0
60507,1.0,3.3717562e-10,0
60508,1.0,6.3932414e-12,0
60509,1.0,5.027386e-12,0
60510,1.0,1.5040096e-11,0
60511,1.0,5.3122823e-14,0
60512,1.0,3.918276e-12,0
60513,1.0,6.4812e-12,0
60514,1.0,1.7526773e-10,0
60515,1.0,1.4822192e-13,0
60516,1.0,2.8956416e-13,0
60517,1.0,9.1731095e-11,0
60518,1.0,8.814834e-14,0
60519,1.0,3.2810108e-09,0
60520,1.0,1.3365092e-13,0
60521,1.0,2.7912458e-10,0
60522,1.0,1.5079024e-10,0
60523,1.0,2.1431195e-11,0
60524,1.0,1.4052434e-10,0
60525,1.0,4.070913e-12,0
60526,1.0,5.496325e-13,0
60527,1.0,1.9404386e-08,0
60528,1.0,4.7721237e-12,0
60529,1.0,8.020512e-12,0
60530,1.0,1.7976021e-09,0
60531,1.0,9.383106e-11,0
60532,1.0,2.52897e-12,0
60533,1.0,1.1200139e-10,0
60534,1.0,3.2588943e-13,0
60535,1.0,2.3395957e-10,0
60536,1.0,1.4450394e-09,0
60537,1.0,9.133181e-15,0
60538,1.0,7.31042e-13,0
60539,1.0,1.6339536e-12,0
60540,1.0,4.1334242e-10,0
60541,1.0,3.006449e-11,0
60542,1.0,3.644471e-11,0
60543,1.0,1.0058978e-11,0
60544,1.0,5.160209e-09,0
60545,1.0,2.5384387e-11,0
60546,1.0,1.3603003e-10,0
60547,1.0,7.2080604e-09,0
60548,1.0,3.831872e-11,0
60549,1.0,3.0385017e-11,0
60550,1.0,1.0534006e-10,0
60551,1.0,4.2113565e-10,0
60552,1.0,6.0836713e-12,0
60553,1.0,1.6385227e-12,0
60554,0.9999999,9.653976e-08,0
60555,1.0,1.2238875e-11,0
60556,1.0,3.0625006e-12,0
60557,1.0,5.3240773e-11,0
60558,1.0,8.615395e-12,0
60559,1.0,3.0962566e-11,0
60560,1.0,4.68013e-14,0
60561,1.0,5.1396505e-09,0
60562,1.0,5.838074e-14,0
60563,1.0,5.892688e-11,0
60564,1.0,4.439751e-12,0
60565,0.99999976,2.3348599e-07,0
60566,1.0,1.4672111e-12,0
60567,1.0,4.8864146e-10,0
60568,1.0,1.9632256e-12,0
60569,1.0,1.5803248e-11,0
60570,1.0,4.136188e-12,0
60571,1.0,6.064255e-12,0
60572,1.0,2.0324056e-09,0
60573,1.0,2.8913855e-10,0
60574,1.0,9.1111375e-11,0
60575,1.0,7.5326155e-13,0
60576,1.0,4.3990714e-12,0
60577,1.0,2.9245883e-09,0
60578,1.0,5.152849e-14,0
60579,1.0,8.6892334e-11,0
60580,1.0,9.410505e-12,0
60581,1.0,2.7224603e-10,0
60582,1.0,9.684461e-12,0
60583,1.0,3.3951713e-09,0
60584,1.0,1.2980386e-12,0
60585,1.0,1.361856e-13,0
60586,1.0,8.235494e-12,0
60587,1.0,3.3246999e-12,0
60588,1.0,7.321183e-12,0
60589,1.0,2.7497016e-10,0
60590,1.0,2.5020466e-14,0
60591,1.0,4.025159e-12,0
60592,0.9999999,1.289345e-07,0
60593,1.0,4.210581e-12,0
60594,1.0,2.227853e-12,0
60595,1.0,4.940248e-12,0
60596,1.0,1.096378e-12,0
60597,1.0,9.985202e-10,0
60598,1.0,2.954679e-10,0
60599,1.0,3.4757808e-11,0
60600,1.0,2.2778515e-11,0
60601,0.99999464,5.3228437e-06,0
60602,1.0,2.510734e-13,0
60603,1.0,1.5077299e-10,0
60604,1.0,1.8463485e-13,0
60605,1.0,1.2657315e-13,0
60606,1.0,1.43430675e-11,0
60607,1.0,4.2064116e-10,0
60608,1.0,1.6809645e-14,0
60609,1.0,2.3692055e-11,0
60610,1.0,5.61216e-11,0
60611,1.0,4.5516518e-10,0
60612,1.0,5.930453e-10,0
60613,1.0,7.5324365e-11,0
60614,1.0,2.8973035e-10,0
60615,1.0,1.8130429e-12,0
60616,1.0,6.1613104e-10,0
60617,1.0,1.0193631e-12,0
60618,1.0,1.0978733e-10,0
60619,1.0,3.82563e-10,0
60620,1.0,2.5233549e-10,0
60621,1.0,5.9731137e-10,0
60622,1.0,3.0045588e-10,0
60623,1.0,3.295495e-11,0
60624,1.0,1.424083e-13,0
60625,1.0,1.0767371e-10,0
60626,1.0,1.2604199e-12,0
60627,1.0,7.3352227e-14,0
60628,1.0,7.0905964e-10,0
60629,1.0,2.569341e-11,0
60630,0.9999988,1.2408765e-06,0
60631,1.0,1.0376909e-09,0
60632,1.0,2.1734916e-11,0
60633,1.0,2.9354882e-15,0
60634,1.0,9.28088e-12,0
60635,1.0,4.063982e-10,0
60636,1.0,8.37392e-15,0
60637,1.0,1.2684146e-12,0
60638,1.0,6.5973865e-10,0
60639,1.0,1.1690167e-10,0
60640,1.0,5.3470766e-11,0
60641,0.9999999,7.2437594e-08,0
60642,1.0,1.3871015e-09,0
60643,1.0,6.5120076e-11,0
60644,1.0,6.209147e-14,0
60645,1.0,7.098647e-14,0
60646,1.0,1.1830239e-11,0
60647,1.0,8.54341e-12,0
60648,1.0,3.7007897e-11,0
60649,1.0,8.1030926e-10,0
60650,1.0,9.021907e-11,0
60651,1.0,1.6558967e-12,0
60652,1.0,1.227586e-11,0
60653,1.0,5.0690088e-09,0
60654,1.0,4.5315376e-10,0
60655,1.0,3.2566606e-11,0
60656,1.0,2.1193639e-11,0
60657,1.0,1.4147448e-10,0
60658,1.0,1.4718421e-11,0
60659,1.0,1.0909098e-10,0
60660,1.0,8.982855e-12,0
60661,1.0,2.203631e-10,0
60662,1.0,2.023162e-09,0
60663,1.0,2.1209074e-12,0
60664,1.0,6.8581654e-11,0
60665,1.0,6.090394e-12,0
60666,1.0,1.2219847e-10,0
60667,1.0,6.498282e-12,0
60668,1.0,6.5043184e-09,0
60669,1.0,5.310505e-12,0
60670,1.0,1.0240455e-09,0
60671,1.0,1.5642208e-11,0
60672,0.9999999,1.0335793e-07,0
60673,1.0,1.0286964e-10,0
60674,1.0,1.9520266e-13,0
60675,1.0,5.4667007e-11,0
60676,1.0,3.6138716e-13,0
60677,1.0,2.1206266e-10,0
60678,1.0,5.340327e-12,0
60679,1.0,9.425513e-14,0
60680,1.0,1.0912479e-12,0
60681,0.9999999,7.590497e-08,0
60682,1.0,2.7660804e-11,0
60683,1.0,4.572645e-08,0
60684,1.0,1.244239e-13,0
60685,1.0,3.8700315e-10,0
60686,1.0,5.577521e-11,0
60687,1.0,1.1215225e-11,0
60688,1.0,1.4150803e-09,0
60689,1.0,2.478879e-11,0
60690,1.0,5.31473e-12,0
60691,1.0,1.1747358e-11,0
60692,1.0,3.541204e-12,0
60693,1.0,1.2481972e-12,0
60694,1.0,6.588411e-13,0
60695,1.0,3.5479853e-12,0
60696,1.0,1.4724304e-13,0
60697,1.0,1.241745e-09,0
60698,1.0,9.309256e-10,0
60699,1.0,4.2229935e-11,0
60700,1.0,4.578622e-12,0
60701,1.0,5.785799e-13,0
60702,1.0,6.137462e-11,0
60703,1.0,4.4104004e-10,0
60704,1.0,4.5120265e-11,0
60705,1.0,6.6873465e-11,0
60706,1.0,1.0225232e-09,0
60707,1.0,5.195233e-11,0
60708,1.0,7.2240944e-13,0
60709,1.0,2.1924844e-09,0
60710,1.0,1.754004e-11,0
60711,1.0,6.713994e-11,0
60712,1.0,7.023454e-11,0
60713,1.0,6.5503727e-12,0
60714,1.0,9.056734e-11,0
60715,1.0,4.775891e-13,0
60716,1.0,4.1226094e-12,0
60717,1.0,5.0937154e-12,0
60718,1.0,1.7175592e-09,0
60719,1.0,1.3127891e-11,0
60720,1.0,1.3603542e-11,0
60721,1.0,4.254175e-11,0
60722,1.0,3.2757425e-11,0
60723,1.0,2.5096509e-14,0
60724,1.0,6.0276077e-12,0
60725,1.0,4.8849026e-11,0
60726,1.0,2.5390123e-13,0
60727,1.0,4.581228e-11,0
60728,1.0,5.4912776e-12,0
60729,1.0,2.5275932e-14,0
60730,1.0,3.2370215e-12,0
60731,1.0,1.1520101e-11,0
60732,1.0,2.431432e-09,0
60733,1.0,7.065213e-11,0
60734,1.0,1.404147e-11,0
60735,1.0,5.2972e-09,0
60736,1.0,1.87815e-11,0
60737,1.0,1.8620775e-11,0
60738,1.0,2.6015643e-13,0
60739,1.0,4.752456e-13,0
60740,1.0,8.598093e-12,0
60741,1.0,1.5814555e-11,0
60742,1.0,9.77426e-12,0
60743,0.9999999,1.442257e-07,0
60744,1.0,1.31338525e-11,0
60745,1.0,1.4198562e-11,0
60746,1.0,2.8179922e-10,0
60747,1.0,4.294369e-10,0
60748,1.0,1.2239266e-12,0
60749,1.0,2.345525e-10,0
60750,1.0,2.2137765e-09,0
60751,1.0,2.19585e-12,0
60752,1.0,2.2028009e-12,0
60753,1.0,3.4303417e-12,0
60754,1.0,3.773817e-11,0
60755,1.0,1.2317232e-11,0
60756,1.0,2.975322e-09,0
60757,1.0,6.8957513e-13,0
60758,1.0,9.960545e-11,0
60759,1.0,3.9735173e-12,0
60760,1.0,3.7550414e-11,0
60761,1.0,1.4348767e-10,0
60762,1.0,3.811702e-11,0
60763,1.0,2.4533675e-10,0
60764,1.0,5.506971e-11,0
60765,1.0,9.259677e-09,0
60766,1.0,4.1345005e-12,0
60767,1.0,8.945007e-11,0
60768,1.0,2.5521946e-13,0
60769,1.0,2.1614388e-09,0
60770,1.0,1.7897146e-11,0
60771,1.0,4.242294e-12,0
60772,1.0,3.9155923e-09,0
60773,1.0,9.625918e-12,0
60774,1.0,1.7666442e-12,0
60775,1.0,7.237428e-10,0
60776,1.0,3.5165024e-12,0
60777,1.0,2.7154448e-13,0
60778,1.0,2.5505975e-10,0
60779,0.9999988,1.137711e-06,0
60780,1.0,8.0177934e-11,0
60781,1.0,6.7850725e-10,0
60782,1.0,3.507781e-08,0
60783,1.0,2.8164247e-13,0
60784,1.0,1.8824994e-12,0
60785,1.0,6.8980395e-13,0
60786,1.0,3.0796665e-10,0
60787,1.0,4.2510318e-13,0
60788,1.0,7.172492e-11,0
60789,1.0,1.5613468e-08,0
60790,1.0,1.3251109e-11,0
60791,1.0,2.3095902e-12,0
60792,1.0,3.5431822e-13,0
60793,1.0,6.065611e-11,0
60794,1.0,2.882788e-11,0
60795,1.0,4.3287622e-09,0
60796,1.0,6.022407e-14,0
60797,1.0,4.767752e-14,0
60798,1.0,1.1782118e-11,0
60799,1.0,1.3279853e-11,0
60800,1.0,5.7394817e-13,0
60801,1.0,2.1024576e-11,0
60802,1.0,1.5626024e-10,0
60803,1.0,3.0357442e-11,0
60804,1.0,1.8037618e-11,0
60805,0.9999989,1.0425757e-06,0
60806,1.0,1.1598252e-12,0
60807,1.0,4.5751503e-11,0
60808,1.0,7.6139393e-13,0
60809,1.0,1.3824814e-10,0
60810,1.0,6.5225554e-13,0
60811,1.0,4.9790614e-12,0
60812,1.0,7.42464e-12,0
60813,1.0,3.916341e-08,0
60814,1.0,6.766697e-13,0
60815,1.0,1.3859267e-10,0
60816,1.0,5.1678426e-09,0
60817,1.0,4.3835446e-11,0
60818,1.0,2.880708e-09,0
60819,1.0,3.1448579e-12,0
60820,1.0,5.563809e-13,0
60821,1.0,4.779705e-11,0
60822,1.0,5.62781e-11,0
60823,1.0,1.5791963e-09,0
60824,1.0,1.8669318e-11,0
60825,0.9999994,5.8687715e-07,0
60826,1.0,6.5814876e-10,0
60827,1.0,1.8928472e-12,0
60828,1.0,2.8353405e-11,0
60829,1.0,2.4746958e-13,0
60830,1.0,2.698308e-10,0
60831,1.0,5.4116753e-11,0
60832,1.0,3.1282116e-14,0
60833,1.0,2.3935224e-12,0
60834,1.0,9.219131e-12,0
60835,1.0,1.0807162e-10,0
60836,1.0,7.512594e-11,0
60837,1.0,1.551962e-11,0
60838,1.0,1.2493132e-10,0
60839,1.0,1.1612497e-10,0
60840,1.0,1.7188478e-12,0
60841,1.0,4.52361e-10,0
60842,1.0,3.6888412e-09,0
60843,1.0,1.9429085e-12,0
60844,1.0,2.4492098e-11,0
60845,1.0,1.3239785e-12,0
60846,1.0,8.632741e-10,0
60847,1.0,6.123445e-10,0
60848,1.0,9.768785e-11,0
60849,1.0,8.201299e-10,0
60850,1.0,9.459197e-13,0
60851,1.0,9.664413e-10,0
60852,1.0,1.4490566e-11,0
60853,1.0,2.8836735e-11,0
60854,1.0,7.9731333e-13,0
60855,1.0,7.461879e-12,0
60856,1.0,1.23411255e-11,0
60857,1.0,5.863384e-10,0
60858,1.0,4.281488e-10,0
60859,1.0,5.7439605e-13,0
60860,1.0,5.8432495e-12,0
60861,1.0,3.8546202e-10,0
60862,1.0,1.1832236e-09,0
60863,1.0,3.8724604e-10,0
60864,1.0,8.894978e-13,0
60865,1.0,6.825768e-13,0
60866,1.0,3.628217e-09,0
60867,1.0,8.72476e-14,0
60868,1.0,1.8781518e-13,0
60869,1.0,1.6877609e-12,0
60870,1.0,1.1314662e-11,0
60871,1.0,1.3778448e-11,0
60872,1.0,1.14703136e-10,0
60873,1.0,4.3161356e-11,0
60874,1.0,2.7002645e-10,0
60875,1.0,2.2940025e-10,0
60876,1.0,1.6931828e-10,0
60877,1.0,2.375862e-11,0
60878,1.0,1.0354914e-11,0
60879,1.0,4.8969367e-11,0
60880,1.0,1.5895919e-09,0
60881,1.0,1.0797938e-09,0
60882,1.0,6.1739817e-13,0
60883,1.0,7.695067e-10,0
60884,1.0,2.9735303e-12,0
60885,1.0,2.2605984e-12,0
60886,1.0,1.2604603e-09,0
60887,1.0,4.4715987e-14,0
60888,1.0,5.9550636e-09,0
60889,1.0,3.6681784e-09,0
60890,1.0,3.9848755e-10,0
60891,0.99999964,3.7326964e-07,0
60892,1.0,4.5257073e-10,0
60893,1.0,2.6731445e-11,0
60894,1.0,2.3466981e-13,0
60895,1.0,9.9134225e-12,0
60896,1.0,2.0318055e-12,0
60897,1.0,5.589921e-10,0
60898,1.0,7.045777e-12,0
60899,1.0,3.6642276e-09,0
60900,1.0,1.5773886e-11,0
60901,1.0,2.5561912e-08,0
60902,1.0,2.2835841e-12,0
60903,1.0,1.7181184e-14,0
60904,1.0,2.4826623e-09,0
60905,1.0,7.505858e-12,0
60906,1.0,2.7375846e-08,0
60907,1.0,4.3055372e-11,0
60908,1.0,1.6877016e-10,0
60909,1.0,1.595729e-08,0
60910,1.0,8.8676375e-13,0
60911,0.99999905,1.0075632e-06,0
60912,1.0,2.5719873e-12,0
60913,1.0,5.1549705e-11,0
60914,1.0,9.3651675e-12,0
60915,1.0,4.5322097e-11,0
60916,1.0,6.9951587e-09,0
60917,1.0,4.149376e-12,0
60918,1.0,6.5774185e-11,0
60919,1.0,7.034816e-13,0
60920,1.0,7.0190115e-10,0
60921,1.0,1.0913603e-12,0
60922,1.0,6.7529177e-12,0
60923,1.0,4.2328318e-11,0
60924,1.0,2.6170913e-10,0
60925,1.0,2.6750127e-10,0
60926,1.0,5.381229e-11,0
60927,1.0,9.838691e-13,0
60928,1.0,1.7674777e-11,0
60929,1.0,4.3910236e-12,0
60930,1.0,2.348352e-08,0
60931,1.0,6.0813746e-12,0
60932,1.0,4.675596e-11,0
60933,1.0,3.7839436e-11,0
60934,1.0,1.6393713e-14,0
60935,1.0,5.346116e-12,0
60936,1.0,1.652561e-09,0
60937,1.0,1.5976565e-12,0
60938,1.0,8.219534e-12,0
60939,1.0,2.5550855e-11,0
60940,1.0,3.7619573e-12,0
60941,1.0,2.5327526e-10,0
60942,1.0,4.2239337e-12,0
60943,1.0,1.8535502e-09,0
60944,1.0,2.4006595e-12,0
60945,1.0,3.9748513e-12,0
60946,1.0,1.869483e-11,0
60947,1.0,2.6714757e-09,0
60948,1.0,1.8221267e-11,0
60949,1.0,4.3847779e-13,0
60950,1.0,1.1084479e-11,0
60951,1.0,4.7918614e-12,0
60952,1.0,1.2613664e-10,0
60953,1.0,3.9365817e-13,0
60954,1.0,1.1183456e-08,0
60955,1.0,9.3633865e-11,0
60956,1.0,2.3228468e-13,0
60957,1.0,9.307466e-13,0
60958,1.0,1.30355214e-11,0
60959,1.0,5.994362e-11,0
60960,1.0,7.589845e-12,0
60961,1.0,2.6963707e-12,0
60962,1.0,1.0579784e-12,0
60963,1.0,2.7659133e-10,0
60964,1.0,1.9650013e-12,0
60965,1.0,5.4066508e-11,0
60966,1.0,1.626109e-09,0
60967,1.0,1.3752305e-10,0
60968,1.0,1.1354895e-11,0
60969,1.0,2.7888616e-10,0
60970,1.0,2.7222527e-10,0
60971,1.0,4.6099412e-08,0
60972,1.0,7.727181e-12,0
60973,1.0,4.891788e-13,0
60974,1.0,7.159336e-13,0
60975,1.0,5.931083e-11,0
60976,1.0,8.549002e-12,0
60977,1.0,2.6677263e-10,0
60978,1.0,3.4322642e-13,0
60979,1.0,2.9264586e-12,0
60980,1.0,7.3768346e-11,0
60981,1.0,7.265078e-13,0
60982,1.0,4.188636e-11,0
60983,1.0,7.694821e-13,0
60984,1.0,4.076523e-12,0
60985,1.0,9.6230905e-12,0
60986,1.0,6.996232e-11,0
60987,1.0,4.94694e-13,0
60988,1.0,2.0646355e-13,0
60989,1.0,2.0711942e-10,0
60990,1.0,9.200058e-11,0
60991,1.0,1.0195128e-12,0
60992,1.0,1.2519962e-11,0
60993,1.0,1.9375647e-12,0
60994,1.0,6.6652567e-10,0
60995,1.0,1.2622115e-13,0
60996,1.0,3.2103276e-10,0
60997,1.0,4.0475048e-10,0
60998,1.0,5.5248297e-13,0
60999,1.0,7.775141e-12,0
61000,1.0,8.758506e-14,0
61001,1.0,6.1336556e-12,0
61002,1.0,1.1803161e-09,0
61003,1.0,1.2938859e-12,0
61004,1.0,5.1739467e-13,0
61005,1.0,1.1437357e-12,0
61006,1.0,3.42438e-12,0
61007,1.0,8.514118e-11,0
61008,1.0,7.206478e-13,0
61009,1.0,2.6636474e-11,0
61010,1.0,7.1417703e-09,0
61011,1.0,7.252123e-12,0
61012,1.0,1.1813205e-09,0
61013,1.0,6.7944417e-12,0
61014,1.0,3.9763375e-12,0
61015,1.0,2.337223e-10,0
61016,1.0,1.8352729e-11,0
61017,1.0,3.664645e-10,0
61018,1.0,3.3185327e-10,0
61019,1.0,3.496625e-12,0
61020,1.0,1.5128096e-12,0
61021,1.0,1.08402766e-10,0
61022,1.0,7.349009e-12,0
61023,1.0,8.295121e-11,0
61024,1.0,1.1025628e-11,0
61025,1.0,4.4563285e-12,0
61026,1.0,1.739581e-11,0
61027,1.0,1.868422e-10,0
61028,1.0,2.2371467e-10,0
61029,1.0,1.1574188e-08,0
61030,1.0,2.139087e-09,0
61031,1.0,2.5191338e-09,0
61032,1.0,7.7655775e-13,0
61033,1.0,4.26504e-10,0
61034,0.9999995,4.2172448e-07,0
61035,1.0,1.5234655e-12,0
61036,1.0,3.324708e-11,0
61037,1.0,1.2617717e-12,0
61038,0.9999999,1.7504883e-07,0
61039,1.0,1.08840326e-10,0
61040,1.0,7.868675e-10,0
61041,1.0,1.5773516e-12,0
61042,1.0,2.4679753e-12,0
61043,1.0,4.249658e-11,0
61044,1.0,5.2791777e-12,0
61045,1.0,3.0322472e-12,0
61046,1.0,1.04551395e-10,0
61047,1.0,1.4901734e-13,0
61048,1.0,1.3977387e-12,0
61049,1.0,1.8958987e-10,0
61050,1.0,2.5840309e-11,0
61051,1.0,4.7661202e-12,0
61052,1.0,2.1105043e-12,0
61053,1.0,5.017084e-10,0
61054,1.0,1.1218989e-11,0
61055,1.0,1.2168851e-12,0
61056,1.0,7.6796236e-11,0
61057,1.0,1.0241744e-09,0
61058,1.0,1.0290217e-11,0
61059,1.0,3.790501e-12,0
61060,1.0,2.3162516e-12,0
61061,0.99999845,1.547462e-06,0
61062,1.0,1.3037642e-10,0
61063,1.0,3.90464e-11,0
61064,1.0,2.2845765e-09,0
61065,0.9999999,1.08759544e-07,0
61066,1.0,1.7704012e-13,0
61067,0.9999993,7.424668e-07,0
61068,1.0,5.951075e-10,0
61069,1.0,4.6138966e-13,0
61070,1.0,2.3985187e-11,0
61071,1.0,1.1297487e-09,0
61072,1.0,2.6690004e-09,0
61073,1.0,8.801894e-11,0
61074,1.0,1.3089331e-12,0
61075,1.0,2.923457e-12,0
61076,1.0,2.345508e-09,0
61077,1.0,3.1672227e-11,0
61078,1.0,7.804887e-12,0
61079,1.0,1.5839768e-10,0
61080,1.0,3.7293723e-12,0
61081,1.0,4.1019246e-09,0
61082,1.0,2.542001e-10,0
61083,1.0,1.13282723e-10,0
61084,1.0,1.0481765e-12,0
61085,1.0,8.623986e-10,0
61086,1.0,1.0497533e-08,0
61087,1.0,8.739459e-12,0
61088,1.0,5.3823964e-12,0
61089,1.0,6.5610104e-13,0
61090,1.0,1.3423308e-10,0
61091,1.0,9.700558e-13,0
61092,1.0,1.41947645e-08,0
61093,1.0,1.7245964e-10,0
61094,1.0,2.3670305e-13,0
61095,1.0,6.6367224e-11,0
61096,1.0,3.1041522e-10,0
61097,1.0,7.5930096e-10,0
61098,1.0,7.136769e-14,0
61099,1.0,3.7563e-12,0
61100,1.0,9.233613e-12,0
61101,1.0,1.3567161e-11,0
61102,1.0,7.420021e-13,0
61103,1.0,1.853931e-10,0
61104,1.0,2.6861879e-11,0
61105,1.0,8.435205e-11,0
61106,1.0,6.472049e-11,0
61107,1.0,1.1742577e-09,0
61108,1.0,7.349024e-12,0
61109,1.0,1.0432073e-10,0
61110,1.0,3.6016815e-11,0
61111,1.0,3.6484978e-11,0
61112,1.0,6.663203e-12,0
61113,1.0,1.8988786e-12,0
61114,1.0,6.099871e-11,0
61115,1.0,4.511435e-10,0
61116,1.0,8.346517e-13,0
61117,1.0,6.383476e-10,0
61118,1.0,1.3083652e-10,0
61119,1.0,9.245755e-12,0
61120,1.0,1.5322196e-12,0
61121,1.0,3.042799e-11,0
61122,1.0,1.1561489e-10,0
61123,1.0,2.8304343e-11,0
61124,1.0,2.6507223e-12,0
61125,1.0,4.124625e-11,0
61126,0.9999988,1.1377067e-06,0
61127,1.0,8.233311e-12,0
61128,1.0,1.6862407e-10,0
61129,1.0,8.1557136e-11,0
61130,1.0,1.9846707e-12,0
61131,1.0,3.1922676e-09,0
61132,1.0,7.1990634e-12,0
61133,1.0,9.104371e-13,0
61134,1.0,1.2902866e-10,0
61135,1.0,6.7388324e-11,0
61136,1.0,5.1767358e-11,0
61137,1.0,1.2008257e-09,0
61138,1.0,7.1365375e-10,0
61139,1.0,2.2923741e-11,0
61140,1.0,5.6368717e-13,0
61141,1.0,4.482678e-09,0
61142,1.0,2.1168116e-10,0
61143,1.0,6.3437616e-10,0
61144,1.0,8.567513e-12,0
61145,1.0,1.3499893e-11,0
61146,1.0,1.448316e-11,0
61147,1.0,3.7513202e-14,0
61148,1.0,6.1521004e-11,0
61149,1.0,2.6713607e-11,0
61150,1.0,4.2039107e-13,0
61151,1.0,2.6008412e-12,0
61152,1.0,1.1392507e-08,0
61153,1.0,1.7104828e-11,0
61154,1.0,4.876694e-10,0
61155,1.0,6.043006e-13,0
61156,1.0,2.4131109e-11,0
61157,1.0,3.0020967e-13,0
61158,1.0,1.0650115e-09,0
61159,1.0,2.9631508e-13,0
61160,1.0,4.4921435e-09,0
61161,1.0,3.1114102e-12,0
61162,1.0,4.020095e-12,0
61163,1.0,1.752781e-10,0
61164,1.0,4.856146e-13,0
61165,1.0,5.4138534e-11,0
61166,1.0,5.3966054e-11,0
61167,1.0,4.4173478e-13,0
61168,1.0,5.0652893e-12,0
61169,1.0,1.9298783e-12,0
61170,1.0,1.5115141e-09,0
61171,1.0,2.0311081e-12,0
61172,1.0,2.2493503e-09,0
61173,1.0,1.0899359e-11,0
61174,1.0,1.7600464e-11,0
61175,1.0,3.6126e-11,0
61176,1.0,1.2936829e-09,0
61177,1.0,9.326628e-12,0
61178,1.0,4.1917823e-12,0
61179,1.0,1.6488552e-09,0
61180,1.0,4.592135e-12,0
61181,1.0,5.872503e-11,0
61182,1.0,4.7467674e-09,0
61183,1.0,1.5855153e-10,0
61184,1.0,6.4351922e-12,0
61185,1.0,2.2365323e-10,0
61186,1.0,5.525534e-10,0
61187,1.0,1.970106e-11,0
61188,1.0,3.5745849e-12,0
61189,1.0,3.432844e-11,0
61190,1.0,5.183175e-12,0
61191,1.0,3.402201e-11,0
61192,1.0,1.1019541e-13,0
61193,1.0,2.3796887e-12,0
61194,1.0,1.113745e-09,0
61195,1.0,4.8458893e-11,0
61196,1.0,2.2481632e-12,0
61197,1.0,3.5965209e-10,0
61198,1.0,3.3375247e-10,0
61199,1.0,1.8170433e-10,0
61200,1.0,1.8043375e-10,0
61201,1.0,4.7561035e-12,0
61202,1.0,5.253323e-12,0
61203,1.0,6.817604e-11,0
61204,1.0,1.1708324e-11,0
61205,0.99999976,2.0481289e-07,0
61206,1.0,1.351664e-11,0
61207,1.0,7.627548e-12,0
61208,1.0,5.127687e-12,0
61209,1.0,4.8157967e-11,0
61210,1.0,3.7308276e-10,0
61211,1.0,8.389772e-09,0
61212,1.0,1.0088728e-10,0
61213,1.0,5.57124e-10,0
61214,1.0,5.5251723e-11,0
61215,1.0,1.8239357e-10,0
61216,1.0,1.562241e-11,0
61217,1.0,1.0037584e-12,0
61218,1.0,2.6778788e-12,0
61219,1.0,1.1390725e-12,0
61220,1.0,4.1505237e-12,0
61221,1.0,1.1133307e-13,0
61222,1.0,4.55005e-12,0
61223,1.0,5.99666e-11,0
61224,1.0,9.227266e-10,0
61225,1.0,4.351471e-12,0
61226,1.0,3.3855917e-14,0
61227,1.0,4.0205306e-09,0
61228,1.0,5.7545236e-12,0
61229,1.0,2.265018e-12,0
61230,1.0,1.9727118e-11,0
61231,1.0,3.6838314e-11,0
61232,1.0,4.844411e-11,0
61233,1.0,9.578451e-11,0
61234,1.0,1.3971383e-09,0
61235,1.0,5.580841e-11,0
61236,1.0,7.391016e-11,0
61237,1.0,5.4071535e-12,0
61238,1.0,8.112634e-10,0
61239,1.0,1.6358014e-10,0
61240,1.0,1.0233348e-09,0
61241,1.0,1.0717835e-12,0
61242,1.0,2.3237754e-11,0
61243,1.0,2.634157e-11,0
61244,1.0,2.7729595e-14,0
61245,1.0,8.291573e-12,0
61246,1.0,2.1531723e-09,0
61247,1.0,3.400248e-11,0
61248,1.0,5.3892173e-12,0
61249,1.0,1.5250413e-12,0
61250,1.0,1.6144934e-11,0
61251,1.0,1.4045984e-09,0
61252,1.0,1.0122635e-13,0
61253,1.0,2.0416253e-09,0
61254,1.0,6.2424363e-09,0
61255,1.0,1.0359033e-09,0
61256,1.0,4.3322932e-11,0
61257,1.0,3.3844025e-11,0
61258,1.0,5.9469644e-11,0
61259,1.0,1.3595721e-09,0
61260,1.0,9.538165e-10,0
61261,1.0,1.8003478e-12,0
61262,1.0,7.0306846e-13,0
61263,1.0,6.5033903e-12,0
61264,1.0,4.166355e-12,0
61265,1.0,6.573051e-12,0
61266,1.0,2.2102091e-11,0
61267,1.0,1.34876416e-11,0
61268,1.0,8.417968e-09,0
61269,1.0,1.8683994e-11,0
61270,1.0,3.0522067e-13,0
61271,1.0,2.3842194e-11,0
61272,1.0,4.2770149e-10,0
61273,1.0,1.4238714e-09,0
61274,1.0,2.5714344e-11,0
61275,1.0,3.4709103e-08,0
61276,1.0,7.3095837e-13,0
61277,1.0,3.259861e-11,0
61278,1.0,1.28892825e-11,0
61279,1.0,2.7528474e-12,0
61280,1.0,2.4161737e-11,0
61281,1.0,2.1816904e-11,0
61282,1.0,3.822209e-14,0
61283,1.0,7.7985437e-13,0
61284,1.0,2.4377237e-13,0
61285,1.0,1.2573285e-10,0
61286,1.0,7.459104e-12,0
61287,1.0,4.329718e-10,0
61288,1.0,2.4785434e-11,0
61289,1.0,6.4776656e-12,0
61290,1.0,4.1453085e-09,0
61291,1.0,2.6745536e-10,0
61292,1.0,2.987769e-10,0
61293,1.0,2.6560695e-10,0
61294,1.0,1.8859532e-12,0
61295,1.0,4.0839866e-12,0
61296,1.0,1.3542135e-11,0
61297,1.0,1.035787e-12,0
61298,1.0,1.4831589e-12,0
61299,1.0,5.7846987e-12,0
61300,1.0,3.837423e-11,0
61301,1.0,1.7622878e-10,0
61302,1.0,3.2695828e-14,0
61303,1.0,1.4067679e-12,0
61304,1.0,1.1650361e-11,0
61305,1.0,6.9699435e-10,0
61306,1.0,3.1838817e-13,0
61307,1.0,1.2391861e-11,0
61308,1.0,2.3610236e-10,0
61309,1.0,2.707407e-10,0
61310,1.0,1.6755039e-10,0
61311,1.0,1.7720728e-10,0
61312,1.0,5.812589e-13,0
61313,1.0,1.5065196e-10,0
61314,1.0,3.90945e-13,0
61315,1.0,3.4024248e-13,0
61316,1.0,1.506659e-12,0
61317,1.0,2.10067e-11,0
61318,1.0,4.681557e-11,0
61319,1.0,1.7448671e-12,0
61320,1.0,4.9393388e-14,0
61321,1.0,2.4466548e-08,0
61322,1.0,1.9564213e-13,0
61323,1.0,3.331343e-10,0
61324,1.0,2.627343e-11,0
61325,1.0,3.1041093e-11,0
61326,1.0,1.7287839e-12,0
61327,1.0,6.98334e-11,0
61328,1.0,2.9274777e-10,0
61329,1.0,4.0335862e-10,0
61330,1.0,2.215747e-11,0
61331,1.0,2.8913605e-12,0
61332,1.0,8.7039966e-11,0
61333,1.0,7.609824e-11,0
61334,1.0,7.244343e-11,0
61335,1.0,1.3448698e-11,0
61336,1.0,1.8511759e-09,0
61337,1.0,2.3475633e-12,0
61338,1.0,2.9271443e-09,0
61339,1.0,3.1128603e-11,0
61340,1.0,1.5299709e-12,0
61341,1.0,1.3168933e-09,0
61342,1.0,2.396061e-13,0
61343,1.0,8.271524e-13,0
61344,1.0,3.9448386e-11,0
61345,1.0,1.2742727e-09,0
61346,1.0,4.0636345e-13,0
61347,1.0,8.69305e-10,0
61348,1.0,1.759027e-10,0
61349,1.0,2.536042e-12,0
61350,1.0,1.5457465e-11,0
61351,1.0,1.4641414e-12,0
61352,1.0,1.2120474e-10,0
61353,1.0,2.1117998e-13,0
61354,1.0,1.5426856e-08,0
61355,1.0,2.1767265e-12,0
61356,1.0,2.7424826e-11,0
61357,1.0,2.9659417e-11,0
61358,1.0,4.2790914e-12,0
61359,1.0,4.8257427e-12,0
61360,1.0,6.326114e-12,0
61361,0.99999607,3.9216966e-06,0
61362,1.0,6.9686344e-12,0
61363,1.0,2.4594654e-12,0
61364,1.0,6.4231936e-10,0
61365,1.0,2.938934e-11,0
61366,1.0,2.5685508e-12,0
61367,1.0,5.1311875e-09,0
61368,1.0,1.0572411e-10,0
61369,1.0,1.4847977e-12,0
61370,1.0,1.8345512e-08,0
61371,1.0,1.2575109e-10,0
61372,1.0,8.3684513e-13,0
61373,1.0,7.2585995e-12,0
61374,1.0,1.0957368e-11,0
61375,1.0,1.4426016e-10,0
61376,1.0,5.720318e-11,0
61377,1.0,2.9543095e-12,0
61378,1.0,5.3315567e-11,0
61379,1.0,6.0658824e-13,0
61380,1.0,1.4658005e-13,0
61381,1.0,3.5564748e-12,0
61382,1.0,9.445895e-12,0
61383,1.0,8.6684663e-13,0
61384,1.0,1.8220631e-12,0
61385,1.0,2.0388731e-10,0
61386,1.0,1.0705935e-10,0
61387,1.0,2.6155405e-09,0
61388,1.0,3.0901705e-13,0
61389,1.0,2.2849076e-13,0
61390,1.0,1.1614738e-13,0
61391,1.0,1.3347037e-12,0
61392,1.0,2.437151e-10,0
61393,1.0,2.9163103e-13,0
61394,1.0,1.5750659e-13,0
61395,1.0,2.2062458e-11,0
61396,1.0,6.8056184e-13,0
61397,1.0,6.3227366e-12,0
61398,1.0,2.18281e-11,0
61399,1.0,6.7787054e-11,0
61400,1.0,3.1732055e-13,0
61401,1.0,1.468062e-12,0
61402,1.0,3.3768808e-13,0
61403,1.0,2.02258e-12,0
61404,1.0,1.3069972e-12,0
61405,1.0,6.2695793e-10,0
61406,1.0,1.1602705e-11,0
61407,1.0,6.231774e-10,0
61408,1.0,3.2069567e-13,0
61409,1.0,1.7531436e-12,0
61410,1.0,3.7349712e-10,0
61411,1.0,2.4880783e-11,0
61412,1.0,2.0385688e-11,0
61413,1.0,1.4987825e-12,0
61414,1.0,7.835483e-11,0
61415,0.9999999,1.18122806e-07,0
61416,1.0,1.4599522e-13,0
61417,1.0,3.955649e-08,0
61418,1.0,7.229259e-14,0
61419,1.0,3.527064e-11,0
61420,1.0,4.4227903e-11,0
61421,1.0,1.6205264e-13,0
61422,1.0,9.5349536e-12,0
61423,1.0,3.060838e-11,0
61424,1.0,2.6155504e-09,0
61425,0.9999999,1.5473158e-07,0
61426,1.0,5.225359e-13,0
61427,1.0,7.415441e-12,0
61428,1.0,2.5191602e-11,0
61429,1.0,3.1556754e-11,0
61430,1.0,3.0104857e-13,0
61431,1.0,9.642121e-13,0
61432,1.0,2.3196107e-09,0
61433,1.0,1.1799336e-12,0
61434,1.0,1.40123e-12,0
61435,1.0,6.4181048e-12,0
61436,1.0,9.517657e-12,0
61437,1.0,3.9269865e-11,0
61438,1.0,7.2412037e-12,0
61439,1.0,1.2272783e-09,0
61440,1.0,6.2456835e-14,0
61441,1.0,9.215649e-12,0
61442,1.0,3.031798e-11,0
61443,1.0,9.697789e-12,0
61444,1.0,1.9518294e-13,0
61445,1.0,6.8863075e-11,0
61446,1.0,5.829118e-10,0
61447,1.0,1.4753514e-09,0
61448,1.0,8.8854236e-11,0
61449,1.0,5.0663913e-12,0
61450,1.0,1.8713444e-12,0
61451,1.0,2.2297854e-10,0
61452,1.0,1.376198e-11,0
61453,1.0,2.2923633e-13,0
61454,1.0,2.5366126e-12,0
61455,1.0,3.1041075e-12,0
61456,1.0,1.7364334e-09,0
61457,1.0,5.475208e-10,0
61458,1.0,1.0326733e-10,0
61459,1.0,4.678937e-13,0
61460,1.0,3.0685814e-12,0
61461,1.0,5.665802e-13,0
61462,1.0,1.0729367e-09,0
61463,1.0,8.61197e-10,0
61464,1.0,2.5118001e-11,0
61465,1.0,6.775477e-10,0
61466,1.0,3.7499492e-09,0
61467,1.0,2.6517463e-10,0
61468,1.0,3.5517758e-09,0
61469,1.0,1.5523114e-11,0
61470,1.0,4.024921e-12,0
61471,1.0,6.148769e-11,0
61472,1.0,7.454715e-14,0
61473,1.0,1.8379306e-12,0
61474,1.0,1.9777338e-11,0
61475,1.0,9.008143e-09,0
61476,0.99999785,2.1122278e-06,0
61477,1.0,1.7893214e-08,0
61478,1.0,4.0289574e-10,0
61479,1.0,1.9949513e-09,0
61480,1.0,2.6491995e-13,0
61481,1.0,2.5082505e-09,0
61482,1.0,5.165723e-13,0
61483,1.0,1.7351887e-09,0
61484,1.0,6.856972e-12,0
61485,1.0,1.9440041e-10,0
61486,1.0,8.3695256e-12,0
61487,1.0,8.988555e-10,0
61488,1.0,3.2917384e-11,0
61489,1.0,6.552144e-13,0
61490,1.0,2.949538e-10,0
61491,1.0,2.0854637e-11,0
61492,1.0,1.9010378e-09,0
61493,1.0,8.7048807e-10,0
61494,1.0,1.797458e-13,0
61495,1.0,1.5072016e-09,0
61496,1.0,7.3199016e-11,0
61497,1.0,2.5862151e-11,0
61498,1.0,5.963744e-14,0
61499,1.0,2.7003853e-12,0
61500,1.0,6.159392e-11,0
61501,1.0,8.219111e-12,0
61502,1.0,3.462133e-10,0
61503,1.0,1.3019279e-10,0
61504,1.0,2.800044e-10,0
61505,1.0,3.6786897e-12,0
61506,1.0,3.1838382e-10,0
61507,0.9999999,1.0231386e-07,0
61508,1.0,2.5642655e-10,0
61509,1.0,2.494557e-13,0
61510,1.0,1.2184418e-11,0
61511,1.0,1.9710317e-10,0
61512,1.0,1.4615983e-10,0
61513,1.0,1.2598983e-12,0
61514,1.0,2.0224258e-12,0
61515,1.0,1.2658872e-11,0
61516,1.0,4.7908904e-13,0
61517,1.0,2.961171e-11,0
61518,1.0,1.6372855e-12,0
61519,1.0,4.5841273e-12,0
61520,0.99999976,2.6042278e-07,0
61521,1.0,2.4304803e-10,0
61522,1.0,3.5884747e-11,0
61523,1.0,9.818216e-10,0
61524,1.0,8.438182e-11,0
61525,1.0,4.6688027e-12,0
61526,1.0,8.996367e-12,0
61527,1.0,4.698578e-12,0
61528,1.0,5.2467267e-11,0
61529,1.0,8.833335e-13,0
61530,1.0,9.471044e-12,0
61531,1.0,1.9381646e-11,0
61532,1.0,2.2093187e-12,0
61533,1.0,1.768534e-10,0
61534,1.0,1.3735416e-11,0
61535,1.0,8.264479e-12,0
61536,1.0,1.4640515e-13,0
61537,1.0,3.772216e-09,0
61538,1.0,3.841251e-12,0
61539,1.0,6.047226e-13,0
61540,1.0,7.3887085e-10,0
61541,1.0,2.483967e-11,0
61542,1.0,8.7665167e-13,0
61543,1.0,6.7599354e-10,0
61544,1.0,2.0383133e-10,0
61545,1.0,8.069927e-11,0
61546,1.0,1.03574024e-11,0
61547,1.0,1.7463288e-12,0
61548,1.0,2.0367421e-11,0
61549,1.0,1.9616254e-10,0
61550,1.0,1.6619166e-10,0
61551,1.0,6.7735375e-14,0
61552,1.0,4.2350526e-11,0
61553,1.0,4.4293475e-12,0
61554,1.0,1.5895319e-12,0
61555,1.0,5.773908e-08,0
61556,0.99999976,2.725857e-07,0
61557,1.0,1.1506578e-10,0
61558,1.0,1.1313238e-11,0
61559,1.0,2.9780256e-12,0
61560,1.0,4.1376538e-13,0
61561,1.0,6.5182956e-11,0
61562,1.0,6.1983356e-13,0
61563,1.0,1.6306334e-10,0
61564,1.0,2.0639221e-10,0
61565,1.0,7.935958e-10,0
61566,1.0,9.652977e-13,0
61567,1.0,5.3157017e-09,0
61568,1.0,3.0879511e-12,0
61569,1.0,3.6157333e-09,0
61570,1.0,8.374712e-09,0
61571,1.0,6.817528e-14,0
61572,1.0,6.8675046e-13,0
61573,1.0,2.6937353e-11,0
61574,1.0,4.4021514e-12,0
61575,1.0,2.888879e-09,0
61576,1.0,8.426565e-12,0
61577,1.0,1.3010404e-08,0
61578,1.0,4.118931e-12,0
61579,1.0,1.5400219e-12,0
61580,1.0,9.4579074e-11,0
61581,1.0,1.0498974e-08,0
61582,1.0,1.4668376e-10,0
61583,1.0,2.2241604e-11,0
61584,1.0,8.084879e-09,0
61585,1.0,1.940383e-12,0
61586,1.0,5.5221228e-09,0
61587,1.0,1.2364362e-10,0
61588,1.0,3.4085357e-10,0
61589,1.0,5.7969393e-11,0
61590,1.0,7.204191e-11,0
61591,1.0,1.0698902e-12,0
61592,1.0,4.5089938e-13,0
61593,1.0,4.2822594e-12,0
61594,1.0,2.3925444e-13,0
61595,1.0,9.39717e-10,0
61596,1.0,2.2528722e-12,0
61597,1.0,2.1097405e-11,0
61598,1.0,4.440575e-11,0
61599,1.0,1.5359349e-13,0
61600,1.0,2.2334277e-11,0
61601,1.0,6.9807133e-12,0
61602,1.0,5.185415e-10,0
61603,1.0,1.8238835e-10,0
61604,1.0,1.702001e-12,0
61605,1.0,2.88584e-12,0
61606,1.0,1.0053843e-10,0
61607,1.0,3.6269436e-09,0
61608,1.0,1.1942462e-11,0
61609,1.0,1.2197183e-11,0
61610,1.0,3.0139574e-12,0
61611,1.0,2.3445732e-09,0
61612,1.0,3.7923992e-10,0
61613,1.0,1.2764284e-12,0
61614,1.0,1.3868296e-12,0
61615,1.0,1.9407836e-11,0
61616,1.0,1.3098978e-11,0
61617,1.0,6.353566e-11,0
61618,1.0,1.947331e-12,0
61619,1.0,2.9206734e-10,0
61620,1.0,6.724718e-12,0
61621,1.0,1.5927276e-12,0
61622,1.0,4.378834e-10,0
61623,1.0,5.3201607e-14,0
61624,1.0,1.8534422e-11,0
61625,0.9999999,6.359565e-08,0
61626,1.0,1.945893e-13,0
61627,1.0,1.3552302e-13,0
61628,1.0,2.5025637e-09,0
61629,1.0,1.6056727e-12,0
61630,1.0,8.192415e-11,0
61631,1.0,3.7067498e-12,0
61632,1.0,3.149063e-10,0
61633,1.0,2.3927637e-13,0
61634,1.0,1.1429534e-11,0
61635,1.0,6.181459e-11,0
61636,1.0,2.1842386e-11,0
61637,0.9999999,1.235158e-07,0
61638,1.0,1.349181e-11,0
61639,1.0,3.533676e-11,0
61640,1.0,5.1327627e-13,0
61641,1.0,2.2134999e-11,0
61642,1.0,2.3185436e-10,0
61643,1.0,6.0461107e-12,0
61644,1.0,1.6321356e-11,0
61645,1.0,1.14062535e-11,0
61646,1.0,1.451448e-09,0
61647,1.0,1.296012e-09,0
61648,1.0,2.0553923e-11,0
61649,1.0,5.027785e-10,0
61650,1.0,2.016145e-11,0
61651,1.0,3.2798328e-10,0
61652,1.0,3.928382e-10,0
61653,1.0,1.780868e-11,0
61654,1.0,1.0492092e-11,0
61655,1.0,2.8417156e-13,0
61656,1.0,2.0392622e-10,0
61657,1.0,2.8176872e-13,0
61658,1.0,1.583061e-11,0
61659,1.0,1.7367176e-10,0
61660,1.0,6.4377154e-10,0
61661,1.0,4.2906907e-11,0
61662,1.0,1.5897351e-12,0
61663,1.0,1.2121363e-12,0
61664,1.0,1.2420861e-09,0
61665,1.0,2.0062518e-11,0
61666,1.0,2.7007911e-09,0
61667,1.0,2.5428631e-11,0
61668,1.0,4.180413e-12,0
61669,1.0,3.6029887e-10,0
61670,1.0,1.6121194e-09,0
61671,1.0,5.652146e-10,0
61672,1.0,2.2181053e-12,0
61673,1.0,4.5275133e-13,0
61674,1.0,6.6239684e-13,0
61675,1.0,7.334897e-11,0
61676,1.0,2.3910278e-11,0
61677,1.0,7.004914e-14,0
61678,1.0,6.6044054e-12,0
61679,1.0,7.6679586e-11,0
61680,1.0,3.977187e-12,0
61681,1.0,5.8448293e-13,0
61682,1.0,2.3481243e-11,0
61683,1.0,1.3463276e-11,0
61684,1.0,7.415675e-10,0
61685,1.0,6.4695194e-11,0
61686,1.0,2.4556441e-09,0
61687,1.0,1.2515766e-10,0
61688,1.0,3.921154e-12,0
61689,1.0,8.522627e-12,0
61690,1.0,4.0905862e-10,0
61691,1.0,6.118335e-09,0
61692,1.0,1.0728988e-11,0
61693,1.0,4.2646067e-11,0
61694,1.0,6.891994e-12,0
61695,1.0,7.57849e-12,0
61696,1.0,2.7239574e-13,0
61697,1.0,2.395169e-10,0
61698,1.0,8.38066e-12,0
61699,1.0,2.9744185e-10,0
61700,1.0,2.1988088e-12,0
61701,1.0,2.7715451e-12,0
61702,1.0,1.5568022e-09,0
61703,1.0,8.92633e-14,0
61704,1.0,4.127039e-12,0
61705,1.0,6.77408e-14,0
61706,1.0,4.2869666e-12,0
61707,1.0,5.0439857e-11,0
61708,1.0,8.1511303e-10,0
61709,1.0,1.685722e-11,0
61710,1.0,1.785917e-10,0
61711,1.0,5.7802454e-11,0
61712,1.0,3.5437465e-11,0
61713,1.0,2.1045571e-10,0
61714,1.0,3.0656916e-12,0
61715,1.0,1.8074996e-10,0
61716,1.0,5.5533075e-11,0
61717,1.0,1.16364876e-10,0
61718,1.0,1.0885558e-12,0
61719,1.0,2.2150878e-11,0
61720,1.0,1.2801349e-11,0
61721,1.0,4.6686604e-12,0
61722,1.0,1.1750154e-12,0
61723,1.0,1.2553276e-10,0
61724,1.0,4.1478726e-12,0
61725,1.0,9.170891e-14,0
61726,1.0,8.46777e-14,0
61727,1.0,4.717676e-13,0
61728,1.0,1.8380482e-10,0
61729,1.0,3.606509e-10,0
61730,1.0,2.3407115e-10,0
61731,1.0,2.8413188e-10,0
61732,1.0,7.1449e-10,0
61733,1.0,1.5756062e-10,0
61734,1.0,3.0582268e-09,0
61735,1.0,7.3959166e-13,0
61736,1.0,3.0911803e-12,0
61737,1.0,7.844059e-09,0
61738,1.0,3.3467454e-12,0
61739,1.0,4.009086e-11,0
61740,1.0,1.7377513e-10,0
61741,1.0,2.9295875e-11,0
61742,1.0,2.629673e-12,0
61743,1.0,7.929237e-11,0
61744,1.0,2.1686197e-13,0
61745,1.0,1.244718e-10,0
61746,1.0,4.599189e-13,0
61747,1.0,1.7192487e-11,0
61748,1.0,3.0818275e-11,0
61749,1.0,5.0949787e-12,0
61750,1.0,7.724204e-12,0
61751,1.0,9.6115026e-11,0
61752,1.0,1.6986938e-11,0
61753,1.0,9.0802695e-12,0
61754,1.0,3.0121905e-10,0
61755,1.0,2.0126314e-09,0
61756,1.0,1.6045269e-13,0
61757,1.0,3.3305771e-12,0
61758,1.0,5.6163944e-13,0
61759,1.0,9.074677e-12,0
61760,1.0,2.657241e-13,0
61761,1.0,2.8356841e-09,0
61762,1.0,5.461748e-12,0
61763,1.0,1.0934376e-12,0
61764,1.0,5.157505e-12,0
61765,1.0,4.3800616e-14,0
61766,1.0,2.1290105e-11,0
61767,1.0,1.0925724e-12,0
61768,1.0,4.8813026e-13,0
61769,1.0,7.4767487e-13,0
61770,1.0,8.477957e-09,0
61771,1.0,7.319122e-14,0
61772,1.0,2.039861e-10,0
61773,1.0,6.537271e-11,0
61774,1.0,1.2098417e-10,0
61775,1.0,1.4571194e-14,0
61776,1.0,1.2384222e-12,0
61777,1.0,6.7284897e-12,0
61778,1.0,7.3816335e-11,0
61779,0.9999999,6.3877565e-08,0
61780,1.0,3.7868916e-10,0
61781,1.0,1.3077683e-11,0
61782,1.0,3.8350965e-11,0
61783,1.0,2.9509054e-10,0
61784,1.0,1.1341249e-09,0
61785,1.0,1.1472048e-09,0
61786,1.0,1.2794369e-11,0
61787,1.0,5.1976755e-13,0
61788,1.0,3.0901223e-10,0
61789,1.0,2.578364e-11,0
61790,1.0,1.5499496e-12,0
61791,1.0,7.593834e-14,0
61792,1.0,3.9976455e-12,0
61793,1.0,3.870468e-13,0
61794,1.0,1.8557071e-10,0
61795,1.0,1.144428e-11,0
61796,1.0,4.8358946e-13,0
61797,1.0,3.4122545e-11,0
61798,1.0,5.937633e-12,0
61799,1.0,2.5613284e-13,0
61800,1.0,4.1676312e-10,0
61801,1.0,1.9329306e-10,0
61802,1.0,2.0253615e-10,0
61803,1.0,3.3738177e-12,0
61804,1.0,6.794205e-13,0
61805,1.0,4.24861e-12,0
61806,1.0,2.391973e-10,0
61807,1.0,5.85179e-13,0
61808,1.0,3.727099e-11,0
61809,1.0,1.3172242e-10,0
61810,1.0,2.9451613e-12,0
61811,1.0,6.616856e-14,0
61812,1.0,3.517066e-12,0
61813,1.0,4.6001896e-09,0
61814,1.0,5.050202e-12,0
61815,1.0,3.4408264e-12,0
61816,1.0,1.4228347e-12,0
61817,1.0,4.44925e-10,0
61818,1.0,4.425241e-13,0
61819,1.0,3.513648e-11,0
61820,1.0,9.951691e-12,0
61821,1.0,2.1815e-14,0
61822,1.0,1.8298899e-11,0
61823,1.0,7.638322e-12,0
61824,1.0,2.3526556e-12,0
61825,1.0,3.2764345e-12,0
61826,1.0,7.1086225e-13,0
61827,1.0,1.1158143e-12,0
61828,1.0,8.6632895e-10,0
61829,1.0,5.267146e-13,0
61830,0.9999999,6.333684e-08,0
61831,1.0,2.365161e-10,0
61832,1.0,7.799954e-10,0
61833,0.99999905,9.710539e-07,0
61834,1.0,4.2335583e-11,0
61835,1.0,6.4039446e-12,0
61836,1.0,9.255861e-13,0
61837,1.0,1.7022698e-09,0
61838,1.0,1.100254e-11,0
61839,1.0,3.1513548e-12,0
61840,1.0,4.069046e-14,0
61841,1.0,1.1289845e-08,0
61842,1.0,3.5542918e-08,0
61843,1.0,4.4828266e-11,0
61844,0.9999989,1.0961419e-06,0
61845,1.0,1.9679701e-10,0
61846,1.0,1.5272806e-11,0
61847,1.0,8.540238e-11,0
61848,1.0,3.894255e-12,0
61849,1.0,1.9981405e-11,0
61850,1.0,1.9262249e-10,0
61851,0.9999999,7.60319e-08,0
61852,1.0,2.4765292e-12,0
61853,1.0,6.413806e-13,0
61854,1.0,3.3037806e-13,0
61855,1.0,1.1219889e-11,0
61856,1.0,1.3932105e-13,0
61857,1.0,4.3854014e-11,0
61858,1.0,2.0402037e-10,0
61859,1.0,6.9452305e-11,0
61860,1.0,8.616472e-10,0
61861,1.0,1.5989437e-11,0
61862,1.0,1.8913371e-10,0
61863,1.0,1.944616e-10,0
61864,1.0,1.6837668e-09,0
61865,1.0,1.2273321e-09,0
61866,1.0,2.6673261e-09,0
61867,1.0,5.0423696e-11,0
61868,1.0,1.4902081e-12,0
61869,1.0,6.593295e-11,0
61870,1.0,7.0611004e-12,0
61871,1.0,5.328855e-10,0
61872,1.0,1.743066e-10,0
61873,1.0,1.6625861e-13,0
61874,1.0,7.0658664e-13,0
61875,1.0,4.6112145e-09,0
61876,1.0,1.2450925e-11,0
61877,1.0,8.568885e-12,0
61878,1.0,1.1074082e-11,0
61879,1.0,1.4054975e-11,0
61880,1.0,5.661287e-13,0
61881,1.0,5.6404534e-09,0
61882,1.0,1.276541e-11,0
61883,1.0,1.1407935e-10,0
61884,1.0,4.490475e-12,0
61885,1.0,2.7679528e-12,0
61886,1.0,1.4012148e-11,0
61887,1.0,5.0658474e-13,0
61888,1.0,2.8102282e-12,0
61889,1.0,8.0342e-12,0
61890,1.0,1.2288364e-12,0
61891,1.0,1.05527835e-11,0
61892,1.0,6.212189e-11,0
61893,1.0,6.277075e-12,0
61894,1.0,4.6388917e-11,0
61895,1.0,8.2300567e-13,0
61896,1.0,1.45232715e-11,0
61897,1.0,4.9891025e-11,0
61898,1.0,1.5030366e-12,0
61899,1.0,1.3433067e-10,0
61900,1.0,1.6851513e-13,0
61901,1.0,1.8527096e-12,0
61902,1.0,1.8366009e-10,0
61903,1.0,6.856867e-12,0
61904,1.0,1.3893076e-12,0
61905,1.0,6.1057353e-12,0
61906,1.0,5.12265e-13,0
61907,1.0,2.0917888e-12,0
61908,1.0,3.0482378e-10,0
61909,1.0,2.2874628e-13,0
61910,1.0,2.236577e-12,0
61911,1.0,1.8530624e-09,0
61912,1.0,2.3520855e-12,0
61913,1.0,4.294297e-13,0
61914,1.0,5.4921445e-09,0
61915,1.0,2.1526557e-12,0
61916,1.0,9.132669e-13,0
61917,1.0,6.523896e-10,0
61918,1.0,3.83808e-12,0
61919,1.0,1.340649e-11,0
61920,1.0,2.0617334e-11,0
61921,1.0,6.278868e-13,0
61922,1.0,4.8397748e-11,0
61923,1.0,2.4758303e-12,0
61924,1.0,2.2678648e-10,0
61925,1.0,8.799228e-14,0
61926,1.0,2.633824e-12,0
61927,1.0,9.810559e-10,0
61928,1.0,1.7731266e-11,0
61929,1.0,5.663301e-11,0
61930,1.0,4.6472674e-12,0
61931,1.0,1.1350197e-11,0
61932,1.0,2.4919001e-12,0
61933,1.0,3.153993e-13,0
61934,1.0,6.654827e-10,0
61935,1.0,9.767662e-12,0
61936,1.0,2.866467e-10,0
61937,1.0,1.0023513e-10,0
61938,1.0,2.8931604e-11,0
61939,1.0,4.9511295e-10,0
61940,1.0,1.0116861e-10,0
61941,1.0,4.965945e-08,0
61942,1.0,7.5689205e-10,0
61943,1.0,1.4605783e-10,0
61944,1.0,1.4720836e-11,0
61945,0.9999993,6.6266443e-07,0
61946,1.0,4.2118344e-12,0
61947,1.0,2.1944373e-10,0
61948,1.0,1.5821946e-11,0
61949,1.0,3.418417e-11,0
61950,1.0,2.0408553e-12,0
61951,1.0,2.8401254e-11,0
61952,1.0,1.0438631e-12,0
61953,1.0,8.390235e-13,0
61954,1.0,2.9716479e-12,0
61955,1.0,1.7374049e-12,0
61956,1.0,8.590531e-13,0
61957,1.0,5.831139e-11,0
61958,1.0,2.870499e-10,0
61959,1.0,7.2904355e-10,0
61960,1.0,3.658639e-10,0
61961,1.0,3.9713027e-13,0
61962,1.0,8.58606e-13,0
61963,1.0,1.4920134e-13,0
61964,1.0,1.2024878e-12,0
61965,1.0,4.4391288e-10,0
61966,1.0,8.4304677e-13,0
61967,0.9999999,6.373165e-08,0
61968,1.0,4.1682235e-12,0
61969,1.0,1.7519135e-12,0
61970,1.0,2.8212382e-08,0
61971,1.0,8.742743e-12,0
61972,1.0,1.5027458e-10,0
61973,1.0,1.8188914e-10,0
61974,1.0,5.5382105e-12,0
61975,1.0,1.4382457e-08,0
61976,1.0,2.4178504e-12,0
61977,1.0,4.703676e-10,0
61978,1.0,7.1039945e-11,0
61979,1.0,2.798929e-13,0
61980,0.9999999,1.1257445e-07,0
61981,1.0,2.1965225e-10,0
61982,1.0,1.4797082e-09,0
61983,1.0,1.4232528e-12,0
61984,1.0,9.233315e-12,0
61985,1.0,1.1905088e-12,0
61986,1.0,3.7788395e-10,0
61987,1.0,8.9224333e-10,0
61988,1.0,1.0608624e-11,0
61989,0.9999999,9.334743e-08,0
61990,1.0,5.4315816e-11,0
61991,1.0,3.6379265e-12,0
61992,1.0,1.7821407e-09,0
61993,1.0,1.1003642e-13,0
61994,1.0,1.0708147e-09,0
61995,1.0,2.8252897e-14,0
61996,1.0,3.206009e-09,0
61997,1.0,3.3921028e-09,0
61998,1.0,1.2995857e-10,0
61999,1.0,1.8484231e-10,0
62000,1.0,1.6144502e-11,0
62001,1.0,2.0310327e-10,0
62002,1.0,3.070972e-11,0
62003,1.0,6.962081e-13,0
62004,1.0,4.3872087e-11,0
62005,1.0,1.9177548e-12,0
62006,1.0,4.4247583e-10,0
62007,1.0,5.089353e-09,0
62008,1.0,4.329367e-12,0
62009,1.0,4.043442e-12,0
62010,1.0,4.6497098e-10,0
62011,1.0,3.99702e-12,0
62012,1.0,6.8619823e-12,0
62013,1.0,1.3339732e-12,0
62014,1.0,1.1018108e-10,0
62015,1.0,1.1640483e-10,0
62016,1.0,2.944303e-11,0
62017,0.99999774,2.2550064e-06,0
62018,0.99997616,2.3883344e-05,0
62019,1.0,6.7997053e-12,0
62020,1.0,7.384732e-11,0
62021,1.0,5.1219515e-11,0
62022,1.0,4.912836e-13,0
62023,1.0,9.355308e-13,0
62024,1.0,3.5327734e-11,0
62025,1.0,6.954877e-12,0
62026,0.9999968,3.2049918e-06,0
62027,1.0,5.0171773e-11,0
62028,1.0,2.6734708e-11,0
62029,1.0,8.965169e-13,0
62030,1.0,5.850189e-11,0
62031,1.0,8.602366e-10,0
62032,1.0,4.4943133e-12,0
62033,1.0,5.0427495e-13,0
62034,0.99999785,2.0987743e-06,0
62035,1.0,1.9620798e-12,0
62036,1.0,9.695569e-12,0
62037,1.0,8.7221354e-13,0
62038,1.0,7.251698e-11,0
62039,1.0,1.9569681e-11,0
62040,1.0,7.7882804e-11,0
62041,1.0,9.951957e-12,0
62042,1.0,3.0315375e-11,0
62043,1.0,7.3670264e-13,0
62044,1.0,1.9227651e-12,0
62045,1.0,5.902123e-12,0
62046,1.0,2.1031345e-12,0
62047,1.0,3.744456e-11,0
62048,1.0,1.696984e-11,0
62049,1.0,8.8510097e-13,0
62050,1.0,4.8683436e-12,0
62051,1.0,2.8546054e-10,0
62052,1.0,1.6086017e-10,0
62053,1.0,9.420203e-12,0
62054,1.0,8.434819e-11,0
62055,1.0,1.8595602e-12,0
62056,1.0,2.8548951e-13,0
62057,1.0,4.1841705e-08,0
62058,1.0,4.7457074e-13,0
62059,1.0,1.3784617e-12,0
62060,1.0,1.5038174e-11,0
62061,1.0,1.7433335e-12,0
62062,1.0,3.2177865e-11,0
62063,1.0,7.4087925e-13,0
62064,1.0,7.7809936e-10,0
62065,1.0,1.4710394e-11,0
62066,1.0,7.9280835e-12,0
62067,1.0,1.6213643e-09,0
62068,1.0,9.942324e-11,0
62069,1.0,1.1354354e-11,0
62070,1.0,1.901424e-11,0
62071,1.0,8.2336053e-13,0
62072,1.0,3.7089035e-10,0
62073,1.0,1.0592874e-11,0
62074,1.0,1.5682397e-10,0
62075,1.0,3.458963e-11,0
62076,1.0,3.484691e-14,0
62077,1.0,8.0372854e-11,0
62078,1.0,1.2879826e-10,0
62079,1.0,4.7012966e-11,0
62080,1.0,1.520332e-10,0
62081,1.0,3.0348395e-12,0
62082,1.0,3.362181e-10,0
62083,0.9999995,5.027799e-07,0
62084,1.0,1.4494442e-10,0
62085,1.0,9.463996e-13,0
62086,1.0,2.937019e-10,0
62087,1.0,1.4465444e-10,0
62088,1.0,2.6613317e-11,0
62089,1.0,3.6697246e-13,0
62090,1.0,4.9473134e-11,0
62091,1.0,8.883487e-12,0
62092,1.0,2.4328664e-12,0
62093,1.0,9.317098e-12,0
62094,1.0,6.488157e-10,0
62095,1.0,2.850449e-10,0
62096,1.0,1.7972051e-12,0
62097,1.0,1.13379505e-11,0
62098,1.0,4.0477827e-10,0
62099,1.0,1.4860932e-11,0
62100,1.0,5.1677707e-10,0
62101,1.0,6.2939584e-11,0
62102,1.0,1.571286e-12,0
62103,1.0,4.522208e-12,0
62104,1.0,1.0272323e-09,0
62105,1.0,4.861686e-10,0
62106,1.0,3.419382e-11,0
62107,1.0,9.004882e-12,0
62108,1.0,1.5912141e-10,0
62109,1.0,3.3420475e-10,0
62110,1.0,5.4421504e-14,0
62111,1.0,1.5179379e-11,0
62112,1.0,2.6694048e-11,0
62113,1.0,2.7181252e-12,0
62114,1.0,1.8531048e-09,0
62115,1.0,1.4850364e-11,0
62116,1.0,3.6965687e-12,0
62117,1.0,2.4387402e-11,0
62118,1.0,1.6888486e-13,0
62119,1.0,1.4012234e-10,0
62120,1.0,1.2453306e-10,0
62121,1.0,7.077358e-13,0
62122,1.0,3.99341e-11,0
62123,1.0,8.3401445e-11,0
62124,1.0,1.220647e-11,0
62125,1.0,1.4466422e-12,0
62126,1.0,6.7230986e-13,0
62127,1.0,9.853838e-11,0
62128,1.0,1.212415e-10,0
62129,0.9999987,1.3510213e-06,0
62130,1.0,5.621231e-12,0
62131,1.0,4.0480043e-11,0
62132,1.0,3.2188438e-10,0
62133,1.0,2.6654463e-11,0
62134,1.0,1.57125e-12,0
62135,1.0,4.7865134e-10,0
62136,1.0,3.0733716e-13,0
62137,1.0,8.6154534e-10,0
62138,1.0,6.4858128e-12,0
62139,1.0,1.1376877e-11,0
62140,1.0,1.7043563e-12,0
62141,1.0,2.4548163e-08,0
62142,1.0,3.912201e-10,0
62143,1.0,2.413365e-10,0
62144,1.0,1.4026588e-11,0
62145,1.0,1.1761809e-09,0
62146,1.0,4.312328e-10,0
62147,1.0,2.2030258e-10,0
62148,1.0,5.708441e-10,0
62149,1.0,1.4424212e-12,0
62150,1.0,1.8786687e-12,0
62151,1.0,1.6897861e-13,0
62152,1.0,3.461184e-09,0
62153,1.0,9.774996e-10,0
62154,1.0,4.728829e-13,0
62155,1.0,1.7667783e-13,0
62156,1.0,1.8616459e-13,0
62157,1.0,1.4387558e-12,0
62158,1.0,8.558265e-09,0
62159,1.0,5.691407e-13,0
62160,1.0,7.557293e-10,0
62161,1.0,1.3090118e-10,0
62162,0.99999917,7.839252e-07,0
62163,1.0,3.7159442e-09,0
62164,1.0,8.0289915e-12,0
62165,1.0,2.531335e-12,0
62166,1.0,2.0930232e-11,0
62167,1.0,5.9215623e-12,0
62168,0.9999994,5.616548e-07,0
62169,1.0,9.003247e-09,0
62170,1.0,1.4614025e-11,0
62171,1.0,1.2684408e-09,0
62172,1.0,2.8339608e-08,0
62173,1.0,4.524937e-11,0
62174,1.0,3.0331612e-12,0
62175,1.0,6.951681e-12,0
62176,1.0,5.7162823e-11,0
62177,1.0,1.5577318e-09,0
62178,1.0,1.0559231e-10,0
62179,1.0,3.5988042e-11,0
62180,1.0,8.6742224e-13,0
62181,1.0,2.9561162e-10,0
62182,1.0,1.04763795e-10,0
62183,1.0,8.547892e-12,0
62184,1.0,6.8483913e-10,0
62185,1.0,1.5828489e-08,0
62186,1.0,5.2251875e-10,0
62187,1.0,5.920701e-13,0
62188,1.0,3.0615252e-12,0
62189,1.0,6.8756833e-13,0
62190,1.0,1.18728e-08,0
62191,0.9999999,6.673238e-08,0
62192,1.0,1.4824138e-10,0
62193,1.0,3.6287355e-13,0
62194,1.0,3.377583e-09,0
62195,1.0,2.8771192e-11,0
62196,1.0,5.2689625e-10,0
62197,1.0,6.700341e-12,0
62198,1.0,1.244601e-11,0
62199,1.0,3.509266e-12,0
62200,1.0,2.9732738e-13,0
62201,1.0,2.6117067e-13,0
62202,1.0,6.036463e-13,0
62203,1.0,1.1366278e-10,0
62204,1.0,4.5228205e-12,0
62205,1.0,6.999202e-09,0
62206,1.0,2.0047315e-09,0
62207,1.0,1.311362e-12,0
62208,1.0,8.692511e-12,0
62209,1.0,2.930061e-12,0
62210,1.0,6.470482e-11,0
62211,1.0,1.5978759e-12,0
62212,1.0,4.218073e-12,0
62213,1.0,1.01274735e-11,0
62214,1.0,3.3873734e-11,0
62215,1.0,5.946596e-13,0
62216,1.0,2.8207536e-12,0
62217,1.0,1.7058955e-11,0
62218,1.0,7.0721124e-12,0
62219,1.0,4.906903e-11,0
62220,1.0,4.5353272e-13,0
62221,1.0,4.626768e-11,0
62222,0.99999976,2.6604178e-07,0
62223,1.0,1.1903681e-12,0
62224,1.0,7.0884725e-14,0
62225,1.0,2.8044574e-11,0
62226,1.0,1.8048063e-13,0
62227,1.0,2.6343844e-10,0
62228,1.0,1.8864901e-11,0
62229,1.0,3.5434474e-12,0
62230,1.0,1.2084953e-09,0
62231,1.0,4.662749e-13,0
62232,1.0,1.625433e-09,0
62233,1.0,7.072035e-11,0
62234,1.0,1.9843973e-13,0
62235,1.0,5.5010626e-14,0
62236,0.9999974,2.566407e-06,0
62237,1.0,2.8376669e-11,0
62238,1.0,6.970189e-12,0
62239,1.0,3.8619588e-09,0
62240,1.0,1.1868667e-10,0
62241,1.0,2.3538382e-10,0
62242,1.0,2.5439255e-11,0
62243,1.0,5.2558056e-13,0
62244,1.0,7.3840795e-12,0
62245,1.0,3.0149952e-10,0
62246,1.0,6.6244523e-12,0
62247,1.0,1.5733673e-12,0
62248,1.0,2.5134762e-12,0
62249,1.0,6.294346e-10,0
62250,1.0,2.1286764e-12,0
62251,1.0,1.3689228e-11,0
62252,1.0,1.8835085e-12,0
62253,1.0,2.0048862e-11,0
62254,1.0,1.7192512e-12,0
62255,1.0,8.135271e-14,0
62256,1.0,2.540118e-12,0
62257,1.0,1.04340626e-10,0
62258,1.0,8.054811e-11,0
62259,1.0,1.0339742e-10,0
62260,1.0,1.2622026e-12,0
62261,1.0,1.547588e-10,0
62262,1.0,6.063547e-09,0
62263,0.99999964,4.0220212e-07,0
62264,1.0,8.926561e-12,0
62265,1.0,6.0821106e-14,0
62266,1.0,5.056318e-10,0
62267,1.0,7.6053297e-10,0
62268,1.0,7.2266334e-12,0
62269,1.0,1.5863814e-09,0
62270,1.0,4.587178e-13,0
62271,1.0,2.5995582e-11,0
62272,1.0,3.423361e-12,0
62273,1.0,9.485683e-13,0
62274,1.0,2.7441728e-11,0
62275,1.0,7.396752e-12,0
62276,1.0,2.4935656e-11,0
62277,1.0,1.935355e-13,0
62278,0.999998,2.0228174e-06,0
62279,1.0,9.429987e-11,0
62280,1.0,1.5576492e-12,0
62281,1.0,2.4647764e-12,0
62282,1.0,4.9939962e-11,0
62283,1.0,7.299797e-11,0
62284,1.0,2.8216576e-12,0
62285,1.0,1.6143193e-13,0
62286,1.0,2.0845967e-11,0
62287,1.0,3.1080414e-12,0
62288,1.0,2.7485167e-10,0
62289,1.0,1.2464556e-12,0
62290,1.0,3.538817e-14,0
62291,1.0,8.387796e-11,0
62292,1.0,1.1941408e-12,0
62293,1.0,1.722242e-11,0
62294,1.0,1.242868e-13,0
62295,1.0,1.3367634e-14,0
62296,1.0,3.143783e-13,0
62297,1.0,8.6144175e-10,0
62298,1.0,1.4785867e-11,0
62299,0.9999995,4.5053e-07,0
62300,1.0,6.685616e-10,0
62301,1.0,4.0370284e-13,0
62302,1.0,5.2564123e-11,0
62303,1.0,5.01363e-14,0
62304,1.0,6.7523643e-12,0
62305,1.0,1.7602731e-09,0
62306,1.0,5.0461913e-14,0
62307,1.0,6.9766406e-12,0
62308,1.0,7.237637e-13,0
62309,1.0,6.675501e-13,0
62310,1.0,4.7738376e-11,0
62311,1.0,2.6081238e-12,0
62312,1.0,6.9189386e-13,0
62313,1.0,1.39693986e-11,0
62314,1.0,4.94193e-14,0
62315,1.0,3.1806847e-12,0
62316,1.0,8.881087e-11,0
62317,1.0,8.5682763e-13,0
62318,1.0,1.6526592e-12,0
62319,1.0,1.6641291e-08,0
62320,1.0,4.1575143e-11,0
62321,1.0,6.6381086e-13,0
62322,1.0,1.4269814e-13,0
62323,1.0,4.4275272e-10,0
62324,1.0,6.54074e-14,0
62325,1.0,1.170172e-14,0
62326,1.0,4.8445033e-11,0
62327,1.0,1.3435378e-13,0
62328,1.0,5.0184547e-13,0
62329,1.0,3.4083517e-11,0
62330,1.0,2.96063e-10,0
62331,1.0,5.444347e-12,0
62332,1.0,8.759719e-12,0
62333,1.0,3.4124711e-10,0
62334,1.0,1.15208086e-10,0
62335,0.99999964,3.5282272e-07,0
62336,1.0,3.854482e-09,0
62337,1.0,1.4252082e-09,0
62338,1.0,5.4392374e-13,0
62339,1.0,4.4288257e-11,0
62340,1.0,4.630008e-11,0
62341,1.0,2.7446281e-11,0
62342,1.0,1.7154743e-12,0
62343,1.0,4.839195e-14,0
62344,1.0,4.5087576e-11,0
62345,1.0,6.3096445e-11,0
62346,1.0,2.9788028e-09,0
62347,1.0,8.831419e-12,0
62348,1.0,8.070688e-13,0
62349,1.0,4.465245e-12,0
62350,1.0,2.206371e-12,0
62351,1.0,6.022502e-13,0
62352,1.0,8.176511e-14,0
62353,1.0,2.584828e-12,0
62354,1.0,4.6164475e-14,0
62355,1.0,1.27356e-10,0
62356,1.0,1.2376537e-10,0
62357,1.0,2.9952847e-13,0
62358,1.0,4.2903512e-13,0
62359,1.0,7.787548e-12,0
62360,1.0,2.2628267e-10,0
62361,1.0,3.2739952e-10,0
62362,1.0,6.053215e-13,0
62363,1.0,1.7459032e-11,0
62364,1.0,1.9700975e-12,0
62365,1.0,6.714692e-13,0
62366,1.0,4.749472e-14,0
62367,1.0,9.892833e-12,0
62368,1.0,1.3067074e-13,0
62369,1.0,2.356572e-08,0
62370,1.0,1.7949793e-11,0
62371,0.9999999,7.07639e-08,0
62372,1.0,1.7626887e-09,0
62373,0.9999957,4.3153786e-06,0
62374,1.0,4.1728947e-11,0
62375,1.0,2.9806126e-11,0
62376,1.0,7.700169e-12,0
62377,1.0,2.4862647e-12,0
62378,1.0,1.0053219e-12,0
62379,1.0,1.6263229e-13,0
62380,0.9999987,1.2828252e-06,0
62381,1.0,3.546086e-11,0
62382,1.0,7.4594844e-13,0
62383,1.0,1.6682252e-12,0
62384,1.0,4.0221527e-11,0
62385,1.0,3.4813645e-09,0
62386,1.0,2.7583253e-11,0
62387,1.0,2.3838364e-12,0
62388,1.0,3.0521224e-11,0
62389,1.0,1.8229236e-10,0
62390,1.0,2.480026e-13,0
62391,1.0,6.206552e-11,0
62392,1.0,8.4302226e-10,0
62393,1.0,6.313503e-09,0
62394,1.0,9.525353e-13,0
62395,1.0,3.6989105e-12,0
62396,1.0,1.8364178e-11,0
62397,1.0,4.88436e-12,0
62398,1.0,2.3169178e-09,0
62399,1.0,2.0980353e-11,0
62400,1.0,9.193488e-13,0
62401,1.0,2.8058087e-09,0
62402,1.0,1.729648e-12,0
62403,1.0,1.1520474e-11,0
62404,1.0,3.0442011e-09,0
62405,1.0,1.9539341e-09,0
62406,1.0,6.4519495e-10,0
62407,1.0,1.03534915e-11,0
62408,1.0,3.2067776e-14,0
62409,1.0,2.531585e-09,0
62410,1.0,2.5622631e-12,0
62411,1.0,1.0562041e-12,0
62412,1.0,8.8553375e-12,0
62413,1.0,7.1829376e-11,0
62414,1.0,3.7598267e-12,0
62415,1.0,7.520909e-11,0
62416,1.0,2.8516653e-11,0
62417,1.0,4.0225537e-10,0
62418,1.0,3.2595177e-12,0
62419,1.0,1.5354019e-13,0
62420,1.0,1.3388501e-11,0
62421,1.0,1.7869396e-13,0
62422,1.0,3.147629e-13,0
62423,1.0,9.306508e-13,0
62424,1.0,2.7956692e-13,0
62425,1.0,4.8386564e-08,0
62426,1.0,7.4628e-13,0
62427,1.0,7.982697e-11,0
62428,1.0,1.8499009e-10,0
62429,1.0,1.0197171e-12,0
62430,1.0,1.1916762e-09,0
62431,1.0,6.6216104e-12,0
62432,1.0,3.8545905e-10,0
62433,1.0,8.080022e-13,0
62434,1.0,3.3718756e-08,0
62435,1.0,1.2694456e-12,0
62436,1.0,2.0023438e-12,0
62437,1.0,7.920602e-12,0
62438,1.0,1.2246371e-11,0
62439,1.0,3.757981e-10,0
62440,1.0,3.354704e-11,0
62441,1.0,1.8110418e-08,0
62442,1.0,1.023571e-09,0
62443,1.0,8.187068e-12,0
62444,1.0,7.99236e-10,0
62445,1.0,1.3970297e-12,0
62446,1.0,8.167509e-12,0
62447,1.0,9.273988e-10,0
62448,1.0,2.4013994e-10,0
62449,1.0,2.6848651e-12,0
62450,1.0,6.590985e-10,0
62451,1.0,2.0691662e-12,0
62452,1.0,3.091272e-10,0
62453,1.0,1.7091084e-09,0
62454,1.0,2.1897352e-12,0
62455,1.0,2.490495e-11,0
62456,1.0,1.0532668e-12,0
62457,1.0,3.390416e-12,0
62458,1.0,1.9592332e-09,0
62459,1.0,8.5018215e-10,0
62460,0.9999974,2.6436649e-06,0
62461,0.9999988,1.219285e-06,0
62462,1.0,2.6499782e-09,0
62463,1.0,2.5086894e-10,0
62464,1.0,1.1446453e-09,0
62465,1.0,3.3688104e-11,0
62466,1.0,7.336357e-10,0
62467,1.0,5.43638e-11,0
62468,1.0,2.557794e-13,0
62469,1.0,1.7225943e-10,0
62470,0.9999999,6.344203e-08,0
62471,0.999998,2.006624e-06,0
62472,1.0,3.1512903e-11,0
62473,1.0,1.7745883e-11,0
62474,0.9999994,6.4943913e-07,0
62475,1.0,1.2831502e-13,0
62476,1.0,8.869483e-09,0
62477,1.0,1.464504e-09,0
62478,1.0,1.8560511e-13,0
62479,1.0,1.453464e-10,0
62480,1.0,2.0994644e-11,0
62481,1.0,2.0414491e-10,0
62482,0.9999999,1.3005497e-07,0
62483,1.0,2.2575479e-12,0
62484,1.0,3.0787986e-13,0
62485,1.0,8.029578e-11,0
62486,1.0,7.066095e-13,0
62487,1.0,1.2315252e-12,0
62488,1.0,6.355357e-12,0
62489,1.0,2.3846949e-09,0
62490,1.0,5.530806e-10,0
62491,1.0,7.896256e-12,0
62492,1.0,1.3515725e-09,0
62493,1.0,2.4700615e-12,0
62494,1.0,1.0528526e-13,0
62495,1.0,5.2954996e-10,0
62496,1.0,1.8433436e-09,0
62497,1.0,3.9582924e-11,0
62498,1.0,2.893832e-12,0
62499,1.0,5.4386234e-10,0
62500,0.9999999,8.287794e-08,0
62501,1.0,8.306163e-13,0
62502,1.0,1.9957105e-11,0
62503,1.0,1.431831e-10,0
62504,1.0,1.2737489e-11,0
62505,1.0,5.2675326e-11,0
62506,1.0,3.316272e-11,0
62507,1.0,1.0664187e-08,0
62508,1.0,1.2646918e-12,0
62509,1.0,5.8049915e-12,0
62510,0.9999999,1.5573531e-07,0
62511,1.0,2.6909505e-12,0
62512,1.0,2.0578027e-13,0
62513,1.0,2.3995222e-10,0
62514,0.9999994,6.342339e-07,0
62515,1.0,2.662398e-11,0
62516,1.0,3.142382e-08,0
62517,1.0,6.985569e-10,0
62518,1.0,2.9058662e-13,0
62519,1.0,7.162473e-14,0
62520,1.0,1.8518874e-11,0
62521,1.0,3.1571683e-11,0
62522,1.0,4.7332127e-10,0
62523,1.0,2.9134167e-11,0
62524,1.0,3.6497751e-09,0
62525,1.0,2.5057156e-13,0
62526,1.0,9.048026e-12,0
62527,1.0,2.8387214e-08,0
62528,1.0,4.4633828e-11,0
62529,1.0,7.66128e-14,0
62530,1.0,3.7462583e-10,0
62531,1.0,5.1029997e-13,0
62532,0.9999995,4.642253e-07,0
62533,1.0,3.400461e-08,0
62534,1.0,2.541716e-13,0
62535,1.0,3.6098312e-11,0
62536,1.0,2.9272085e-11,0
62537,1.0,1.5482966e-10,0
62538,1.0,2.1150601e-10,0
62539,1.0,4.9579663e-12,0
62540,1.0,2.3903483e-11,0
62541,1.0,3.9655088e-11,0
62542,1.0,2.0384909e-11,0
62543,1.0,2.5926827e-09,0
62544,1.0,1.0132381e-11,0
62545,1.0,3.72383e-11,0
62546,1.0,1.579813e-10,0
62547,1.0,2.2321873e-12,0
62548,1.0,8.373166e-12,0
62549,1.0,1.8196885e-11,0
62550,1.0,3.867607e-12,0
62551,1.0,5.209539e-12,0
62552,1.0,1.3275692e-12,0
62553,1.0,3.9798487e-13,0
62554,1.0,3.5659026e-12,0
62555,1.0,3.3892892e-13,0
62556,1.0,5.8019145e-12,0
62557,1.0,7.1648174e-12,0
62558,1.0,1.859772e-13,0
62559,1.0,4.139992e-12,0
62560,1.0,1.0649379e-10,0
62561,1.0,3.5104157e-13,0
62562,1.0,1.524227e-12,0
62563,1.0,2.0434397e-14,0
62564,1.0,2.6618343e-11,0
62565,1.0,4.0012164e-08,0
62566,1.0,5.082434e-10,0
62567,1.0,8.4762904e-13,0
62568,1.0,6.962546e-13,0
62569,1.0,1.1416293e-10,0
62570,1.0,4.5727447e-10,0
62571,1.0,2.9846888e-13,0
62572,1.0,6.034887e-09,0
62573,1.0,1.0872252e-09,0
62574,1.0,2.1041057e-08,0
62575,0.9999944,5.6043555e-06,0
62576,1.0,1.8014195e-12,0
62577,1.0,6.913959e-11,0
62578,1.0,1.342204e-12,0
62579,1.0,2.2426502e-13,0
62580,1.0,5.6446423e-12,0
62581,1.0,2.4674743e-10,0
62582,0.9999993,7.3705854e-07,0
62583,1.0,1.09934796e-11,0
62584,1.0,1.020272e-11,0
62585,0.9999999,1.3203552e-07,0
62586,1.0,1.2712871e-12,0
62587,1.0,5.0509062e-08,0
62588,1.0,3.6324193e-13,0
62589,1.0,1.527276e-13,0
62590,1.0,4.651965e-13,0
62591,1.0,1.1412451e-12,0
62592,1.0,7.808601e-14,0
62593,0.9999988,1.207634e-06,0
62594,1.0,4.3560155e-11,0
62595,1.0,1.0205721e-14,0
62596,1.0,1.31555e-13,0
62597,1.0,3.8699686e-12,0
62598,1.0,6.10345e-13,0
62599,1.0,2.8477613e-12,0
62600,1.0,8.647334e-12,0
62601,0.9999999,1.092748e-07,0
62602,1.0,7.794205e-12,0
62603,0.9999939,6.1324145e-06,0
62604,1.0,9.5488955e-12,0
62605,1.0,1.0674803e-13,0
62606,1.0,5.2281135e-12,0
62607,1.0,2.5788066e-11,0
62608,1.0,1.4867155e-13,0
62609,1.0,3.55821e-13,0
62610,1.0,1.2572379e-13,0
62611,1.0,5.547194e-13,0
62612,1.0,2.8276903e-13,0
62613,1.0,9.817808e-13,0
62614,1.0,3.567687e-11,0
62615,1.0,1.3403033e-12,0
62616,1.0,2.6716906e-12,0
62617,1.0,1.4651934e-10,0
62618,1.0,9.709846e-14,0
62619,1.0,1.6331943e-11,0
62620,1.0,5.637393e-11,0
62621,1.0,4.5784806e-13,0
62622,1.0,1.02776525e-13,0
62623,1.0,3.669959e-11,0
62624,1.0,4.0002887e-10,0
62625,1.0,1.7879073e-10,0
62626,1.0,1.2246487e-11,0
62627,1.0,3.277928e-12,0
62628,1.0,3.374156e-10,0
62629,1.0,3.8430945e-10,0
62630,1.0,1.3788299e-12,0
62631,1.0,8.461688e-13,0
62632,1.0,5.680345e-13,0
62633,1.0,3.8182506e-11,0
62634,1.0,1.0487775e-10,0
62635,1.0,1.9440068e-11,0
62636,1.0,3.8748874e-12,0
62637,1.0,7.324357e-11,0
62638,1.0,9.56391e-13,0
62639,1.0,1.6589781e-13,0
62640,1.0,5.4087773e-14,0
62641,1.0,6.866509e-13,0
62642,1.0,9.805602e-10,0
62643,1.0,3.0893194e-11,0
62644,1.0,1.9396744e-10,0
62645,1.0,2.3517269e-12,0
62646,1.0,3.0094597e-12,0
62647,1.0,2.795252e-10,0
62648,1.0,1.5306299e-13,0
62649,1.0,5.5788422e-14,0
62650,1.0,1.0977393e-10,0
62651,1.0,3.5000548e-12,0
62652,1.0,7.052796e-12,0
62653,1.0,4.0365836e-12,0
62654,1.0,2.3820455e-12,0
62655,1.0,3.2448832e-13,0
62656,1.0,4.4357513e-14,0
62657,1.0,1.5584844e-12,0
62658,1.0,1.5588701e-09,0
62659,1.0,1.7725393e-10,0
62660,1.0,1.8192583e-11,0
62661,0.9999995,5.1324724e-07,0
62662,0.99999976,1.9355082e-07,0
62663,1.0,5.3944755e-11,0
62664,0.99999845,1.5306096e-06,0
62665,1.0,1.4244174e-09,0
62666,1.0,2.3860198e-12,0
62667,1.0,1.7497355e-13,0
62668,1.0,4.6176417e-08,0
62669,1.0,3.849921e-12,0
62670,1.0,4.511975e-11,0
62671,1.0,3.867369e-13,0
62672,1.0,2.7971356e-13,0
62673,1.0,3.0876433e-13,0
62674,1.0,1.3484941e-11,0
62675,1.0,8.185627e-13,0
62676,1.0,5.89628e-13,0
62677,1.0,1.4136194e-11,0
62678,1.0,5.155607e-12,0
62679,1.0,2.999341e-11,0
62680,1.0,4.159368e-12,0
62681,1.0,3.933869e-11,0
62682,1.0,2.349604e-10,0
62683,1.0,1.2490852e-09,0
62684,0.99999976,2.8366415e-07,0
62685,1.0,6.668903e-11,0
62686,0.9999999,7.16408e-08,0
62687,0.99999547,4.5423176e-06,0
62688,1.0,4.665848e-08,0
62689,1.0,2.2979197e-08,0
62690,1.0,3.195766e-08,0
62691,1.0,5.8367338e-08,0
62692,1.0,1.5481408e-13,0
62693,1.0,2.0088813e-12,0
62694,0.9999995,4.308173e-07,0
62695,1.0,1.15688e-12,0
62696,0.9999993,7.521973e-07,0
62697,1.0,1.393923e-09,0
62698,1.0,4.037169e-08,0
62699,0.99999833,1.643414e-06,0
62700,1.0,1.3816483e-10,0
62701,0.9999999,7.22126e-08,0
62702,1.0,3.4395767e-10,0
62703,1.0,1.01792286e-13,0
62704,0.9999999,1.11398606e-07,0
62705,1.0,3.0809426e-13,0
62706,1.0,8.4324935e-13,0
62707,1.0,2.2109205e-12,0
62708,1.0,2.3535912e-14,0
62709,1.0,1.9743482e-12,0
62710,0.99999785,2.1216013e-06,0
62711,0.9999981,1.9310608e-06,0
62712,1.0,7.497681e-10,0
62713,0.9999976,2.4418287e-06,0
62714,1.0,5.8025974e-13,0
62715,0.9999999,1.1736877e-07,0
62716,1.0,1.462029e-12,0
62717,1.0,2.0418648e-11,0
62718,1.0,2.7600862e-09,0
62719,1.0,1.876121e-10,0
62720,1.0,1.0272169e-12,0
62721,1.0,1.2250709e-12,0
62722,1.0,4.6440084e-11,0
62723,0.9999951,4.9000596e-06,0
62724,0.9999974,2.6024304e-06,0
62725,1.0,1.2986391e-10,0
62726,1.0,2.6509653e-08,0
62727,1.0,4.137622e-13,0
62728,0.9999999,9.7980774e-08,0
62729,0.99999964,3.4872883e-07,0
62730,0.9999999,7.049797e-08,0
62731,0.99999845,1.528754e-06,0
62732,0.99999714,2.831311e-06,0
62733,0.9999999,7.4641285e-08,0
62734,1.0,4.3593634e-08,0
62735,0.9999981,1.8848584e-06,0
62736,1.0,6.046416e-10,0
62737,0.9999999,1.03738316e-07,0
62738,1.0,4.9765192e-11,0
62739,0.9999994,6.287254e-07,0
62740,0.99999833,1.6506581e-06,0
62741,0.9999993,6.7841654e-07,0
62742,1.0,5.435476e-08,0
62743,0.9999988,1.1565701e-06,0
62744,0.9999999,9.9476296e-08,0
62745,0.9999993,7.27723e-07,0
62746,0.9999999,7.72587e-08,0
62747,0.9999982,1.8253387e-06,0
62748,1.0,2.3798286e-09,0
62749,1.0,2.9374029e-08,0
62750,0.99999774,2.2242714e-06,0
62751,0.9999999,8.571436e-08,0
62752,1.0,5.7551253e-09,0
62753,0.999998,1.9938377e-06,0
62754,0.9999999,8.670257e-08,0
62755,1.0,1.3788978e-09,0
62756,1.0,2.6900375e-08,0
62757,0.9999987,1.3341091e-06,0
62758,0.99999976,2.4014528e-07,0
62759,0.9999999,1.4745424e-07,0
62760,0.99999976,2.7333175e-07,0
62761,1.0,5.404599e-11,0
62762,1.0,1.23696e-10,0
62763,1.0,1.0138462e-09,0
62764,1.0,3.4031697e-10,0
62765,1.0,6.3966235e-11,0
62766,1.0,2.304877e-12,0
62767,0.999997,2.9770604e-06,0
62768,0.9999975,2.4797234e-06,0
62769,1.0,1.2169211e-10,0
62770,1.0,6.244645e-11,0
62771,1.0,2.3465943e-10,0
62772,0.9999902,9.722226e-06,0
62773,0.9999994,6.42934e-07,0
62774,0.99999976,2.922065e-07,0
62775,1.0,5.363395e-09,0
62776,0.9999999,7.733064e-08,0
62777,0.9999993,6.601508e-07,0
62778,1.0,1.1589894e-08,0
62779,1.0,7.5781365e-10,0
62780,0.9999999,1.6930771e-07,0
62781,0.99999535,4.685147e-06,0
62782,1.0,7.728932e-09,0
62783,0.9999999,7.4909124e-08,0
62784,1.0,5.412881e-08,0
62785,1.0,6.049658e-10,0
62786,0.9999987,1.2760569e-06,0
62787,0.99999833,1.7114211e-06,0
62788,0.99999976,2.357827e-07,0
62789,1.0,6.5282935e-09,0
62790,1.0,5.5151803e-11,0
62791,1.0,3.6405455e-11,0
62792,0.9999999,1.0110663e-07,0
62793,1.0,9.898514e-12,0
62794,0.9999999,7.319256e-08,0
62795,1.0,1.1124345e-10,0
62796,1.0,3.508935e-10,0
62797,0.9999999,9.246725e-08,0
62798,1.0,1.07331685e-10,0
62799,0.9999887,1.1314557e-05,0
62800,1.0,8.227997e-10,0
62801,1.0,9.5622e-12,0
62802,1.0,2.1195194e-09,0
62803,1.0,4.712431e-10,0
62804,1.0,3.1518528e-09,0
62805,0.99999964,3.1337305e-07,0
62806,0.9999999,7.3624925e-08,0
62807,0.9999914,8.565815e-06,0
62808,0.99999857,1.4480995e-06,0
62809,0.99999857,1.4792921e-06,0
62810,1.0,3.1297593e-09,0
62811,0.9999999,6.109358e-08,0
62812,1.0,2.1857618e-09,0
62813,1.0,7.2585654e-10,0
62814,1.0,2.0483615e-09,0
62815,1.0,1.9694018e-09,0
62816,0.9999964,3.5608032e-06,0
62817,0.9999968,3.184709e-06,0
62818,0.9999995,4.7318275e-07,0
62819,1.0,7.107148e-16,0
62820,0.9999981,1.865623e-06,0
62821,1.0,3.607966e-11,0
62822,0.9999993,6.960185e-07,0
62823,1.0,1.3702348e-10,0
62824,1.0,7.45835e-12,0
62825,1.0,2.279984e-09,0
62826,0.99999857,1.4739143e-06,0
62827,1.0,7.1164648e-09,0
62828,1.0,2.4210026e-08,0
62829,1.0,6.988224e-09,0
62830,0.9999999,8.716884e-08,0
62831,0.99999964,4.032183e-07,0
62832,0.99999976,2.3451474e-07,0
62833,1.0,6.0414485e-10,0
62834,1.0,1.8737694e-12,0
62835,0.9999999,9.124889e-08,0
62836,0.99999857,1.3935164e-06,0
62837,1.0,2.4501901e-08,0
62838,1.0,9.683196e-10,0
62839,0.999997,2.9716539e-06,0
62840,0.9999982,1.7729235e-06,0
62841,0.9999995,5.1130235e-07,0
62842,1.0,1.3964137e-09,0
62843,1.0,4.2321316e-10,0
62844,0.9999999,6.6091935e-08,0
62845,1.0,4.511601e-09,0
62846,0.9999993,7.003725e-07,0
62847,1.0,2.2434719e-09,0
62848,0.99999964,3.8543155e-07,0
62849,0.9999995,4.2184152e-07,0
62850,1.0,7.443886e-11,0
62851,0.99999976,2.3013855e-07,0
62852,0.9999993,7.659081e-07,0
62853,1.0,1.0458052e-10,0
62854,1.0,6.1938776e-10,0
62855,1.0,1.2815435e-09,0
62856,1.0,3.0936811e-12,0
62857,1.0,1.4105356e-11,0
62858,0.9999981,1.934941e-06,0
62859,0.99999833,1.7142111e-06,0
62860,0.9999403,5.968365e-05,0
62861,0.9999963,3.7357202e-06,0
62862,0.9999994,5.619194e-07,0
62863,0.99999535,4.63625e-06,0
62864,0.9999734,2.6551192e-05,0
62865,1.0,1.03796465e-08,0
62866,0.9999999,1.4434265e-07,0
62867,0.9999987,1.3324726e-06,0
62868,1.0,1.2269325e-08,0
62869,1.0,5.60972e-11,0
62870,0.9999999,8.877695e-08,0
62871,0.99999917,8.859322e-07,0
62872,0.9999989,1.1252599e-06,0
62873,0.99999833,1.7261373e-06,0
62874,0.9999999,1.468228e-07,0
62875,0.99999917,8.186145e-07,0
62876,1.0,4.4364035e-10,0
62877,0.9999994,5.702972e-07,0
62878,0.999998,2.0034497e-06,0
62879,1.0,3.5523534e-08,0
62880,1.0,4.0156563e-09,0
62881,1.0,1.6917115e-09,0
62882,0.9999995,5.13374e-07,0
62883,1.0,1.1816721e-09,0
62884,0.99999666,3.35347e-06,0
62885,0.9999876,1.2392443e-05,0
62886,1.0,1.4420746e-12,0
62887,1.0,7.846835e-11,0
62888,1.0,1.3699336e-11,0
62889,0.9999989,1.0320571e-06,0
62890,1.0,1.2592893e-10,0
62891,0.9999906,9.397486e-06,0
62892,0.9999999,7.865952e-08,0
62893,0.99996316,3.6841422e-05,0
62894,0.9999999,1.2445821e-07,0
62895,1.0,3.0227656e-12,0
62896,1.0,8.974713e-10,0
62897,0.9999999,8.057604e-08,0
62898,0.9999969,3.0930971e-06,0
62899,0.9999995,4.6106098e-07,0
62900,0.9998456,0.00015435368,0
62901,0.99999964,3.617536e-07,0
62902,1.0,2.5232332e-11,0
62903,0.9999987,1.2997032e-06,0
62904,0.99999833,1.7150319e-06,0
62905,0.9999901,9.932281e-06,0
62906,1.0,1.4878597e-08,0
62907,1.0,5.3019534e-08,0
62908,0.9999999,1.2508767e-07,0
62909,0.9999964,3.616457e-06,0
62910,0.99999833,1.6948475e-06,0
62911,1.0,2.8157281e-08,0
62912,1.0,1.2087661e-11,0
62913,0.99999964,3.1280246e-07,0
62914,1.0,1.5426268e-08,0
62915,1.0,1.8397011e-09,0
62916,0.99999976,2.801009e-07,0
62917,1.0,1.0461654e-08,0
62918,0.9999999,1.2988095e-07,0
62919,0.99999857,1.4132341e-06,0
62920,1.0,6.4694977e-10,0
62921,0.99999976,2.8854834e-07,0
62922,1.0,6.7167805e-09,0
62923,0.9999994,5.903384e-07,0
62924,0.99999905,9.958183e-07,0
62925,0.9999999,8.777966e-08,0
62926,1.0,3.2595378e-11,0
62927,1.0,2.0090122e-08,0
62928,1.0,7.169596e-10,0
62929,1.0,7.2039645e-09,0
62930,1.0,2.8817643e-08,0
62931,0.99999917,8.355376e-07,0
62932,1.0,2.4348383e-09,0
62933,1.0,8.8270163e-10,0
62934,1.0,1.188839e-08,0
62935,1.0,5.4623256e-10,0
62936,1.0,3.5983224e-08,0
62937,0.9999999,1.4129091e-07,0
62938,1.0,2.248631e-08,0
62939,0.9999999,8.4960426e-08,0
62940,0.99999976,2.4141556e-07,0
62941,1.0,8.324895e-09,0
62942,1.0,1.4966958e-10,0
62943,0.99999535,4.6920686e-06,0
62944,0.9999999,6.582686e-08,0
62945,0.9999993,6.8343434e-07,0
62946,0.99999964,4.1167687e-07,0
62947,0.99999976,2.9159682e-07,0
62948,0.99999905,9.940154e-07,0
62949,0.99999976,2.2315729e-07,0
62950,1.0,1.9611401e-09,0
62951,0.9999994,5.8533726e-07,0
62952,0.99999714,2.868086e-06,0
62953,0.99999785,2.1828816e-06,0
62954,1.0,2.6489891e-08,0
62955,1.0,1.2449779e-12,0
62956,1.0,2.4426877e-11,0
62957,1.0,2.403946e-11,0
62958,1.0,1.1299867e-11,0
62959,0.99999976,2.3718954e-07,0
62960,1.0,5.406584e-09,0
62961,0.9999999,1.2817134e-07,0
62962,1.0,4.5532644e-11,0
62963,1.0,3.9194759e-10,0
62964,1.0,1.0898497e-09,0
62965,1.0,1.7904257e-10,0
62966,0.999998,1.9882323e-06,0
62967,1.0,6.434327e-10,0
62968,1.0,4.630617e-11,0
62969,1.0,5.020629e-09,0
62970,1.0,9.431823e-11,0
62971,1.0,1.5043066e-09,0
62972,1.0,4.6579385e-10,0
62973,0.99999976,1.8281978e-07,0
62974,1.0,5.7421786e-08,0
62975,1.0,1.7818524e-12,0
62976,1.0,8.962265e-09,0
62977,1.0,1.9322671e-10,0
62978,1.0,5.955251e-11,0
62979,1.0,4.0801563e-08,0
62980,0.999992,7.976749e-06,0
62981,0.99999857,1.4151183e-06,0
62982,1.0,1.1368625e-09,0
62983,1.0,2.118598e-09,0
62984,0.9999999,8.647086e-08,0
62985,1.0,1.5014172e-09,0
62986,0.9999995,4.4279713e-07,0
62987,0.9999999,1.3246358e-07,0
62988,1.0,8.292174e-12,0
62989,1.0,5.716831e-10,0
62990,1.0,3.544046e-10,0
62991,1.0,3.774836e-09,0
62992,1.0,3.8547304e-10,0
62993,1.0,1.3280924e-10,0
62994,1.0,5.1940163e-10,0
62995,0.99999917,8.517246e-07,0
62996,1.0,1.3573905e-09,0
62997,0.9999995,5.3572535e-07,0
62998,1.0,2.6658675e-08,0
62999,1.0,2.524739e-08,0
63000,1.0,4.236174e-08,0
63001,1.0,3.8003904e-08,0
63002,1.0,1.7953071e-12,0
63003,0.99999964,3.6039688e-07,0
63004,1.0,3.6544442e-08,0
63005,0.99999976,2.6116842e-07,0
63006,1.0,5.5609586e-08,0
63007,1.0,8.264933e-09,0
63008,0.99999964,3.1616932e-07,0
63009,0.99999833,1.6196766e-06,0
63010,0.9999994,6.4998994e-07,0
63011,0.9999995,4.7780264e-07,0
63012,0.99999857,1.4414637e-06,0
63013,1.0,2.591043e-08,0
63014,0.9999999,8.5989136e-08,0
63015,1.0,1.5243227e-16,0
63016,0.9999999,9.481582e-08,0
63017,0.99999976,2.5474574e-07,0
63018,0.9999995,4.825808e-07,0
63019,0.9999982,1.7324039e-06,0
63020,1.0,1.6484559e-09,0
63021,1.0,5.2577986e-10,0
63022,0.99999976,1.851686e-07,0
63023,1.0,2.2168851e-10,0
63024,1.0,5.6099183e-09,0
63025,1.0,8.5792295e-10,0
63026,0.9999999,1.2639474e-07,0
63027,1.0,1.2081918e-08,0
63028,0.9999994,6.0523536e-07,0
63029,0.99999917,7.9785815e-07,0
63030,1.0,5.7665336e-08,0
63031,1.0,1.3232692e-08,0
63032,1.0,3.1629425e-11,0
63033,1.0,1.6775985e-10,0
63034,1.0,8.7423846e-10,0
63035,1.0,6.413791e-10,0
63036,0.9999995,5.202788e-07,0
63037,1.0,1.6123154e-10,0
63038,1.0,8.395427e-12,0
63039,1.0,1.6245131e-12,0
63040,1.0,3.5798664e-08,0
63041,1.0,4.543697e-14,0
63042,1.0,6.5956815e-12,0
63043,1.0,2.8978073e-13,0
63044,1.0,8.761234e-09,0
63045,1.0,2.6087609e-12,0
63046,1.0,1.7771414e-12,0
63047,1.0,3.3973893e-11,0
63048,1.0,8.182724e-13,0
63049,1.0,2.8089315e-12,0
63050,1.0,8.672275e-12,0
63051,1.0,7.70344e-13,0
63052,1.0,1.7755751e-13,0
63053,1.0,5.99831e-14,0
63054,1.0,2.7625888e-12,0
63055,1.0,8.1679685e-14,0
63056,1.0,3.123544e-10,0
63057,1.0,1.6966435e-08,0
63058,1.0,2.346253e-11,0
63059,1.0,1.313525e-08,0
63060,1.0,2.193146e-12,0
63061,0.9999999,9.69152e-08,0
63062,1.0,4.565864e-12,0
63063,1.0,2.0720128e-13,0
63064,1.0,2.1727632e-10,0
63065,1.0,5.5038446e-10,0
63066,1.0,4.529373e-12,0
63067,1.0,2.1107468e-11,0
63068,1.0,3.7446524e-13,0
63069,1.0,1.8353202e-09,0
63070,1.0,5.0457923e-12,0
63071,1.0,1.5908217e-11,0
63072,1.0,5.500782e-13,0
63073,1.0,1.9235311e-09,0
63074,1.0,2.0886424e-09,0
63075,1.0,5.734514e-09,0
63076,1.0,6.3765816e-12,0
63077,1.0,2.3629246e-10,0
63078,1.0,1.814546e-14,0
63079,1.0,2.134132e-12,0
63080,1.0,1.3794417e-10,0
63081,0.9999995,5.092473e-07,0
63082,1.0,4.785833e-12,0
63083,0.99999976,2.1970114e-07,0
63084,1.0,8.098514e-11,0
63085,1.0,1.5271327e-10,0
63086,1.0,2.7996367e-11,0
63087,1.0,2.2151057e-10,0
63088,1.0,8.848386e-11,0
63089,1.0,5.341185e-11,0
63090,1.0,1.9933377e-10,0
63091,1.0,4.1741686e-11,0
63092,1.0,4.499771e-11,0
63093,1.0,1.2190382e-09,0
63094,1.0,8.7315566e-13,0
63095,1.0,3.7144097e-11,0
63096,1.0,2.2570636e-10,0
63097,1.0,4.0724862e-10,0
63098,1.0,4.248286e-12,0
63099,0.9999999,7.6439626e-08,0
63100,1.0,1.1491226e-10,0
63101,0.9999999,1.7490915e-07,0
63102,1.0,2.353468e-12,0
63103,1.0,3.7369276e-08,0
63104,1.0,6.042589e-10,0
63105,1.0,4.013845e-11,0
63106,1.0,3.3060804e-10,0
63107,0.99999964,3.4972197e-07,0
63108,1.0,9.139936e-09,0
63109,1.0,5.875083e-10,0
63110,1.0,2.4394717e-10,0
63111,1.0,8.1862215e-09,0
63112,0.99999976,2.5968916e-07,0
63113,1.0,3.819932e-08,0
63114,1.0,1.6857982e-16,0
63115,0.9999999,8.414985e-08,0
63116,1.0,5.950505e-11,0
63117,1.0,1.607329e-10,0
63118,0.9999999,1.449134e-07,0
63119,1.0,4.116279e-11,0
63120,1.0,2.8198393e-08,0
63121,1.0,6.352358e-10,0
63122,1.0,4.8611133e-09,0
63123,1.0,7.2871553e-10,0
63124,1.0,8.555266e-12,0
63125,1.0,1.8125753e-09,0
63126,1.0,6.839633e-10,0
63127,1.0,1.8216767e-09,0
63128,1.0,9.381017e-10,0
63129,0.9999999,8.082693e-08,0
63130,1.0,1.728537e-08,0
63131,0.9999988,1.2198456e-06,0
63132,0.99999857,1.3931575e-06,0
63133,0.99999917,7.7943827e-07,0
63134,1.0,1.8518459e-10,0
63135,1.0,5.028816e-08,0
63136,0.9999995,4.9070513e-07,0
63137,0.99999917,8.7769166e-07,0
63138,1.0,1.3650236e-09,0
63139,0.99999964,3.5350104e-07,0
63140,1.0,4.436019e-08,0
63141,1.0,2.130789e-08,0
63142,0.9999999,5.998899e-08,0
63143,0.9999987,1.260903e-06,0
63144,0.9999999,1.7751674e-07,0
63145,1.0,7.0258728e-09,0
63146,0.9999994,5.89607e-07,0
63147,1.0,5.4029584e-08,0
63148,1.0,1.6492483e-09,0
63149,0.9999988,1.1682754e-06,0
63150,0.9999987,1.2988148e-06,0
63151,1.0,1.613246e-08,0
63152,1.0,5.3895316e-10,0
63153,0.99999857,1.3969999e-06,0
63154,1.0,1.484397e-10,0
63155,0.9999995,4.7314578e-07,0
63156,1.0,2.303571e-09,0
63157,1.0,3.2594152e-10,0
63158,0.9999999,1.356711e-07,0
63159,1.0,3.8624464e-12,0
63160,1.0,1.7930222e-11,0
63161,1.0,1.56512e-10,0
63162,1.0,1.0640576e-12,0
63163,1.0,9.198379e-10,0
63164,0.9999999,1.0449632e-07,0
63165,1.0,9.5059994e-14,0
63166,1.0,3.220015e-11,0
63167,1.0,5.003962e-14,0
63168,1.0,5.6876176e-10,0
63169,1.0,2.8683687e-11,0
63170,1.0,6.1083766e-13,0
63171,1.0,4.0560808e-11,0
63172,1.0,3.7285312e-13,0
63173,1.0,2.751736e-11,0
63174,1.0,1.09732064e-10,0
63175,1.0,3.678755e-11,0
63176,1.0,1.6633918e-13,0
63177,1.0,2.0161469e-13,0
63178,1.0,5.134268e-14,0
63179,1.0,4.9059277e-12,0
63180,1.0,5.870454e-11,0
63181,1.0,2.0658024e-12,0
63182,1.0,3.9071676e-10,0
63183,1.0,2.0321411e-10,0
63184,1.0,3.1607215e-12,0
63185,1.0,2.2579785e-12,0
63186,1.0,3.425056e-14,0
63187,1.0,8.340736e-14,0
63188,0.99999976,2.5718361e-07,0
63189,1.0,1.8849156e-14,0
63190,1.0,1.0961396e-12,0
63191,1.0,9.0418585e-14,0
63192,1.0,2.106556e-11,0
63193,1.0,1.1957556e-10,0
63194,1.0,3.5626103e-13,0
63195,1.0,5.9383505e-11,0
63196,1.0,6.0544576e-11,0
63197,1.0,2.5227457e-12,0
63198,1.0,1.4004565e-14,0
63199,1.0,4.941935e-12,0
63200,1.0,8.308187e-14,0
63201,1.0,6.5082734e-10,0
63202,1.0,3.5324365e-11,0
63203,1.0,1.6649886e-09,0
63204,1.0,8.1164526e-11,0
63205,1.0,7.5056676e-13,0
63206,1.0,4.993132e-10,0
63207,1.0,8.36276e-12,0
63208,1.0,1.5499312e-13,0
63209,1.0,4.4641528e-13,0
63210,1.0,2.077031e-12,0
63211,1.0,1.2587556e-11,0
63212,1.0,2.3271862e-11,0
63213,1.0,1.5669933e-13,0
63214,1.0,1.3539074e-13,0
63215,1.0,2.0642812e-13,0
63216,1.0,8.53466e-13,0
63217,1.0,6.063509e-10,0
63218,1.0,3.2952298e-12,0
63219,1.0,1.9391656e-12,0
63220,1.0,1.7219594e-11,0
63221,1.0,4.9028737e-10,0
63222,1.0,2.1725175e-11,0
63223,1.0,2.3419472e-15,0
63224,1.0,9.422871e-10,0
63225,1.0,9.495281e-12,0
63226,1.0,4.5854392e-12,0
63227,1.0,1.2536388e-13,0
63228,1.0,4.7642505e-11,0
63229,1.0,2.1297457e-11,0
63230,1.0,6.1106925e-10,0
63231,1.0,6.974192e-12,0
63232,1.0,4.237137e-11,0
63233,1.0,3.8786327e-10,0
63234,1.0,3.3855644e-11,0
63235,1.0,6.298936e-13,0
63236,1.0,1.688958e-13,0
63237,1.0,5.3188316e-14,0
63238,1.0,1.8158574e-11,0
63239,1.0,1.4430013e-09,0
63240,1.0,1.4120478e-12,0
63241,1.0,1.6266484e-13,0
63242,1.0,3.3577016e-10,0
63243,1.0,1.3609192e-12,0
63244,1.0,1.7698601e-14,0
63245,1.0,4.4878353e-13,0
63246,1.0,1.6941908e-10,0
63247,1.0,1.6119633e-12,0
63248,1.0,8.2919255e-11,0
63249,1.0,2.06399e-13,0
63250,1.0,1.884043e-13,0
63251,1.0,1.1056621e-12,0
63252,1.0,4.3379014e-10,0
63253,1.0,2.485865e-13,0
63254,1.0,4.6499222e-14,0
63255,1.0,5.2172533e-09,0
63256,1.0,2.3836412e-08,0
63257,1.0,1.752628e-09,0
63258,1.0,1.269847e-13,0
63259,1.0,6.2805963e-12,0
63260,1.0,7.7688e-11,0
63261,1.0,2.3839181e-12,0
63262,1.0,2.7347295e-12,0
63263,1.0,8.146902e-14,0
63264,1.0,5.193925e-11,0
63265,1.0,5.9965574e-11,0
63266,1.0,6.3794044e-12,0
63267,1.0,2.080926e-11,0
63268,1.0,1.3962224e-12,0
63269,1.0,1.2172184e-10,0
63270,1.0,8.60548e-11,0
63271,1.0,2.124608e-12,0
63272,1.0,5.7095047e-11,0
63273,1.0,2.0360954e-13,0
63274,1.0,1.6034629e-12,0
63275,1.0,9.8001224e-14,0
63276,1.0,1.4564368e-13,0
63277,1.0,6.836165e-13,0
63278,1.0,4.7312176e-10,0
63279,1.0,1.1060397e-12,0
63280,1.0,2.037797e-13,0
63281,1.0,6.4554456e-10,0
63282,1.0,2.0282571e-10,0
63283,1.0,9.62905e-10,0
63284,1.0,5.1842797e-13,0
63285,1.0,5.4137896e-08,0
63286,1.0,2.2332125e-13,0
63287,1.0,5.136709e-13,0
63288,1.0,1.8497351e-10,0
63289,1.0,9.721123e-12,0
63290,1.0,3.4401373e-12,0
63291,1.0,2.1769008e-12,0
63292,1.0,1.1914584e-12,0
63293,1.0,1.6662822e-12,0
63294,1.0,2.8640664e-11,0
63295,1.0,1.7482017e-12,0
63296,1.0,5.632293e-13,0
63297,1.0,3.6493155e-09,0
63298,1.0,2.2372082e-12,0
63299,1.0,1.5132627e-12,0
63300,1.0,5.2321936e-12,0
63301,1.0,2.0309058e-13,0
63302,1.0,1.4727407e-11,0
63303,1.0,1.190626e-10,0
63304,1.0,1.006958e-10,0
63305,1.0,6.9606443e-10,0
63306,1.0,4.495619e-11,0
63307,1.0,4.046688e-13,0
63308,1.0,2.3243492e-13,0
63309,1.0,1.9744913e-12,0
63310,1.0,3.6986425e-12,0
63311,1.0,2.6385316e-11,0
63312,1.0,1.674219e-11,0
63313,1.0,1.1815131e-11,0
63314,1.0,2.41367e-13,0
63315,1.0,1.404997e-10,0
63316,1.0,2.0754175e-10,0
63317,1.0,4.11311e-10,0
63318,1.0,1.5209289e-11,0
63319,1.0,1.7417059e-11,0
63320,1.0,2.8897474e-14,0
63321,1.0,4.1337254e-13,0
63322,1.0,3.1047012e-11,0
63323,1.0,4.359236e-09,0
63324,1.0,9.967947e-13,0
63325,1.0,1.0691013e-11,0
63326,1.0,4.730038e-13,0
63327,1.0,1.5434175e-13,0
63328,1.0,2.1208599e-11,0
63329,1.0,2.2410915e-11,0
63330,1.0,1.8877266e-13,0
63331,1.0,7.499132e-12,0
63332,1.0,2.5740757e-10,0
63333,1.0,1.4806207e-12,0
63334,1.0,3.9201936e-10,0
63335,1.0,6.5792185e-13,0
63336,0.9999989,1.0936869e-06,0
63337,1.0,2.0282888e-13,0
63338,1.0,1.7113803e-11,0
63339,1.0,7.268872e-14,0
63340,1.0,3.4648135e-11,0
63341,1.0,3.79925e-13,0
63342,1.0,6.2985495e-10,0
63343,1.0,1.2021209e-12,0
63344,1.0,3.4404651e-12,0
63345,1.0,4.9956324e-12,0
63346,0.9999999,7.580629e-08,0
63347,1.0,1.5545522e-10,0
63348,1.0,4.900728e-12,0
63349,1.0,2.549383e-09,0
63350,1.0,1.8120195e-12,0
63351,1.0,7.159353e-12,0
63352,1.0,2.8795239e-11,0
63353,1.0,1.0305163e-11,0
63354,1.0,1.4644208e-12,0
63355,1.0,1.6977068e-10,0
63356,1.0,6.5774027e-12,0
63357,1.0,1.591425e-08,0
63358,1.0,5.0347202e-11,0
63359,1.0,4.50643e-10,0
63360,1.0,3.6641927e-09,0
63361,1.0,4.8217363e-10,0
63362,1.0,2.9097585e-10,0
63363,1.0,5.3069814e-12,0
63364,1.0,1.429378e-10,0
63365,1.0,2.7174915e-13,0
63366,1.0,2.1598469e-10,0
63367,1.0,1.4792897e-10,0
63368,1.0,9.98366e-10,0
63369,1.0,7.852974e-11,0
63370,1.0,2.9745786e-09,0
63371,1.0,2.7641502e-11,0
63372,1.0,2.5018739e-11,0
63373,1.0,2.7144562e-09,0
63374,1.0,1.6089555e-09,0
63375,1.0,4.842273e-09,0
63376,1.0,5.542649e-12,0
63377,0.9999989,1.014965e-06,0
63378,1.0,1.0371483e-10,0
63379,1.0,2.1911331e-10,0
63380,1.0,1.4806045e-11,0
63381,1.0,2.494593e-11,0
63382,1.0,1.8123472e-09,0
63383,1.0,8.792234e-10,0
63384,1.0,1.9884153e-11,0
63385,1.0,2.0391189e-13,0
63386,1.0,2.6947606e-09,0
63387,1.0,2.465629e-11,0
63388,1.0,1.814379e-11,0
63389,1.0,1.9405456e-12,0
63390,1.0,7.157896e-11,0
63391,1.0,4.2643855e-08,0
63392,1.0,3.789939e-11,0
63393,1.0,8.1245066e-11,0
63394,1.0,1.15644e-10,0
63395,1.0,5.5137583e-12,0
63396,1.0,1.8468714e-11,0
63397,1.0,7.80438e-12,0
63398,1.0,3.1419417e-10,0
63399,1.0,1.1101671e-09,0
63400,1.0,3.812413e-08,0
63401,1.0,6.2939763e-13,0
63402,1.0,1.1507632e-10,0
63403,1.0,4.5195476e-14,0
63404,1.0,9.584628e-11,0
63405,1.0,2.4941301e-12,0
63406,1.0,8.826228e-13,0
63407,1.0,1.2794899e-12,0
63408,1.0,2.407081e-10,0
63409,1.0,2.9764537e-15,0
63410,1.0,6.8220006e-11,0
63411,1.0,2.7586359e-11,0
63412,1.0,8.281047e-12,0
63413,1.0,4.271453e-11,0
63414,1.0,7.6014396e-11,0
63415,1.0,1.9606013e-13,0
63416,1.0,1.5880015e-12,0
63417,1.0,2.6767175e-10,0
63418,1.0,1.3715506e-13,0
63419,1.0,1.8199732e-11,0
63420,1.0,4.9953544e-09,0
63421,1.0,6.083028e-10,0
63422,1.0,8.481183e-11,0
63423,1.0,6.6349277e-14,0
63424,1.0,3.647699e-10,0
63425,1.0,4.806925e-10,0
63426,1.0,1.0178337e-09,0
63427,1.0,3.022698e-11,0
63428,1.0,7.1534765e-14,0
63429,1.0,1.3521738e-12,0
63430,1.0,1.9433394e-11,0
63431,1.0,3.9381288e-13,0
63432,1.0,6.456421e-13,0
63433,1.0,8.429383e-11,0
63434,1.0,1.8569606e-10,0
63435,1.0,2.4830873e-10,0
63436,1.0,3.6591012e-09,0
63437,1.0,4.5785722e-11,0
63438,0.9999999,1.2876112e-07,0
63439,1.0,1.731873e-12,0
63440,1.0,2.5766902e-09,0
63441,1.0,6.2394334e-10,0
63442,1.0,2.0833348e-09,0
63443,1.0,7.114011e-12,0
63444,1.0,2.6098219e-11,0
63445,1.0,3.3569458e-10,0
63446,1.0,1.0507242e-09,0
63447,1.0,3.857886e-10,0
63448,1.0,9.582988e-10,0
63449,1.0,1.1955172e-12,0
63450,1.0,1.2142015e-10,0
63451,1.0,6.9952473e-14,0
63452,1.0,1.0224369e-10,0
63453,1.0,3.728325e-13,0
63454,1.0,1.2113563e-10,0
63455,1.0,5.504763e-12,0
63456,1.0,9.579685e-09,0
63457,1.0,3.752496e-09,0
63458,0.9999943,5.6706554e-06,0
63459,1.0,2.8954332e-12,0
63460,1.0,1.0668759e-09,0
63461,1.0,7.819747e-11,0
63462,1.0,4.991061e-12,0
63463,1.0,1.0663794e-13,0
63464,1.0,3.3502645e-12,0
63465,1.0,1.2176204e-13,0
63466,1.0,3.8034756e-10,0
63467,1.0,9.601918e-15,0
63468,1.0,1.6007381e-11,0
63469,1.0,3.9952483e-10,0
63470,1.0,1.2826873e-10,0
63471,1.0,6.489194e-11,0
63472,1.0,4.749883e-09,0
63473,1.0,2.0094928e-10,0
63474,0.9999995,4.5560603e-07,0
63475,1.0,8.307602e-10,0
63476,1.0,1.9998924e-13,0
63477,1.0,2.1229354e-08,0
63478,1.0,3.723303e-08,0
63479,1.0,6.6542496e-12,0
63480,1.0,1.891851e-12,0
63481,1.0,1.9267248e-10,0
63482,1.0,4.734906e-08,0
63483,0.9999999,1.657411e-07,0
63484,1.0,2.864707e-10,0
63485,1.0,1.1967356e-12,0
63486,1.0,6.515775e-10,0
63487,1.0,5.855527e-10,0
63488,0.9999999,7.235391e-08,0
63489,1.0,9.985377e-13,0
63490,1.0,4.2927185e-12,0
63491,0.9999999,1.3645746e-07,0
63492,1.0,2.1231772e-09,0
63493,0.9999994,5.756884e-07,0
63494,1.0,9.603312e-11,0
63495,1.0,1.2432908e-08,0
63496,1.0,2.9567196e-10,0
63497,1.0,3.9517105e-09,0
63498,1.0,1.14759935e-08,0
63499,1.0,1.2794285e-09,0
63500,1.0,7.0619595e-09,0
63501,1.0,4.6469197e-09,0
63502,1.0,5.352021e-09,0
63503,1.0,2.082286e-09,0
63504,1.0,4.5935738e-11,0
63505,1.0,5.1014237e-09,0
63506,1.0,2.1675252e-08,0
63507,1.0,1.7461591e-08,0
63508,1.0,2.1634195e-08,0
63509,0.9999982,1.8302961e-06,0
63510,0.9999999,1.00067744e-07,0
63511,1.0,2.0881843e-09,0
63512,1.0,1.177198e-12,0
63513,1.0,2.392992e-09,0
63514,1.0,1.3511318e-09,0
63515,0.99999964,3.0662977e-07,0
63516,1.0,8.5408156e-13,0
63517,1.0,4.683453e-10,0
63518,1.0,9.144923e-09,0
63519,1.0,1.8919684e-10,0
63520,0.9999989,1.0730846e-06,0
63521,0.99999857,1.418959e-06,0
63522,1.0,1.6482796e-13,0
63523,0.99999976,2.0345132e-07,0
63524,1.0,1.6794105e-10,0
63525,1.0,1.129378e-09,0
63526,1.0,6.0868723e-09,0
63527,1.0,1.5406308e-11,0
63528,0.9999999,1.3896663e-07,0
63529,1.0,1.2497291e-08,0
63530,0.999998,1.9706706e-06,0
63531,1.0,1.7931462e-10,0
63532,0.9999999,1.239886e-07,0
63533,0.9999999,1.225186e-07,0
63534,0.999998,2.0703844e-06,0
63535,1.0,2.750394e-10,0
63536,1.0,4.4442505e-08,0
63537,1.0,2.3884001e-09,0
63538,1.0,4.225433e-08,0
63539,0.9999988,1.1994297e-06,0
63540,1.0,3.3191039e-09,0
63541,1.0,6.103785e-10,0
63542,1.0,2.4900876e-10,0
63543,1.0,1.475563e-12,0
63544,1.0,5.2833684e-12,0
63545,1.0,1.4986632e-11,0
63546,1.0,8.8117335e-12,0
63547,1.0,1.4072242e-12,0
63548,1.0,6.6610996e-14,0
63549,1.0,7.0549176e-13,0
63550,1.0,4.711119e-10,0
63551,1.0,2.8423984e-13,0
63552,1.0,2.987196e-12,0
63553,1.0,2.3095932e-13,0
63554,1.0,2.357835e-12,0
63555,1.0,6.68224e-13,0
63556,1.0,9.276045e-09,0
63557,0.99999964,4.106362e-07,0
63558,1.0,8.55784e-13,0
63559,1.0,8.680896e-12,0
63560,1.0,2.057788e-12,0
63561,1.0,2.3925718e-13,0
63562,1.0,2.0061149e-14,0
63563,1.0,3.649639e-11,0
63564,1.0,2.557015e-12,0
63565,1.0,6.673483e-11,0
63566,1.0,1.4618771e-10,0
63567,1.0,1.5060485e-10,0
63568,0.9999877,1.2334738e-05,0
63569,1.0,5.951575e-10,0
63570,1.0,4.4821234e-12,0
63571,1.0,2.7192104e-11,0
63572,1.0,3.4192843e-11,0
63573,1.0,8.313122e-09,0
63574,1.0,3.6160262e-11,0
63575,1.0,6.700038e-11,0
63576,1.0,3.45663e-10,0
63577,1.0,2.5814676e-12,0
63578,1.0,9.718972e-12,0
63579,1.0,7.617187e-11,0
63580,1.0,3.3705053e-12,0
63581,1.0,5.629036e-14,0
63582,1.0,2.4575075e-10,0
63583,1.0,4.3964019e-13,0
63584,1.0,1.7892427e-12,0
63585,1.0,1.451906e-11,0
63586,1.0,1.5663964e-12,0
63587,1.0,1.7420248e-11,0
63588,1.0,7.4068085e-11,0
63589,1.0,5.14932e-11,0
63590,1.0,8.674536e-13,0
63591,1.0,2.3396768e-13,0
63592,0.9999999,8.187021e-08,0
63593,1.0,1.8417275e-12,0
63594,1.0,2.2132253e-11,0
63595,1.0,2.2709716e-11,0
63596,1.0,4.770686e-12,0
63597,1.0,1.0217662e-10,0
63598,1.0,4.646163e-14,0
63599,1.0,3.550021e-13,0
63600,1.0,1.5054289e-09,0
63601,1.0,1.035273e-13,0
63602,1.0,3.476742e-11,0
63603,1.0,8.893426e-11,0
63604,1.0,1.0280833e-12,0
63605,0.9999999,1.2785806e-07,0
63606,1.0,2.4225207e-13,0
63607,1.0,2.2112966e-15,0
63608,1.0,1.936091e-08,0
63609,1.0,8.187685e-14,0
63610,0.99999976,2.8480397e-07,0
63611,1.0,1.3826698e-08,0
63612,0.9999951,4.9337746e-06,0
63613,1.0,1.0159391e-12,0
63614,1.0,4.232816e-11,0
63615,0.999997,2.9350676e-06,0
63616,1.0,1.6744439e-13,0
63617,1.0,1.8937863e-08,0
63618,1.0,1.621482e-09,0
63619,1.0,1.2479088e-09,0
63620,1.0,1.0209154e-09,0
63621,1.0,1.1001676e-08,0
63622,1.0,3.9674175e-10,0
63623,0.99999857,1.4588086e-06,0
63624,1.0,1.7533344e-08,0
63625,1.0,7.524619e-09,0
63626,1.0,2.0874158e-09,0
63627,0.99999726,2.7038957e-06,0
63628,0.9999994,5.458529e-07,0
63629,1.0,1.523805e-09,0
63630,0.9999987,1.3550188e-06,0
63631,0.9999982,1.8354948e-06,0
63632,1.0,1.9203565e-09,0
63633,1.0,1.3924409e-08,0
63634,1.0,8.426883e-09,0
63635,1.0,2.665073e-09,0
63636,0.9998472,0.00015281423,0
63637,0.99996614,3.3825527e-05,0
63638,1.0,4.0343213e-08,0
63639,1.0,1.1800294e-10,0
63640,1.0,2.9679845e-11,0
63641,1.0,1.4173744e-08,0
63642,0.99999154,8.505253e-06,0
63643,0.99999774,2.248384e-06,0
63644,1.0,2.4707723e-09,0
63645,0.99999523,4.7925664e-06,0
63646,0.99999547,4.504872e-06,0
63647,0.99895954,0.0010404201,0
63648,0.99999106,8.924703e-06,0
63649,1.0,1.2890654e-08,0
63650,0.9999964,3.526455e-06,0
63651,1.0,4.201172e-08,0
63652,1.0,1.2107755e-08,0
63653,1.0,3.312765e-10,0
63654,1.0,2.097056e-10,0
63655,0.9999999,6.769386e-08,0
63656,1.0,4.5915154e-11,0
63657,1.0,4.339056e-08,0
63658,0.9999994,5.431941e-07,0
63659,1.0,2.8765226e-10,0
63660,1.0,1.7084427e-10,0
63661,0.9999981,1.9479721e-06,0
63662,0.9999896,1.03631555e-05,0
63663,0.9999937,6.341363e-06,0
63664,0.99999785,2.1776875e-06,0
63665,0.99999845,1.5476921e-06,0
63666,1.0,2.0907082e-08,0
63667,1.0,7.720611e-12,0
63668,1.0,2.6964543e-11,0
63669,1.0,8.770021e-11,0
63670,1.0,1.841264e-12,0
63671,1.0,2.518849e-10,0
63672,1.0,3.58162e-09,0
63673,0.9999988,1.1363446e-06,0
63674,1.0,2.715151e-12,0
63675,0.99999976,2.4682942e-07,0
63676,1.0,5.092463e-08,0
63677,0.9999988,1.1406486e-06,0
63678,0.99999475,5.250696e-06,0
63679,0.99999166,8.29565e-06,0
63680,1.0,1.063836e-09,0
63681,0.99999857,1.473227e-06,0
63682,0.99999905,1.0030419e-06,0
63683,0.9999981,1.8549607e-06,0
63684,0.99999976,2.1609992e-07,0
63685,1.0,8.137898e-13,0
63686,1.0,1.557341e-11,0
63687,1.0,3.6805375e-11,0
63688,1.0,9.884243e-10,0
63689,1.0,9.735926e-13,0
63690,0.99999857,1.4714677e-06,0
63691,1.0,8.6513013e-10,0
63692,1.0,1.4124861e-09,0
63693,1.0,1.02705344e-10,0
63694,1.0,1.3318321e-09,0
63695,1.0,7.3523014e-09,0
63696,0.99999964,4.1627703e-07,0
63697,0.99999475,5.273741e-06,0
63698,1.0,7.540433e-10,0
63699,1.0,1.19965184e-08,0
63700,1.0,3.179214e-10,0
63701,1.0,4.4589883e-09,0
63702,0.99999976,2.6077817e-07,0
63703,1.0,3.0774705e-10,0
63704,1.0,9.048282e-09,0
63705,1.0,2.5070845e-08,0
63706,0.99999666,3.3917474e-06,0
63707,1.0,4.8839038e-08,0
63708,1.0,6.3235715e-11,0
63709,0.99999356,6.385226e-06,0
63710,0.999998,1.9975394e-06,0
63711,0.99999857,1.3926953e-06,0
63712,1.0,2.7617727e-08,0
63713,0.9999981,1.960904e-06,0
63714,1.0,1.9035426e-08,0
63715,1.0,1.6433066e-10,0
63716,0.99999964,3.3275174e-07,0
63717,0.9999999,1.2794516e-07,0
63718,0.9999993,6.8339386e-07,0
63719,1.0,3.8785775e-08,0
63720,1.0,1.3749832e-11,0
63721,1.0,1.1315601e-09,0
63722,0.9999999,1.6269513e-07,0
63723,1.0,2.7579756e-09,0
63724,0.9999964,3.5477465e-06,0
63725,1.0,5.374346e-11,0
63726,1.0,4.0880882e-11,0
63727,0.99999833,1.6143192e-06,0
63728,1.0,8.320696e-11,0
63729,0.9999993,7.327888e-07,0
63730,1.0,2.0907689e-11,0
63731,0.9999919,8.062935e-06,0
63732,0.999998,2.0087687e-06,0
63733,0.99999905,9.706188e-07,0
63734,1.0,9.2725205e-10,0
63735,1.0,4.518536e-08,0
63736,0.9999994,5.9837413e-07,0
63737,0.99999535,4.6825294e-06,0
63738,1.0,3.3464907e-08,0
63739,0.99999976,2.3893816e-07,0
63740,0.9999999,8.2121225e-08,0
63741,1.0,4.2367193e-10,0
63742,1.0,2.0297711e-13,0
63743,0.9999993,7.2669104e-07,0
63744,1.0,1.3173743e-11,0
63745,0.9999949,5.1591965e-06,0
63746,1.0,2.1752073e-12,0
63747,1.0,2.3498393e-08,0
63748,1.0,1.0706134e-11,0
63749,1.0,5.88082e-11,0
63750,1.0,3.4841263e-10,0
63751,1.0,5.1963308e-12,0
63752,1.0,1.5910668e-08,0
63753,0.99998176,1.8255743e-05,0
63754,1.0,7.354854e-09,0
63755,1.0,1.129352e-13,0
63756,0.99999154,8.416457e-06,0
63757,1.0,2.9973437e-12,0
63758,1.0,1.5997231e-13,0
63759,1.0,2.9407463e-14,0
63760,1.0,3.3288116e-12,0
63761,1.0,1.612304e-09,0
63762,1.0,3.071728e-11,0
63763,1.0,2.8288732e-12,0
63764,1.0,2.2764607e-12,0
63765,1.0,6.834295e-11,0
63766,1.0,2.00594e-09,0
63767,1.0,2.1627655e-10,0
63768,0.9999999,1.2523401e-07,0
63769,0.9999944,5.607932e-06,0
63770,0.9999974,2.5795148e-06,0
63771,1.0,1.1851972e-10,0
63772,1.0,9.732223e-11,0
63773,0.99999845,1.5852032e-06,0
63774,0.9999969,3.0508259e-06,0
63775,1.0,3.0490607e-08,0
63776,1.0,5.7940844e-12,0
63777,1.0,4.769571e-14,0
63778,1.0,2.5751953e-10,0
63779,0.99998605,1.3931514e-05,0
63780,1.0,5.5959876e-11,0
63781,0.9999958,4.2181405e-06,0
63782,1.0,8.1616545e-12,0
63783,1.0,2.5804734e-12,0
63784,0.9999999,8.332047e-08,0
63785,1.0,4.642211e-11,0
63786,0.9999999,9.1845365e-08,0
63787,1.0,2.2415705e-11,0
63788,1.0,3.9153944e-11,0
63789,1.0,1.09948095e-13,0
63790,0.9999995,5.2268126e-07,0
63791,1.0,3.4165345e-14,0
63792,1.0,1.6894729e-10,0
63793,1.0,3.5967198e-14,0
63794,1.0,1.842105e-14,0
63795,1.0,4.2900704e-14,0
63796,1.0,1.0080051e-14,0
63797,0.9999994,5.9596795e-07,0
63798,1.0,3.0528546e-12,0
63799,1.0,1.2817292e-13,0
63800,0.9999887,1.1350536e-05,0
63801,1.0,1.0264498e-11,0
63802,1.0,5.3833205e-12,0
63803,0.9999999,1.039213e-07,0
63804,1.0,3.8702635e-12,0
63805,0.9999969,3.1415066e-06,0
63806,1.0,3.0049123e-11,0
63807,0.99999726,2.7188053e-06,0
63808,1.0,2.6751017e-12,0
63809,0.999998,2.0447558e-06,0
63810,1.0,2.3046474e-09,0
63811,1.0,5.256056e-13,0
63812,0.9999956,4.385301e-06,0
63813,1.0,1.2308202e-13,0
63814,1.0,6.630599e-11,0
63815,1.0,2.9702029e-12,0
63816,1.0,3.1579874e-11,0
63817,1.0,9.961409e-13,0
63818,1.0,2.5603909e-13,0
63819,1.0,6.0855576e-10,0
63820,1.0,8.385728e-12,0
63821,1.0,2.014148e-13,0
63822,1.0,4.3580514e-11,0
63823,1.0,2.516756e-13,0
63824,0.9999975,2.5555341e-06,0
63825,1.0,1.06848775e-11,0
63826,1.0,1.9552992e-12,0
63827,1.0,1.9242246e-09,0
63828,1.0,2.5232777e-10,0
63829,1.0,3.315674e-13,0
63830,0.9999957,4.2535553e-06,0
63831,1.0,1.0816478e-11,0
63832,1.0,1.3669888e-08,0
63833,1.0,1.10736226e-10,0
63834,1.0,3.291615e-10,0
63835,1.0,3.4036952e-14,0
63836,1.0,2.4115993e-13,0
63837,1.0,6.559543e-14,0
63838,1.0,2.6488913e-13,0
63839,1.0,9.3000226e-11,0
63840,1.0,5.478917e-10,0
63841,1.0,6.6156134e-12,0
63842,1.0,1.4307329e-11,0
63843,1.0,2.609002e-14,0
63844,1.0,2.4308474e-13,0
63845,1.0,3.486379e-14,0
63846,1.0,2.8331943e-11,0
63847,1.0,1.7033496e-11,0
63848,1.0,1.4227202e-13,0
63849,1.0,1.1636963e-12,0
63850,1.0,1.4217597e-13,0
63851,1.0,4.8431915e-11,0
63852,1.0,4.516187e-14,0
63853,1.0,7.355401e-13,0
63854,1.0,1.0293367e-09,0
63855,1.0,6.772253e-12,0
63856,1.0,1.2775829e-12,0
63857,1.0,1.3875327e-13,0
63858,1.0,2.2632451e-14,0
63859,1.0,1.5871418e-08,0
63860,1.0,2.1743314e-09,0
63861,1.0,8.356012e-09,0
63862,1.0,6.0453184e-11,0
63863,1.0,1.0585673e-09,0
63864,1.0,6.729215e-10,0
63865,1.0,9.882287e-13,0
63866,1.0,1.8467939e-11,0
63867,1.0,6.277874e-13,0
63868,1.0,9.774661e-10,0
63869,1.0,1.766661e-12,0
63870,1.0,2.4666095e-13,0
63871,1.0,2.828598e-12,0
63872,1.0,8.091694e-10,0
63873,1.0,1.133068e-12,0
63874,1.0,2.3019829e-11,0
63875,1.0,2.222177e-10,0
63876,1.0,1.7523823e-11,0
63877,1.0,8.426763e-11,0
63878,0.99998534,1.4655921e-05,0
63879,1.0,9.809719e-10,0
63880,1.0,2.6639192e-13,0
63881,1.0,2.8849744e-13,0
63882,1.0,8.6850865e-12,0
63883,1.0,4.5768192e-14,0
63884,1.0,1.9602675e-14,0
63885,1.0,1.8745767e-09,0
63886,1.0,2.0748691e-12,0
63887,1.0,1.07694066e-13,0
63888,1.0,4.158815e-11,0
63889,1.0,5.4118117e-14,0
63890,1.0,1.4327804e-12,0
63891,1.0,1.152004e-10,0
63892,1.0,2.0096681e-11,0
63893,1.0,3.3243608e-10,0
63894,1.0,6.318643e-14,0
63895,1.0,5.132801e-13,0
63896,1.0,1.3426088e-08,0
63897,1.0,7.8450457e-13,0
63898,1.0,5.067993e-13,0
63899,1.0,2.739776e-10,0
63900,1.0,7.242519e-11,0
63901,1.0,7.5171726e-13,0
63902,1.0,1.8097555e-10,0
63903,1.0,1.0335734e-11,0
63904,1.0,2.5906931e-11,0
63905,1.0,1.6297946e-09,0
63906,1.0,1.700596e-12,0
63907,1.0,1.8197389e-09,0
63908,1.0,2.3499894e-10,0
63909,1.0,9.3260235e-12,0
63910,1.0,1.1772564e-12,0
63911,1.0,6.458839e-12,0
63912,1.0,1.5953143e-09,0
63913,1.0,1.2881417e-11,0
63914,1.0,1.7073211e-11,0
63915,1.0,9.44917e-13,0
63916,1.0,8.0535974e-11,0
63917,1.0,7.308281e-11,0
63918,1.0,3.3417763e-12,0
63919,1.0,8.51532e-11,0
63920,1.0,4.300547e-11,0
63921,1.0,1.0969564e-10,0
63922,1.0,2.8416424e-11,0
63923,1.0,1.6409153e-12,0
63924,1.0,4.369954e-11,0
63925,1.0,8.840183e-12,0
63926,1.0,4.838939e-13,0
63927,1.0,2.3317437e-12,0
63928,1.0,2.1759483e-10,0
63929,1.0,5.1666345e-11,0
63930,1.0,3.2343833e-10,0
63931,1.0,5.282743e-12,0
63932,1.0,3.4430733e-11,0
63933,1.0,1.9414526e-12,0
63934,1.0,9.391422e-13,0
63935,1.0,6.107855e-12,0
63936,1.0,2.1710615e-13,0
63937,1.0,2.651511e-12,0
63938,1.0,1.4844566e-10,0
63939,1.0,3.2003328e-13,0
63940,1.0,8.495609e-11,0
63941,1.0,4.6774e-10,0
63942,1.0,5.806497e-12,0
63943,1.0,3.5219531e-12,0
63944,1.0,3.94374e-11,0
63945,1.0,2.5830228e-13,0
63946,1.0,1.4101998e-14,0
63947,1.0,4.0154204e-12,0
63948,1.0,5.328359e-13,0
63949,1.0,5.137388e-12,0
63950,1.0,6.274897e-12,0
63951,1.0,2.6523433e-10,0
63952,1.0,1.9917328e-11,0
63953,1.0,1.2802614e-12,0
63954,1.0,8.28746e-09,0
63955,1.0,1.6861627e-11,0
63956,1.0,1.0934913e-13,0
63957,1.0,1.3221325e-10,0
63958,1.0,3.0738068e-12,0
63959,1.0,2.9893334e-12,0
63960,1.0,3.4368106e-13,0
63961,1.0,1.5891614e-09,0
63962,1.0,7.905422e-11,0
63963,1.0,3.0376355e-09,0
63964,1.0,3.2818054e-13,0
63965,1.0,1.3330742e-10,0
63966,1.0,2.181913e-13,0
63967,1.0,2.6302232e-13,0
63968,1.0,4.5436823e-13,0
63969,1.0,6.667126e-10,0
63970,1.0,2.285448e-09,0
63971,1.0,2.3924718e-09,0
63972,1.0,8.5571966e-11,0
63973,1.0,1.2258159e-13,0
63974,1.0,4.90415e-12,0
63975,1.0,9.651104e-12,0
63976,1.0,9.427362e-11,0
63977,1.0,3.781222e-12,0
63978,1.0,2.9407844e-11,0
63979,1.0,1.0880228e-11,0
63980,1.0,4.2667096e-13,0
63981,1.0,1.4837376e-10,0
63982,1.0,2.872306e-14,0
63983,1.0,3.9109937e-13,0
63984,1.0,1.2730289e-09,0
63985,1.0,1.9115657e-11,0
63986,1.0,9.699573e-14,0
63987,1.0,9.0617835e-10,0
63988,1.0,7.196565e-12,0
63989,1.0,6.0551206e-13,0
63990,1.0,4.5417917e-10,0
63991,1.0,1.3078045e-13,0
63992,1.0,1.7717508e-11,0
63993,1.0,6.5821404e-10,0
63994,1.0,8.95042e-14,0
63995,1.0,1.8840523e-11,0
63996,1.0,1.5000718e-09,0
63997,1.0,5.828531e-13,0
63998,1.0,2.1330132e-12,0
63999,1.0,2.1872224e-12,0
64000,1.0,1.9826721e-13,0
64001,1.0,1.0468932e-13,0
64002,1.0,1.7872083e-10,0
64003,1.0,2.350857e-12,0
64004,0.9999993,6.6856853e-07,0
64005,1.0,2.1196376e-12,0
64006,1.0,2.4335683e-11,0
64007,1.0,1.4576408e-12,0
64008,1.0,7.395204e-11,0
64009,1.0,5.743353e-11,0
64010,1.0,4.0372018e-11,0
64011,1.0,4.937865e-12,0
64012,1.0,4.3862835e-13,0
64013,1.0,6.111622e-11,0
64014,1.0,1.1915443e-09,0
64015,1.0,8.449347e-10,0
64016,1.0,1.4480825e-13,0
64017,1.0,5.2260023e-11,0
64018,1.0,2.2820884e-10,0
64019,1.0,6.01951e-11,0
64020,1.0,2.3092698e-11,0
64021,1.0,2.434615e-13,0
64022,1.0,2.4860172e-09,0
64023,1.0,8.5957026e-11,0
64024,1.0,5.6614247e-10,0
64025,1.0,4.703929e-13,0
64026,1.0,3.4021798e-12,0
64027,1.0,3.4243444e-10,0
64028,1.0,7.57732e-12,0
64029,1.0,4.606006e-11,0
64030,1.0,1.9648899e-11,0
64031,1.0,1.635697e-08,0
64032,1.0,9.60972e-12,0
64033,1.0,2.8000746e-11,0
64034,1.0,9.911683e-12,0
64035,1.0,3.0535008e-12,0
64036,1.0,2.4668472e-11,0
64037,1.0,1.8712597e-11,0
64038,1.0,3.9562013e-11,0
64039,1.0,1.4951344e-11,0
64040,1.0,3.1596934e-14,0
64041,1.0,1.1947734e-13,0
64042,1.0,2.8220652e-13,0
64043,1.0,3.307053e-13,0
64044,1.0,7.463586e-12,0
64045,0.9999999,1.2156458e-07,0
64046,1.0,1.1757385e-10,0
64047,1.0,5.830558e-12,0
64048,1.0,1.9620474e-11,0
64049,1.0,2.6232619e-11,0
64050,1.0,5.252215e-14,0
64051,1.0,1.9092281e-13,0
64052,1.0,2.3479072e-09,0
64053,1.0,5.5457607e-11,0
64054,1.0,8.6592415e-14,0
64055,1.0,5.6982743e-12,0
64056,1.0,8.0724744e-13,0
64057,1.0,1.6438167e-11,0
64058,1.0,9.174169e-09,0
64059,1.0,2.9961908e-11,0
64060,1.0,6.769173e-10,0
64061,1.0,1.9927217e-10,0
64062,1.0,6.6343876e-13,0
64063,1.0,2.6892946e-11,0
64064,1.0,8.693435e-13,0
64065,1.0,1.1690234e-10,0
64066,1.0,3.3317668e-11,0
64067,1.0,5.6062516e-12,0
64068,1.0,8.6707525e-12,0
64069,1.0,1.2903825e-10,0
64070,0.9999995,4.4220718e-07,0
64071,1.0,3.130749e-10,0
64072,1.0,7.1658325e-11,0
64073,1.0,3.4615219e-12,0
64074,1.0,2.2886729e-08,0
64075,1.0,1.630959e-11,0
64076,1.0,2.097026e-12,0
64077,1.0,7.82657e-10,0
64078,1.0,1.7869799e-10,0
64079,1.0,3.6134995e-13,0
64080,1.0,4.878401e-12,0
64081,1.0,2.4649659e-11,0
64082,1.0,2.3964962e-12,0
64083,1.0,1.9074729e-10,0
64084,1.0,4.5543937e-11,0
64085,0.9999999,1.18575514e-07,0
64086,1.0,2.478403e-10,0
64087,1.0,2.269904e-13,0
64088,1.0,5.1607055e-11,0
64089,1.0,2.3062566e-13,0
64090,1.0,1.936523e-12,0
64091,1.0,1.2021249e-13,0
64092,1.0,4.5304982e-11,0
64093,1.0,1.0647774e-10,0
64094,1.0,1.2647674e-11,0
64095,1.0,7.528827e-12,0
64096,1.0,1.7646928e-10,0
64097,1.0,4.9455275e-12,0
64098,1.0,2.5144953e-10,0
64099,1.0,2.4948485e-12,0
64100,1.0,4.0582435e-13,0
64101,1.0,3.2046397e-09,0
64102,1.0,3.685098e-10,0
64103,1.0,1.0488445e-12,0
64104,1.0,6.579978e-11,0
64105,1.0,1.0651216e-12,0
64106,1.0,2.2140665e-14,0
64107,0.9999999,6.165124e-08,0
64108,1.0,5.3607346e-13,0
64109,1.0,6.863609e-11,0
64110,1.0,5.5414305e-13,0
64111,0.9999999,8.407766e-08,0
64112,1.0,1.5361502e-11,0
64113,1.0,2.346846e-09,0
64114,1.0,4.9770885e-11,0
64115,1.0,4.7042414e-10,0
64116,1.0,2.9645602e-12,0
64117,1.0,2.4954304e-11,0
64118,1.0,1.0211545e-10,0
64119,1.0,3.5521123e-14,0
64120,1.0,3.1564489e-09,0
64121,1.0,3.0747935e-11,0
64122,1.0,8.075593e-11,0
64123,1.0,2.6037414e-11,0
64124,1.0,3.0985506e-10,0
64125,1.0,2.5070305e-13,0
64126,1.0,3.4099824e-12,0
64127,1.0,1.3355829e-11,0
64128,1.0,6.783827e-11,0
64129,1.0,4.5696384e-11,0
64130,1.0,3.980219e-10,0
64131,1.0,2.700876e-11,0
64132,1.0,3.366588e-11,0
64133,1.0,1.3898178e-10,0
64134,1.0,4.643375e-13,0
64135,1.0,5.97863e-10,0
64136,1.0,1.5975476e-11,0
64137,1.0,8.569556e-12,0
64138,1.0,8.158635e-12,0
64139,1.0,3.2434242e-12,0
64140,1.0,2.5849082e-11,0
64141,0.9999876,1.24323815e-05,0
64142,1.0,8.042748e-10,0
64143,1.0,5.2824235e-11,0
64144,1.0,1.5012733e-10,0
64145,1.0,3.2484375e-13,0
64146,1.0,4.5669414e-13,0
64147,1.0,6.455901e-14,0
64148,1.0,1.6881474e-08,0
64149,1.0,4.956516e-10,0
64150,1.0,1.444763e-10,0
64151,1.0,1.690651e-12,0
64152,1.0,4.395117e-10,0
64153,1.0,1.719362e-09,0
64154,1.0,1.700887e-13,0
64155,1.0,4.8337944e-12,0
64156,1.0,5.24083e-13,0
64157,1.0,2.433255e-13,0
64158,1.0,3.0665644e-11,0
64159,1.0,1.2695981e-12,0
64160,1.0,4.792552e-10,0
64161,1.0,2.4875527e-10,0
64162,1.0,4.3564018e-13,0
64163,1.0,8.0558355e-12,0
64164,0.999998,1.9944368e-06,0
64165,1.0,5.7164568e-11,0
64166,1.0,1.0950682e-11,0
64167,1.0,1.0855416e-11,0
64168,1.0,1.1356601e-12,0
64169,1.0,5.627944e-13,0
64170,1.0,2.976979e-13,0
64171,1.0,5.238982e-09,0
64172,1.0,9.087222e-11,0
64173,1.0,3.8004916e-12,0
64174,1.0,4.1998995e-11,0
64175,1.0,8.677106e-12,0
64176,1.0,3.893767e-11,0
64177,1.0,1.8556e-11,0
64178,1.0,6.884722e-10,0
64179,1.0,4.2322964e-12,0
64180,1.0,3.7311296e-12,0
64181,1.0,7.8912983e-13,0
64182,1.0,4.203588e-10,0
64183,1.0,2.2469684e-11,0
64184,1.0,5.7843483e-11,0
64185,1.0,1.3635298e-13,0
64186,1.0,8.509421e-12,0
64187,1.0,2.623402e-11,0
64188,1.0,8.100433e-14,0
64189,1.0,1.4828357e-13,0
64190,1.0,1.0847474e-10,0
64191,1.0,3.431458e-10,0
64192,1.0,9.9574144e-14,0
64193,1.0,1.6448659e-13,0
64194,1.0,7.066894e-12,0
64195,0.99999845,1.5636437e-06,0
64196,1.0,4.0981218e-10,0
64197,1.0,4.111618e-11,0
64198,1.0,3.0926886e-13,0
64199,1.0,5.7398023e-12,0
64200,1.0,2.0322706e-12,0
64201,1.0,4.1726856e-12,0
64202,1.0,1.0873404e-11,0
64203,1.0,7.3780904e-10,0
64204,1.0,2.8544719e-12,0
64205,1.0,4.4744405e-10,0
64206,1.0,1.4110945e-12,0
64207,1.0,6.2677437e-12,0
64208,1.0,1.05854464e-10,0
64209,1.0,6.925468e-11,0
64210,0.99999976,2.2519579e-07,0
64211,1.0,6.0964025e-12,0
64212,1.0,1.4377429e-13,0
64213,1.0,3.481062e-11,0
64214,1.0,5.91027e-11,0
64215,1.0,1.6630898e-10,0
64216,1.0,4.7528028e-12,0
64217,1.0,2.0905764e-12,0
64218,1.0,4.0221486e-13,0
64219,1.0,8.292779e-11,0
64220,1.0,5.0973553e-10,0
64221,1.0,1.1435269e-11,0
64222,1.0,5.3954837e-11,0
64223,1.0,5.925745e-11,0
64224,1.0,1.692207e-11,0
64225,1.0,5.7251366e-13,0
64226,1.0,3.792001e-14,0
64227,1.0,3.7043368e-10,0
64228,1.0,2.0069627e-12,0
64229,0.99999976,2.3826465e-07,0
64230,0.9999974,2.6226414e-06,0
64231,1.0,3.809069e-12,0
64232,1.0,2.1062607e-09,0
64233,0.99999976,2.8040185e-07,0
64234,1.0,2.378314e-12,0
64235,1.0,9.541358e-12,0
64236,1.0,2.7816383e-09,0
64237,1.0,1.5614463e-14,0
64238,1.0,3.9407626e-11,0
64239,1.0,1.1479888e-12,0
64240,1.0,4.8903073e-12,0
64241,1.0,5.756033e-14,0
64242,1.0,9.510403e-11,0
64243,1.0,1.0235758e-11,0
64244,1.0,6.8687883e-13,0
64245,1.0,4.5129885e-12,0
64246,1.0,4.7655043e-11,0
64247,1.0,1.6904166e-11,0
64248,1.0,8.782094e-10,0
64249,1.0,3.7658626e-12,0
64250,1.0,2.3136983e-13,0
64251,1.0,2.3436117e-13,0
64252,1.0,3.21307e-11,0
64253,1.0,8.826961e-11,0
64254,1.0,1.2685598e-12,0
64255,1.0,4.2586912e-10,0
64256,1.0,1.8691944e-11,0
64257,1.0,8.837814e-14,0
64258,1.0,1.4492486e-13,0
64259,1.0,1.787822e-10,0
64260,1.0,3.4181008e-13,0
64261,1.0,2.2516123e-13,0
64262,1.0,3.900127e-12,0
64263,1.0,1.806064e-12,0
64264,1.0,1.029191e-10,0
64265,1.0,1.4238326e-10,0
64266,1.0,1.2397073e-13,0
64267,1.0,1.9619537e-11,0
64268,1.0,9.469842e-14,0
64269,0.99999976,2.0187152e-07,0
64270,1.0,4.1047478e-14,0
64271,1.0,1.0120363e-12,0
64272,1.0,3.365318e-14,0
64273,1.0,3.5707402e-13,0
64274,1.0,2.1160978e-13,0
64275,1.0,4.0550497e-12,0
64276,1.0,2.570201e-13,0
64277,1.0,3.0640022e-12,0
64278,0.9999999,1.0246599e-07,0
64279,1.0,1.2629822e-13,0
64280,1.0,1.0504957e-13,0
64281,1.0,4.9952507e-12,0
64282,0.9999995,5.2016367e-07,0
64283,1.0,4.567967e-14,0
64284,1.0,3.2961755e-14,0
64285,1.0,1.3913517e-09,0
64286,1.0,2.2457921e-13,0
64287,1.0,3.1385422e-12,0
64288,1.0,4.9641745e-08,0
64289,1.0,4.4018114e-14,0
64290,1.0,1.2079306e-13,0
64291,1.0,1.1065646e-13,0
64292,1.0,4.0775747e-11,0
64293,1.0,4.3228933e-14,0
64294,1.0,4.8441034e-12,0
64295,1.0,2.4342285e-14,0
64296,1.0,8.519872e-10,0
64297,1.0,4.5921915e-14,0
64298,1.0,7.8626735e-14,0
64299,1.0,4.4589733e-08,0
64300,0.9999995,4.3026625e-07,0
64301,1.0,2.6296354e-10,0
64302,1.0,3.6208436e-11,0
64303,1.0,2.911711e-11,0
64304,1.0,4.476167e-09,0
64305,1.0,1.7828579e-13,0
64306,1.0,3.9041986e-12,0
64307,1.0,4.6444804e-10,0
64308,1.0,3.1525168e-11,0
64309,1.0,8.3045915e-10,0
64310,1.0,1.1427676e-12,0
64311,1.0,1.8834208e-10,0
64312,1.0,4.92196e-10,0
64313,1.0,3.5626616e-11,0
64314,1.0,4.7899264e-11,0
64315,1.0,1.4863357e-09,0
64316,1.0,2.2071224e-10,0
64317,1.0,1.1788866e-14,0
64318,1.0,2.420483e-10,0
64319,1.0,2.2680874e-12,0
64320,1.0,1.0025191e-11,0
64321,1.0,1.5270271e-11,0
64322,1.0,1.1088678e-09,0
64323,1.0,1.3520773e-10,0
64324,1.0,9.602401e-10,0
64325,1.0,5.115544e-12,0
64326,1.0,6.1868817e-12,0
64327,1.0,8.0501485e-13,0
64328,1.0,3.1188405e-10,0
64329,1.0,4.0352024e-10,0
64330,1.0,3.0475297e-13,0
64331,1.0,8.830404e-13,0
64332,1.0,1.6989984e-11,0
64333,1.0,9.566191e-09,0
64334,1.0,2.156562e-10,0
64335,1.0,9.43232e-12,0
64336,1.0,7.9285786e-13,0
64337,1.0,1.6595296e-12,0
64338,1.0,3.683315e-09,0
64339,1.0,5.7925675e-13,0
64340,1.0,8.807196e-12,0
64341,1.0,4.884115e-13,0
64342,1.0,5.122074e-09,0
64343,1.0,2.4147455e-11,0
64344,1.0,2.463092e-10,0
64345,1.0,4.4831734e-09,0
64346,1.0,8.187666e-11,0
64347,1.0,5.922508e-13,0
64348,1.0,1.057643e-09,0
64349,1.0,9.845257e-10,0
64350,1.0,2.1260462e-09,0
64351,1.0,3.87876e-13,0
64352,1.0,6.069135e-13,0
64353,1.0,1.3024928e-12,0
64354,1.0,1.790576e-10,0
64355,1.0,2.6394642e-10,0
64356,1.0,1.9605546e-11,0
64357,1.0,4.3414855e-10,0
64358,1.0,7.474012e-09,0
64359,1.0,4.621917e-11,0
64360,1.0,4.1616992e-13,0
64361,1.0,1.8446948e-12,0
64362,1.0,2.9413156e-12,0
64363,1.0,1.2441423e-12,0
64364,1.0,1.0860765e-10,0
64365,1.0,1.2072707e-11,0
64366,1.0,2.1156631e-12,0
64367,1.0,6.2751394e-11,0
64368,1.0,3.7361236e-11,0
64369,1.0,2.8812527e-12,0
64370,1.0,2.1902126e-11,0
64371,1.0,2.8598686e-11,0
64372,1.0,4.3772118e-11,0
64373,1.0,8.577846e-12,0
64374,1.0,3.6909367e-10,0
64375,1.0,1.2500855e-10,0
64376,1.0,9.549155e-11,0
64377,1.0,3.963739e-11,0
64378,1.0,5.5233e-10,0
64379,1.0,1.4315628e-11,0
64380,1.0,4.112765e-10,0
64381,1.0,8.140972e-13,0
64382,1.0,4.628416e-12,0
64383,1.0,4.0352116e-13,0
64384,1.0,3.5936716e-12,0
64385,1.0,1.1778898e-12,0
64386,1.0,1.7366355e-09,0
64387,1.0,4.6563548e-11,0
64388,1.0,2.6142461e-11,0
64389,1.0,2.6640756e-10,0
64390,1.0,7.0461195e-14,0
64391,1.0,1.9603986e-10,0
64392,1.0,1.5557489e-12,0
64393,1.0,1.1667818e-11,0
64394,1.0,6.4643907e-10,0
64395,1.0,1.6989174e-11,0
64396,1.0,3.0980185e-10,0
64397,1.0,2.7455433e-08,0
64398,1.0,2.8287104e-09,0
64399,1.0,4.4602426e-11,0
64400,1.0,1.9681437e-13,0
64401,1.0,3.6360415e-11,0
64402,1.0,4.5089318e-10,0
64403,1.0,3.5423543e-11,0
64404,1.0,3.763947e-11,0
64405,1.0,1.855422e-12,0
64406,1.0,5.8192226e-13,0
64407,1.0,1.7039006e-09,0
64408,1.0,1.8705807e-12,0
64409,1.0,1.0026745e-10,0
64410,1.0,2.1684553e-12,0
64411,1.0,6.3465596e-13,0
64412,1.0,9.91966e-13,0
64413,1.0,1.4693997e-10,0
64414,1.0,1.4543806e-08,0
64415,0.999997,2.9887833e-06,0
64416,1.0,9.3792946e-11,0
64417,1.0,2.12964e-11,0
64418,1.0,1.5525676e-09,0
64419,1.0,7.0543293e-12,0
64420,1.0,1.1780932e-10,0
64421,1.0,1.5365157e-12,0
64422,1.0,9.668276e-12,0
64423,1.0,8.6125643e-13,0
64424,1.0,1.1540195e-12,0
64425,1.0,8.133659e-10,0
64426,1.0,2.7623176e-10,0
64427,1.0,2.3955163e-10,0
64428,1.0,4.8923322e-08,0
64429,1.0,6.472309e-11,0
64430,1.0,1.7303749e-11,0
64431,1.0,1.0010678e-13,0
64432,1.0,1.2921363e-10,0
64433,1.0,3.4841364e-08,0
64434,1.0,6.895146e-13,0
64435,1.0,1.230771e-09,0
64436,1.0,4.218884e-09,0
64437,1.0,8.0282186e-10,0
64438,1.0,4.7788846e-11,0
64439,1.0,1.1445896e-11,0
64440,1.0,1.0946067e-11,0
64441,1.0,3.8799037e-11,0
64442,1.0,9.195068e-09,0
64443,1.0,1.4533531e-10,0
64444,1.0,1.012775e-10,0
64445,1.0,4.3411891e-13,0
64446,1.0,4.6984755e-10,0
64447,1.0,2.0284621e-10,0
64448,1.0,6.0580436e-13,0
64449,1.0,8.487226e-13,0
64450,1.0,8.184004e-13,0
64451,1.0,5.4561505e-14,0
64452,1.0,1.2971694e-09,0
64453,1.0,1.1748799e-10,0
64454,1.0,1.8714096e-11,0
64455,1.0,7.2340495e-13,0
64456,1.0,4.1178253e-15,0
64457,1.0,2.2536953e-10,0
64458,1.0,4.7299165e-11,0
64459,1.0,4.66228e-12,0
64460,1.0,1.5945764e-11,0
64461,1.0,1.7187364e-12,0
64462,1.0,9.942523e-09,0
64463,1.0,4.122735e-12,0
64464,1.0,1.1942343e-08,0
64465,1.0,3.9259755e-11,0
64466,1.0,8.312615e-09,0
64467,1.0,6.645938e-13,0
64468,1.0,4.558017e-11,0
64469,1.0,4.1275212e-11,0
64470,0.9999993,6.8512975e-07,0
64471,1.0,1.0438238e-11,0
64472,1.0,5.0244504e-13,0
64473,1.0,2.4874875e-09,0
64474,1.0,3.3275582e-10,0
64475,1.0,5.137175e-11,0
64476,1.0,4.175703e-12,0
64477,1.0,4.8060146e-11,0
64478,1.0,1.7707289e-09,0
64479,1.0,1.643218e-11,0
64480,1.0,9.435281e-10,0
64481,1.0,8.119959e-13,0
64482,1.0,1.2968409e-12,0
64483,1.0,2.8054189e-12,0
64484,1.0,1.4068445e-10,0
64485,1.0,4.105848e-12,0
64486,1.0,9.501917e-11,0
64487,1.0,6.146468e-12,0
64488,1.0,6.687063e-12,0
64489,1.0,1.6700641e-10,0
64490,1.0,3.1114629e-09,0
64491,1.0,5.1648217e-11,0
64492,1.0,2.9679533e-13,0
64493,1.0,1.12515254e-10,0
64494,1.0,9.575515e-10,0
64495,1.0,4.7145736e-09,0
64496,1.0,8.049205e-11,0
64497,1.0,8.228679e-12,0
64498,1.0,1.3702335e-08,0
64499,1.0,1.5912284e-11,0
64500,1.0,4.395691e-12,0
64501,1.0,1.4293527e-11,0
64502,1.0,4.925134e-10,0
64503,1.0,2.1411145e-10,0
64504,1.0,1.1281744e-13,0
64505,1.0,1.3387283e-10,0
64506,1.0,2.6967322e-11,0
64507,1.0,1.0095585e-09,0
64508,1.0,1.0502059e-08,0
64509,1.0,2.0209912e-12,0
64510,1.0,8.424625e-11,0
64511,1.0,4.8803552e-12,0
64512,1.0,4.2690153e-12,0
64513,1.0,6.116255e-10,0
64514,0.9999994,6.293794e-07,0
64515,1.0,2.0660175e-10,0
64516,1.0,6.552222e-12,0
64517,1.0,1.6751621e-10,0
64518,1.0,5.966057e-09,0
64519,1.0,7.030876e-12,0
64520,1.0,8.337775e-11,0
64521,1.0,7.836429e-10,0
64522,1.0,2.7513356e-12,0
64523,1.0,6.326211e-12,0
64524,1.0,8.837401e-12,0
64525,1.0,3.1156522e-11,0
64526,1.0,1.8634586e-12,0
64527,1.0,1.127968e-09,0
64528,1.0,1.0669216e-11,0
64529,1.0,5.1111386e-11,0
64530,1.0,2.486457e-10,0
64531,1.0,8.856734e-13,0
64532,1.0,8.04425e-14,0
64533,1.0,1.5322788e-11,0
64534,1.0,1.02854574e-13,0
64535,1.0,2.2883453e-12,0
64536,1.0,7.592491e-13,0
64537,1.0,2.3835168e-13,0
64538,1.0,1.238923e-12,0
64539,1.0,1.0452189e-10,0
64540,1.0,5.8309802e-12,0
64541,1.0,2.5686805e-10,0
64542,1.0,1.796644e-11,0
64543,1.0,2.4284044e-10,0
64544,1.0,2.2827253e-09,0
64545,1.0,1.4443058e-10,0
64546,1.0,1.407017e-09,0
64547,1.0,3.8916753e-10,0
64548,1.0,1.0054249e-13,0
64549,1.0,1.4235522e-11,0
64550,1.0,3.3645242e-09,0
64551,1.0,1.896413e-13,0
64552,1.0,6.1664326e-11,0
64553,1.0,4.117759e-09,0
64554,1.0,3.794874e-10,0
64555,1.0,1.4396795e-10,0
64556,1.0,7.345633e-12,0
64557,1.0,8.007981e-11,0
64558,1.0,8.494713e-12,0
64559,1.0,6.3467026e-10,0
64560,1.0,1.5827054e-10,0
64561,1.0,4.140466e-12,0
64562,1.0,5.3809828e-11,0
64563,1.0,4.514138e-10,0
64564,1.0,1.2157172e-10,0
64565,1.0,6.572732e-10,0
64566,1.0,1.6572903e-08,0
64567,1.0,9.1140574e-11,0
64568,1.0,3.798556e-12,0
64569,1.0,5.6967778e-11,0
64570,1.0,3.8154718e-10,0
64571,1.0,9.536433e-11,0
64572,1.0,1.1018932e-13,0
64573,1.0,7.487484e-12,0
64574,1.0,1.5574509e-11,0
64575,1.0,5.1822656e-12,0
64576,1.0,1.9955897e-10,0
64577,1.0,7.6551347e-13,0
64578,1.0,1.2731556e-12,0
64579,1.0,1.037085e-10,0
64580,1.0,5.3964533e-14,0
64581,1.0,5.7764904e-10,0
64582,1.0,8.666756e-11,0
64583,1.0,3.339368e-12,0
64584,0.99999785,2.1922908e-06,0
64585,1.0,2.2438613e-09,0
64586,1.0,3.6843757e-13,0
64587,1.0,1.3707686e-13,0
64588,1.0,3.108325e-09,0
64589,1.0,9.483088e-11,0
64590,1.0,1.2478901e-12,0
64591,0.9999999,1.4188788e-07,0
64592,1.0,2.946108e-10,0
64593,1.0,7.810014e-11,0
64594,1.0,4.977359e-13,0
64595,1.0,9.708036e-13,0
64596,1.0,3.0451938e-13,0
64597,1.0,8.035885e-12,0
64598,1.0,2.2337237e-13,0
64599,1.0,2.8197128e-10,0
64600,1.0,2.4371625e-12,0
64601,0.9999995,4.4451664e-07,0
64602,1.0,2.028314e-11,0
64603,1.0,1.993273e-10,0
64604,1.0,3.814127e-13,0
64605,1.0,2.5270606e-12,0
64606,1.0,3.8991643e-10,0
64607,1.0,2.5281637e-09,0
64608,1.0,1.6974469e-11,0
64609,1.0,3.4075683e-13,0
64610,1.0,4.772131e-09,0
64611,1.0,2.1127619e-10,0
64612,1.0,5.91574e-11,0
64613,1.0,8.0075914e-13,0
64614,1.0,7.664441e-13,0
64615,1.0,3.5718813e-11,0
64616,1.0,3.3036782e-14,0
64617,1.0,2.8058271e-11,0
64618,1.0,5.246059e-10,0
64619,1.0,4.3920622e-12,0
64620,1.0,3.639691e-11,0
64621,1.0,5.925946e-12,0
64622,1.0,2.4513024e-12,0
64623,1.0,2.1489368e-14,0
64624,1.0,4.2587784e-11,0
64625,1.0,7.5816236e-13,0
64626,1.0,1.1042859e-12,0
64627,1.0,7.5821305e-09,0
64628,1.0,7.9797963e-13,0
64629,1.0,2.0430406e-08,0
64630,1.0,1.1716306e-10,0
64631,1.0,1.0295164e-11,0
64632,1.0,1.5409247e-11,0
64633,1.0,1.4352084e-13,0
64634,1.0,5.0565274e-11,0
64635,1.0,1.2898105e-12,0
64636,1.0,8.874545e-12,0
64637,1.0,1.4618109e-09,0
64638,1.0,9.5305e-12,0
64639,1.0,5.3449356e-11,0
64640,1.0,1.2636468e-10,0
64641,1.0,1.1021354e-12,0
64642,0.9999995,4.879053e-07,0
64643,1.0,1.2040444e-11,0
64644,1.0,2.7349148e-10,0
64645,1.0,8.799309e-11,0
64646,1.0,2.2511092e-10,0
64647,1.0,1.4962348e-12,0
64648,1.0,1.271012e-10,0
64649,1.0,9.2257935e-09,0
64650,1.0,7.963984e-13,0
64651,1.0,1.3057053e-10,0
64652,1.0,5.921249e-11,0
64653,1.0,2.5113378e-13,0
64654,1.0,1.3641307e-13,0
64655,1.0,4.0336416e-13,0
64656,1.0,1.3459322e-11,0
64657,1.0,1.9587895e-12,0
64658,1.0,1.8670843e-08,0
64659,1.0,8.4213476e-11,0
64660,1.0,6.6558936e-10,0
64661,1.0,7.519499e-12,0
64662,1.0,8.331321e-11,0
64663,1.0,1.7482692e-11,0
64664,1.0,8.168281e-10,0
64665,1.0,8.290668e-13,0
64666,1.0,5.9818605e-13,0
64667,1.0,9.203555e-10,0
64668,1.0,6.490159e-11,0
64669,1.0,6.778624e-12,0
64670,1.0,1.9071782e-10,0
64671,1.0,1.1100489e-12,0
64672,1.0,4.917336e-13,0
64673,1.0,1.7890876e-10,0
64674,1.0,2.1137847e-11,0
64675,0.99999976,2.14701e-07,0
64676,1.0,1.8577319e-11,0
64677,1.0,2.316319e-11,0
64678,1.0,2.1681917e-11,0
64679,1.0,3.6633115e-13,0
64680,1.0,1.1183791e-13,0
64681,1.0,3.571329e-15,0
64682,1.0,3.4931376e-09,0
64683,1.0,2.9983373e-13,0
64684,1.0,4.203023e-12,0
64685,1.0,2.9046057e-11,0
64686,1.0,8.000379e-11,0
64687,1.0,1.938537e-12,0
64688,1.0,1.2133715e-12,0
64689,1.0,2.823068e-12,0
64690,1.0,1.5028639e-13,0
64691,1.0,5.841138e-10,0
64692,1.0,2.8769381e-11,0
64693,1.0,5.149727e-13,0
64694,1.0,6.149443e-13,0
64695,1.0,8.373541e-14,0
64696,1.0,5.3379266e-11,0
64697,1.0,6.5417766e-10,0
64698,1.0,2.9738909e-10,0
64699,1.0,4.476602e-13,0
64700,1.0,1.9404588e-10,0
64701,1.0,5.9686464e-11,0
64702,1.0,1.9201485e-12,0
64703,1.0,6.6798314e-13,0
64704,1.0,2.7046783e-09,0
64705,1.0,1.1853685e-11,0
64706,1.0,6.140468e-12,0
64707,1.0,2.8724639e-11,0
64708,1.0,2.4999074e-12,0
64709,1.0,1.41016435e-11,0
64710,1.0,6.534678e-11,0
64711,1.0,2.4163236e-09,0
64712,1.0,1.2691503e-12,0
64713,1.0,8.190652e-14,0
64714,1.0,1.2234159e-11,0
64715,1.0,2.0744924e-09,0
64716,1.0,1.5537946e-12,0
64717,1.0,3.5584068e-13,0
64718,1.0,2.0524257e-12,0
64719,1.0,2.0878067e-12,0
64720,1.0,1.8470607e-12,0
64721,1.0,1.5092001e-10,0
64722,1.0,5.602622e-10,0
64723,1.0,3.5662036e-11,0
64724,1.0,4.844242e-12,0
64725,1.0,3.1664935e-10,0
64726,1.0,4.430279e-11,0
64727,1.0,2.2350265e-14,0
64728,1.0,6.006126e-11,0
64729,1.0,3.396139e-11,0
64730,1.0,4.260547e-12,0
64731,0.99999964,3.152958e-07,0
64732,1.0,3.2539846e-11,0
64733,1.0,1.142414e-09,0
64734,1.0,2.0115087e-11,0
64735,1.0,1.0553421e-12,0
64736,1.0,2.1789469e-10,0
64737,1.0,5.642452e-10,0
64738,1.0,2.7487262e-10,0
64739,1.0,2.1656964e-10,0
64740,1.0,3.0519814e-08,0
64741,1.0,5.0316166e-12,0
64742,1.0,1.2220862e-08,0
64743,1.0,4.9505864e-12,0
64744,1.0,6.789933e-12,0
64745,1.0,7.7569846e-11,0
64746,1.0,1.0473458e-11,0
64747,1.0,1.9475557e-10,0
64748,1.0,7.1272233e-09,0
64749,1.0,1.7660186e-11,0
64750,1.0,1.0592524e-12,0
64751,1.0,1.9924291e-10,0
64752,1.0,8.4654096e-11,0
64753,1.0,1.2056153e-09,0
64754,1.0,4.8988046e-11,0
64755,1.0,2.6666134e-13,0
64756,1.0,7.8056723e-13,0
64757,1.0,2.7689613e-12,0
64758,1.0,4.731378e-11,0
64759,1.0,7.2664985e-11,0
64760,1.0,3.7577602e-13,0
64761,1.0,2.2236334e-12,0
64762,0.9999999,1.6353513e-07,0
64763,1.0,4.9737157e-09,0
64764,1.0,6.8887344e-12,0
64765,1.0,3.216737e-11,0
64766,1.0,2.5993674e-09,0
64767,1.0,2.9240022e-13,0
64768,1.0,6.229316e-13,0
64769,1.0,3.6246184e-10,0
64770,1.0,4.4714264e-11,0
64771,1.0,1.5105227e-09,0
64772,1.0,5.5760743e-11,0
64773,1.0,1.0059866e-10,0
64774,1.0,1.5376365e-11,0
64775,1.0,1.7938215e-12,0
64776,1.0,2.3023241e-12,0
64777,1.0,2.0354992e-11,0
64778,1.0,2.3022795e-09,0
64779,1.0,1.8998143e-11,0
64780,1.0,1.9815993e-12,0
64781,1.0,6.145158e-11,0
64782,1.0,1.90597e-11,0
64783,1.0,1.415099e-13,0
64784,1.0,1.9713137e-10,0
64785,1.0,2.493758e-09,0
64786,1.0,1.218084e-11,0
64787,1.0,4.3631557e-12,0
64788,1.0,3.8070117e-13,0
64789,1.0,1.7064097e-11,0
64790,1.0,8.5512936e-10,0
64791,1.0,7.7329725e-09,0
64792,1.0,2.452116e-12,0
64793,1.0,2.7256648e-11,0
64794,1.0,1.3235607e-10,0
64795,1.0,2.279988e-13,0
64796,1.0,1.5871363e-11,0
64797,1.0,2.244392e-09,0
64798,1.0,6.904559e-12,0
64799,1.0,7.69376e-14,0
64800,1.0,1.1706427e-11,0
64801,1.0,3.2669385e-11,0
64802,1.0,8.111395e-14,0
64803,1.0,1.1322013e-09,0
64804,1.0,5.1060887e-12,0
64805,1.0,4.776388e-11,0
64806,1.0,2.1799434e-11,0
64807,1.0,2.4563901e-08,0
64808,1.0,5.529155e-12,0
64809,1.0,1.0168785e-10,0
64810,1.0,5.5190605e-12,0
64811,1.0,9.453424e-13,0
64812,1.0,2.2107984e-12,0
64813,1.0,4.6286965e-09,0
64814,1.0,4.857775e-10,0
64815,1.0,1.593766e-13,0
64816,1.0,7.89728e-12,0
64817,1.0,1.5109253e-10,0
64818,1.0,2.9819167e-10,0
64819,1.0,3.890727e-09,0
64820,1.0,7.539207e-11,0
64821,1.0,1.9495152e-13,0
64822,1.0,3.653787e-09,0
64823,1.0,2.486566e-10,0
64824,1.0,1.0244699e-08,0
64825,1.0,4.5144714e-11,0
64826,1.0,4.4435462e-12,0
64827,1.0,3.232151e-10,0
64828,1.0,1.1816618e-11,0
64829,1.0,8.565585e-12,0
64830,1.0,4.387223e-12,0
64831,1.0,4.725036e-12,0
64832,1.0,1.783737e-11,0
64833,1.0,2.8459545e-11,0
64834,1.0,1.7815805e-12,0
64835,1.0,2.572337e-11,0
64836,1.0,3.1999592e-10,0
64837,1.0,4.63731e-14,0
64838,1.0,1.9288435e-09,0
64839,1.0,5.480952e-11,0
64840,1.0,2.5251912e-12,0
64841,1.0,7.3691175e-10,0
64842,1.0,2.1602918e-10,0
64843,1.0,1.08120284e-10,0
64844,1.0,4.419984e-10,0
64845,1.0,7.464936e-13,0
64846,1.0,3.8843612e-11,0
64847,1.0,2.2525102e-09,0
64848,1.0,1.8200131e-09,0
64849,1.0,5.46901e-13,0
64850,1.0,8.452295e-14,0
64851,1.0,3.847317e-11,0
64852,1.0,1.6072585e-10,0
64853,1.0,8.7033686e-14,0
64854,1.0,4.866371e-10,0
64855,1.0,5.4888738e-14,0
64856,1.0,3.066553e-11,0
64857,1.0,7.815826e-11,0
64858,1.0,4.6329623e-13,0
64859,1.0,2.459715e-11,0
64860,1.0,2.9166541e-10,0
64861,1.0,4.3491915e-11,0
64862,1.0,6.183278e-10,0
64863,0.9999974,2.6562195e-06,0
64864,1.0,5.144333e-11,0
64865,1.0,1.0681198e-13,0
64866,1.0,5.5495403e-14,0
64867,1.0,1.0124572e-12,0
64868,1.0,3.993443e-10,0
64869,1.0,2.6237348e-09,0
64870,1.0,1.716565e-11,0
64871,1.0,1.04082035e-10,0
64872,1.0,2.160877e-10,0
64873,0.9999999,6.2400346e-08,0
64874,1.0,5.8427846e-11,0
64875,1.0,1.8893845e-12,0
64876,0.99999857,1.3969573e-06,0
64877,1.0,1.7227921e-13,0
64878,1.0,1.1205212e-12,0
64879,1.0,6.148792e-11,0
64880,1.0,3.8804916e-13,0
64881,1.0,8.7771907e-13,0
64882,1.0,1.5127346e-12,0
64883,1.0,4.6152745e-11,0
64884,1.0,1.5299724e-10,0
64885,1.0,4.2719335e-11,0
64886,1.0,2.2807448e-13,0
64887,1.0,1.733705e-11,0
64888,1.0,1.7899819e-10,0
64889,1.0,1.1933529e-12,0
64890,1.0,1.7912728e-10,0
64891,1.0,2.120861e-10,0
64892,1.0,1.4005741e-10,0
64893,1.0,1.1383493e-12,0
64894,1.0,1.6285238e-09,0
64895,1.0,4.7051876e-12,0
64896,1.0,2.4631625e-10,0
64897,1.0,2.624921e-13,0
64898,1.0,3.9963233e-10,0
64899,1.0,7.8028625e-12,0
64900,1.0,7.257495e-11,0
64901,1.0,1.0749378e-13,0
64902,1.0,1.05397344e-10,0
64903,1.0,8.005993e-12,0
64904,1.0,4.6076687e-10,0
64905,1.0,6.114082e-11,0
64906,1.0,4.101674e-13,0
64907,1.0,5.310649e-11,0
64908,1.0,7.0695566e-10,0
64909,1.0,4.513574e-12,0
64910,1.0,2.338488e-11,0
64911,1.0,9.555445e-10,0
64912,1.0,2.6180872e-12,0
64913,1.0,7.2076747e-13,0
64914,1.0,1.3375619e-10,0
64915,1.0,2.8749443e-09,0
64916,1.0,6.4599665e-10,0
64917,1.0,2.3302042e-13,0
64918,1.0,6.8786735e-13,0
64919,1.0,1.3950401e-09,0
64920,1.0,1.4570502e-10,0
64921,1.0,4.766788e-14,0
64922,1.0,3.0576372e-13,0
64923,1.0,1.4452496e-08,0
64924,1.0,3.9724413e-12,0
64925,1.0,5.8541488e-08,0
64926,1.0,8.935134e-11,0
64927,1.0,2.6536577e-11,0
64928,1.0,3.6419396e-12,0
64929,1.0,2.9422528e-12,0
64930,1.0,1.24990365e-11,0
64931,1.0,3.5716885e-12,0
64932,1.0,6.204554e-14,0
64933,1.0,6.413234e-12,0
64934,1.0,3.6912056e-13,0
64935,1.0,2.3024628e-10,0
64936,1.0,1.9547905e-10,0
64937,1.0,5.7111356e-12,0
64938,1.0,1.0480362e-09,0
64939,1.0,1.0456746e-08,0
64940,1.0,1.9966795e-09,0
64941,1.0,1.5547886e-11,0
64942,1.0,7.500398e-10,0
64943,1.0,4.615358e-13,0
64944,1.0,1.6269683e-09,0
64945,1.0,1.2644762e-10,0
64946,1.0,8.1849605e-12,0
64947,1.0,2.3442872e-09,0
64948,1.0,6.861122e-11,0
64949,1.0,5.411154e-13,0
64950,1.0,1.2401e-09,0
64951,1.0,4.0752636e-12,0
64952,1.0,1.9508758e-10,0
64953,1.0,1.1632791e-12,0
64954,1.0,1.11674156e-10,0
64955,1.0,1.3563953e-11,0
64956,1.0,5.754389e-13,0
64957,1.0,2.7388353e-10,0
64958,0.99999774,2.294768e-06,0
64959,1.0,4.6076353e-13,0
64960,1.0,1.108956e-10,0
64961,1.0,9.228137e-12,0
64962,1.0,9.509486e-13,0
64963,1.0,2.5852842e-10,0
64964,1.0,2.0205942e-12,0
64965,1.0,9.088089e-11,0
64966,1.0,2.5456801e-09,0
64967,1.0,8.594592e-10,0
64968,1.0,2.3559381e-12,0
64969,1.0,3.5620726e-10,0
64970,1.0,1.88062e-11,0
64971,1.0,1.3533298e-12,0
64972,1.0,8.2144146e-11,0
64973,1.0,3.0358685e-13,0
64974,1.0,1.0300137e-10,0
64975,1.0,3.4932137e-11,0
64976,1.0,1.960825e-10,0
64977,1.0,1.1431596e-09,0
64978,0.9999999,1.494017e-07,0
64979,1.0,3.599542e-13,0
64980,1.0,8.82428e-12,0
64981,1.0,1.6971533e-10,0
64982,1.0,9.085273e-09,0
64983,1.0,2.5887566e-11,0
64984,1.0,3.4158456e-13,0
64985,1.0,5.694485e-11,0
64986,1.0,7.2012474e-12,0
64987,1.0,3.8370387e-13,0
64988,1.0,1.2054587e-13,0
64989,1.0,2.3520375e-11,0
64990,1.0,9.221271e-13,0
64991,1.0,2.4451838e-13,0
64992,1.0,5.5984356e-10,0
64993,1.0,3.854767e-10,0
64994,1.0,2.8495806e-09,0
64995,1.0,6.0892177e-13,0
64996,1.0,2.6764226e-09,0
64997,1.0,9.376776e-14,0
64998,1.0,2.6331948e-13,0
64999,1.0,7.706821e-09,0
65000,1.0,2.8389313e-09,0
65001,1.0,3.8372767e-11,0
65002,1.0,4.320507e-12,0
65003,1.0,1.08297156e-10,0
65004,1.0,8.301245e-15,0
65005,1.0,2.3375093e-09,0
65006,1.0,7.7733354e-11,0
65007,1.0,2.8716571e-12,0
65008,1.0,5.4099467e-09,0
65009,1.0,2.4593454e-14,0
65010,1.0,1.3989709e-12,0
65011,1.0,1.9947831e-10,0
65012,1.0,9.279907e-12,0
65013,1.0,1.0910586e-08,0
65014,1.0,1.4389603e-10,0
65015,1.0,1.2062017e-09,0
65016,1.0,1.1792656e-12,0
65017,1.0,4.5275787e-11,0
65018,1.0,5.518479e-13,0
65019,1.0,1.453468e-12,0
65020,1.0,6.3891574e-12,0
65021,1.0,7.0021366e-10,0
65022,1.0,6.0818905e-10,0
65023,1.0,1.9589165e-12,0
65024,1.0,6.2864655e-13,0
65025,1.0,4.8168873e-12,0
65026,1.0,3.912031e-13,0
65027,1.0,1.801546e-09,0
65028,1.0,2.1503658e-12,0
65029,0.99999976,2.3673307e-07,0
65030,1.0,4.749604e-12,0
65031,1.0,2.9030593e-08,0
65032,1.0,3.3155543e-09,0
65033,0.9999976,2.4268454e-06,0
65034,1.0,4.845116e-10,0
65035,1.0,1.846733e-12,0
65036,1.0,2.774851e-12,0
65037,1.0,1.4427845e-12,0
65038,0.9999999,8.7256346e-08,0
65039,1.0,5.5623183e-11,0
65040,1.0,3.7759576e-10,0
65041,1.0,3.1634296e-12,0
65042,1.0,6.6408075e-09,0
65043,1.0,4.5223054e-11,0
65044,1.0,1.4314903e-13,0
65045,1.0,3.3552267e-12,0
65046,1.0,2.7550773e-10,0
65047,1.0,6.3562263e-13,0
65048,1.0,7.4463065e-13,0
65049,1.0,2.732153e-09,0
65050,1.0,2.335788e-10,0
65051,1.0,2.7883165e-12,0
65052,1.0,5.10511e-10,0
65053,1.0,1.7693024e-11,0
65054,1.0,1.1343185e-11,0
65055,1.0,6.727262e-11,0
65056,1.0,4.442034e-10,0
65057,1.0,5.2710122e-14,0
65058,1.0,7.2276884e-10,0
65059,1.0,8.4058815e-10,0
65060,1.0,1.1526029e-12,0
65061,1.0,3.657529e-14,0
65062,1.0,5.692235e-12,0
65063,1.0,2.6386864e-12,0
65064,1.0,6.624086e-12,0
65065,1.0,1.3312752e-10,0
65066,1.0,1.4582998e-12,0
65067,1.0,9.318906e-13,0
65068,1.0,1.0824084e-09,0
65069,1.0,7.2555926e-09,0
65070,1.0,2.4016192e-10,0
65071,1.0,2.9954105e-13,0
65072,1.0,4.8298774e-12,0
65073,1.0,4.0006647e-09,0
65074,1.0,1.01500995e-11,0
65075,1.0,5.16714e-10,0
65076,1.0,5.5539193e-12,0
65077,1.0,4.1086326e-14,0
65078,1.0,3.9201916e-11,0
65079,1.0,2.577281e-12,0
65080,1.0,3.3190293e-08,0
65081,1.0,2.055021e-10,0
65082,1.0,3.380377e-11,0
65083,1.0,1.3275989e-13,0
65084,1.0,2.9671905e-12,0
65085,1.0,1.2183708e-13,0
65086,1.0,4.0548277e-11,0
65087,1.0,1.864889e-11,0
65088,1.0,3.0799656e-14,0
65089,1.0,3.4525563e-11,0
65090,0.9207431,0.07925687,0
65091,1.0,3.8075e-12,0
65092,1.0,8.203242e-13,0
65093,1.0,1.0441359e-12,0
65094,1.0,1.4046238e-11,0
65095,1.0,1.1349071e-11,0
65096,1.0,2.9846361e-10,0
65097,1.0,7.45723e-11,0
65098,1.0,4.067855e-12,0
65099,1.0,1.4858851e-09,0
65100,1.0,2.413638e-09,0
65101,1.0,1.2045521e-11,0
65102,1.0,9.507192e-11,0
65103,1.0,1.2552247e-10,0
65104,1.0,6.8413936e-10,0
65105,1.0,1.3028115e-11,0
65106,1.0,4.871479e-10,0
65107,1.0,2.6149208e-10,0
65108,1.0,8.043891e-12,0
65109,1.0,2.2074297e-10,0
65110,1.0,2.1662571e-11,0
65111,1.0,9.0456234e-13,0
65112,1.0,5.96629e-11,0
65113,1.0,2.0526135e-12,0
65114,1.0,4.0964496e-10,0
65115,1.0,4.4104613e-13,0
65116,1.0,3.5779124e-09,0
65117,1.0,6.039316e-14,0
65118,1.0,2.091665e-12,0
65119,1.0,2.2733117e-11,0
65120,0.9999999,7.839964e-08,0
65121,1.0,1.3271669e-08,0
65122,1.0,3.3396992e-12,0
65123,1.0,1.4175843e-13,0
65124,1.0,1.5027416e-08,0
65125,1.0,4.106535e-13,0
65126,1.0,8.169601e-11,0
65127,1.0,1.3491726e-12,0
65128,1.0,1.8942892e-11,0
65129,1.0,4.42391e-12,0
65130,0.99999976,2.2864351e-07,0
65131,1.0,3.860613e-12,0
65132,1.0,8.538279e-12,0
65133,1.0,3.004888e-12,0
65134,1.0,4.4750885e-14,0
65135,1.0,3.0510715e-13,0
65136,1.0,8.792435e-10,0
65137,1.0,1.1285258e-12,0
65138,1.0,1.8815895e-14,0
65139,1.0,1.2203123e-10,0
65140,1.0,2.7620618e-12,0
65141,1.0,2.4448618e-13,0
65142,1.0,3.430471e-13,0
65143,1.0,1.6668528e-14,0
65144,1.0,1.0190342e-09,0
65145,1.0,1.0534316e-12,0
65146,1.0,1.20501395e-11,0
65147,1.0,2.0702956e-08,0
65148,1.0,9.50503e-12,0
65149,1.0,1.2899907e-11,0
65150,1.0,3.331192e-13,0
65151,1.0,1.5251817e-11,0
65152,1.0,2.713378e-10,0
65153,1.0,5.851645e-13,0
65154,1.0,2.0372504e-08,0
65155,1.0,8.526106e-12,0
65156,1.0,4.763264e-13,0
65157,1.0,1.395022e-12,0
65158,0.9999999,6.086376e-08,0
65159,1.0,2.633299e-10,0
65160,1.0,4.8182014e-12,0
65161,1.0,1.8238175e-10,0
65162,1.0,3.3387984e-10,0
65163,1.0,1.0224154e-10,0
65164,1.0,6.3608835e-13,0
65165,1.0,4.740741e-13,0
65166,1.0,2.135524e-09,0
65167,1.0,1.8483798e-11,0
65168,1.0,1.6001528e-10,0
65169,1.0,3.6869733e-11,0
65170,1.0,1.297472e-08,0
65171,1.0,8.709866e-13,0
65172,1.0,2.2441138e-09,0
65173,1.0,4.3929382e-10,0
65174,1.0,9.886981e-13,0
65175,1.0,7.4279645e-13,0
65176,1.0,2.2312265e-11,0
65177,1.0,6.26196e-12,0
65178,1.0,5.1536532e-11,0
65179,1.0,6.9004646e-12,0
65180,1.0,1.5151428e-12,0
65181,1.0,3.0541198e-11,0
65182,1.0,8.214915e-11,0
65183,1.0,2.8232724e-12,0
65184,1.0,1.5594804e-12,0
65185,1.0,7.0821517e-13,0
65186,1.0,3.02226e-11,0
65187,1.0,1.0314007e-12,0
65188,1.0,1.169727e-12,0
65189,1.0,1.0472669e-09,0
65190,1.0,8.739738e-09,0
65191,1.0,1.0974713e-10,0
65192,1.0,9.581297e-12,0
65193,1.0,1.115491e-08,0
65194,1.0,2.255182e-11,0
65195,1.0,6.0984265e-12,0
65196,1.0,8.647279e-13,0
65197,1.0,1.7463496e-11,0
65198,1.0,2.8393995e-11,0
65199,1.0,4.7319378e-11,0
65200,1.0,8.794405e-12,0
65201,1.0,1.8627658e-12,0
65202,1.0,1.2237036e-10,0
65203,1.0,7.3457344e-11,0
65204,1.0,5.94378e-14,0
65205,1.0,4.017851e-11,0
65206,1.0,1.105814e-12,0
65207,1.0,1.2856441e-13,0
65208,1.0,5.298735e-13,0
65209,1.0,1.941878e-09,0
65210,1.0,4.4791518e-11,0
65211,1.0,1.4448402e-10,0
65212,1.0,2.2238052e-10,0
65213,1.0,4.6316374e-13,0
65214,1.0,7.888725e-13,0
65215,1.0,9.6149685e-11,0
65216,1.0,3.1571967e-12,0
65217,1.0,4.0416355e-13,0
65218,1.0,1.6382977e-12,0
65219,1.0,7.630637e-11,0
65220,1.0,1.3048407e-11,0
65221,1.0,2.0910001e-11,0
65222,1.0,3.7718453e-11,0
65223,1.0,9.022999e-13,0
65224,1.0,5.235338e-12,0
65225,1.0,6.940033e-13,0
65226,1.0,4.9976147e-12,0
65227,1.0,2.2768864e-12,0
65228,1.0,2.574003e-13,0
65229,1.0,1.3553861e-12,0
65230,1.0,7.1645988e-12,0
65231,1.0,2.946187e-10,0
65232,1.0,8.9423315e-14,0
65233,1.0,1.6412024e-09,0
65234,1.0,2.6863337e-13,0
65235,1.0,2.2484366e-13,0
65236,1.0,2.0275946e-11,0
65237,1.0,1.0383842e-12,0
65238,1.0,5.88135e-10,0
65239,1.0,1.0564494e-09,0
65240,1.0,2.8619626e-12,0
65241,1.0,6.9112224e-13,0
65242,1.0,4.5167863e-12,0
65243,1.0,6.3129477e-13,0
65244,1.0,3.4491578e-12,0
65245,1.0,1.3932743e-13,0
65246,1.0,8.621313e-12,0
65247,1.0,1.4081869e-10,0
65248,1.0,2.3852111e-11,0
65249,1.0,2.2743558e-12,0
65250,1.0,3.4814523e-12,0
65251,1.0,5.6621262e-14,0
65252,1.0,1.3357223e-12,0
65253,1.0,1.4021832e-10,0
65254,1.0,8.351769e-10,0
65255,1.0,3.164401e-12,0
65256,1.0,3.5925683e-12,0
65257,1.0,5.397941e-12,0
65258,1.0,2.8119519e-14,0
65259,1.0,1.9027226e-11,0
65260,1.0,5.0517433e-12,0
65261,1.0,1.5840116e-12,0
65262,1.0,1.745871e-10,0
65263,1.0,2.9695953e-13,0
65264,1.0,5.9742922e-12,0
65265,1.0,4.9519958e-11,0
65266,1.0,8.92003e-11,0
65267,1.0,1.1348439e-08,0
65268,1.0,4.8824548e-14,0
65269,1.0,3.6996193e-14,0
65270,1.0,3.3241352e-12,0
65271,1.0,6.153013e-12,0
65272,1.0,1.2626957e-09,0
65273,1.0,3.5455602e-10,0
65274,1.0,1.0317396e-11,0
65275,1.0,3.2117133e-09,0
65276,1.0,2.3781868e-12,0
65277,1.0,3.8894742e-12,0
65278,1.0,8.070081e-11,0
65279,1.0,2.4501911e-11,0
65280,0.99999785,2.1706421e-06,0
65281,1.0,1.8389958e-13,0
65282,1.0,2.0587273e-11,0
65283,1.0,3.5441947e-10,0
65284,1.0,6.0451423e-12,0
65285,1.0,1.2516363e-10,0
65286,1.0,1.9166302e-14,0
65287,1.0,1.1523699e-08,0
65288,1.0,1.5117756e-14,0
65289,1.0,9.308359e-12,0
65290,1.0,1.2535015e-11,0
65291,1.0,3.5638424e-12,0
65292,0.99999785,2.1741225e-06,0
65293,1.0,6.7219e-11,0
65294,1.0,1.0091916e-11,0
65295,1.0,3.704105e-13,0
65296,1.0,5.8263804e-11,0
65297,1.0,1.7557346e-11,0
65298,1.0,1.4494254e-13,0
65299,1.0,4.2663986e-10,0
65300,1.0,7.1507766e-10,0
65301,0.99999666,3.334209e-06,0
65302,0.99999976,2.730884e-07,0
65303,1.0,1.31393394e-11,0
65304,1.0,1.3835108e-09,0
65305,1.0,9.251127e-10,0
65306,1.0,2.0827e-12,0
65307,1.0,5.5383237e-13,0
65308,1.0,2.6638124e-13,0
65309,1.0,3.3410373e-12,0
65310,1.0,1.4985219e-09,0
65311,1.0,4.5487853e-11,0
65312,1.0,1.16349555e-10,0
65313,1.0,1.0173668e-11,0
65314,1.0,2.056724e-09,0
65315,1.0,1.5213409e-11,0
65316,1.0,1.0270294e-11,0
65317,1.0,1.2486877e-12,0
65318,1.0,1.2752136e-09,0
65319,1.0,7.6064033e-10,0
65320,1.0,3.6431084e-11,0
65321,1.0,1.1340687e-09,0
65322,1.0,1.4791465e-13,0
65323,1.0,2.0850034e-10,0
65324,1.0,1.9261615e-11,0
65325,1.0,3.368667e-12,0
65326,1.0,6.898004e-12,0
65327,1.0,1.6718119e-12,0
65328,1.0,4.1388555e-12,0
65329,1.0,1.6329116e-10,0
65330,1.0,2.4973731e-11,0
65331,1.0,7.801602e-11,0
65332,1.0,3.036797e-08,0
65333,1.0,7.020113e-09,0
65334,1.0,2.378441e-12,0
65335,1.0,4.282082e-11,0
65336,1.0,3.7657124e-08,0
65337,1.0,6.2519025e-11,0
65338,1.0,9.378999e-13,0
65339,1.0,3.7532386e-10,0
65340,1.0,4.8554466e-11,0
65341,1.0,4.5755915e-09,0
65342,1.0,7.526038e-13,0
65343,1.0,2.4583243e-13,0
65344,1.0,4.021585e-11,0
65345,1.0,4.8695646e-14,0
65346,1.0,4.8757777e-12,0
65347,1.0,5.042161e-10,0
65348,1.0,5.0715204e-10,0
65349,1.0,4.8277197e-13,0
65350,1.0,1.5567997e-12,0
65351,1.0,2.8547107e-09,0
65352,0.9999999,7.025447e-08,0
65353,1.0,2.544134e-11,0
65354,1.0,6.4039146e-10,0
65355,1.0,7.5520484e-10,0
65356,1.0,1.7277893e-11,0
65357,1.0,2.832638e-11,0
65358,1.0,5.823781e-11,0
65359,1.0,2.8146835e-10,0
65360,1.0,9.866e-12,0
65361,1.0,4.2470064e-12,0
65362,1.0,6.937329e-14,0
65363,1.0,3.457771e-10,0
65364,1.0,8.11994e-14,0
65365,1.0,1.4127643e-12,0
65366,1.0,6.12861e-10,0
65367,1.0,1.3729916e-11,0
65368,1.0,3.3585856e-10,0
65369,1.0,2.1658088e-13,0
65370,1.0,4.9380955e-10,0
65371,1.0,6.475862e-12,0
65372,1.0,1.7952729e-12,0
65373,1.0,7.629008e-11,0
65374,1.0,1.158665e-11,0
65375,1.0,1.0481607e-08,0
65376,1.0,2.3400653e-13,0
65377,1.0,3.4821777e-11,0
65378,1.0,1.4972396e-12,0
65379,1.0,3.2837968e-09,0
65380,1.0,4.761984e-09,0
65381,1.0,2.8746439e-12,0
65382,1.0,2.3714017e-12,0
65383,1.0,2.793123e-12,0
65384,1.0,5.8508642e-09,0
65385,1.0,5.058498e-10,0
65386,1.0,5.50009e-09,0
65387,1.0,5.9886075e-13,0
65388,1.0,5.3454485e-10,0
65389,1.0,2.2695327e-12,0
65390,1.0,3.7840336e-13,0
65391,1.0,3.6863652e-09,0
65392,0.9999994,5.6293476e-07,0
65393,1.0,1.8508643e-10,0
65394,1.0,2.874389e-10,0
65395,1.0,1.7598718e-11,0
65396,1.0,4.213068e-10,0
65397,1.0,1.39037e-09,0
65398,1.0,1.7888556e-10,0
65399,1.0,5.3694506e-14,0
65400,1.0,2.4951164e-11,0
65401,1.0,4.8494958e-11,0
65402,1.0,3.2072367e-10,0
65403,1.0,1.8373207e-12,0
65404,1.0,1.5106595e-11,0
65405,1.0,1.681987e-11,0
65406,1.0,2.1128403e-12,0
65407,1.0,3.7789634e-13,0
65408,1.0,7.503095e-12,0
65409,1.0,1.7452898e-12,0
65410,1.0,3.3443925e-11,0
65411,1.0,2.1409448e-12,0
65412,1.0,1.6903755e-10,0
65413,1.0,2.6508927e-13,0
65414,1.0,6.617434e-11,0
65415,1.0,9.736424e-10,0
65416,1.0,1.2683597e-11,0
65417,0.99999905,1.0096333e-06,0
65418,1.0,4.63224e-12,0
65419,1.0,2.0133847e-12,0
65420,1.0,5.4234547e-11,0
65421,1.0,3.8543554e-10,0
65422,1.0,5.317159e-10,0
65423,1.0,2.9710472e-12,0
65424,1.0,3.369297e-12,0
65425,1.0,3.6375257e-11,0
65426,1.0,1.9107144e-13,0
65427,1.0,3.6127015e-12,0
65428,1.0,3.0661818e-09,0
65429,1.0,1.5439469e-10,0
65430,1.0,3.5901091e-12,0
65431,1.0,6.9411145e-14,0
65432,1.0,6.1776135e-12,0
65433,1.0,2.7753472e-13,0
65434,1.0,1.3772758e-13,0
65435,1.0,2.649701e-12,0
65436,1.0,1.3490742e-09,0
65437,1.0,4.3468795e-10,0
65438,1.0,9.381875e-10,0
65439,1.0,1.810117e-11,0
65440,1.0,8.037687e-14,0
65441,1.0,4.826074e-12,0
65442,1.0,1.6506834e-09,0
65443,1.0,4.1775093e-13,0
65444,1.0,6.4950385e-11,0
65445,1.0,7.010611e-13,0
65446,1.0,6.553747e-12,0
65447,1.0,1.5683935e-12,0
65448,1.0,1.8977836e-10,0
65449,1.0,2.56781e-09,0
65450,1.0,8.7760665e-10,0
65451,1.0,2.2948666e-12,0
65452,1.0,1.1989604e-13,0
65453,1.0,2.1055226e-12,0
65454,1.0,2.067063e-09,0
65455,1.0,6.2302585e-12,0
65456,1.0,1.7493858e-12,0
65457,1.0,4.233518e-11,0
65458,1.0,2.3641112e-13,0
65459,1.0,3.95844e-09,0
65460,1.0,2.5092622e-11,0
65461,1.0,1.3604009e-11,0
65462,1.0,5.099295e-12,0
65463,0.9999999,1.0556709e-07,0
65464,1.0,3.133549e-11,0
65465,1.0,8.817404e-11,0
65466,1.0,3.2260487e-13,0
65467,1.0,8.4680575e-11,0
65468,1.0,3.1300204e-10,0
65469,1.0,3.0489149e-12,0
65470,1.0,2.2757584e-11,0
65471,1.0,1.7273237e-12,0
65472,1.0,2.3238751e-13,0
65473,1.0,1.4437204e-12,0
65474,1.0,3.8517464e-10,0
65475,1.0,6.387412e-13,0
65476,1.0,9.000155e-13,0
65477,1.0,1.3609452e-12,0
65478,1.0,3.7930506e-10,0
65479,1.0,3.480032e-08,0
65480,1.0,1.1532378e-09,0
65481,1.0,1.4743259e-11,0
65482,1.0,5.688889e-13,0
65483,1.0,1.5492538e-10,0
65484,1.0,8.81813e-14,0
65485,1.0,1.8139984e-11,0
65486,1.0,8.748465e-12,0
65487,1.0,6.2815786e-12,0
65488,1.0,2.9302165e-09,0
65489,1.0,1.0534141e-11,0
65490,1.0,7.71627e-15,0
65491,1.0,6.850968e-13,0
65492,1.0,1.5779413e-12,0
65493,1.0,1.7868656e-12,0
65494,1.0,4.2411192e-13,0
65495,1.0,4.0995936e-09,0
65496,1.0,4.0927513e-12,0
65497,1.0,6.5147443e-10,0
65498,1.0,1.9608613e-11,0
65499,1.0,3.912253e-10,0
65500,1.0,5.7616516e-12,0
65501,1.0,5.980107e-12,0
65502,1.0,1.4310487e-12,0
65503,1.0,4.4650024e-14,0
65504,1.0,1.13866685e-11,0
65505,1.0,8.816957e-13,0
65506,1.0,1.5101006e-11,0
65507,1.0,1.8786266e-11,0
65508,1.0,7.2270987e-13,0
65509,1.0,5.870683e-13,0
65510,1.0,1.3715636e-13,0
65511,1.0,9.515701e-11,0
65512,1.0,4.7953356e-12,0
65513,1.0,9.784705e-12,0
65514,1.0,2.040401e-11,0
65515,1.0,4.4556023e-10,0
65516,1.0,1.293532e-10,0
65517,1.0,2.4777888e-10,0
65518,1.0,1.6720712e-11,0
65519,1.0,2.1817797e-13,0
65520,1.0,7.345114e-12,0
65521,1.0,2.9280523e-14,0
65522,1.0,1.1752833e-10,0
65523,1.0,5.076289e-11,0
65524,1.0,3.837465e-12,0
65525,1.0,1.3053685e-11,0
65526,1.0,1.0511006e-10,0
65527,1.0,8.5657237e-10,0
65528,1.0,1.9210149e-10,0
65529,1.0,1.3619632e-12,0
65530,1.0,1.7900355e-11,0
65531,1.0,4.0893144e-10,0
65532,1.0,1.5409166e-14,0
65533,1.0,3.5777431e-12,0
65534,1.0,3.4877795e-12,0
65535,1.0,1.0785834e-09,0
65536,1.0,5.1835506e-12,0
65537,1.0,3.2982952e-10,0
65538,1.0,1.6177354e-12,0
65539,1.0,8.7277525e-11,0
65540,1.0,5.041353e-10,0
65541,1.0,2.1884057e-10,0
65542,1.0,1.1003302e-10,0
65543,1.0,8.737525e-12,0
65544,1.0,8.7172665e-12,0
65545,1.0,1.1180646e-11,0
65546,1.0,6.902407e-10,0
65547,1.0,1.98668e-10,0
65548,1.0,2.2302575e-10,0
65549,1.0,1.6742147e-12,0
65550,1.0,4.5987374e-11,0
65551,1.0,6.0787334e-11,0
65552,1.0,1.2592084e-09,0
65553,1.0,3.5145796e-11,0
65554,1.0,1.9866941e-11,0
65555,1.0,1.4013597e-10,0
65556,1.0,7.001619e-13,0
65557,1.0,4.1484936e-14,0
65558,1.0,2.5394123e-11,0
65559,1.0,2.6327982e-13,0
65560,1.0,2.9561855e-09,0
65561,1.0,1.0799039e-11,0
65562,1.0,3.5104995e-11,0
65563,1.0,1.3297703e-10,0
65564,1.0,1.0793484e-10,0
65565,1.0,3.501043e-12,0
65566,1.0,1.4663103e-12,0
65567,1.0,1.4920561e-13,0
65568,1.0,2.0094545e-10,0
65569,1.0,5.704669e-12,0
65570,1.0,4.4733142e-10,0
65571,1.0,2.7143069e-12,0
65572,1.0,1.6717832e-12,0
65573,1.0,4.771965e-10,0
65574,1.0,6.4025647e-12,0
65575,1.0,4.5082735e-12,0
65576,1.0,1.2060591e-09,0
65577,1.0,2.3946184e-12,0
65578,1.0,4.8162806e-12,0
65579,1.0,5.877016e-12,0
65580,1.0,4.758928e-11,0
65581,1.0,2.4009777e-10,0
65582,1.0,8.320517e-12,0
65583,1.0,3.6236604e-12,0
65584,1.0,2.6090656e-11,0
65585,1.0,2.354167e-13,0
65586,1.0,4.7168146e-12,0
65587,1.0,5.387242e-13,0
65588,1.0,1.9399841e-11,0
65589,1.0,8.5775276e-10,0
65590,1.0,1.8317747e-12,0
65591,1.0,2.6116422e-09,0
65592,1.0,1.2836943e-12,0
65593,1.0,9.6189254e-12,0
65594,1.0,1.9746119e-12,0
65595,1.0,1.623528e-12,0
65596,1.0,6.290094e-11,0
65597,0.9999999,1.3494473e-07,0
65598,1.0,2.0601992e-12,0
65599,1.0,3.2606307e-12,0
65600,1.0,1.8783829e-11,0
65601,1.0,7.2363787e-10,0
65602,1.0,1.3606487e-13,0
65603,1.0,4.3002945e-14,0
65604,1.0,4.773988e-13,0
65605,1.0,1.8910727e-11,0
65606,1.0,1.448207e-09,0
65607,1.0,3.748162e-09,0
65608,1.0,1.049538e-10,0
65609,1.0,5.5752786e-14,0
65610,1.0,9.15281e-09,0
65611,1.0,1.4211221e-10,0
65612,1.0,6.113496e-12,0
65613,1.0,2.7593327e-13,0
65614,1.0,1.3982187e-12,0
65615,0.9999999,1.1604586e-07,0
65616,1.0,1.1567412e-08,0
65617,1.0,1.6403355e-09,0
65618,1.0,1.1533454e-13,0
65619,1.0,1.2887979e-11,0
65620,1.0,1.1392953e-10,0
65621,1.0,2.7057767e-13,0
65622,1.0,5.996695e-11,0
65623,1.0,2.4312056e-12,0
65624,1.0,9.8650975e-12,0
65625,1.0,2.0927307e-12,0
65626,1.0,4.9993565e-13,0
65627,1.0,5.3098433e-13,0
65628,1.0,1.3712014e-11,0
65629,1.0,8.156243e-11,0
65630,1.0,9.962045e-15,0
65631,1.0,1.8960486e-12,0
65632,1.0,8.925915e-12,0
65633,1.0,2.8341673e-11,0
65634,1.0,8.58606e-13,0
65635,1.0,4.719195e-14,0
65636,1.0,1.2206743e-12,0
65637,1.0,1.0273641e-08,0
65638,1.0,3.0267958e-10,0
65639,1.0,4.7078473e-11,0
65640,1.0,2.4205477e-10,0
65641,1.0,7.074045e-11,0
65642,1.0,2.3633458e-12,0
65643,1.0,5.571617e-12,0
65644,1.0,9.327976e-13,0
65645,1.0,1.6880144e-13,0
65646,1.0,1.7393315e-08,0
65647,1.0,8.459949e-12,0
65648,1.0,1.114528e-11,0
65649,1.0,2.615655e-13,0
65650,1.0,3.1127385e-13,0
65651,1.0,2.2507504e-12,0
65652,1.0,3.774769e-10,0
65653,1.0,5.086259e-12,0
65654,1.0,6.9061995e-10,0
65655,1.0,2.63943e-13,0
65656,1.0,1.2419417e-09,0
65657,1.0,6.885786e-10,0
65658,1.0,5.5440263e-11,0
65659,1.0,1.04860795e-13,0
65660,1.0,6.2812764e-09,0
65661,1.0,3.8768945e-14,0
65662,1.0,4.8473222e-11,0
65663,1.0,8.2630246e-13,0
65664,1.0,5.4017316e-12,0
65665,1.0,2.382869e-15,0
65666,1.0,1.6249237e-10,0
65667,1.0,2.0948333e-10,0
65668,1.0,9.159772e-14,0
65669,1.0,7.2203233e-12,0
65670,1.0,2.4675813e-11,0
65671,1.0,4.175777e-11,0
65672,1.0,5.6507576e-13,0
65673,1.0,2.1513064e-11,0
65674,1.0,4.2884858e-13,0
65675,1.0,4.4856664e-11,0
65676,1.0,3.8931636e-12,0
65677,1.0,7.650183e-14,0
65678,1.0,5.606679e-12,0
65679,1.0,3.516665e-11,0
65680,1.0,1.3298001e-11,0
65681,1.0,2.3855523e-11,0
65682,1.0,3.0773324e-12,0
65683,1.0,1.4892621e-12,0
65684,1.0,3.9735798e-11,0
65685,1.0,1.1477019e-12,0
65686,1.0,4.343349e-10,0
65687,1.0,6.0871304e-12,0
65688,1.0,3.104346e-11,0
65689,1.0,3.0393899e-10,0
65690,1.0,2.63728e-10,0
65691,1.0,7.1255095e-13,0
65692,1.0,9.9994e-14,0
65693,1.0,1.3102326e-11,0
65694,1.0,1.4044953e-11,0
65695,1.0,4.5524184e-09,0
65696,1.0,2.15339e-09,0
65697,1.0,1.2425743e-09,0
65698,1.0,1.7927758e-11,0
65699,1.0,1.1330643e-11,0
65700,1.0,5.920651e-11,0
65701,1.0,3.4342288e-13,0
65702,1.0,1.8486461e-09,0
65703,1.0,1.94253e-09,0
65704,1.0,4.661542e-12,0
65705,1.0,1.6179707e-11,0
65706,1.0,2.3594557e-11,0
65707,1.0,1.4076974e-11,0
65708,1.0,4.7562014e-13,0
65709,1.0,1.4775055e-13,0
65710,0.9999999,6.932746e-08,0
65711,1.0,7.7225024e-14,0
65712,1.0,2.5094401e-14,0
65713,1.0,7.389321e-12,0
65714,1.0,3.0709854e-10,0
65715,1.0,4.257438e-11,0
65716,1.0,5.541281e-10,0
65717,1.0,1.0675685e-08,0
65718,1.0,2.0811882e-11,0
65719,1.0,1.0489846e-12,0
65720,1.0,5.808469e-12,0
65721,1.0,1.6213619e-12,0
65722,1.0,2.5265802e-11,0
65723,1.0,1.936027e-13,0
65724,1.0,1.871697e-09,0
65725,1.0,2.8308866e-12,0
65726,1.0,5.553623e-12,0
65727,1.0,1.5364652e-13,0
65728,1.0,1.7791176e-13,0
65729,1.0,5.394956e-12,0
65730,1.0,1.0235134e-11,0
65731,1.0,7.10902e-12,0
65732,1.0,2.4091016e-14,0
65733,1.0,6.982258e-12,0
65734,1.0,3.4493707e-11,0
65735,1.0,2.2514051e-14,0
65736,1.0,1.4268026e-12,0
65737,1.0,6.6137464e-12,0
65738,1.0,1.3208666e-11,0
65739,1.0,1.0286527e-11,0
65740,1.0,1.2758387e-13,0
65741,1.0,2.2609993e-12,0
65742,1.0,2.6927056e-09,0
65743,1.0,2.3631399e-11,0
65744,1.0,1.022905e-10,0
65745,1.0,6.603275e-11,0
65746,1.0,1.4908011e-10,0
65747,1.0,2.4494587e-10,0
65748,1.0,1.3619371e-12,0
65749,1.0,1.20203665e-11,0
65750,1.0,3.674538e-12,0
65751,1.0,7.917581e-12,0
65752,1.0,2.0032443e-13,0
65753,1.0,7.1043868e-15,0
65754,1.0,1.6181119e-12,0
65755,1.0,3.4310374e-11,0
65756,1.0,2.039969e-11,0
65757,0.9999999,9.325827e-08,0
65758,1.0,3.0720929e-10,0
65759,1.0,4.617443e-10,0
65760,1.0,1.1894853e-12,0
65761,1.0,1.0379102e-10,0
65762,1.0,4.5089123e-11,0
65763,1.0,1.2752761e-10,0
65764,1.0,2.4677896e-10,0
65765,1.0,9.295088e-12,0
65766,1.0,1.3746685e-11,0
65767,1.0,3.8954145e-08,0
65768,1.0,3.0328358e-13,0
65769,1.0,4.7708313e-12,0
65770,1.0,1.1276645e-13,0
65771,1.0,1.7870667e-12,0
65772,1.0,5.068977e-14,0
65773,1.0,2.9863644e-12,0
65774,1.0,1.6801986e-10,0
65775,1.0,2.9330571e-09,0
65776,1.0,6.026745e-12,0
65777,1.0,3.6860784e-12,0
65778,1.0,5.0727924e-12,0
65779,1.0,2.7066585e-10,0
65780,1.0,1.1438105e-11,0
65781,1.0,2.778663e-13,0
65782,1.0,1.9685105e-14,0
65783,1.0,8.243333e-09,0
65784,1.0,1.5736622e-11,0
65785,1.0,3.2648016e-11,0
65786,1.0,7.3980544e-11,0
65787,1.0,9.2024804e-11,0
65788,1.0,1.1514953e-12,0
65789,1.0,3.1384222e-12,0
65790,1.0,9.65859e-10,0
65791,1.0,2.438297e-12,0
65792,1.0,2.6951512e-09,0
65793,0.9999999,1.4225778e-07,0
65794,1.0,1.1039195e-12,0
65795,1.0,2.022496e-11,0
65796,1.0,1.2703183e-11,0
65797,0.99999976,2.7467854e-07,0
65798,1.0,1.0918167e-11,0
65799,1.0,7.2833926e-13,0
65800,1.0,1.8050635e-14,0
65801,1.0,2.3781674e-13,0
65802,1.0,6.8303856e-11,0
65803,1.0,3.7426477e-12,0
65804,1.0,1.1954923e-08,0
65805,1.0,5.267641e-12,0
65806,1.0,5.434659e-11,0
65807,1.0,3.0472521e-12,0
65808,1.0,2.4254533e-12,0
65809,1.0,1.0117029e-11,0
65810,1.0,6.356854e-14,0
65811,1.0,1.4118422e-13,0
65812,1.0,2.8382826e-12,0
65813,1.0,1.1491572e-11,0
65814,1.0,7.800562e-14,0
65815,0.9999989,1.1079021e-06,0
65816,1.0,1.8264674e-13,0
65817,1.0,3.7481845e-12,0
65818,1.0,1.621511e-11,0
65819,1.0,4.5116523e-13,0
65820,1.0,5.981518e-13,0
65821,1.0,2.6628373e-09,0
65822,1.0,4.1885755e-13,0
65823,1.0,9.631244e-12,0
65824,1.0,5.46149e-11,0
65825,1.0,1.9651427e-13,0
65826,1.0,2.0424074e-10,0
65827,1.0,2.3645648e-11,0
65828,1.0,2.3440154e-12,0
65829,1.0,3.922673e-12,0
65830,1.0,2.0013203e-12,0
65831,1.0,2.4420369e-10,0
65832,1.0,5.493354e-11,0
65833,1.0,3.9525718e-12,0
65834,1.0,1.4609467e-13,0
65835,1.0,9.339298e-13,0
65836,1.0,7.853303e-11,0
65837,1.0,6.9893336e-12,0
65838,1.0,4.647664e-09,0
65839,1.0,3.275341e-12,0
65840,1.0,3.637741e-11,0
65841,1.0,3.168085e-12,0
65842,1.0,5.316238e-13,0
65843,1.0,6.41051e-11,0
65844,1.0,8.5841273e-13,0
65845,1.0,2.3948032e-14,0
65846,1.0,8.8140823e-13,0
65847,1.0,7.5403456e-14,0
65848,1.0,8.123201e-12,0
65849,1.0,7.250162e-11,0
65850,1.0,4.869848e-12,0
65851,1.0,2.1519528e-09,0
65852,1.0,5.4766127e-12,0
65853,1.0,1.6971589e-11,0
65854,1.0,2.9695162e-13,0
65855,1.0,6.8707274e-13,0
65856,1.0,1.0505984e-12,0
65857,1.0,5.6945014e-13,0
65858,1.0,1.334481e-10,0
65859,1.0,2.1421112e-10,0
65860,1.0,1.3098835e-10,0
65861,1.0,1.5728811e-12,0
65862,1.0,1.0743686e-12,0
65863,1.0,4.4119252e-13,0
65864,1.0,9.211883e-13,0
65865,1.0,2.180142e-12,0
65866,1.0,1.1984671e-12,0
65867,1.0,1.6810321e-10,0
65868,1.0,3.6513064e-13,0
65869,1.0,7.1162343e-09,0
65870,1.0,3.92521e-12,0
65871,1.0,2.5712134e-15,0
65872,1.0,9.1914996e-11,0
65873,1.0,3.1333384e-12,0
65874,1.0,4.95192e-11,0
65875,1.0,6.0705705e-13,0
65876,1.0,2.7608008e-10,0
65877,1.0,9.209645e-11,0
65878,1.0,2.5018118e-11,0
65879,1.0,8.70997e-12,0
65880,1.0,1.6313962e-13,0
65881,1.0,1.857986e-12,0
65882,1.0,6.869178e-14,0
65883,1.0,2.5338466e-12,0
65884,1.0,1.8134459e-10,0
65885,1.0,1.25744545e-11,0
65886,0.9999994,6.467838e-07,0
65887,1.0,1.2061906e-12,0
65888,1.0,2.9669416e-12,0
65889,1.0,1.2169653e-10,0
65890,1.0,9.512344e-11,0
65891,1.0,1.5082985e-11,0
65892,1.0,2.241004e-13,0
65893,1.0,6.76731e-11,0
65894,1.0,1.1893537e-12,0
65895,1.0,8.813217e-11,0
65896,1.0,6.910616e-13,0
65897,1.0,1.2646709e-11,0
65898,1.0,6.406525e-11,0
65899,1.0,1.0507784e-09,0
65900,1.0,8.865977e-10,0
65901,1.0,1.0042095e-10,0
65902,1.0,7.593502e-10,0
65903,1.0,1.0499494e-12,0
65904,1.0,5.854514e-13,0
65905,1.0,1.1493511e-09,0
65906,1.0,6.1628285e-13,0
65907,1.0,1.1189009e-11,0
65908,1.0,6.9745715e-10,0
65909,1.0,2.888184e-13,0
65910,1.0,4.722527e-10,0
65911,1.0,2.8820143e-10,0
65912,1.0,5.439497e-13,0
65913,1.0,1.368357e-10,0
65914,1.0,1.6137874e-12,0
65915,1.0,1.8395775e-10,0
65916,1.0,1.2731563e-11,0
65917,1.0,1.05153204e-13,0
65918,1.0,1.9624532e-13,0
65919,1.0,4.9043717e-13,0
65920,1.0,6.2783296e-13,0
65921,1.0,1.9766693e-12,0
65922,1.0,1.5712583e-09,0
65923,1.0,1.6346162e-10,0
65924,1.0,7.176094e-10,0
65925,1.0,6.1791135e-11,0
65926,1.0,1.6499862e-11,0
65927,1.0,6.650456e-12,0
65928,1.0,6.929613e-12,0
65929,1.0,2.1463122e-13,0
65930,1.0,6.983143e-14,0
65931,1.0,9.133509e-12,0
65932,1.0,9.572547e-12,0
65933,1.0,9.870744e-12,0
65934,1.0,3.4598734e-11,0
65935,1.0,1.5238483e-13,0
65936,1.0,2.966728e-11,0
65937,1.0,3.263393e-12,0
65938,1.0,1.1371568e-10,0
65939,1.0,2.1663376e-13,0
65940,1.0,5.6863184e-13,0
65941,1.0,1.193876e-13,0
65942,1.0,1.110857e-10,0
65943,1.0,1.2111814e-09,0
65944,1.0,2.06791e-10,0
65945,1.0,3.135957e-12,0
65946,1.0,3.2794165e-12,0
65947,1.0,1.7515836e-11,0
65948,1.0,1.11839825e-13,0
65949,1.0,3.5416568e-12,0
65950,1.0,5.2640878e-11,0
65951,1.0,2.7695648e-11,0
65952,1.0,2.8535791e-12,0
65953,1.0,2.5312688e-11,0
65954,1.0,1.1841176e-13,0
65955,1.0,1.8608377e-08,0
65956,1.0,4.3952637e-12,0
65957,1.0,7.2229445e-11,0
65958,1.0,1.6281501e-14,0
65959,1.0,4.675884e-10,0
65960,1.0,1.11939815e-11,0
65961,1.0,6.8102967e-12,0
65962,1.0,1.962911e-12,0
65963,1.0,7.7586416e-11,0
65964,1.0,8.2398893e-13,0
65965,1.0,2.9141266e-12,0
65966,1.0,5.678609e-14,0
65967,1.0,3.1804375e-11,0
65968,1.0,3.4363666e-12,0
65969,1.0,7.039655e-11,0
65970,1.0,2.2498339e-14,0
65971,1.0,6.354218e-12,0
65972,1.0,3.4662657e-12,0
65973,1.0,9.965633e-12,0
65974,1.0,3.7029328e-09,0
65975,1.0,1.3427847e-13,0
65976,1.0,1.1529979e-13,0
65977,1.0,6.564957e-12,0
65978,1.0,7.059956e-12,0
65979,1.0,2.3153748e-10,0
65980,1.0,1.0142703e-08,0
65981,1.0,2.3826373e-11,0
65982,1.0,3.49383e-13,0
65983,1.0,1.8874234e-10,0
65984,1.0,6.7393816e-12,0
65985,1.0,7.4192076e-11,0
65986,1.0,3.0051962e-13,0
65987,1.0,7.1455003e-10,0
65988,1.0,2.1875385e-13,0
65989,1.0,9.99024e-12,0
65990,1.0,2.886528e-12,0
65991,1.0,3.875255e-13,0
65992,1.0,2.891949e-13,0
65993,1.0,3.6098896e-13,0
65994,1.0,1.3055024e-12,0
65995,1.0,1.8340438e-12,0
65996,1.0,1.5603254e-12,0
65997,1.0,9.434079e-13,0
65998,1.0,4.344559e-10,0
65999,1.0,1.6334038e-10,0
66000,1.0,6.871904e-14,0
66001,1.0,5.4749417e-12,0
66002,1.0,5.7691596e-13,0
66003,1.0,2.0992419e-13,0
66004,1.0,1.2069063e-12,0
66005,1.0,5.9655383e-15,0
66006,1.0,5.2822395e-12,0
66007,1.0,1.0790236e-13,0
66008,1.0,4.953285e-13,0
66009,1.0,3.0011796e-10,0
66010,1.0,1.008851e-11,0
66011,1.0,7.9183925e-13,0
66012,1.0,6.007518e-13,0
66013,1.0,2.0608107e-10,0
66014,1.0,1.981935e-09,0
66015,1.0,2.0151866e-12,0
66016,1.0,5.1673395e-13,0
66017,1.0,4.3886145e-11,0
66018,1.0,9.599932e-13,0
66019,1.0,1.6134458e-12,0
66020,1.0,5.439946e-12,0
66021,1.0,4.799417e-12,0
66022,1.0,1.9256242e-12,0
66023,1.0,4.0559903e-10,0
66024,1.0,7.687409e-14,0
66025,1.0,1.6634506e-11,0
66026,1.0,1.04306806e-10,0
66027,1.0,2.4702098e-14,0
66028,1.0,1.3936126e-08,0
66029,1.0,2.6059658e-12,0
66030,1.0,5.9029222e-12,0
66031,1.0,6.2131317e-13,0
66032,1.0,8.561192e-12,0
66033,1.0,4.340802e-12,0
66034,1.0,1.7316938e-13,0
66035,1.0,9.411012e-11,0
66036,1.0,7.910913e-11,0
66037,1.0,6.718945e-13,0
66038,1.0,2.9593203e-10,0
66039,0.9999999,1.5427158e-07,0
66040,1.0,1.3098441e-09,0
66041,1.0,1.4588884e-10,0
66042,1.0,5.1648264e-13,0
66043,1.0,1.4357082e-11,0
66044,1.0,7.488412e-12,0
66045,1.0,8.922442e-12,0
66046,1.0,2.012781e-13,0
66047,1.0,8.14324e-13,0
66048,1.0,7.1748826e-12,0
66049,1.0,2.5105643e-11,0
66050,1.0,1.6867657e-13,0
66051,1.0,1.2871815e-11,0
66052,1.0,2.0435353e-12,0
66053,1.0,2.2949936e-12,0
66054,1.0,3.6141097e-11,0
66055,1.0,1.8130247e-13,0
66056,1.0,2.1719853e-09,0
66057,1.0,1.31443285e-11,0
66058,1.0,1.4813538e-10,0
66059,1.0,7.86854e-14,0
66060,1.0,1.3982507e-12,0
66061,1.0,3.958039e-13,0
66062,1.0,3.4797148e-11,0
66063,1.0,3.4886594e-11,0
66064,1.0,2.6827238e-13,0
66065,1.0,2.095085e-10,0
66066,1.0,1.1945059e-11,0
66067,1.0,2.787262e-13,0
66068,1.0,2.4524552e-10,0
66069,1.0,9.280982e-13,0
66070,1.0,4.2791753e-11,0
66071,1.0,1.8633166e-12,0
66072,1.0,7.9840404e-14,0
66073,1.0,9.005569e-12,0
66074,1.0,2.279748e-10,0
66075,1.0,2.1388876e-12,0
66076,1.0,1.7864287e-09,0
66077,1.0,1.9789952e-10,0
66078,1.0,5.3392707e-11,0
66079,1.0,1.2208455e-10,0
66080,1.0,7.465252e-12,0
66081,1.0,2.193214e-11,0
66082,1.0,5.3188606e-11,0
66083,1.0,4.3322602e-11,0
66084,1.0,2.3608051e-12,0
66085,1.0,5.0455587e-13,0
66086,1.0,5.0735034e-14,0
66087,1.0,1.61945e-14,0
66088,1.0,5.108619e-13,0
66089,0.9999987,1.3687626e-06,0
66090,1.0,1.04618615e-14,0
66091,1.0,5.412377e-11,0
66092,1.0,5.0669902e-12,0
66093,1.0,1.2409948e-12,0
66094,1.0,2.590099e-12,0
66095,1.0,8.276839e-10,0
66096,1.0,2.8663313e-13,0
66097,1.0,1.053705e-12,0
66098,1.0,4.3153107e-12,0
66099,1.0,5.195185e-14,0
66100,1.0,1.6616621e-11,0
66101,1.0,2.055022e-09,0
66102,1.0,1.9917935e-11,0
66103,0.9999999,1.4238861e-07,0
66104,1.0,3.0975784e-08,0
66105,1.0,6.670137e-11,0
66106,1.0,4.040809e-10,0
66107,1.0,8.5979335e-11,0
66108,1.0,2.316867e-11,0
66109,1.0,4.526281e-12,0
66110,1.0,1.6161879e-11,0
66111,1.0,1.7473958e-11,0
66112,1.0,8.743251e-14,0
66113,1.0,2.986817e-14,0
66114,1.0,4.633192e-13,0
66115,1.0,2.298381e-11,0
66116,1.0,3.9851148e-12,0
66117,1.0,4.8625765e-10,0
66118,1.0,3.7740453e-12,0
66119,1.0,1.9508301e-11,0
66120,1.0,2.453254e-11,0
66121,1.0,1.1747e-11,0
66122,0.9985714,0.0014286063,0
66123,1.0,3.8030364e-12,0
66124,1.0,6.407259e-11,0
66125,1.0,2.7624699e-14,0
66126,0.9999999,1.7633933e-07,0
66127,1.0,2.2506751e-14,0
66128,1.0,3.556349e-14,0
66129,1.0,1.262745e-11,0
66130,1.0,4.3583464e-13,0
66131,1.0,4.6922015e-12,0
66132,1.0,2.0308456e-11,0
66133,1.0,1.7581691e-13,0
66134,1.0,1.2295109e-13,0
66135,1.0,9.123545e-13,0
66136,1.0,3.3370488e-13,0
66137,1.0,3.4111433e-14,0
66138,1.0,1.1007824e-12,0
66139,1.0,1.0526539e-09,0
66140,1.0,1.8629254e-12,0
66141,1.0,3.2866647e-14,0
66142,1.0,1.1740626e-13,0
66143,1.0,1.230586e-12,0
66144,1.0,1.1022159e-11,0
66145,1.0,1.8516294e-11,0
66146,1.0,3.088222e-12,0
66147,1.0,4.201073e-13,0
66148,1.0,5.1813735e-13,0
66149,1.0,2.4179324e-13,0
66150,1.0,1.965542e-11,0
66151,1.0,2.1729289e-10,0
66152,1.0,9.826819e-13,0
66153,1.0,6.6689216e-13,0
66154,1.0,2.7279689e-11,0
66155,1.0,2.6415052e-13,0
66156,0.9999968,3.1626628e-06,0
66157,1.0,8.7627683e-10,0
66158,1.0,2.1222166e-10,0
66159,1.0,2.474033e-11,0
66160,1.0,3.3298592e-12,0
66161,1.0,2.1656117e-12,0
66162,1.0,1.5020802e-11,0
66163,1.0,5.1897976e-14,0
66164,1.0,7.738317e-12,0
66165,1.0,3.3139496e-12,0
66166,1.0,3.868507e-12,0
66167,1.0,1.0841579e-10,0
66168,1.0,2.2717382e-11,0
66169,1.0,6.2675316e-11,0
66170,1.0,2.1154958e-10,0
66171,1.0,1.2991433e-12,0
66172,1.0,4.1904216e-13,0
66173,1.0,3.711249e-12,0
66174,1.0,1.3985833e-13,0
66175,1.0,1.4065434e-11,0
66176,0.9999999,1.4433232e-07,0
66177,1.0,1.79553e-08,0
66178,1.0,9.523196e-12,0
66179,1.0,9.510108e-12,0
66180,1.0,3.271568e-13,0
66181,1.0,5.024345e-13,0
66182,1.0,2.2827098e-11,0
66183,1.0,2.5933154e-13,0
66184,1.0,8.286336e-13,0
66185,1.0,4.6489562e-10,0
66186,1.0,4.787844e-11,0
66187,1.0,1.247604e-09,0
66188,1.0,2.103296e-11,0
66189,1.0,5.104375e-12,0
66190,1.0,9.316898e-09,0
66191,1.0,4.4159304e-14,0
66192,0.9999999,1.1507495e-07,0
66193,1.0,2.1290448e-13,0
66194,1.0,8.551868e-13,0
66195,1.0,4.260353e-08,0
66196,1.0,1.0140728e-12,0
66197,1.0,1.3579388e-10,0
66198,0.99999964,3.3747068e-07,0
66199,1.0,2.6888884e-08,0
66200,1.0,1.7944846e-13,0
66201,1.0,6.3188337e-11,0
66202,0.9999999,1.304572e-07,0
66203,1.0,3.5687386e-09,0
66204,0.99999917,7.998481e-07,0
66205,1.0,1.00951027e-13,0
66206,1.0,7.1785104e-12,0
66207,0.9999999,7.3970206e-08,0
66208,1.0,2.1765272e-12,0
66209,1.0,5.4325573e-14,0
66210,1.0,2.6504364e-14,0
66211,1.0,4.934746e-13,0
66212,1.0,9.106421e-09,0
66213,1.0,3.6602665e-13,0
66214,1.0,1.31586755e-11,0
66215,1.0,2.8453507e-12,0
66216,0.9999565,4.353015e-05,0
66217,1.0,1.5843865e-08,0
66218,1.0,9.087373e-12,0
66219,1.0,1.4445054e-12,0
66220,1.0,1.6663395e-12,0
66221,1.0,7.249243e-13,0
66222,1.0,2.2589801e-10,0
66223,1.0,1.4733237e-13,0
66224,1.0,4.319669e-11,0
66225,1.0,8.5907566e-14,0
66226,1.0,2.1908122e-09,0
66227,1.0,2.0358293e-11,0
66228,1.0,4.7638555e-09,0
66229,1.0,6.130536e-11,0
66230,1.0,4.2404014e-12,0
66231,0.999997,2.9425223e-06,0
66232,1.0,5.801319e-11,0
66233,1.0,2.2378252e-10,0
66234,1.0,3.154004e-10,0
66235,1.0,1.1400435e-13,0
66236,1.0,2.1010324e-13,0
66237,1.0,3.2717444e-12,0
66238,1.0,2.1483928e-13,0
66239,1.0,1.6969743e-11,0
66240,1.0,1.2901401e-12,0
66241,1.0,2.0458986e-12,0
66242,1.0,7.0183815e-14,0
66243,1.0,2.2953363e-11,0
66244,1.0,2.1142593e-12,0
66245,1.0,2.7527663e-10,0
66246,1.0,2.6425986e-13,0
66247,1.0,2.2834819e-10,0
66248,1.0,1.6533924e-10,0
66249,1.0,9.158904e-13,0
66250,1.0,1.7243579e-12,0
66251,1.0,1.0258955e-08,0
66252,1.0,3.08314e-10,0
66253,1.0,1.1688466e-11,0
66254,1.0,4.5367716e-13,0
66255,1.0,1.237846e-12,0
66256,1.0,4.0109786e-13,0
66257,1.0,2.7958062e-14,0
66258,1.0,8.9543616e-11,0
66259,1.0,3.9107944e-12,0
66260,1.0,4.2303517e-12,0
66261,1.0,2.8806185e-10,0
66262,1.0,1.5552788e-10,0
66263,1.0,1.4558952e-09,0
66264,1.0,2.2120195e-10,0
66265,1.0,2.366693e-12,0
66266,1.0,2.483902e-10,0
66267,1.0,9.603618e-12,0
66268,1.0,3.8229543e-13,0
66269,1.0,7.2880066e-09,0
66270,1.0,3.4653785e-13,0
66271,1.0,1.8659909e-12,0
66272,1.0,1.1889544e-12,0
66273,1.0,2.7031098e-13,0
66274,1.0,2.8747285e-14,0
66275,1.0,8.029382e-14,0
66276,1.0,5.307399e-11,0
66277,1.0,1.9984911e-11,0
66278,1.0,2.8572062e-12,0
66279,1.0,2.3487065e-11,0
66280,1.0,2.2192087e-13,0
66281,1.0,1.923454e-13,0
66282,1.0,4.0430699e-13,0
66283,1.0,1.1430531e-12,0
66284,0.9999993,7.122795e-07,0
66285,1.0,4.620797e-11,0
66286,1.0,2.388269e-12,0
66287,1.0,3.7515585e-13,0
66288,1.0,3.0449514e-12,0
66289,1.0,1.9249238e-11,0
66290,1.0,2.5617082e-14,0
66291,1.0,5.7211883e-12,0
66292,1.0,2.53496e-11,0
66293,1.0,1.3823256e-10,0
66294,1.0,6.703032e-10,0
66295,1.0,1.210223e-09,0
66296,1.0,1.8069988e-11,0
66297,1.0,7.4344713e-13,0
66298,1.0,3.9208628e-12,0
66299,1.0,1.45007955e-11,0
66300,1.0,1.4175966e-11,0
66301,1.0,3.160857e-10,0
66302,1.0,5.615978e-09,0
66303,1.0,1.6052439e-12,0
66304,1.0,4.4083613e-12,0
66305,1.0,6.9230606e-12,0
66306,1.0,2.492662e-11,0
66307,1.0,2.8147786e-11,0
66308,1.0,3.7105892e-13,0
66309,1.0,9.910373e-13,0
66310,1.0,3.6091408e-12,0
66311,1.0,3.9336674e-14,0
66312,1.0,2.158599e-10,0
66313,1.0,2.2898888e-10,0
66314,1.0,9.37144e-12,0
66315,1.0,6.7364e-12,0
66316,1.0,1.526519e-13,0
66317,1.0,1.7570929e-13,0
66318,1.0,8.649544e-12,0
66319,1.0,2.3519702e-11,0
66320,1.0,1.623635e-10,0
66321,1.0,6.424838e-13,0
66322,0.99999774,2.2503357e-06,0
66323,1.0,6.0173866e-11,0
66324,1.0,6.027819e-14,0
66325,1.0,2.4506384e-12,0
66326,1.0,1.1167538e-11,0
66327,1.0,9.3804395e-11,0
66328,1.0,8.844698e-13,0
66329,1.0,2.452075e-11,0
66330,1.0,1.9919466e-10,0
66331,1.0,5.744536e-11,0
66332,1.0,1.6487488e-12,0
66333,1.0,4.0911493e-13,0
66334,1.0,2.0347239e-14,0
66335,1.0,6.56189e-12,0
66336,1.0,6.5134143e-14,0
66337,1.0,6.900198e-13,0
66338,1.0,5.4741212e-14,0
66339,1.0,2.914463e-10,0
66340,1.0,9.0516814e-13,0
66341,1.0,1.1121988e-14,0
66342,1.0,5.3434392e-14,0
66343,1.0,1.9860756e-12,0
66344,1.0,7.5337653e-13,0
66345,1.0,2.0472123e-10,0
66346,1.0,3.3173553e-10,0
66347,1.0,1.2304587e-13,0
66348,1.0,8.249077e-12,0
66349,0.99999976,2.8269434e-07,0
66350,0.9999908,9.235776e-06,0
66351,1.0,3.921635e-11,0
66352,1.0,4.4917425e-12,0
66353,1.0,1.20705016e-14,0
66354,1.0,7.572143e-13,0
66355,1.0,4.2718586e-08,0
66356,1.0,2.042414e-11,0
66357,1.0,1.1724756e-10,0
66358,1.0,2.47759e-10,0
66359,1.0,7.4493466e-13,0
66360,1.0,1.241231e-13,0
66361,1.0,1.1398495e-10,0
66362,1.0,2.0541763e-12,0
66363,1.0,1.0091955e-11,0
66364,1.0,4.729945e-14,0
66365,1.0,1.2326575e-13,0
66366,1.0,3.0806815e-11,0
66367,1.0,1.3261881e-11,0
66368,1.0,7.9996766e-11,0
66369,1.0,4.3520933e-12,0
66370,1.0,1.4264379e-12,0
66371,1.0,2.0175684e-11,0
66372,1.0,4.870619e-12,0
66373,1.0,3.174892e-11,0
66374,1.0,1.0595394e-12,0
66375,1.0,6.000346e-14,0
66376,1.0,1.0878118e-10,0
66377,1.0,1.1741042e-11,0
66378,1.0,2.3690056e-12,0
66379,1.0,4.6832377e-14,0
66380,1.0,1.7552641e-13,0
66381,1.0,2.3809033e-10,0
66382,1.0,1.2158835e-11,0
66383,1.0,4.5082393e-12,0
66384,1.0,3.840412e-14,0
66385,1.0,7.189808e-10,0
66386,1.0,2.7205408e-13,0
66387,1.0,3.6302364e-10,0
66388,1.0,8.289166e-13,0
66389,1.0,8.6459194e-11,0
66390,1.0,1.2367291e-13,0
66391,1.0,9.694644e-12,0
66392,1.0,6.880777e-12,0
66393,1.0,6.2908316e-13,0
66394,1.0,1.5600567e-13,0
66395,1.0,6.1025776e-09,0
66396,1.0,2.1966793e-12,0
66397,1.0,4.042929e-10,0
66398,1.0,1.4706979e-10,0
66399,1.0,4.922131e-09,0
66400,1.0,8.2183635e-11,0
66401,1.0,5.794173e-12,0
66402,1.0,9.544738e-13,0
66403,1.0,3.6245993e-09,0
66404,1.0,6.8934402e-12,0
66405,1.0,1.10369e-12,0
66406,1.0,1.9098273e-11,0
66407,1.0,1.1918665e-10,0
66408,1.0,1.682648e-11,0
66409,1.0,1.4257687e-12,0
66410,1.0,1.0111029e-11,0
66411,1.0,2.3465674e-10,0
66412,1.0,1.1805708e-12,0
66413,1.0,8.660364e-14,0
66414,1.0,4.6887216e-12,0
66415,1.0,3.828679e-11,0
66416,1.0,8.1262964e-13,0
66417,1.0,2.2659634e-09,0
66418,1.0,6.23455e-12,0
66419,1.0,9.623541e-10,0
66420,1.0,3.7102814e-11,0
66421,1.0,3.8273357e-11,0
66422,1.0,1.7820581e-10,0
66423,1.0,4.2696016e-12,0
66424,1.0,1.0835759e-12,0
66425,1.0,6.538059e-14,0
66426,0.9999994,6.4606127e-07,0
66427,1.0,1.173141e-12,0
66428,1.0,6.249202e-13,0
66429,1.0,3.3666876e-09,0
66430,1.0,3.3702693e-11,0
66431,1.0,1.4878461e-11,0
66432,1.0,5.009021e-11,0
66433,1.0,7.503766e-09,0
66434,1.0,8.528968e-12,0
66435,1.0,1.165927e-12,0
66436,1.0,1.2560588e-09,0
66437,1.0,8.960054e-14,0
66438,1.0,7.119098e-13,0
66439,1.0,1.1664363e-12,0
66440,1.0,4.3628395e-12,0
66441,1.0,1.7341678e-11,0
66442,1.0,1.5881493e-09,0
66443,1.0,5.431089e-13,0
66444,1.0,3.8163266e-12,0
66445,1.0,2.4064314e-12,0
66446,1.0,3.7722936e-10,0
66447,1.0,2.8175058e-12,0
66448,1.0,1.835082e-13,0
66449,0.99999905,9.882788e-07,0
66450,1.0,8.006821e-11,0
66451,1.0,5.806636e-10,0
66452,1.0,4.156579e-11,0
66453,1.0,4.7802813e-14,0
66454,1.0,7.301948e-13,0
66455,1.0,3.3181718e-10,0
66456,1.0,2.967117e-12,0
66457,1.0,5.986823e-10,0
66458,1.0,1.4705507e-12,0
66459,1.0,4.0916958e-13,0
66460,1.0,6.0436024e-14,0
66461,1.0,3.3003418e-13,0
66462,1.0,1.706246e-12,0
66463,1.0,1.2976468e-13,0
66464,1.0,5.8268695e-11,0
66465,0.99999917,8.7655997e-07,0
66466,1.0,4.8950503e-11,0
66467,1.0,7.038182e-10,0
66468,1.0,4.2960405e-10,0
66469,1.0,2.9029731e-10,0
66470,1.0,1.395362e-13,0
66471,1.0,3.5237118e-13,0
66472,1.0,5.5769096e-09,0
66473,1.0,1.1780516e-12,0
66474,1.0,2.76069e-10,0
66475,1.0,1.4763648e-09,0
66476,1.0,1.8455667e-13,0
66477,1.0,3.7281792e-11,0
66478,1.0,1.4255471e-14,0
66479,1.0,4.8491215e-09,0
66480,1.0,2.299111e-13,0
66481,1.0,4.1987382e-11,0
66482,1.0,2.9455816e-09,0
66483,1.0,6.4287143e-12,0
66484,1.0,1.0058633e-11,0
66485,1.0,6.9202457e-09,0
66486,1.0,4.5108e-13,0
66487,1.0,1.02318994e-10,0
66488,1.0,2.7339292e-10,0
66489,1.0,1.9085509e-13,0
66490,1.0,3.4025544e-13,0
66491,1.0,1.3201797e-10,0
66492,1.0,5.939622e-10,0
66493,1.0,1.1322402e-09,0
66494,1.0,4.1543e-09,0
66495,1.0,1.688768e-13,0
66496,1.0,1.1903834e-13,0
66497,1.0,1.2315769e-12,0
66498,1.0,1.2436097e-10,0
66499,1.0,2.7695943e-09,0
66500,1.0,1.4048636e-09,0
66501,1.0,2.2330306e-12,0
66502,1.0,8.267294e-10,0
66503,1.0,1.4051536e-12,0
66504,1.0,1.2385583e-10,0
66505,1.0,1.0409364e-12,0
66506,1.0,2.3901465e-12,0
66507,1.0,3.1478875e-09,0
66508,1.0,2.1390336e-13,0
66509,1.0,3.371298e-11,0
66510,1.0,3.5075098e-10,0
66511,1.0,2.8734597e-12,0
66512,1.0,3.777625e-12,0
66513,1.0,1.393923e-09,0
66514,1.0,5.3535468e-11,0
66515,1.0,1.3826361e-11,0
66516,1.0,4.12836e-09,0
66517,1.0,1.603359e-12,0
66518,1.0,3.7310568e-13,0
66519,1.0,1.4158301e-10,0
66520,1.0,8.7348043e-13,0
66521,1.0,2.8058684e-12,0
66522,1.0,2.936603e-11,0
66523,1.0,3.2452204e-11,0
66524,1.0,7.585247e-11,0
66525,1.0,5.956838e-12,0
66526,1.0,1.4454459e-11,0
66527,1.0,3.9191692e-10,0
66528,1.0,2.4919808e-12,0
66529,1.0,4.202101e-12,0
66530,1.0,3.8519704e-12,0
66531,1.0,7.997735e-12,0
66532,1.0,1.5004895e-13,0
66533,1.0,2.6115838e-08,0
66534,1.0,1.5075558e-12,0
66535,1.0,8.028908e-10,0
66536,1.0,1.325411e-12,0
66537,1.0,3.217668e-12,0
66538,1.0,1.4680797e-11,0
66539,1.0,2.2763185e-11,0
66540,0.9999999,6.286025e-08,0
66541,1.0,6.4646344e-11,0
66542,1.0,6.061156e-12,0
66543,1.0,3.0861948e-13,0
66544,1.0,1.6720712e-11,0
66545,1.0,5.6973863e-11,0
66546,1.0,1.0542839e-12,0
66547,1.0,2.4889018e-09,0
66548,1.0,1.12495456e-11,0
66549,1.0,3.351751e-10,0
66550,1.0,2.6626545e-09,0
66551,1.0,2.605346e-11,0
66552,1.0,3.8322005e-11,0
66553,1.0,6.788846e-12,0
66554,1.0,2.4154615e-13,0
66555,1.0,8.688471e-11,0
66556,1.0,3.8812634e-12,0
66557,1.0,3.554905e-10,0
66558,1.0,2.4589283e-10,0
66559,0.99999976,2.8222186e-07,0
66560,1.0,3.5214808e-13,0
66561,1.0,2.2162224e-13,0
66562,1.0,2.23731e-09,0
66563,1.0,1.4335021e-12,0
66564,1.0,2.194683e-11,0
66565,1.0,5.793764e-12,0
66566,1.0,1.7614217e-13,0
66567,1.0,5.36725e-10,0
66568,1.0,1.370934e-12,0
66569,1.0,1.1285808e-10,0
66570,1.0,1.0146184e-12,0
66571,1.0,1.9370909e-13,0
66572,1.0,2.1453987e-10,0
66573,1.0,1.4939358e-09,0
66574,1.0,1.5249846e-10,0
66575,1.0,5.411389e-10,0
66576,0.999997,2.9779576e-06,0
66577,1.0,6.420961e-11,0
66578,1.0,5.4185275e-13,0
66579,1.0,6.2664765e-12,0
66580,1.0,6.349735e-12,0
66581,1.0,4.800357e-13,0
66582,1.0,1.7898434e-12,0
66583,1.0,9.820088e-14,0
66584,1.0,7.3038384e-14,0
66585,1.0,4.2263377e-11,0
66586,1.0,4.3715065e-14,0
66587,1.0,1.3037946e-13,0
66588,1.0,1.8842618e-10,0
66589,1.0,1.11212844e-11,0
66590,1.0,9.376418e-14,0
66591,1.0,1.5839142e-09,0
66592,1.0,6.554229e-10,0
66593,0.9999999,9.3540635e-08,0
66594,1.0,2.3926312e-13,0
66595,1.0,7.581218e-13,0
66596,1.0,1.844914e-11,0
66597,1.0,8.5608435e-13,0
66598,1.0,1.1980277e-13,0
66599,1.0,1.4091063e-13,0
66600,1.0,1.4673126e-11,0
66601,1.0,5.7048023e-11,0
66602,1.0,2.2589593e-13,0
66603,1.0,1.0184268e-11,0
66604,1.0,2.289976e-14,0
66605,1.0,3.3075542e-11,0
66606,1.0,1.7623114e-10,0
66607,1.0,2.460094e-12,0
66608,1.0,8.8044664e-14,0
66609,1.0,3.5406062e-14,0
66610,1.0,9.5982345e-12,0
66611,1.0,2.2352954e-10,0
66612,1.0,7.630641e-10,0
66613,1.0,4.0404215e-11,0
66614,1.0,4.3251203e-14,0
66615,1.0,1.1982704e-12,0
66616,1.0,2.189376e-12,0
66617,1.0,6.98383e-12,0
66618,1.0,3.1079924e-13,0
66619,1.0,3.762264e-13,0
66620,1.0,2.6921878e-12,0
66621,1.0,1.325813e-12,0
66622,1.0,3.7591634e-14,0
66623,1.0,3.2420407e-11,0
66624,1.0,8.589143e-12,0
66625,1.0,1.2601802e-11,0
66626,1.0,4.2173608e-14,0
66627,1.0,1.7083203e-12,0
66628,1.0,1.9271574e-11,0
66629,1.0,1.3186062e-11,0
66630,1.0,1.1226583e-12,0
66631,1.0,2.4484306e-14,0
66632,1.0,4.421512e-13,0
66633,1.0,1.7884725e-11,0
66634,1.0,1.0227596e-12,0
66635,1.0,1.6893882e-11,0
66636,1.0,6.4912913e-13,0
66637,1.0,2.1104399e-12,0
66638,1.0,2.2674277e-14,0
66639,1.0,2.918827e-12,0
66640,1.0,1.3882489e-11,0
66641,1.0,3.1556012e-12,0
66642,1.0,3.960873e-12,0
66643,1.0,1.3487448e-13,0
66644,1.0,1.719069e-14,0
66645,1.0,3.7538183e-14,0
66646,1.0,8.649135e-15,0
66647,1.0,1.601739e-12,0
66648,1.0,2.5808474e-12,0
66649,1.0,1.5367788e-13,0
66650,1.0,1.4599774e-09,0
66651,1.0,7.4397153e-14,0
66652,1.0,2.5394191e-13,0
66653,1.0,7.554165e-14,0
66654,0.99999785,2.0944174e-06,0
66655,1.0,3.2435405e-09,0
66656,1.0,8.5967894e-10,0
66657,1.0,2.2722853e-14,0
66658,1.0,3.2130458e-11,0
66659,1.0,2.0755498e-12,0
66660,0.9999999,1.19077754e-07,0
66661,1.0,1.8590157e-14,0
66662,1.0,3.9492915e-13,0
66663,1.0,2.4492285e-11,0
66664,1.0,2.9596367e-10,0
66665,1.0,9.754853e-12,0
66666,1.0,3.3057933e-08,0
66667,1.0,1.1211454e-12,0
66668,1.0,1.5421169e-13,0
66669,1.0,1.0705383e-10,0
66670,1.0,7.0103043e-13,0
66671,1.0,1.5229796e-13,0
66672,1.0,2.1918237e-13,0
66673,1.0,1.7672452e-11,0
66674,1.0,1.8920936e-11,0
66675,1.0,7.1054507e-13,0
66676,1.0,6.5561944e-13,0
66677,1.0,2.6113782e-13,0
66678,1.0,2.245565e-13,0
66679,1.0,6.1424097e-13,0
66680,1.0,4.5723343e-14,0
66681,1.0,2.8398367e-12,0
66682,1.0,1.227404e-10,0
66683,1.0,4.7704857e-12,0
66684,1.0,7.199129e-13,0
66685,1.0,1.4559974e-10,0
66686,1.0,3.3644386e-14,0
66687,1.0,3.479967e-11,0
66688,1.0,1.4530932e-09,0
66689,1.0,3.4816296e-13,0
66690,1.0,1.2889195e-13,0
66691,1.0,3.5173996e-13,0
66692,1.0,8.294547e-12,0
66693,1.0,3.441361e-14,0
66694,1.0,2.8644518e-09,0
66695,1.0,3.064401e-11,0
66696,1.0,5.1020528e-14,0
66697,1.0,4.4591195e-11,0
66698,1.0,1.8040731e-13,0
66699,1.0,1.0737218e-11,0
66700,1.0,1.3100171e-12,0
66701,1.0,8.194992e-15,0
66702,1.0,6.0336575e-12,0
66703,1.0,3.0815496e-12,0
66704,1.0,2.234706e-11,0
66705,1.0,1.6152942e-11,0
66706,1.0,6.726065e-12,0
66707,1.0,8.1923705e-14,0
66708,1.0,5.679284e-09,0
66709,1.0,3.3936863e-14,0
66710,1.0,1.5186691e-13,0
66711,1.0,6.159148e-14,0
66712,1.0,1.8912439e-13,0
66713,1.0,1.5291847e-10,0
66714,1.0,9.192677e-14,0
66715,1.0,5.168234e-10,0
66716,1.0,5.0319503e-13,0
66717,1.0,1.9539258e-10,0
66718,1.0,5.466341e-13,0
66719,1.0,1.541231e-14,0
66720,1.0,1.1386522e-10,0
66721,1.0,1.3761219e-11,0
66722,0.9999982,1.8019167e-06,0
66723,1.0,1.2230607e-12,0
66724,1.0,1.122236e-13,0
66725,1.0,4.4080292e-10,0
66726,1.0,8.0751954e-14,0
66727,1.0,1.8046384e-12,0
66728,1.0,6.5440757e-13,0
66729,1.0,2.0929324e-10,0
66730,1.0,2.914399e-12,0
66731,1.0,2.230619e-10,0
66732,1.0,1.7255415e-13,0
66733,1.0,1.2715941e-10,0
66734,1.0,8.4175126e-14,0
66735,1.0,7.0407994e-14,0
66736,1.0,1.5162407e-13,0
66737,0.99999976,2.181815e-07,0
66738,1.0,3.4784738e-11,0
66739,1.0,1.6259631e-13,0
66740,1.0,1.0352143e-12,0
66741,1.0,2.338039e-10,0
66742,1.0,1.657618e-13,0
66743,0.9999995,4.689804e-07,0
66744,1.0,1.1502316e-11,0
66745,1.0,2.4337342e-12,0
66746,1.0,6.196019e-13,0
66747,1.0,4.377439e-14,0
66748,1.0,6.886475e-12,0
66749,1.0,2.707802e-12,0
66750,1.0,2.8608665e-15,0
66751,1.0,2.1300746e-11,0
66752,1.0,4.2166376e-10,0
66753,1.0,3.6864158e-12,0
66754,1.0,9.196229e-12,0
66755,1.0,2.8643043e-09,0
66756,1.0,2.0556138e-13,0
66757,1.0,1.6502088e-12,0
66758,1.0,1.4652031e-12,0
66759,1.0,1.9201925e-12,0
66760,1.0,4.6297625e-14,0
66761,1.0,1.533109e-11,0
66762,1.0,3.1942027e-10,0
66763,1.0,4.8195497e-13,0
66764,1.0,2.901646e-13,0
66765,1.0,5.3985354e-13,0
66766,1.0,2.2054935e-14,0
66767,1.0,3.3664304e-13,0
66768,0.99999976,2.2278964e-07,0
66769,1.0,5.1831282e-11,0
66770,1.0,2.9395396e-11,0
66771,1.0,2.877716e-12,0
66772,1.0,1.2362641e-10,0
66773,1.0,3.2059952e-10,0
66774,1.0,1.6773727e-12,0
66775,1.0,5.4049206e-14,0
66776,1.0,1.8100197e-08,0
66777,1.0,4.7032985e-14,0
66778,1.0,1.6873417e-13,0
66779,1.0,3.9423018e-12,0
66780,1.0,8.035548e-12,0
66781,1.0,2.9950546e-14,0
66782,1.0,5.38027e-09,0
66783,1.0,5.7014055e-12,0
66784,1.0,6.491818e-11,0
66785,1.0,3.4415057e-10,0
66786,1.0,4.4350938e-13,0
66787,1.0,2.132659e-12,0
66788,1.0,8.693837e-12,0
66789,1.0,1.3343797e-13,0
66790,1.0,9.064541e-12,0
66791,1.0,3.4948867e-11,0
66792,1.0,8.57271e-12,0
66793,1.0,2.5641246e-13,0
66794,1.0,1.8754169e-13,0
66795,1.0,5.2071916e-13,0
66796,1.0,9.354005e-13,0
66797,1.0,2.3672608e-13,0
66798,1.0,2.2009068e-12,0
66799,1.0,7.000697e-13,0
66800,1.0,2.9982642e-12,0
66801,1.0,1.9113715e-12,0
66802,1.0,4.523032e-10,0
66803,1.0,9.577199e-13,0
66804,1.0,3.4723385e-13,0
66805,1.0,1.7954424e-10,0
66806,1.0,1.6386484e-11,0
66807,1.0,3.3861165e-13,0
66808,1.0,7.194997e-13,0
66809,0.99999785,2.095704e-06,0
66810,1.0,1.4536671e-13,0
66811,1.0,5.410222e-14,0
66812,1.0,6.615062e-11,0
66813,1.0,6.789512e-14,0
66814,1.0,6.7257346e-11,0
66815,1.0,5.0715956e-11,0
66816,1.0,3.270773e-11,0
66817,1.0,1.0783689e-10,0
66818,1.0,6.345513e-11,0
66819,1.0,4.6248574e-13,0
66820,1.0,4.03601e-14,0
66821,1.0,1.3354803e-12,0
66822,1.0,2.3843039e-09,0
66823,1.0,6.8429886e-13,0
66824,1.0,1.3437301e-13,0
66825,1.0,2.4584652e-09,0
66826,1.0,6.146761e-12,0
66827,1.0,5.020085e-12,0
66828,0.99999285,7.099004e-06,0
66829,1.0,1.574249e-13,0
66830,1.0,6.2780364e-11,0
66831,1.0,2.0627313e-12,0
66832,1.0,2.7753435e-08,0
66833,1.0,2.613567e-12,0
66834,1.0,3.6861614e-09,0
66835,1.0,1.258362e-11,0
66836,1.0,7.868994e-09,0
66837,1.0,4.0088524e-13,0
66838,1.0,9.149171e-11,0
66839,1.0,8.4380575e-10,0
66840,1.0,9.530835e-14,0
66841,1.0,1.35190635e-11,0
66842,1.0,5.2837276e-13,0
66843,1.0,8.640783e-13,0
66844,1.0,1.4820447e-12,0
66845,1.0,4.8441262e-14,0
66846,1.0,1.3486407e-11,0
66847,1.0,1.2588337e-09,0
66848,1.0,1.0340801e-11,0
66849,1.0,8.1338945e-13,0
66850,1.0,3.726729e-11,0
66851,1.0,2.6248873e-08,0
66852,1.0,9.9977755e-11,0
66853,1.0,2.7934265e-12,0
66854,1.0,1.1826623e-12,0
66855,1.0,3.2350346e-08,0
66856,1.0,8.486809e-12,0
66857,1.0,1.1010639e-12,0
66858,1.0,5.5071445e-09,0
66859,1.0,2.0536348e-13,0
66860,1.0,9.1744246e-14,0
66861,0.9999999,1.03603064e-07,0
66862,1.0,1.8043994e-10,0
66863,1.0,4.793564e-11,0
66864,1.0,8.728339e-10,0
66865,1.0,3.8880375e-11,0
66866,1.0,2.4357914e-12,0
66867,1.0,1.3189759e-11,0
66868,0.99999976,2.763586e-07,0
66869,1.0,1.4394913e-12,0
66870,1.0,6.690619e-13,0
66871,1.0,1.1368776e-13,0
66872,1.0,2.7521266e-13,0
66873,1.0,9.3515355e-11,0
66874,1.0,3.7479164e-10,0
66875,1.0,5.0411196e-11,0
66876,1.0,3.970379e-13,0
66877,1.0,1.2742459e-09,0
66878,1.0,3.0441416e-10,0
66879,1.0,4.3759554e-13,0
66880,1.0,4.970538e-13,0
66881,1.0,1.2587382e-12,0
66882,1.0,1.8873738e-09,0
66883,1.0,1.7428605e-13,0
66884,1.0,7.5396266e-14,0
66885,1.0,2.0738051e-08,0
66886,1.0,8.854223e-12,0
66887,1.0,1.0635701e-13,0
66888,1.0,1.5086533e-10,0
66889,1.0,2.5167887e-10,0
66890,1.0,2.7372958e-13,0
66891,1.0,1.6173188e-12,0
66892,1.0,7.4155216e-13,0
66893,1.0,2.0699213e-11,0
66894,1.0,4.2793483e-14,0
66895,1.0,3.7772806e-11,0
66896,0.9999994,6.246452e-07,0
66897,1.0,5.5195564e-08,0
66898,1.0,2.457558e-11,0
66899,1.0,1.1475254e-11,0
66900,1.0,9.562486e-13,0
66901,1.0,1.1063927e-11,0
66902,1.0,2.3394137e-13,0
66903,1.0,1.1847033e-12,0
66904,1.0,1.05915493e-13,0
66905,1.0,1.3579614e-11,0
66906,1.0,1.3613075e-10,0
66907,1.0,6.780327e-13,0
66908,1.0,6.285198e-12,0
66909,0.9999994,5.483527e-07,0
66910,1.0,1.3465504e-12,0
66911,1.0,6.2198543e-13,0
66912,0.9999937,6.298846e-06,0
66913,0.9999995,4.327155e-07,0
66914,0.9999995,4.3670283e-07,0
66915,1.0,1.0225996e-12,0
66916,1.0,9.78714e-14,0
66917,0.99999917,7.9953384e-07,0
66918,1.0,7.5341217e-10,0
66919,1.0,9.013228e-13,0
66920,1.0,9.0105126e-13,0
66921,1.0,1.1059843e-13,0
66922,1.0,1.751865e-14,0
66923,0.9999993,7.5753815e-07,0
66924,1.0,3.6997556e-13,0
66925,1.0,4.8583977e-09,0
66926,1.0,2.3772345e-12,0
66927,1.0,9.744341e-13,0
66928,1.0,2.3290005e-09,0
66929,1.0,1.6103053e-14,0
66930,0.9999995,4.7001922e-07,0
66931,0.9999999,8.587752e-08,0
66932,0.99999976,2.3624997e-07,0
66933,1.0,8.2006025e-12,0
66934,1.0,2.6443783e-13,0
66935,0.99999905,9.0759727e-07,0
66936,0.9999999,1.211603e-07,0
66937,1.0,2.015427e-10,0
66938,0.9999968,3.2154712e-06,0
66939,1.0,1.2928505e-11,0
66940,1.0,1.0540437e-10,0
66941,1.0,2.8979099e-11,0
66942,1.0,3.4136215e-11,0
66943,1.0,1.8545648e-13,0
66944,1.0,3.5079601e-09,0
66945,1.0,1.3358817e-10,0
66946,1.0,3.4567516e-12,0
66947,1.0,3.556651e-12,0
66948,0.9999995,4.5328906e-07,0
66949,1.0,7.0256214e-12,0
66950,1.0,7.7489066e-12,0
66951,1.0,5.98204e-14,0
66952,1.0,4.2058136e-12,0
66953,0.99999964,3.5691426e-07,0
66954,1.0,1.0433028e-10,0
66955,1.0,2.8201606e-13,0
66956,1.0,3.8221293e-10,0
66957,1.0,6.79601e-12,0
66958,1.0,3.8308086e-13,0
66959,1.0,2.5973355e-09,0
66960,1.0,5.474965e-11,0
66961,1.0,3.0049943e-10,0
66962,1.0,3.5811436e-08,0
66963,0.99999905,9.2319556e-07,0
66964,1.0,6.2173815e-11,0
66965,1.0,1.272297e-11,0
66966,1.0,2.615482e-08,0
66967,0.99763393,0.0023660045,0
66968,1.0,1.8125719e-09,0
66969,0.99999964,3.2536548e-07,0
66970,1.0,2.8431364e-09,0
66971,1.0,4.0931203e-11,0
66972,1.0,5.869634e-08,0
66973,1.0,3.7224064e-09,0
66974,1.0,4.9449006e-10,0
66975,1.0,1.8593463e-13,0
66976,0.9999999,1.6097873e-07,0
66977,1.0,6.580763e-09,0
66978,1.0,1.2206708e-10,0
66979,0.9999945,5.47129e-06,0
66980,0.9999976,2.4304054e-06,0
66981,0.99999917,8.613405e-07,0
66982,0.9999994,5.787612e-07,0
66983,1.0,5.403895e-12,0
66984,1.0,1.4500076e-11,0
66985,1.0,4.596622e-08,0
66986,0.9999938,6.1961864e-06,0
66987,1.0,7.409797e-09,0
66988,1.0,5.8478396e-13,0
66989,1.0,3.3126277e-09,0
66990,1.0,9.895255e-11,0
66991,1.0,5.953039e-10,0
66992,1.0,6.8415366e-14,0
66993,1.0,1.4536171e-13,0
66994,1.0,3.4909662e-09,0
66995,0.9999999,1.1295126e-07,0
66996,1.0,9.335629e-13,0
66997,1.0,1.2123669e-13,0
66998,1.0,2.1345626e-13,0
66999,1.0,3.7044336e-11,0
67000,0.9999988,1.215346e-06,0
67001,1.0,2.3853364e-09,0
67002,1.0,1.162902e-12,0
67003,0.99999833,1.7269491e-06,0
67004,0.99999976,2.4567703e-07,0
67005,0.9999974,2.6237271e-06,0
67006,0.9999995,5.081684e-07,0
67007,1.0,4.3571702e-11,0
67008,0.9999999,7.1509604e-08,0
67009,1.0,3.665802e-12,0
67010,1.0,3.6598131e-09,0
67011,1.0,2.3709179e-08,0
67012,1.0,3.0976742e-11,0
67013,1.0,2.3291135e-11,0
67014,1.0,1.9028434e-10,0
67015,1.0,2.3122567e-12,0
67016,0.9999999,8.841263e-08,0
67017,0.99999833,1.6313339e-06,0
67018,0.9999999,1.02823684e-07,0
67019,1.0,9.632208e-10,0
67020,0.9999994,6.5030304e-07,0
67021,0.9999995,4.259642e-07,0
67022,0.99999785,2.087709e-06,0
67023,1.0,4.5303907e-09,0
67024,1.0,4.5799657e-09,0
67025,0.99999785,2.10845e-06,0
67026,0.99999917,7.945839e-07,0
67027,1.0,4.7491426e-08,0
67028,0.9999958,4.2074857e-06,0
67029,1.0,3.9366217e-08,0
67030,1.0,2.0751087e-10,0
67031,0.9999976,2.3323548e-06,0
67032,0.9999989,1.0858022e-06,0
67033,0.99999917,8.418683e-07,0
67034,1.0,6.060468e-10,0
67035,1.0,3.258332e-11,0
67036,1.0,1.9903915e-08,0
67037,0.99999964,4.0952122e-07,0
67038,1.0,8.596075e-12,0
67039,0.9999999,6.692511e-08,0
67040,1.0,2.9779917e-08,0
67041,1.0,8.763404e-10,0
67042,1.0,3.665194e-08,0
67043,1.0,2.175609e-09,0
67044,0.9999999,1.4875381e-07,0
67045,1.0,4.9763944e-08,0
67046,0.99999774,2.2502222e-06,0
67047,0.9999988,1.2175165e-06,0
67048,1.0,1.1107861e-08,0
67049,0.99999654,3.4185182e-06,0
67050,0.99999714,2.8871561e-06,0
67051,0.9999999,1.3235815e-07,0
67052,1.0,3.8473793e-09,0
67053,1.0,2.341204e-09,0
67054,0.99999774,2.2080228e-06,0
67055,0.99999917,8.594459e-07,0
67056,0.999998,2.0570287e-06,0
67057,0.9999974,2.5949012e-06,0
67058,1.0,2.6534046e-11,0
67059,0.9999994,6.134586e-07,0
67060,0.9999999,1.2832592e-07,0
67061,0.99999976,2.1380158e-07,0
67062,1.0,1.0057685e-09,0
67063,1.0,2.5977133e-08,0
67064,1.0,3.6409498e-10,0
67065,1.0,2.3350108e-08,0
67066,0.9999994,6.1848175e-07,0
67067,0.9999987,1.2728858e-06,0
67068,1.0,6.374156e-10,0
67069,1.0,1.6537403e-09,0
67070,0.99999976,2.6260275e-07,0
67071,1.0,1.4226388e-09,0
67072,1.0,3.195103e-11,0
67073,0.99999654,3.4936938e-06,0
67074,1.0,1.1288467e-08,0
67075,0.99999905,9.778265e-07,0
67076,0.9999999,1.4444662e-07,0
67077,1.0,8.43959e-09,0
67078,0.99999976,2.5052114e-07,0
67079,1.0,2.1662274e-08,0
67080,1.0,9.633527e-11,0
67081,1.0,2.3902674e-10,0
67082,0.9999999,1.2179888e-07,0
67083,0.9999995,4.5336128e-07,0
67084,1.0,4.7044256e-08,0
67085,0.9999937,6.3077673e-06,0
67086,0.9999999,6.731198e-08,0
67087,0.9999944,5.565485e-06,0
67088,0.99998987,1.0170202e-05,0
67089,0.9999989,1.068581e-06,0
67090,0.9999981,1.8564508e-06,0
67091,0.99995565,4.43371e-05,0
67092,0.9999999,1.04237536e-07,0
67093,0.99999714,2.8020238e-06,0
67094,0.99999905,9.259465e-07,0
67095,0.99999285,7.16431e-06,0
67096,0.99999964,3.3002124e-07,0
67097,0.99999905,9.375781e-07,0
67098,0.9999999,1.1096642e-07,0
67099,0.99999976,2.6081548e-07,0
67100,0.9999964,3.5884163e-06,0
67101,0.9999999,1.2870414e-07,0
67102,0.99999857,1.4373373e-06,0
67103,0.9999988,1.1768186e-06,0
67104,0.9999987,1.3030989e-06,0
67105,0.9999988,1.1628398e-06,0
67106,1.0,2.8644214e-11,0
67107,0.99999523,4.7234957e-06,0
67108,1.0,4.6229926e-11,0
67109,0.99999917,8.638553e-07,0
67110,0.9999989,1.0687705e-06,0
67111,0.9999987,1.2789675e-06,0
67112,1.0,2.0697861e-08,0
67113,1.0,5.9485132e-09,0
67114,1.0,2.0050766e-08,0
67115,1.0,5.44157e-10,0
67116,1.0,1.467111e-11,0
67117,1.0,5.027564e-10,0
67118,1.0,4.4883644e-10,0
67119,0.9999999,7.3619034e-08,0
67120,1.0,5.4266893e-09,0
67121,0.9999969,3.1063375e-06,0
67122,1.0,3.4756603e-08,0
67123,1.0,7.5830275e-09,0
67124,1.0,5.4896523e-09,0
67125,0.9999995,5.200327e-07,0
67126,1.0,4.7209983e-09,0
67127,0.99999917,8.771035e-07,0
67128,0.99999845,1.5212336e-06,0
67129,0.9999993,6.9382486e-07,0
67130,1.0,1.3466507e-08,0
67131,0.9999999,1.7337744e-07,0
67132,0.99998415,1.5856787e-05,0
67133,1.0,4.60886e-08,0
67134,0.9999993,7.4268917e-07,0
67135,0.9999962,3.7688776e-06,0
67136,0.9999988,1.2413333e-06,0
67137,1.0,1.145909e-11,0
67138,1.0,6.33116e-12,0
67139,1.0,3.1054612e-10,0
67140,0.9999993,6.8895025e-07,0
67141,1.0,8.430955e-12,0
67142,1.0,6.612113e-10,0
67143,1.0,7.838166e-13,0
67144,1.0,4.749285e-09,0
67145,0.9999999,6.712121e-08,0
67146,0.99999857,1.471013e-06,0
67147,0.99999726,2.7744418e-06,0
67148,0.9999989,1.085179e-06,0
67149,0.99999666,3.3622282e-06,0
67150,1.0,1.3589338e-10,0
67151,0.9999988,1.1493362e-06,0
67152,1.0,3.4826397e-09,0
67153,0.99999404,5.992626e-06,0
67154,1.0,5.895381e-09,0
67155,0.9999994,6.3522424e-07,0
67156,1.0,1.03501395e-10,0
67157,1.0,8.794452e-09,0
67158,1.0,2.8880909e-09,0
67159,0.99999905,9.549129e-07,0
67160,1.0,3.842422e-09,0
67161,1.0,2.0434427e-11,0
67162,1.0,5.2417004e-09,0
67163,0.9999975,2.4859912e-06,0
67164,0.9999958,4.1947574e-06,0
67165,1.0,7.165153e-10,0
67166,1.0,2.168136e-09,0
67167,1.0,9.1475306e-11,0
67168,1.0,2.2218307e-09,0
67169,1.0,1.7565067e-09,0
67170,1.0,2.0963512e-11,0
67171,1.0,6.1307695e-11,0
67172,0.9999993,7.190322e-07,0
67173,1.0,7.024931e-10,0
67174,0.99999976,2.0902142e-07,0
67175,0.9999995,4.663784e-07,0
67176,0.99999905,9.1522526e-07,0
67177,1.0,1.4903981e-09,0
67178,0.9999999,7.81363e-08,0
67179,1.0,1.2483569e-08,0
67180,1.0,1.2516226e-09,0
67181,1.0,1.3736118e-08,0
67182,1.0,2.537761e-11,0
67183,1.0,3.4963106e-09,0
67184,1.0,3.1021357e-09,0
67185,1.0,7.962435e-09,0
67186,1.0,3.8249368e-10,0
67187,0.99999905,9.689779e-07,0
67188,0.9999988,1.2182692e-06,0
67189,1.0,5.2586465e-08,0
67190,0.9999999,1.2614282e-07,0
67191,0.99999976,2.2530405e-07,0
67192,0.99999905,9.971562e-07,0
67193,0.9999995,4.2026187e-07,0
67194,0.9999999,8.189989e-08,0
67195,0.9999994,5.558063e-07,0
67196,0.9999999,1.5815097e-07,0
67197,0.99999905,9.3641825e-07,0
67198,1.0,4.311311e-09,0
67199,0.9999995,5.331982e-07,0
67200,0.9999999,6.066719e-08,0
67201,0.9999993,7.684762e-07,0
67202,1.0,5.2697015e-08,0
67203,1.0,1.549086e-13,0
67204,1.0,8.594433e-09,0
67205,1.0,1.4039649e-11,0
67206,0.9999999,9.775303e-08,0
67207,1.0,9.4275724e-12,0
67208,0.99999964,3.0694986e-07,0
67209,1.0,2.0972761e-10,0
67210,1.0,4.7910644e-09,0
67211,0.99999905,9.675817e-07,0
67212,1.0,3.983536e-11,0
67213,0.9999989,1.0363602e-06,0
67214,0.99999964,3.314197e-07,0
67215,0.9999994,5.4418655e-07,0
67216,0.99999857,1.4374195e-06,0
67217,1.0,3.8607877e-09,0
67218,0.9999975,2.4458534e-06,0
67219,0.99999475,5.2155974e-06,0
67220,0.9999995,4.213643e-07,0
67221,0.99999976,2.435818e-07,0
67222,0.9999999,1.7159203e-07,0
67223,0.99999976,2.6980953e-07,0
67224,1.0,6.229441e-11,0
67225,1.0,8.0248705e-09,0
67226,1.0,3.038609e-09,0
67227,0.99999964,4.148325e-07,0
67228,1.0,1.6684927e-08,0
67229,0.99999976,1.9917879e-07,0
67230,1.0,1.2180812e-08,0
67231,0.9999982,1.7489042e-06,0
67232,0.9999999,1.203211e-07,0
67233,1.0,2.2004316e-09,0
67234,0.9999988,1.1332528e-06,0
67235,0.99999976,2.1463364e-07,0
67236,1.0,4.6634636e-08,0
67237,1.0,1.7277689e-08,0
67238,1.0,1.2948494e-11,0
67239,0.9999999,8.581955e-08,0
67240,1.0,1.4904315e-10,0
67241,1.0,6.4193513e-09,0
67242,1.0,1.510684e-09,0
67243,0.9999999,9.959571e-08,0
67244,0.9999999,1.1642675e-07,0
67245,0.9999999,1.6682262e-07,0
67246,1.0,1.2492078e-11,0
67247,1.0,1.954029e-11,0
67248,1.0,1.3897079e-12,0
67249,1.0,8.887695e-11,0
67250,1.0,3.002786e-08,0
67251,0.9999968,3.1625664e-06,0
67252,0.99999976,2.5747616e-07,0
67253,1.0,3.4850582e-09,0
67254,1.0,2.5266033e-08,0
67255,0.9999999,6.41879e-08,0
67256,0.9999988,1.1353936e-06,0
67257,0.99999976,2.1620588e-07,0
67258,0.99999976,2.7606254e-07,0
67259,1.0,1.9978671e-10,0
67260,0.99999976,2.1461831e-07,0
67261,0.99999976,2.781057e-07,0
67262,1.0,1.911182e-12,0
67263,1.0,1.5957638e-10,0
67264,0.9999999,6.047667e-08,0
67265,1.0,4.026655e-09,0
67266,1.0,2.7215687e-09,0
67267,1.0,6.4650485e-09,0
67268,0.99999976,2.0682992e-07,0
67269,1.0,6.4540114e-12,0
67270,0.9999994,5.6018797e-07,0
67271,1.0,6.746844e-11,0
67272,1.0,7.580482e-09,0
67273,0.9999999,1.4051759e-07,0
67274,1.0,1.1967916e-10,0
67275,0.9999999,7.6157015e-08,0
67276,0.9999995,4.5215702e-07,0
67277,1.0,3.650908e-10,0
67278,0.99999833,1.6735594e-06,0
67279,0.9999999,1.0334176e-07,0
67280,1.0,8.348194e-12,0
67281,1.0,8.444408e-12,0
67282,1.0,3.6427e-10,0
67283,0.9999999,6.570581e-08,0
67284,1.0,3.903214e-13,0
67285,1.0,7.098901e-11,0
67286,0.99999976,2.552981e-07,0
67287,1.0,2.4253609e-08,0
67288,0.999997,2.9362882e-06,0
67289,1.0,9.529406e-09,0
67290,1.0,4.5734727e-12,0
67291,1.0,2.854483e-12,0
67292,1.0,1.055073e-11,0
67293,1.0,4.938298e-12,0
67294,1.0,1.0207684e-11,0
67295,1.0,3.9576828e-10,0
67296,1.0,7.9827806e-13,0
67297,1.0,2.4859805e-08,0
67298,1.0,8.871871e-12,0
67299,1.0,3.4509104e-11,0
67300,1.0,4.11149e-12,0
67301,0.99999607,3.9811835e-06,0
67302,1.0,3.3697535e-08,0
67303,1.0,4.1059886e-12,0
67304,1.0,6.7650946e-10,0
67305,0.9999957,4.3265504e-06,0
67306,1.0,1.2072401e-12,0
67307,1.0,5.2922378e-14,0
67308,0.99999976,1.7967842e-07,0
67309,1.0,2.9991065e-11,0
67310,1.0,1.3938205e-11,0
67311,0.99999917,8.2703434e-07,0
67312,1.0,5.969742e-10,0
67313,1.0,2.0996453e-14,0
67314,1.0,6.559503e-11,0
67315,0.99999917,7.8389604e-07,0
67316,0.99999857,1.4313938e-06,0
67317,0.9999999,7.590497e-08,0
67318,0.9999999,1.2482668e-07,0
67319,1.0,3.8454303e-08,0
67320,1.0,2.9692403e-08,0
67321,1.0,1.7317698e-09,0
67322,1.0,1.3348251e-13,0
67323,1.0,2.5019502e-11,0
67324,1.0,2.1848398e-10,0
67325,0.9999994,6.3303804e-07,0
67326,1.0,1.9118108e-14,0
67327,1.0,1.06450764e-13,0
67328,1.0,1.2276622e-09,0
67329,0.9999989,1.0593142e-06,0
67330,1.0,3.2555986e-11,0
67331,1.0,6.275833e-11,0
67332,1.0,8.9683165e-13,0
67333,1.0,1.4507316e-12,0
67334,1.0,3.271213e-09,0
67335,1.0,4.4543382e-09,0
67336,0.99999976,2.369874e-07,0
67337,1.0,8.5454525e-11,0
67338,1.0,2.161956e-11,0
67339,1.0,5.8929944e-10,0
67340,1.0,6.4992206e-13,0
67341,1.0,9.9862965e-12,0
67342,1.0,1.2999681e-09,0
67343,1.0,4.475511e-12,0
67344,1.0,1.9814501e-10,0
67345,1.0,1.2276632e-11,0
67346,1.0,1.8179696e-13,0
67347,1.0,3.4983464e-12,0
67348,1.0,2.7047606e-09,0
67349,1.0,1.2495355e-09,0
67350,1.0,5.0330108e-11,0
67351,1.0,4.346766e-09,0
67352,1.0,3.5600173e-12,0
67353,1.0,2.9066521e-10,0
67354,1.0,1.179576e-12,0
67355,1.0,3.3215906e-14,0
67356,0.9999999,9.358757e-08,0
67357,1.0,5.507449e-13,0
67358,1.0,3.687358e-12,0
67359,1.0,1.2187713e-12,0
67360,1.0,9.729314e-10,0
67361,1.0,7.5428316e-11,0
67362,1.0,2.630167e-10,0
67363,0.9999999,8.846998e-08,0
67364,0.9999994,5.610365e-07,0
67365,1.0,2.2955858e-11,0
67366,1.0,1.7483159e-11,0
67367,1.0,2.5644624e-09,0
67368,1.0,2.8783337e-10,0
67369,0.99999964,3.6834018e-07,0
67370,1.0,3.08423e-09,0
67371,1.0,3.0925603e-12,0
67372,1.0,2.6671425e-13,0
67373,1.0,7.7161133e-10,0
67374,1.0,1.8627435e-09,0
67375,1.0,7.725479e-10,0
67376,1.0,6.316354e-10,0
67377,1.0,2.2966435e-09,0
67378,1.0,1.1346047e-10,0
67379,1.0,8.781604e-11,0
67380,1.0,3.9265054e-12,0
67381,1.0,1.1048311e-09,0
67382,1.0,5.389534e-09,0
67383,1.0,3.9259422e-09,0
67384,1.0,3.3522882e-10,0
67385,1.0,7.0757455e-11,0
67386,1.0,1.8383734e-11,0
67387,1.0,1.2063858e-09,0
67388,0.99999976,1.8270823e-07,0
67389,1.0,7.643324e-11,0
67390,1.0,3.4207522e-11,0
67391,1.0,7.62432e-12,0
67392,1.0,1.6943991e-08,0
67393,1.0,3.2473848e-09,0
67394,1.0,3.1079983e-13,0
67395,1.0,1.14842745e-11,0
67396,1.0,1.8839085e-11,0
67397,1.0,3.8908363e-10,0
67398,1.0,1.5100561e-09,0
67399,1.0,9.36598e-14,0
67400,1.0,5.4798934e-12,0
67401,1.0,4.960104e-12,0
67402,1.0,1.4532311e-10,0
67403,1.0,1.1558468e-10,0
67404,1.0,8.3918845e-09,0
67405,1.0,9.612058e-10,0
67406,1.0,1.192845e-09,0
67407,1.0,3.8986567e-11,0
67408,1.0,1.3680829e-10,0
67409,1.0,4.8603225e-14,0
67410,1.0,2.1603919e-09,0
67411,1.0,7.5846285e-10,0
67412,1.0,2.2752043e-10,0
67413,1.0,3.6972723e-13,0
67414,1.0,1.1619398e-12,0
67415,1.0,2.1091402e-08,0
67416,1.0,2.4671706e-12,0
67417,1.0,5.4167176e-10,0
67418,0.9999999,7.666712e-08,0
67419,1.0,6.2009574e-14,0
67420,1.0,1.9189872e-09,0
67421,1.0,3.812298e-11,0
67422,1.0,2.4685345e-09,0
67423,0.99999964,3.1947246e-07,0
67424,1.0,1.6139283e-13,0
67425,1.0,7.5469364e-10,0
67426,0.9999999,1.3046106e-07,0
67427,1.0,3.8945227e-12,0
67428,1.0,2.1517342e-10,0
67429,1.0,3.250647e-11,0
67430,1.0,7.647623e-12,0
67431,1.0,2.4236488e-09,0
67432,1.0,4.0771063e-12,0
67433,1.0,7.924515e-12,0
67434,1.0,3.9861565e-08,0
67435,1.0,6.671466e-13,0
67436,1.0,1.28115305e-08,0
67437,1.0,2.9749597e-12,0
67438,0.9999999,1.327094e-07,0
67439,1.0,1.828717e-08,0
67440,1.0,4.2760913e-11,0
67441,1.0,3.7501495e-09,0
67442,1.0,2.753084e-08,0
67443,1.0,7.816485e-10,0
67444,1.0,1.47036845e-08,0
67445,0.9999999,1.4552747e-07,0
67446,1.0,2.594935e-12,0
67447,1.0,3.1626904e-10,0
67448,1.0,3.306126e-09,0
67449,1.0,1.7542025e-10,0
67450,1.0,1.942755e-10,0
67451,1.0,2.362518e-11,0
67452,1.0,4.816437e-12,0
67453,1.0,1.2383007e-10,0
67454,1.0,8.1856394e-10,0
67455,1.0,2.944687e-10,0
67456,1.0,1.2946105e-10,0
67457,0.9999999,8.1028524e-08,0
67458,1.0,6.8850303e-12,0
67459,0.9999999,1.07588654e-07,0
67460,1.0,1.786358e-08,0
67461,1.0,3.186975e-09,0
67462,1.0,2.2369686e-09,0
67463,1.0,4.5785875e-12,0
67464,1.0,4.1909033e-12,0
67465,1.0,1.4935342e-09,0
67466,1.0,5.7535823e-11,0
67467,1.0,6.9656375e-10,0
67468,1.0,3.3191765e-11,0
67469,1.0,1.7302165e-11,0
67470,1.0,1.08246564e-10,0
67471,1.0,9.1420285e-09,0
67472,1.0,8.464989e-11,0
67473,1.0,2.8605111e-08,0
67474,0.9999994,6.4134184e-07,0
67475,1.0,2.4161853e-09,0
67476,1.0,3.582484e-11,0
67477,1.0,3.4325576e-10,0
67478,1.0,1.7946164e-11,0
67479,1.0,4.8891623e-11,0
67480,1.0,2.1118453e-08,0
67481,1.0,1.2644888e-09,0
67482,1.0,1.007962e-08,0
67483,1.0,8.522527e-09,0
67484,1.0,1.6098331e-17,0
67485,1.0,4.206301e-09,0
67486,1.0,9.227289e-09,0
67487,1.0,2.995371e-09,0
67488,1.0,1.6942312e-08,0
67489,0.9999999,1.04841696e-07,0
67490,0.99999905,9.2227333e-07,0
67491,1.0,3.0221114e-10,0
67492,1.0,1.198794e-08,0
67493,1.0,3.6734364e-09,0
67494,0.99999976,2.4471643e-07,0
67495,1.0,1.0502118e-12,0
67496,1.0,3.4238383e-08,0
67497,1.0,1.1386522e-10,0
67498,1.0,3.402099e-10,0
67499,1.0,6.6308015e-11,0
67500,1.0,1.1909991e-09,0
67501,1.0,1.4329723e-11,0
67502,0.9999995,5.215535e-07,0
67503,1.0,4.224813e-08,0
67504,1.0,5.1774816e-09,0
67505,1.0,1.1216375e-08,0
67506,1.0,1.907441e-13,0
67507,1.0,8.614845e-10,0
67508,1.0,3.8006997e-13,0
67509,1.0,5.4263474e-09,0
67510,1.0,7.028832e-10,0
67511,1.0,3.493622e-10,0
67512,0.9999999,6.184133e-08,0
67513,0.99999964,3.0160803e-07,0
67514,1.0,9.461664e-10,0
67515,1.0,1.479517e-08,0
67516,1.0,3.8251246e-11,0
67517,1.0,3.615128e-12,0
67518,0.9999999,6.131889e-08,0
67519,1.0,1.968045e-10,0
67520,1.0,7.207307e-12,0
67521,1.0,5.650486e-10,0
67522,1.0,8.3460366e-10,0
67523,1.0,5.2649815e-11,0
67524,0.9999999,7.1361356e-08,0
67525,1.0,9.416798e-10,0
67526,1.0,1.0017889e-11,0
67527,0.99999917,7.958572e-07,0
67528,1.0,3.5422482e-10,0
67529,0.9999999,1.4223689e-07,0
67530,1.0,7.535278e-12,0
67531,0.99999964,3.8094987e-07,0
67532,1.0,1.1074305e-09,0
67533,1.0,1.1882994e-08,0
67534,1.0,6.4492713e-09,0
67535,1.0,6.5370426e-12,0
67536,1.0,1.7062625e-08,0
67537,1.0,1.9064873e-10,0
67538,1.0,1.69504e-11,0
67539,1.0,5.7879046e-10,0
67540,1.0,1.1270175e-09,0
67541,1.0,6.4954e-14,0
67542,0.9999994,5.741713e-07,0
67543,0.9999999,1.3078818e-07,0
67544,1.0,4.476692e-11,0
67545,1.0,1.12370535e-13,0
67546,1.0,1.2134194e-13,0
67547,1.0,1.2542624e-14,0
67548,1.0,3.209934e-11,0
67549,1.0,5.7793397e-08,0
67550,1.0,6.721237e-10,0
67551,1.0,1.1965125e-11,0
67552,1.0,3.3897418e-13,0
67553,1.0,9.417589e-10,0
67554,1.0,3.5767317e-13,0
67555,0.99999917,7.904889e-07,0
67556,1.0,4.186623e-11,0
67557,1.0,5.6169978e-12,0
67558,1.0,6.552994e-13,0
67559,1.0,5.790058e-14,0
67560,1.0,5.6586775e-12,0
67561,1.0,7.1732204e-10,0
67562,1.0,7.925502e-11,0
67563,1.0,1.6706191e-09,0
67564,1.0,3.1601793e-08,0
67565,1.0,1.430993e-10,0
67566,1.0,1.8252694e-13,0
67567,1.0,8.312313e-13,0
67568,1.0,7.7302765e-12,0
67569,1.0,5.764712e-14,0
67570,1.0,1.2406138e-12,0
67571,1.0,1.3218393e-11,0
67572,1.0,2.9147174e-11,0
67573,1.0,2.1481134e-10,0
67574,1.0,2.2537864e-13,0
67575,1.0,4.9953943e-12,0
67576,1.0,1.7730809e-13,0
67577,1.0,4.097571e-12,0
67578,1.0,2.0301446e-11,0
67579,1.0,4.638717e-10,0
67580,1.0,7.6367124e-10,0
67581,1.0,2.6908942e-12,0
67582,1.0,1.5635088e-10,0
67583,1.0,4.518326e-13,0
67584,1.0,6.0269407e-12,0
67585,1.0,5.7197047e-12,0
67586,1.0,1.0208851e-11,0
67587,1.0,1.0787998e-12,0
67588,1.0,5.1178476e-12,0
67589,0.999997,2.965782e-06,0
67590,1.0,1.4935908e-13,0
67591,1.0,3.1238861e-12,0
67592,1.0,7.097308e-10,0
67593,1.0,5.6305072e-14,0
67594,1.0,2.637641e-11,0
67595,1.0,8.6280245e-12,0
67596,1.0,9.255778e-12,0
67597,1.0,5.6954685e-13,0
67598,0.9999999,1.0697398e-07,0
67599,1.0,3.5104157e-13,0
67600,1.0,1.8382392e-12,0
67601,1.0,3.1557836e-11,0
67602,1.0,1.966741e-12,0
67603,1.0,7.154688e-11,0
67604,0.9999989,1.0370642e-06,0
67605,1.0,4.5446763e-14,0
67606,0.9999995,5.137742e-07,0
67607,1.0,1.3971457e-10,0
67608,1.0,1.3570053e-12,0
67609,1.0,1.096035e-12,0
67610,1.0,2.966533e-09,0
67611,1.0,8.2258944e-10,0
67612,1.0,4.959059e-10,0
67613,1.0,4.8123856e-09,0
67614,1.0,1.2493882e-12,0
67615,1.0,1.4557627e-08,0
67616,1.0,1.5931926e-08,0
67617,1.0,1.2930705e-10,0
67618,1.0,1.6929226e-12,0
67619,1.0,8.1892343e-13,0
67620,1.0,2.1206832e-10,0
67621,1.0,1.1695363e-10,0
67622,1.0,1.1738998e-12,0
67623,1.0,9.189916e-12,0
67624,1.0,7.667259e-14,0
67625,1.0,5.394149e-10,0
67626,1.0,8.77191e-15,0
67627,1.0,8.3057276e-11,0
67628,1.0,9.133683e-12,0
67629,1.0,4.315605e-09,0
67630,1.0,3.853631e-12,0
67631,1.0,1.9215278e-14,0
67632,1.0,1.5499335e-10,0
67633,1.0,2.1360717e-11,0
67634,1.0,2.5409005e-14,0
67635,1.0,3.0429874e-13,0
67636,1.0,2.6980778e-09,0
67637,1.0,8.2825795e-12,0
67638,1.0,1.183052e-13,0
67639,1.0,1.3790451e-09,0
67640,1.0,9.956792e-13,0
67641,1.0,2.6963233e-13,0
67642,1.0,6.8987272e-12,0
67643,1.0,1.5314331e-09,0
67644,1.0,4.5835108e-14,0
67645,1.0,1.05576554e-11,0
67646,1.0,1.2022242e-08,0
67647,1.0,1.4545663e-12,0
67648,1.0,5.113354e-10,0
67649,1.0,3.5891473e-10,0
67650,1.0,2.1660897e-13,0
67651,1.0,5.962411e-11,0
67652,1.0,3.5732012e-12,0
67653,1.0,1.7809641e-10,0
67654,1.0,6.98934e-10,0
67655,1.0,6.986468e-12,0
67656,1.0,6.426524e-11,0
67657,1.0,3.103088e-13,0
67658,1.0,7.014785e-13,0
67659,0.99999857,1.4804523e-06,0
67660,1.0,1.7706875e-10,0
67661,1.0,6.6831644e-11,0
67662,1.0,1.5099352e-09,0
67663,1.0,2.9660918e-09,0
67664,1.0,2.8500574e-10,0
67665,1.0,2.6134223e-12,0
67666,1.0,4.262884e-14,0
67667,1.0,3.7023973e-12,0
67668,1.0,1.6549732e-10,0
67669,1.0,9.01872e-12,0
67670,1.0,2.659908e-13,0
67671,1.0,3.1344382e-12,0
67672,1.0,5.557517e-10,0
67673,1.0,2.4098983e-09,0
67674,1.0,8.497714e-15,0
67675,1.0,3.2697064e-11,0
67676,1.0,3.6746542e-10,0
67677,1.0,2.994821e-10,0
67678,1.0,3.3721498e-13,0
67679,1.0,9.191595e-13,0
67680,1.0,2.472422e-13,0
67681,1.0,4.528738e-10,0
67682,1.0,1.3623432e-11,0
67683,1.0,3.333108e-11,0
67684,1.0,7.1670317e-12,0
67685,1.0,9.456937e-10,0
67686,1.0,3.6919326e-12,0
67687,1.0,6.710265e-12,0
67688,1.0,1.0951711e-10,0
67689,1.0,8.688139e-11,0
67690,1.0,5.4883713e-14,0
67691,1.0,1.0435123e-09,0
67692,0.99999607,3.8841777e-06,0
67693,1.0,2.2193264e-10,0
67694,1.0,1.8420851e-13,0
67695,1.0,6.2333133e-12,0
67696,0.99999917,8.283873e-07,0
67697,1.0,1.72465e-09,0
67698,1.0,3.4258154e-13,0
67699,1.0,2.8655938e-09,0
67700,1.0,9.777472e-11,0
67701,1.0,2.382156e-11,0
67702,1.0,5.150406e-09,0
67703,1.0,7.241432e-10,0
67704,1.0,2.1990185e-12,0
67705,1.0,2.1206993e-10,0
67706,1.0,3.0225334e-13,0
67707,1.0,1.5369797e-11,0
67708,1.0,2.6718368e-13,0
67709,1.0,1.19160905e-11,0
67710,1.0,1.2974006e-11,0
67711,1.0,2.600974e-09,0
67712,1.0,5.3927836e-09,0
67713,1.0,1.32749905e-11,0
67714,1.0,2.5743814e-09,0
67715,1.0,1.7958568e-10,0
67716,1.0,3.3484267e-11,0
67717,0.9999995,4.41054e-07,0
67718,1.0,1.4024906e-14,0
67719,1.0,3.4938955e-10,0
67720,1.0,5.060756e-10,0
67721,1.0,3.589142e-13,0
67722,1.0,5.1686823e-12,0
67723,1.0,4.291644e-13,0
67724,1.0,7.2401374e-09,0
67725,1.0,8.5114457e-13,0
67726,1.0,7.893696e-12,0
67727,1.0,8.629839e-11,0
67728,1.0,5.853847e-12,0
67729,1.0,5.650034e-10,0
67730,1.0,1.1887726e-09,0
67731,1.0,3.613296e-11,0
67732,1.0,6.066979e-10,0
67733,1.0,2.037462e-10,0
67734,1.0,7.528832e-11,0
67735,1.0,2.0871849e-09,0
67736,1.0,1.4224835e-10,0
67737,1.0,1.5885622e-08,0
67738,1.0,3.741529e-11,0
67739,1.0,8.1056536e-11,0
67740,1.0,1.625229e-12,0
67741,1.0,5.846647e-09,0
67742,1.0,2.9974725e-10,0
67743,1.0,5.3723782e-11,0
67744,1.0,3.074754e-10,0
67745,1.0,1.8868188e-10,0
67746,1.0,2.7280558e-12,0
67747,1.0,3.9085037e-09,0
67748,1.0,3.6335247e-11,0
67749,1.0,3.4944435e-13,0
67750,1.0,1.0742953e-11,0
67751,1.0,1.5556124e-12,0
67752,1.0,6.2709275e-11,0
67753,0.99999976,2.5005068e-07,0
67754,0.9999999,5.9897296e-08,0
67755,1.0,3.437199e-12,0
67756,1.0,2.4752823e-12,0
67757,1.0,4.733021e-11,0
67758,1.0,1.4323268e-12,0
67759,1.0,4.2137853e-09,0
67760,0.9999994,5.982372e-07,0
67761,1.0,3.1515761e-09,0
67762,1.0,1.2074245e-12,0
67763,1.0,2.969257e-12,0
67764,1.0,2.8269667e-10,0
67765,1.0,5.1607966e-14,0
67766,1.0,2.5379523e-09,0
67767,1.0,2.5051305e-11,0
67768,1.0,5.1518054e-11,0
67769,1.0,1.0215704e-08,0
67770,1.0,5.652901e-10,0
67771,1.0,2.3360797e-12,0
67772,0.9999994,5.3817547e-07,0
67773,1.0,3.2076833e-10,0
67774,1.0,4.6569058e-11,0
67775,1.0,3.240235e-11,0
67776,0.9999999,1.6422844e-07,0
67777,1.0,8.973827e-09,0
67778,1.0,6.0321644e-11,0
67779,1.0,4.8177993e-11,0
67780,1.0,9.729504e-09,0
67781,1.0,4.0808725e-08,0
67782,1.0,8.1709767e-10,0
67783,1.0,6.819815e-11,0
67784,1.0,1.5433145e-13,0
67785,1.0,2.6288116e-11,0
67786,1.0,3.5349246e-14,0
67787,1.0,1.1792943e-09,0
67788,1.0,2.3438812e-12,0
67789,1.0,6.233004e-12,0
67790,1.0,4.9914253e-11,0
67791,1.0,4.094934e-10,0
67792,1.0,6.3209763e-12,0
67793,1.0,7.007239e-14,0
67794,1.0,6.571804e-10,0
67795,1.0,8.8171805e-12,0
67796,1.0,2.6642585e-10,0
67797,1.0,1.274676e-13,0
67798,1.0,8.461171e-13,0
67799,1.0,2.8456808e-09,0
67800,1.0,5.368256e-09,0
67801,1.0,1.7069836e-10,0
67802,1.0,2.2090764e-10,0
67803,1.0,4.2764707e-09,0
67804,1.0,6.6573885e-11,0
67805,1.0,7.48887e-12,0
67806,1.0,4.246735e-10,0
67807,0.9999999,7.274303e-08,0
67808,1.0,7.884104e-10,0
67809,1.0,2.7639516e-10,0
67810,0.99999785,2.170663e-06,0
67811,1.0,1.5091742e-10,0
67812,1.0,2.537115e-09,0
67813,1.0,7.3621135e-12,0
67814,1.0,3.934546e-10,0
67815,0.9999999,1.2818502e-07,0
67816,1.0,1.0067692e-11,0
67817,1.0,2.7510537e-11,0
67818,1.0,5.113991e-09,0
67819,1.0,1.926418e-08,0
67820,1.0,2.1433588e-09,0
67821,0.9999999,1.441091e-07,0
67822,1.0,6.165257e-11,0
67823,1.0,1.144277e-08,0
67824,0.9999969,3.0592428e-06,0
67825,1.0,7.072848e-10,0
67826,1.0,1.851655e-14,0
67827,1.0,4.6675347e-10,0
67828,1.0,6.339038e-12,0
67829,1.0,8.668471e-12,0
67830,1.0,3.5581543e-10,0
67831,1.0,2.2272933e-11,0
67832,1.0,1.6588707e-09,0
67833,1.0,4.4346245e-11,0
67834,1.0,4.5849105e-10,0
67835,1.0,3.1823202e-10,0
67836,1.0,1.5661419e-09,0
67837,1.0,1.8462445e-11,0
67838,1.0,5.276235e-13,0
67839,1.0,3.656565e-11,0
67840,1.0,8.7475555e-10,0
67841,1.0,1.9814445e-08,0
67842,1.0,1.7274137e-11,0
67843,1.0,1.8556523e-08,0
67844,1.0,6.4049893e-10,0
67845,1.0,9.01243e-11,0
67846,1.0,7.8403756e-10,0
67847,1.0,2.6970704e-12,0
67848,1.0,7.30594e-11,0
67849,0.9999981,1.8877801e-06,0
67850,1.0,7.654759e-12,0
67851,1.0,1.2281066e-10,0
67852,1.0,2.5523494e-10,0
67853,1.0,4.546784e-10,0
67854,1.0,5.672614e-13,0
67855,1.0,7.734026e-11,0
67856,1.0,8.854903e-11,0
67857,1.0,3.342863e-14,0
67858,1.0,5.5593564e-12,0
67859,1.0,3.1970707e-08,0
67860,0.9999994,5.525412e-07,0
67861,1.0,2.8005416e-13,0
67862,1.0,1.8584141e-09,0
67863,1.0,3.0048126e-09,0
67864,1.0,4.887424e-09,0
67865,1.0,2.995921e-08,0
67866,1.0,3.854778e-12,0
67867,1.0,1.0806456e-11,0
67868,1.0,5.8142244e-11,0
67869,1.0,2.6169288e-12,0
67870,1.0,7.47957e-10,0
67871,1.0,5.870017e-11,0
67872,1.0,1.9225084e-12,0
67873,1.0,8.9955016e-10,0
67874,1.0,2.2105118e-08,0
67875,1.0,2.2649457e-11,0
67876,1.0,3.0682894e-08,0
67877,1.0,1.0104854e-12,0
67878,1.0,1.4614493e-08,0
67879,1.0,9.970471e-14,0
67880,0.99999475,5.271378e-06,0
67881,1.0,4.3132456e-08,0
67882,1.0,2.0138485e-13,0
67883,1.0,8.1478384e-13,0
67884,1.0,1.432001e-13,0
67885,0.99999964,3.155482e-07,0
67886,1.0,1.6668499e-10,0
67887,1.0,1.7698873e-10,0
67888,1.0,4.2153888e-11,0
67889,1.0,5.4919562e-09,0
67890,1.0,2.1516488e-13,0
67891,0.99999976,2.3818467e-07,0
67892,0.99999976,2.8837337e-07,0
67893,1.0,1.0192985e-09,0
67894,1.0,1.0056807e-08,0
67895,1.0,3.1427593e-12,0
67896,1.0,4.0484171e-13,0
67897,1.0,1.13073145e-13,0
67898,1.0,1.1313385e-08,0
67899,1.0,7.365625e-12,0
67900,1.0,1.0524616e-12,0
67901,1.0,7.597862e-14,0
67902,1.0,1.3722944e-12,0
67903,1.0,9.420903e-12,0
67904,1.0,1.3411358e-10,0
67905,1.0,1.5314803e-12,0
67906,0.9999999,1.2628462e-07,0
67907,1.0,2.385973e-13,0
67908,1.0,4.4874076e-13,0
67909,1.0,4.847942e-11,0
67910,0.99995947,4.0490264e-05,0
67911,0.9999999,9.891192e-08,0
67912,0.99999976,2.3207676e-07,0
67913,1.0,7.7062295e-10,0
67914,1.0,1.4250177e-13,0
67915,1.0,6.0779967e-13,0
67916,1.0,3.322627e-12,0
67917,1.0,2.728485e-14,0
67918,1.0,2.7093828e-12,0
67919,1.0,1.263402e-12,0
67920,1.0,7.6510834e-15,0
67921,1.0,2.8247756e-12,0
67922,1.0,6.6484266e-12,0
67923,1.0,7.361849e-15,0
67924,1.0,8.6441915e-14,0
67925,1.0,4.4692867e-11,0
67926,1.0,5.908498e-12,0
67927,1.0,1.1376552e-11,0
67928,1.0,1.0725203e-11,0
67929,1.0,9.557975e-11,0
67930,1.0,4.856007e-13,0
67931,0.9999999,6.024631e-08,0
67932,1.0,3.077124e-10,0
67933,1.0,8.689054e-14,0
67934,1.0,1.4017105e-13,0
67935,1.0,4.553419e-12,0
67936,1.0,8.6101997e-13,0
67937,1.0,2.5738486e-11,0
67938,1.0,8.1557906e-15,0
67939,1.0,1.2733663e-13,0
67940,1.0,8.434947e-11,0
67941,1.0,2.4839564e-12,0
67942,1.0,5.6306983e-11,0
67943,1.0,3.622612e-11,0
67944,1.0,3.5777705e-12,0
67945,1.0,5.6705404e-12,0
67946,1.0,3.1467163e-13,0
67947,0.99999774,2.3009345e-06,0
67948,1.0,4.3353396e-09,0
67949,1.0,9.183639e-13,0
67950,1.0,2.2225827e-11,0
67951,0.999995,5.054027e-06,0
67952,1.0,1.3187596e-11,0
67953,1.0,9.6473544e-11,0
67954,1.0,1.2994846e-13,0
67955,1.0,1.7981816e-13,0
67956,1.0,8.1119295e-12,0
67957,1.0,3.1603116e-12,0
67958,1.0,1.5281372e-11,0
67959,1.0,2.362598e-12,0
67960,1.0,2.3792713e-12,0
67961,1.0,2.5725565e-12,0
67962,1.0,2.0139704e-14,0
67963,1.0,2.4868861e-12,0
67964,1.0,1.9033306e-13,0
67965,1.0,1.0905145e-10,0
67966,1.0,5.252649e-13,0
67967,1.0,2.493658e-13,0
67968,1.0,1.0022542e-13,0
67969,1.0,6.9975636e-12,0
67970,1.0,8.631852e-10,0
67971,1.0,1.7878978e-13,0
67972,1.0,5.1723438e-11,0
67973,1.0,7.127603e-13,0
67974,1.0,3.6005962e-11,0
67975,1.0,8.528826e-15,0
67976,1.0,1.0279029e-12,0
67977,1.0,4.091854e-12,0
67978,1.0,7.692377e-15,0
67979,1.0,9.721345e-12,0
67980,1.0,2.1464741e-11,0
67981,1.0,1.2354926e-11,0
67982,1.0,9.861721e-10,0
67983,1.0,1.1030686e-13,0
67984,1.0,4.7033256e-14,0
67985,1.0,6.405468e-13,0
67986,1.0,8.26779e-12,0
67987,1.0,1.1313572e-13,0
67988,1.0,2.2105947e-13,0
67989,1.0,3.8786533e-11,0
67990,1.0,4.8013212e-12,0
67991,1.0,2.6930376e-14,0
67992,1.0,4.5091553e-10,0
67993,1.0,1.2100476e-13,0
67994,1.0,4.025591e-11,0
67995,1.0,1.725442e-10,0
67996,1.0,1.8341756e-13,0
67997,1.0,1.932148e-11,0
67998,1.0,2.5294346e-11,0
67999,1.0,4.272015e-11,0
68000,1.0,1.3801496e-10,0
68001,1.0,3.5409983e-10,0
68002,1.0,3.9687777e-11,0
68003,1.0,2.5031694e-13,0
68004,1.0,9.955882e-13,0
68005,1.0,6.6637247e-12,0
68006,1.0,1.6749384e-10,0
68007,1.0,7.771808e-15,0
68008,1.0,9.78794e-11,0
68009,1.0,9.050788e-12,0
68010,1.0,9.005032e-13,0
68011,1.0,1.4529137e-12,0
68012,1.0,8.597227e-15,0
68013,1.0,3.304835e-12,0
68014,0.9999989,1.0692333e-06,0
68015,1.0,3.3764508e-12,0
68016,1.0,5.2804993e-11,0
68017,1.0,2.4509283e-12,0
68018,1.0,3.7886342e-13,0
68019,1.0,4.4013877e-12,0
68020,1.0,1.3737722e-11,0
68021,1.0,3.9666343e-08,0
68022,1.0,2.3054123e-13,0
68023,0.9999988,1.2348299e-06,0
68024,1.0,2.5015389e-08,0
68025,1.0,9.6490056e-12,0
68026,0.9999999,6.371317e-08,0
68027,0.9999999,1.3053062e-07,0
68028,1.0,1.6567957e-10,0
68029,0.9999995,4.5571466e-07,0
68030,1.0,1.4567285e-09,0
68031,1.0,3.8243714e-12,0
68032,1.0,2.6856786e-09,0
68033,1.0,1.0581222e-11,0
68034,1.0,5.9808595e-12,0
68035,1.0,4.8757564e-13,0
68036,1.0,7.654609e-13,0
68037,1.0,1.2650328e-11,0
68038,1.0,1.3401052e-10,0
68039,1.0,1.1293452e-10,0
68040,1.0,1.1157106e-11,0
68041,1.0,7.4005985e-10,0
68042,1.0,2.5652815e-11,0
68043,1.0,1.29158e-09,0
68044,1.0,5.1542403e-12,0
68045,1.0,1.4841849e-10,0
68046,1.0,1.7235065e-08,0
68047,1.0,1.352072e-10,0
68048,1.0,7.612222e-14,0
68049,1.0,3.6783618e-11,0
68050,1.0,5.9602705e-12,0
68051,1.0,2.8746439e-12,0
68052,1.0,2.3643752e-11,0
68053,1.0,1.5295391e-12,0
68054,1.0,1.6766041e-13,0
68055,1.0,6.116838e-10,0
68056,1.0,1.7715726e-10,0
68057,1.0,8.323724e-12,0
68058,1.0,3.6155278e-12,0
68059,1.0,5.4928115e-14,0
68060,1.0,5.0706253e-12,0
68061,1.0,4.3075453e-13,0
68062,1.0,1.498607e-10,0
68063,1.0,9.308834e-13,0
68064,1.0,1.3641127e-09,0
68065,1.0,3.7231607e-12,0
68066,0.99999356,6.440082e-06,0
68067,1.0,2.5025324e-11,0
68068,1.0,3.3170988e-12,0
68069,0.99997616,2.3861261e-05,0
68070,1.0,7.790524e-11,0
68071,1.0,8.975932e-13,0
68072,1.0,9.283784e-12,0
68073,1.0,4.275518e-12,0
68074,1.0,1.9452799e-10,0
68075,1.0,1.3345815e-12,0
68076,1.0,9.95309e-13,0
68077,1.0,1.9031898e-12,0
68078,1.0,6.691969e-10,0
68079,1.0,1.8245508e-11,0
68080,1.0,3.0900367e-12,0
68081,1.0,3.0129272e-09,0
68082,1.0,1.6771601e-10,0
68083,1.0,1.4592905e-12,0
68084,1.0,3.958598e-13,0
68085,1.0,9.837707e-11,0
68086,1.0,7.447063e-12,0
68087,1.0,3.253063e-13,0
68088,1.0,6.1946715e-13,0
68089,0.99999356,6.469124e-06,0
68090,1.0,7.273127e-11,0
68091,1.0,1.8595743e-12,0
68092,1.0,4.4052744e-09,0
68093,1.0,1.0283947e-09,0
68094,1.0,9.432546e-10,0
68095,1.0,2.9869194e-14,0
68096,1.0,4.885625e-13,0
68097,1.0,3.4665548e-13,0
68098,1.0,8.438291e-12,0
68099,1.0,6.935011e-11,0
68100,1.0,1.8215076e-08,0
68101,1.0,9.496631e-10,0
68102,1.0,8.565213e-11,0
68103,1.0,1.7789126e-11,0
68104,1.0,6.870462e-14,0
68105,0.99999845,1.535932e-06,0
68106,1.0,3.9357695e-10,0
68107,0.9999999,7.4086266e-08,0
68108,1.0,3.1619185e-10,0
68109,1.0,2.2480904e-08,0
68110,1.0,9.264976e-09,0
68111,1.0,5.0295948e-11,0
68112,1.0,9.990483e-13,0
68113,1.0,1.0248822e-12,0
68114,1.0,1.1423231e-08,0
68115,0.99999785,2.091192e-06,0
68116,0.99999464,5.33896e-06,0
68117,1.0,3.196054e-11,0
68118,0.9999962,3.8169387e-06,0
68119,0.99999607,3.97362e-06,0
68120,0.99999774,2.3216762e-06,0
68121,1.0,2.2093619e-11,0
68122,0.9999988,1.1600375e-06,0
68123,0.9999993,7.7452563e-07,0
68124,1.0,1.2828977e-10,0
68125,1.0,1.5481595e-08,0
68126,1.0,1.0332712e-12,0
68127,1.0,4.6995728e-12,0
68128,1.0,3.3736172e-09,0
68129,0.99999976,1.9233639e-07,0
68130,1.0,4.6284777e-12,0
68131,1.0,9.204008e-11,0
68132,1.0,9.934088e-09,0
68133,1.0,5.7649628e-11,0
68134,0.99999416,5.7930188e-06,0
68135,1.0,8.386968e-10,0
68136,1.0,1.5837904e-09,0
68137,0.99999845,1.5716032e-06,0
68138,1.0,8.1430605e-11,0
68139,1.0,1.4557322e-08,0
68140,1.0,2.2568033e-08,0
68141,1.0,4.1315718e-10,0
68142,1.0,6.187893e-13,0
68143,0.9999999,6.862742e-08,0
68144,1.0,1.1684571e-10,0
68145,1.0,8.353852e-11,0
68146,0.9999995,4.3274977e-07,0
68147,1.0,5.168806e-10,0
68148,0.99998915,1.0893434e-05,0
68149,1.0,7.845406e-09,0
68150,0.99999917,8.59037e-07,0
68151,1.0,7.5229346e-14,0
68152,0.9999993,6.854277e-07,0
68153,1.0,4.4430642e-08,0
68154,0.9999825,1.7525741e-05,0
68155,0.9999999,7.010174e-08,0
68156,0.9999951,4.940027e-06,0
68157,1.0,2.3406592e-09,0
68158,1.0,1.6379299e-11,0
68159,0.99999976,2.7822188e-07,0
68160,1.0,2.2625302e-09,0
68161,1.0,1.6764835e-12,0
68162,0.9999914,8.545123e-06,0
68163,0.9999975,2.5250579e-06,0
68164,1.0,3.0819187e-09,0
68165,1.0,1.5055006e-09,0
68166,1.0,1.10348175e-08,0
68167,1.0,3.1141003e-08,0
68168,1.0,9.865996e-13,0
68169,1.0,3.7076466e-09,0
68170,1.0,9.323902e-13,0
68171,1.0,6.1547265e-12,0
68172,0.9999999,1.06396286e-07,0
68173,1.0,4.3113717e-11,0
68174,1.0,9.799428e-11,0
68175,1.0,4.788024e-12,0
68176,1.0,2.1580063e-10,0
68177,0.999992,7.943937e-06,0
68178,1.0,3.5573078e-09,0
68179,0.9999999,7.774162e-08,0
68180,1.0,1.6236452e-09,0
68181,1.0,2.6706184e-10,0
68182,1.0,6.215369e-10,0
68183,0.99999595,4.10991e-06,0
68184,0.9999989,1.0219796e-06,0
68185,0.9999951,4.877048e-06,0
68186,0.99997747,2.2522043e-05,0
68187,0.9999845,1.5494199e-05,0
68188,1.0,1.6610934e-09,0
68189,0.9999987,1.2934365e-06,0
68190,1.0,3.4820037e-08,0
68191,1.0,3.266088e-09,0
68192,1.0,1.0099807e-12,0
68193,0.99999726,2.789317e-06,0
68194,1.0,2.1660787e-08,0
68195,1.0,1.5356099e-09,0
68196,1.0,6.492044e-10,0
68197,0.99999774,2.2718214e-06,0
68198,1.0,1.1419304e-09,0
68199,0.99999166,8.300438e-06,0
68200,0.9999976,2.3959312e-06,0
68201,0.99999785,2.1090493e-06,0
68202,0.99999905,9.957993e-07,0
68203,0.999992,7.931069e-06,0
68204,1.0,1.634189e-10,0
68205,1.0,1.2314437e-11,0
68206,1.0,1.7135304e-10,0
68207,0.9999999,1.212063e-07,0
68208,0.9999999,1.770116e-07,0
68209,1.0,8.1528295e-09,0
68210,0.999998,2.0516607e-06,0
68211,1.0,2.7702743e-10,0
68212,1.0,1.965619e-09,0
68213,0.99998105,1.893544e-05,0
68214,0.9999999,1.366124e-07,0
68215,1.0,7.806495e-12,0
68216,1.0,3.6065172e-13,0
68217,0.999995,4.9884434e-06,0
68218,1.0,9.049684e-12,0
68219,0.9999958,4.137225e-06,0
68220,0.9999976,2.3441978e-06,0
68221,0.99999154,8.424897e-06,0
68222,1.0,3.2577993e-10,0
68223,1.0,5.7769498e-11,0
68224,0.99999905,9.025712e-07,0
68225,1.0,8.8423244e-12,0
68226,0.9999989,1.0851944e-06,0
68227,1.0,9.627263e-11,0
68228,0.9999999,1.2261071e-07,0
68229,1.0,3.9176686e-13,0
68230,1.0,1.8270965e-11,0
68231,0.9999999,8.5081886e-08,0
68232,0.9999963,3.6564702e-06,0
68233,1.0,1.0403628e-08,0
68234,1.0,1.9318858e-08,0
68235,1.0,6.401744e-09,0
68236,1.0,1.4037453e-11,0
68237,1.0,1.4667271e-08,0
68238,1.0,2.4756424e-11,0
68239,0.99999964,3.8546906e-07,0
68240,0.9999628,3.721658e-05,0
68241,1.0,3.103528e-08,0
68242,1.0,2.8920324e-09,0
68243,0.9999995,4.9680017e-07,0
68244,1.0,7.132428e-10,0
68245,0.99999523,4.731142e-06,0
68246,1.0,1.5321627e-10,0
68247,0.9999999,6.948328e-08,0
68248,1.0,3.1525996e-08,0
68249,0.9999982,1.7579491e-06,0
68250,1.0,1.1462971e-09,0
68251,0.9999963,3.7259786e-06,0
68252,0.9999887,1.1324219e-05,0
68253,1.0,1.0782199e-08,0
68254,1.0,3.2284295e-10,0
68255,0.9998443,0.00015566351,0
68256,0.99999917,8.4389967e-07,0
68257,0.99999833,1.6321525e-06,0
68258,0.9999999,1.7687492e-07,0
68259,1.0,1.41967e-10,0
68260,1.0,7.413094e-12,0
68261,1.0,2.0979054e-09,0
68262,0.9999999,8.024475e-08,0
68263,0.9999999,6.796762e-08,0
68264,1.0,2.2126462e-08,0
68265,1.0,2.618929e-10,0
68266,1.0,1.7381194e-10,0
68267,1.0,1.00354685e-14,0
68268,1.0,7.787355e-12,0
68269,1.0,2.688507e-13,0
68270,1.0,7.18327e-10,0
68271,1.0,1.2888975e-09,0
68272,1.0,4.9025627e-11,0
68273,1.0,9.2102416e-11,0
68274,1.0,5.2403732e-12,0
68275,1.0,8.1467195e-13,0
68276,1.0,2.6834008e-12,0
68277,1.0,5.0105926e-13,0
68278,1.0,4.8588976e-13,0
68279,1.0,2.1235789e-12,0
68280,1.0,2.263773e-13,0
68281,1.0,1.3184885e-10,0
68282,1.0,2.7250202e-11,0
68283,1.0,7.750155e-14,0
68284,1.0,3.8664837e-13,0
68285,1.0,3.1136338e-10,0
68286,1.0,6.842222e-12,0
68287,1.0,4.773505e-13,0
68288,1.0,1.5779955e-12,0
68289,1.0,3.5868344e-10,0
68290,1.0,6.108091e-11,0
68291,1.0,1.116298e-11,0
68292,1.0,5.702852e-12,0
68293,1.0,1.604804e-11,0
68294,0.9999999,7.2760095e-08,0
68295,1.0,3.3160887e-11,0
68296,1.0,1.0420171e-12,0
68297,1.0,1.1114075e-11,0
68298,1.0,4.006896e-09,0
68299,1.0,1.8218894e-12,0
68300,1.0,4.643353e-11,0
68301,1.0,1.2112303e-12,0
68302,1.0,3.5211437e-10,0
68303,1.0,9.5698e-10,0
68304,1.0,4.19053e-11,0
68305,1.0,5.1712535e-13,0
68306,1.0,2.6275808e-13,0
68307,1.0,1.9254516e-12,0
68308,1.0,1.6475111e-11,0
68309,1.0,6.499457e-09,0
68310,1.0,1.3844385e-11,0
68311,1.0,2.937858e-11,0
68312,1.0,2.1612634e-11,0
68313,1.0,6.2834837e-12,0
68314,1.0,3.921747e-11,0
68315,1.0,1.5789373e-09,0
68316,1.0,1.2362409e-13,0
68317,1.0,2.0984496e-09,0
68318,0.9999993,7.4896826e-07,0
68319,1.0,7.542856e-12,0
68320,1.0,1.3781851e-13,0
68321,1.0,4.464734e-12,0
68322,1.0,4.3170707e-09,0
68323,1.0,2.0132842e-09,0
68324,1.0,5.217074e-09,0
68325,1.0,1.1804274e-11,0
68326,1.0,3.8539232e-13,0
68327,0.9999999,8.391312e-08,0
68328,1.0,3.1185196e-10,0
68329,1.0,3.3163576e-09,0
68330,1.0,5.336629e-09,0
68331,0.9999883,1.169074e-05,0
68332,1.0,6.485503e-12,0
68333,1.0,2.149097e-10,0
68334,1.0,1.3369655e-13,0
68335,1.0,5.8338805e-13,0
68336,1.0,5.7214743e-11,0
68337,1.0,5.6421133e-08,0
68338,1.0,1.7505992e-10,0
68339,1.0,9.051743e-11,0
68340,1.0,1.9863295e-12,0
68341,1.0,7.892834e-13,0
68342,1.0,3.47598e-11,0
68343,1.0,7.1758056e-14,0
68344,1.0,1.3090785e-11,0
68345,1.0,1.5448336e-10,0
68346,1.0,1.2438155e-11,0
68347,1.0,1.7476616e-12,0
68348,0.9999962,3.8708663e-06,0
68349,1.0,1.0863075e-12,0
68350,1.0,2.1050538e-11,0
68351,1.0,4.5523786e-11,0
68352,1.0,1.1684565e-11,0
68353,1.0,1.908867e-10,0
68354,1.0,1.16257934e-10,0
68355,1.0,2.0833426e-09,0
68356,1.0,3.7160305e-12,0
68357,1.0,1.4233845e-10,0
68358,1.0,2.8085739e-11,0
68359,1.0,6.025118e-14,0
68360,1.0,3.458852e-14,0
68361,0.99999976,2.1495794e-07,0
68362,0.9999999,1.09046404e-07,0
68363,1.0,1.2072817e-12,0
68364,1.0,5.961765e-14,0
68365,0.9999999,1.3424378e-07,0
68366,1.0,1.3001261e-10,0
68367,1.0,3.4938955e-10,0
68368,1.0,3.422165e-13,0
68369,1.0,6.8936766e-12,0
68370,1.0,4.517876e-14,0
68371,1.0,5.6753853e-13,0
68372,1.0,2.9430934e-13,0
68373,0.9999982,1.8025045e-06,0
68374,1.0,2.3091465e-11,0
68375,1.0,7.2194524e-13,0
68376,1.0,2.3600543e-11,0
68377,0.99999976,2.1232213e-07,0
68378,1.0,1.3905734e-14,0
68379,1.0,2.5695686e-13,0
68380,1.0,1.8686845e-11,0
68381,1.0,7.921085e-12,0
68382,1.0,3.5681595e-13,0
68383,1.0,9.985301e-13,0
68384,1.0,1.5076515e-11,0
68385,1.0,1.7338438e-11,0
68386,1.0,1.0221088e-11,0
68387,1.0,9.8945695e-12,0
68388,1.0,3.88836e-13,0
68389,1.0,1.3405238e-11,0
68390,1.0,2.2031877e-08,0
68391,1.0,2.1149702e-11,0
68392,1.0,2.7254072e-13,0
68393,1.0,7.4451946e-14,0
68394,1.0,8.783449e-14,0
68395,1.0,4.67521e-12,0
68396,1.0,1.5621053e-13,0
68397,1.0,1.8826134e-13,0
68398,1.0,2.2249885e-14,0
68399,1.0,3.8420754e-14,0
68400,1.0,7.775983e-09,0
68401,1.0,8.110095e-14,0
68402,1.0,4.1072455e-14,0
68403,1.0,3.1310428e-13,0
68404,1.0,1.4177709e-13,0
68405,1.0,1.6081238e-13,0
68406,1.0,3.8979816e-14,0
68407,1.0,4.753562e-13,0
68408,1.0,2.4144493e-12,0
68409,1.0,5.1248167e-14,0
68410,1.0,8.146999e-13,0
68411,1.0,2.653487e-10,0
68412,1.0,3.5660793e-12,0
68413,1.0,4.591546e-13,0
68414,1.0,9.8234416e-14,0
68415,1.0,4.6356252e-12,0
68416,1.0,2.4611487e-13,0
68417,1.0,4.5089938e-13,0
68418,1.0,3.826166e-12,0
68419,1.0,6.157726e-14,0
68420,1.0,3.1954352e-09,0
68421,1.0,3.1919067e-10,0
68422,1.0,2.6389971e-13,0
68423,1.0,3.2026916e-12,0
68424,1.0,4.8656093e-14,0
68425,1.0,3.679895e-13,0
68426,1.0,1.9014322e-10,0
68427,1.0,4.4965304e-10,0
68428,1.0,8.7880576e-14,0
68429,1.0,9.531431e-11,0
68430,1.0,6.6170615e-13,0
68431,1.0,3.8047784e-08,0
68432,1.0,2.8159048e-12,0
68433,1.0,3.601355e-13,0
68434,1.0,1.5802319e-10,0
68435,1.0,1.1017825e-08,0
68436,1.0,6.146983e-12,0
68437,1.0,1.9445232e-10,0
68438,1.0,2.3138715e-12,0
68439,1.0,4.5756628e-12,0
68440,1.0,8.3592594e-10,0
68441,1.0,2.8305895e-12,0
68442,1.0,7.7819023e-13,0
68443,1.0,1.0449992e-11,0
68444,1.0,7.950449e-12,0
68445,1.0,7.707622e-11,0
68446,1.0,2.862342e-14,0
68447,1.0,4.1574032e-11,0
68448,0.9999999,8.1311384e-08,0
68449,1.0,1.4965189e-10,0
68450,1.0,5.6798896e-13,0
68451,1.0,3.2910087e-12,0
68452,1.0,9.391811e-14,0
68453,1.0,1.3763514e-13,0
68454,1.0,5.026137e-13,0
68455,1.0,3.4668013e-12,0
68456,1.0,3.6054792e-09,0
68457,1.0,1.3893971e-13,0
68458,1.0,1.1034275e-11,0
68459,1.0,3.5579658e-13,0
68460,1.0,3.3739433e-10,0
68461,1.0,5.6737262e-14,0
68462,1.0,7.8181364e-11,0
68463,1.0,1.648849e-09,0
68464,1.0,2.4904555e-12,0
68465,1.0,2.2538132e-12,0
68466,1.0,4.3965234e-11,0
68467,1.0,7.446274e-14,0
68468,1.0,2.1982756e-09,0
68469,1.0,4.0496896e-14,0
68470,1.0,4.2723531e-13,0
68471,0.9999999,8.190005e-08,0
68472,1.0,4.2337464e-10,0
68473,1.0,7.892846e-10,0
68474,1.0,1.1274937e-11,0
68475,1.0,3.4345057e-12,0
68476,1.0,5.1722524e-12,0
68477,1.0,5.0458332e-11,0
68478,1.0,1.0883363e-11,0
68479,1.0,1.144648e-12,0
68480,1.0,5.749587e-12,0
68481,1.0,4.294367e-11,0
68482,1.0,3.0452287e-13,0
68483,1.0,1.5180529e-12,0
68484,1.0,1.3328999e-12,0
68485,1.0,4.6277412e-10,0
68486,1.0,5.436484e-11,0
68487,1.0,3.7454667e-13,0
68488,1.0,6.9422566e-13,0
68489,1.0,2.5814357e-14,0
68490,1.0,1.5250312e-10,0
68491,1.0,3.2069675e-10,0
68492,1.0,1.7622969e-11,0
68493,1.0,1.1532071e-09,0
68494,1.0,1.1433475e-12,0
68495,1.0,1.1182256e-09,0
68496,1.0,2.3498198e-13,0
68497,1.0,1.8941454e-14,0
68498,1.0,3.8576906e-12,0
68499,1.0,5.9653914e-11,0
68500,1.0,1.3109676e-11,0
68501,1.0,2.5729638e-12,0
68502,1.0,9.860648e-14,0
68503,1.0,1.108966e-11,0
68504,1.0,4.13976e-10,0
68505,1.0,8.3627646e-11,0
68506,1.0,4.620577e-11,0
68507,1.0,3.9212387e-11,0
68508,1.0,6.840385e-11,0
68509,1.0,4.9247906e-12,0
68510,1.0,2.8374287e-11,0
68511,1.0,6.7859975e-12,0
68512,1.0,1.3636228e-10,0
68513,1.0,9.73282e-14,0
68514,1.0,7.415631e-14,0
68515,1.0,2.0423215e-14,0
68516,1.0,1.8420035e-10,0
68517,1.0,5.297624e-13,0
68518,1.0,1.5636196e-13,0
68519,1.0,1.458754e-11,0
68520,1.0,3.2395282e-09,0
68521,1.0,1.6252832e-10,0
68522,1.0,2.6142497e-12,0
68523,1.0,3.5513453e-11,0
68524,1.0,3.7626427e-10,0
68525,0.9999975,2.54696e-06,0
68526,1.0,1.5670719e-12,0
68527,1.0,6.247716e-12,0
68528,1.0,2.0269593e-12,0
68529,1.0,3.9295902e-13,0
68530,1.0,1.1423602e-08,0
68531,1.0,2.7750309e-12,0
68532,1.0,1.274822e-09,0
68533,1.0,2.7980673e-11,0
68534,1.0,1.5572809e-12,0
68535,1.0,1.3804359e-11,0
68536,1.0,4.235168e-10,0
68537,1.0,1.7265563e-12,0
68538,1.0,3.83953e-12,0
68539,1.0,1.7861355e-13,0
68540,1.0,3.5168701e-09,0
68541,1.0,6.290574e-11,0
68542,1.0,4.303825e-13,0
68543,1.0,5.8369864e-09,0
68544,1.0,4.2006963e-13,0
68545,1.0,2.4815993e-11,0
68546,1.0,5.069694e-13,0
68547,1.0,2.1369915e-12,0
68548,1.0,3.585777e-12,0
68549,1.0,8.50311e-12,0
68550,1.0,4.189297e-08,0
68551,1.0,3.385248e-11,0
68552,1.0,1.8958037e-11,0
68553,1.0,4.2791284e-10,0
68554,1.0,9.524217e-11,0
68555,1.0,4.6963853e-11,0
68556,1.0,1.3652858e-14,0
68557,1.0,3.87184e-10,0
68558,1.0,1.7014955e-11,0
68559,1.0,4.09444e-11,0
68560,1.0,2.0433433e-09,0
68561,1.0,6.76273e-11,0
68562,1.0,1.3978178e-13,0
68563,1.0,3.0663923e-09,0
68564,1.0,2.1649861e-10,0
68565,0.99999905,1.0023964e-06,0
68566,1.0,3.3752772e-13,0
68567,1.0,4.3964666e-14,0
68568,1.0,2.8067433e-14,0
68569,1.0,8.281738e-13,0
68570,1.0,9.717717e-11,0
68571,1.0,3.9452223e-11,0
68572,1.0,3.0584484e-09,0
68573,1.0,1.3620684e-10,0
68574,1.0,5.603376e-12,0
68575,1.0,1.1369854e-14,0
68576,1.0,1.4802757e-09,0
68577,1.0,7.9373845e-13,0
68578,1.0,6.0827835e-14,0
68579,1.0,8.178796e-12,0
68580,1.0,2.0364798e-13,0
68581,1.0,2.2020039e-11,0
68582,1.0,4.245386e-12,0
68583,1.0,1.4779249e-10,0
68584,1.0,3.24605e-11,0
68585,1.0,2.7249644e-10,0
68586,1.0,2.337953e-11,0
68587,1.0,2.6792598e-11,0
68588,1.0,2.8842483e-13,0
68589,1.0,1.690909e-12,0
68590,1.0,1.7753037e-10,0
68591,1.0,1.05267384e-13,0
68592,1.0,3.6137477e-09,0
68593,1.0,2.2078937e-13,0
68594,1.0,2.7470583e-11,0
68595,1.0,4.0987765e-11,0
68596,1.0,5.326751e-10,0
68597,1.0,2.3250433e-11,0
68598,1.0,2.4253446e-10,0
68599,1.0,2.540518e-10,0
68600,1.0,1.3436256e-12,0
68601,1.0,9.883404e-12,0
68602,1.0,7.046603e-14,0
68603,1.0,4.079977e-12,0
68604,1.0,2.7611573e-11,0
68605,1.0,1.4876523e-12,0
68606,1.0,4.904216e-08,0
68607,1.0,2.1775966e-10,0
68608,1.0,5.2399214e-09,0
68609,1.0,4.9494507e-13,0
68610,1.0,1.957923e-12,0
68611,1.0,5.8522696e-13,0
68612,1.0,2.2320212e-12,0
68613,1.0,3.0974094e-14,0
68614,1.0,1.622792e-11,0
68615,1.0,2.6591992e-12,0
68616,1.0,5.1402943e-10,0
68617,1.0,1.7072104e-11,0
68618,1.0,1.8405487e-11,0
68619,1.0,1.90867e-14,0
68620,1.0,2.21341e-12,0
68621,1.0,1.01170926e-10,0
68622,0.99999976,1.9989218e-07,0
68623,1.0,4.888127e-11,0
68624,1.0,1.1111287e-09,0
68625,1.0,3.658187e-09,0
68626,1.0,1.3905524e-10,0
68627,1.0,1.1223842e-12,0
68628,1.0,9.0316345e-11,0
68629,1.0,3.588983e-10,0
68630,1.0,8.1364165e-11,0
68631,1.0,2.2589899e-09,0
68632,1.0,7.402147e-11,0
68633,1.0,3.0426508e-13,0
68634,1.0,1.0244396e-10,0
68635,1.0,4.5325705e-12,0
68636,1.0,1.1455593e-11,0
68637,1.0,2.0621e-14,0
68638,1.0,1.0452219e-12,0
68639,1.0,3.6623882e-10,0
68640,1.0,3.4056374e-10,0
68641,1.0,2.3487199e-15,0
68642,1.0,1.2535356e-10,0
68643,1.0,1.5067286e-11,0
68644,1.0,2.8601552e-09,0
68645,1.0,5.357277e-14,0
68646,1.0,3.2501436e-12,0
68647,1.0,1.0439706e-12,0
68648,1.0,3.991798e-10,0
68649,1.0,8.011984e-11,0
68650,0.99999917,8.3416813e-07,0
68651,1.0,9.904776e-10,0
68652,1.0,2.3604764e-12,0
68653,1.0,3.0772284e-11,0
68654,1.0,3.845699e-13,0
68655,1.0,1.6525151e-11,0
68656,1.0,3.6983865e-13,0
68657,1.0,1.24058845e-11,0
68658,1.0,3.83378e-11,0
68659,1.0,1.8697737e-13,0
68660,1.0,6.703891e-13,0
68661,1.0,5.992781e-12,0
68662,1.0,7.451223e-13,0
68663,1.0,1.2383609e-12,0
68664,1.0,3.8498423e-11,0
68665,1.0,4.142159e-11,0
68666,1.0,3.4270327e-12,0
68667,1.0,1.5869539e-12,0
68668,1.0,1.2059371e-13,0
68669,1.0,3.126686e-13,0
68670,1.0,2.4008438e-11,0
68671,1.0,1.358021e-11,0
68672,1.0,7.316171e-12,0
68673,1.0,1.7626324e-12,0
68674,1.0,1.885518e-12,0
68675,1.0,7.4803496e-15,0
68676,1.0,1.4585746e-09,0
68677,1.0,2.8379768e-14,0
68678,1.0,5.4393593e-14,0
68679,1.0,1.66977e-11,0
68680,1.0,5.450724e-13,0
68681,1.0,4.090137e-12,0
68682,1.0,4.1544622e-11,0
68683,1.0,5.871545e-13,0
68684,0.99999964,3.0030841e-07,0
68685,1.0,6.686319e-13,0
68686,1.0,2.3542617e-09,0
68687,1.0,6.058451e-12,0
68688,1.0,1.3283558e-10,0
68689,1.0,2.6329037e-13,0
68690,1.0,7.760077e-11,0
68691,1.0,7.3703017e-09,0
68692,1.0,4.6992145e-12,0
68693,1.0,8.5830626e-13,0
68694,1.0,5.836524e-11,0
68695,1.0,6.492787e-10,0
68696,1.0,2.0460637e-11,0
68697,1.0,3.102714e-10,0
68698,1.0,3.566724e-13,0
68699,1.0,9.2120686e-11,0
68700,1.0,3.738793e-13,0
68701,1.0,3.2987357e-10,0
68702,1.0,4.6245044e-13,0
68703,1.0,2.413579e-12,0
68704,1.0,3.3972988e-11,0
68705,1.0,3.17234e-13,0
68706,1.0,4.9383195e-11,0
68707,1.0,2.2523866e-12,0
68708,1.0,6.5079345e-11,0
68709,1.0,7.24783e-10,0
68710,1.0,1.5932016e-12,0
68711,1.0,2.0129816e-12,0
68712,1.0,1.2047146e-12,0
68713,1.0,3.396589e-13,0
68714,1.0,1.5903901e-12,0
68715,1.0,1.7130687e-11,0
68716,1.0,3.1907574e-13,0
68717,1.0,6.7647496e-09,0
68718,1.0,4.874667e-10,0
68719,1.0,1.0268251e-12,0
68720,1.0,4.618755e-14,0
68721,1.0,1.8169626e-11,0
68722,1.0,2.6823452e-13,0
68723,1.0,5.314038e-13,0
68724,1.0,1.1710056e-09,0
68725,1.0,1.07125775e-13,0
68726,1.0,3.8133867e-12,0
68727,1.0,1.743095e-11,0
68728,1.0,5.539288e-12,0
68729,1.0,3.748991e-09,0
68730,1.0,1.3504418e-12,0
68731,1.0,5.010999e-11,0
68732,1.0,5.40203e-12,0
68733,1.0,1.3001808e-10,0
68734,1.0,1.8606386e-12,0
68735,1.0,4.441581e-12,0
68736,1.0,1.5469224e-12,0
68737,1.0,2.8642042e-10,0
68738,1.0,8.0224744e-11,0
68739,1.0,7.03156e-12,0
68740,1.0,1.220941e-10,0
68741,1.0,5.695555e-13,0
68742,1.0,1.6468319e-12,0
68743,1.0,5.201358e-12,0
68744,1.0,3.8920104e-13,0
68745,1.0,1.370823e-10,0
68746,1.0,1.5386244e-12,0
68747,1.0,7.382359e-09,0
68748,1.0,8.78572e-12,0
68749,1.0,3.4884064e-11,0
68750,1.0,4.7372474e-11,0
68751,1.0,2.5932093e-11,0
68752,1.0,1.1361525e-11,0
68753,1.0,3.7098055e-12,0
68754,1.0,1.8105177e-11,0
68755,1.0,3.6320942e-09,0
68756,1.0,5.2596417e-11,0
68757,1.0,4.9964352e-11,0
68758,1.0,3.5092432e-10,0
68759,1.0,1.7552189e-11,0
68760,1.0,9.2537744e-10,0
68761,1.0,2.4223026e-10,0
68762,1.0,1.9238988e-12,0
68763,1.0,1.5607222e-11,0
68764,1.0,1.482153e-11,0
68765,1.0,1.8577044e-10,0
68766,1.0,4.4652517e-13,0
68767,1.0,1.455705e-11,0
68768,1.0,1.7268065e-12,0
68769,1.0,2.2357028e-08,0
68770,1.0,3.550898e-11,0
68771,1.0,6.3718644e-12,0
68772,1.0,3.34058e-11,0
68773,1.0,6.0770905e-10,0
68774,1.0,2.6755487e-10,0
68775,1.0,2.2613501e-11,0
68776,1.0,3.24449e-11,0
68777,1.0,2.8887144e-12,0
68778,1.0,3.6995634e-10,0
68779,1.0,8.2296333e-13,0
68780,1.0,3.1117426e-12,0
68781,1.0,1.6376987e-11,0
68782,1.0,6.636438e-13,0
68783,1.0,8.7244604e-14,0
68784,1.0,1.6304917e-12,0
68785,1.0,6.35623e-12,0
68786,1.0,1.2743801e-12,0
68787,1.0,1.2541592e-11,0
68788,1.0,4.2661317e-13,0
68789,1.0,6.586134e-10,0
68790,1.0,2.2798848e-12,0
68791,1.0,3.7019967e-11,0
68792,1.0,3.2745477e-12,0
68793,1.0,3.820205e-10,0
68794,1.0,4.4575295e-11,0
68795,1.0,1.068068e-11,0
68796,1.0,8.676763e-11,0
68797,1.0,4.4578695e-11,0
68798,1.0,2.0022609e-11,0
68799,1.0,9.361868e-11,0
68800,1.0,5.9335495e-11,0
68801,1.0,5.8881995e-13,0
68802,1.0,7.901322e-11,0
68803,1.0,8.9249045e-13,0
68804,1.0,5.2768494e-13,0
68805,1.0,1.5298842e-11,0
68806,1.0,2.028672e-13,0
68807,1.0,4.2373274e-09,0
68808,1.0,3.9424238e-11,0
68809,1.0,1.6789773e-11,0
68810,1.0,7.3769324e-11,0
68811,1.0,1.1323266e-09,0
68812,1.0,4.3164076e-11,0
68813,1.0,1.6096896e-12,0
68814,1.0,1.41188675e-11,0
68815,1.0,1.4823218e-12,0
68816,1.0,6.991484e-11,0
68817,1.0,4.626463e-13,0
68818,1.0,4.6550207e-12,0
68819,1.0,1.5027492e-13,0
68820,1.0,1.4794244e-11,0
68821,1.0,1.22637665e-14,0
68822,1.0,3.2273195e-11,0
68823,1.0,1.3513649e-11,0
68824,1.0,3.126245e-13,0
68825,1.0,2.685467e-10,0
68826,1.0,8.955185e-14,0
68827,1.0,7.433376e-10,0
68828,1.0,3.0600584e-13,0
68829,1.0,5.358381e-14,0
68830,1.0,5.546961e-13,0
68831,1.0,1.3983039e-12,0
68832,1.0,1.1084817e-11,0
68833,1.0,1.1309198e-08,0
68834,1.0,3.1758807e-10,0
68835,1.0,3.53637e-09,0
68836,1.0,8.8975526e-14,0
68837,1.0,3.1917938e-12,0
68838,1.0,3.2343184e-12,0
68839,1.0,3.6839176e-10,0
68840,1.0,4.493285e-12,0
68841,1.0,8.0762586e-14,0
68842,1.0,2.355735e-09,0
68843,1.0,7.6257994e-13,0
68844,1.0,7.487938e-09,0
68845,1.0,7.296271e-12,0
68846,1.0,3.7297216e-08,0
68847,1.0,9.14979e-13,0
68848,1.0,1.2345161e-13,0
68849,1.0,8.980355e-12,0
68850,0.99999857,1.4494369e-06,0
68851,1.0,1.7022147e-09,0
68852,1.0,4.927464e-10,0
68853,0.9999957,4.2719016e-06,0
68854,1.0,8.646484e-10,0
68855,1.0,9.786487e-14,0
68856,1.0,3.1755235e-10,0
68857,1.0,8.5986825e-12,0
68858,1.0,2.9286042e-11,0
68859,1.0,2.4039012e-10,0
68860,1.0,3.7459545e-12,0
68861,1.0,2.3982522e-12,0
68862,0.99999976,2.8636236e-07,0
68863,1.0,1.9188052e-08,0
68864,1.0,2.265355e-12,0
68865,1.0,4.2185096e-11,0
68866,1.0,1.025418e-12,0
68867,1.0,7.033133e-11,0
68868,1.0,4.641471e-13,0
68869,1.0,3.8976435e-12,0
68870,1.0,2.7854897e-11,0
68871,1.0,1.6298357e-12,0
68872,1.0,9.3606366e-11,0
68873,1.0,7.0080985e-13,0
68874,1.0,1.2825461e-09,0
68875,1.0,7.692363e-11,0
68876,1.0,1.5415185e-11,0
68877,1.0,2.9802123e-09,0
68878,1.0,4.156579e-11,0
68879,1.0,1.7151755e-17,0
68880,1.0,3.6140717e-09,0
68881,1.0,1.4262497e-09,0
68882,1.0,7.803436e-10,0
68883,1.0,1.0431266e-12,0
68884,1.0,1.7411529e-09,0
68885,1.0,1.1214626e-11,0
68886,1.0,5.5518966e-12,0
68887,1.0,2.5609697e-11,0
68888,1.0,2.8934837e-09,0
68889,1.0,1.8682035e-11,0
68890,1.0,7.542231e-10,0
68891,1.0,3.132362e-10,0
68892,1.0,1.6946108e-10,0
68893,1.0,2.0419175e-09,0
68894,1.0,1.2820667e-09,0
68895,1.0,6.1307985e-13,0
68896,1.0,2.354605e-11,0
68897,1.0,1.0742558e-12,0
68898,1.0,3.1524148e-11,0
68899,1.0,4.4988122e-10,0
68900,1.0,2.6470354e-11,0
68901,1.0,3.3474494e-11,0
68902,1.0,1.0034537e-09,0
68903,1.0,3.2129142e-09,0
68904,1.0,2.9654565e-10,0
68905,1.0,7.091911e-13,0
68906,1.0,1.5431071e-11,0
68907,1.0,4.571083e-12,0
68908,1.0,1.5874314e-13,0
68909,1.0,4.158406e-13,0
68910,1.0,2.1767347e-12,0
68911,1.0,5.759226e-11,0
68912,1.0,2.3255434e-12,0
68913,1.0,3.3688473e-12,0
68914,1.0,5.9932235e-13,0
68915,1.0,2.9679533e-13,0
68916,1.0,1.5068781e-11,0
68917,1.0,2.1105707e-10,0
68918,1.0,1.4581338e-11,0
68919,1.0,2.4204725e-11,0
68920,1.0,8.9058394e-10,0
68921,1.0,3.827772e-12,0
68922,1.0,1.5894895e-12,0
68923,1.0,6.918384e-13,0
68924,1.0,1.854114e-11,0
68925,1.0,1.5263356e-09,0
68926,1.0,1.8599584e-11,0
68927,1.0,5.1971036e-12,0
68928,1.0,3.449037e-10,0
68929,1.0,3.4122332e-12,0
68930,1.0,3.835923e-11,0
68931,1.0,6.2873867e-10,0
68932,1.0,5.139488e-11,0
68933,1.0,1.35895375e-11,0
68934,1.0,5.371786e-14,0
68935,1.0,1.1394207e-11,0
68936,1.0,3.7277724e-12,0
68937,1.0,5.455353e-09,0
68938,1.0,7.1757314e-12,0
68939,1.0,4.3494482e-11,0
68940,1.0,3.291762e-12,0
68941,1.0,1.1172876e-09,0
68942,1.0,7.831187e-13,0
68943,1.0,7.922868e-12,0
68944,1.0,2.3764955e-12,0
68945,1.0,1.3358701e-12,0
68946,1.0,7.493756e-12,0
68947,1.0,6.7984086e-12,0
68948,1.0,1.524421e-13,0
68949,1.0,2.4881222e-10,0
68950,1.0,1.959491e-13,0
68951,1.0,5.1774913e-09,0
68952,1.0,7.717121e-12,0
68953,1.0,1.4029491e-09,0
68954,1.0,2.2762186e-11,0
68955,1.0,9.714405e-10,0
68956,1.0,6.0875254e-12,0
68957,1.0,1.6654118e-08,0
68958,1.0,1.1889431e-12,0
68959,1.0,1.4374083e-13,0
68960,1.0,5.055577e-13,0
68961,1.0,6.639027e-11,0
68962,1.0,4.584792e-12,0
68963,1.0,2.8719147e-12,0
68964,1.0,8.430874e-12,0
68965,1.0,6.194312e-11,0
68966,1.0,6.6413764e-13,0
68967,1.0,3.401364e-11,0
68968,1.0,1.7612217e-11,0
68969,1.0,1.6507951e-11,0
68970,1.0,1.7448457e-10,0
68971,1.0,2.6365331e-12,0
68972,1.0,7.056573e-13,0
68973,1.0,1.1697186e-11,0
68974,1.0,4.3187833e-13,0
68975,1.0,6.559619e-10,0
68976,1.0,2.0925482e-11,0
68977,1.0,3.3269962e-12,0
68978,1.0,3.607954e-10,0
68979,1.0,4.1284975e-11,0
68980,1.0,5.3590254e-10,0
68981,1.0,2.958021e-11,0
68982,1.0,2.8022277e-11,0
68983,1.0,2.4540228e-10,0
68984,1.0,3.4217068e-10,0
68985,1.0,1.2917721e-09,0
68986,1.0,1.3867653e-13,0
68987,1.0,7.14945e-11,0
68988,1.0,2.2038304e-12,0
68989,1.0,3.2019373e-10,0
68990,1.0,1.3245052e-10,0
68991,1.0,4.891777e-10,0
68992,1.0,1.5245555e-12,0
68993,1.0,1.9340652e-11,0
68994,1.0,1.7785683e-09,0
68995,1.0,3.2035787e-11,0
68996,1.0,1.15303435e-11,0
68997,1.0,2.6165459e-11,0
68998,1.0,7.676112e-14,0
68999,1.0,4.0191774e-11,0
69000,1.0,1.2257079e-10,0
69001,1.0,1.1839669e-12,0
69002,1.0,4.366586e-12,0
69003,1.0,4.3149898e-12,0
69004,1.0,5.2067254e-13,0
69005,1.0,3.072421e-10,0
69006,1.0,3.843787e-12,0
69007,1.0,6.42527e-12,0
69008,1.0,2.1042229e-11,0
69009,1.0,1.5156532e-10,0
69010,1.0,1.4261346e-10,0
69011,1.0,1.1937498e-11,0
69012,1.0,8.86738e-10,0
69013,1.0,1.0832913e-11,0
69014,1.0,2.887819e-14,0
69015,1.0,2.1888084e-12,0
69016,1.0,8.237006e-11,0
69017,1.0,1.4949275e-13,0
69018,1.0,2.0635009e-10,0
69019,1.0,1.2144587e-10,0
69020,1.0,9.202256e-10,0
69021,1.0,4.1880588e-12,0
69022,1.0,9.400285e-11,0
69023,1.0,1.4809716e-11,0
69024,1.0,1.0828156e-12,0
69025,1.0,5.2645946e-13,0
69026,1.0,1.947136e-10,0
69027,1.0,1.191225e-11,0
69028,1.0,4.816283e-11,0
69029,1.0,2.2182546e-11,0
69030,1.0,2.9056846e-12,0
69031,1.0,1.8887271e-10,0
69032,1.0,1.1810692e-11,0
69033,1.0,2.267855e-11,0
69034,1.0,1.6188612e-13,0
69035,1.0,1.7214161e-09,0
69036,1.0,1.6536083e-12,0
69037,1.0,4.1937523e-11,0
69038,1.0,1.0929788e-12,0
69039,1.0,1.5728348e-10,0
69040,1.0,8.830704e-10,0
69041,1.0,6.6101395e-12,0
69042,1.0,2.3563963e-12,0
69043,1.0,2.5393624e-12,0
69044,1.0,6.801498e-11,0
69045,1.0,1.5025902e-11,0
69046,1.0,1.6261184e-09,0
69047,1.0,8.3182085e-14,0
69048,1.0,4.6190563e-13,0
69049,1.0,7.032489e-11,0
69050,1.0,3.2800207e-10,0
69051,1.0,2.9876764e-11,0
69052,1.0,9.4317715e-14,0
69053,1.0,1.188924e-10,0
69054,1.0,2.3072282e-10,0
69055,1.0,1.5849332e-12,0
69056,1.0,1.4218791e-13,0
69057,0.99999976,2.2581126e-07,0
69058,1.0,8.694903e-11,0
69059,1.0,4.5908846e-11,0
69060,1.0,1.1478389e-10,0
69061,1.0,3.1672804e-09,0
69062,1.0,4.745495e-11,0
69063,1.0,6.949036e-14,0
69064,1.0,1.2393999e-13,0
69065,1.0,4.1756156e-12,0
69066,1.0,4.180144e-11,0
69067,1.0,4.2668646e-09,0
69068,1.0,9.374783e-12,0
69069,1.0,1.7648728e-12,0
69070,1.0,2.7075618e-14,0
69071,1.0,1.7428699e-10,0
69072,1.0,4.702523e-12,0
69073,1.0,2.5096367e-10,0
69074,1.0,6.922532e-12,0
69075,1.0,4.761284e-13,0
69076,1.0,4.629659e-13,0
69077,1.0,3.188408e-10,0
69078,1.0,7.955364e-12,0
69079,1.0,2.6759428e-09,0
69080,1.0,4.5669895e-11,0
69081,1.0,2.8813132e-12,0
69082,1.0,9.161699e-13,0
69083,1.0,1.7789107e-13,0
69084,1.0,3.8965325e-10,0
69085,1.0,1.0257447e-12,0
69086,1.0,3.6942555e-13,0
69087,1.0,9.535001e-10,0
69088,1.0,1.6374192e-09,0
69089,1.0,5.3837724e-12,0
69090,1.0,1.1258079e-09,0
69091,1.0,3.9075136e-12,0
69092,1.0,1.0373772e-11,0
69093,1.0,1.2519651e-11,0
69094,1.0,1.029265e-11,0
69095,1.0,8.213337e-10,0
69096,1.0,8.8270163e-10,0
69097,1.0,8.405513e-10,0
69098,1.0,6.99076e-12,0
69099,1.0,7.6414985e-12,0
69100,1.0,6.7696313e-12,0
69101,1.0,5.302003e-12,0
69102,1.0,1.1774378e-09,0
69103,0.9999999,1.517941e-07,0
69104,1.0,2.0847737e-09,0
69105,1.0,4.790676e-11,0
69106,1.0,4.1513198e-10,0
69107,1.0,7.791214e-13,0
69108,1.0,9.614147e-10,0
69109,1.0,6.421255e-11,0
69110,1.0,1.1830548e-12,0
69111,1.0,7.414274e-14,0
69112,1.0,6.6853315e-11,0
69113,1.0,6.5887223e-10,0
69114,1.0,4.702744e-13,0
69115,1.0,4.3989748e-10,0
69116,1.0,2.5190183e-13,0
69117,1.0,9.63095e-12,0
69118,1.0,2.0964903e-08,0
69119,1.0,4.1804247e-14,0
69120,1.0,4.8462224e-11,0
69121,1.0,3.858724e-14,0
69122,1.0,1.3988236e-09,0
69123,1.0,1.4243338e-08,0
69124,1.0,3.6429554e-11,0
69125,1.0,4.1527548e-13,0
69126,1.0,2.861287e-11,0
69127,1.0,6.649473e-10,0
69128,1.0,6.6278137e-12,0
69129,0.99999535,4.6812656e-06,0
69130,1.0,1.095287e-12,0
69131,1.0,4.714358e-09,0
69132,1.0,6.543071e-11,0
69133,1.0,2.5629339e-11,0
69134,1.0,3.3928855e-13,0
69135,1.0,7.969017e-12,0
69136,1.0,1.3265334e-09,0
69137,1.0,1.1182239e-12,0
69138,1.0,2.2768428e-12,0
69139,1.0,1.663645e-10,0
69140,1.0,3.815064e-10,0
69141,1.0,2.8473553e-11,0
69142,1.0,3.329434e-08,0
69143,1.0,2.3170162e-12,0
69144,1.0,7.931468e-09,0
69145,1.0,1.6866968e-11,0
69146,1.0,2.0851476e-09,0
69147,1.0,5.772197e-13,0
69148,1.0,7.439514e-11,0
69149,1.0,4.0074576e-11,0
69150,1.0,1.1057987e-13,0
69151,1.0,9.984659e-12,0
69152,1.0,6.8635234e-13,0
69153,1.0,3.5517411e-13,0
69154,1.0,3.7252753e-13,0
69155,1.0,2.0298544e-11,0
69156,0.99999845,1.4946484e-06,0
69157,1.0,1.8007094e-11,0
69158,1.0,7.427307e-11,0
69159,1.0,1.14182094e-10,0
69160,1.0,6.1587575e-11,0
69161,1.0,6.5144114e-13,0
69162,1.0,2.8094407e-08,0
69163,1.0,1.0715619e-10,0
69164,1.0,1.5231351e-11,0
69165,1.0,1.5690519e-12,0
69166,1.0,5.514365e-13,0
69167,1.0,6.616406e-09,0
69168,1.0,3.523799e-13,0
69169,1.0,5.949566e-10,0
69170,1.0,3.333612e-10,0
69171,1.0,3.203898e-14,0
69172,1.0,2.4399298e-12,0
69173,1.0,2.2961266e-13,0
69174,1.0,8.6782526e-11,0
69175,1.0,4.0294032e-10,0
69176,1.0,2.0246981e-13,0
69177,1.0,1.2849627e-13,0
69178,1.0,8.636035e-10,0
69179,1.0,2.02689e-12,0
69180,1.0,2.0574033e-12,0
69181,1.0,8.534697e-12,0
69182,1.0,2.6116072e-13,0
69183,1.0,2.839678e-13,0
69184,1.0,6.808712e-12,0
69185,1.0,7.582358e-10,0
69186,1.0,7.840918e-09,0
69187,1.0,2.8096882e-11,0
69188,1.0,7.0710196e-12,0
69189,1.0,2.603154e-12,0
69190,1.0,1.240653e-10,0
69191,1.0,9.274771e-13,0
69192,1.0,9.4939594e-12,0
69193,1.0,1.7158213e-12,0
69194,1.0,5.806015e-14,0
69195,1.0,1.0210594e-13,0
69196,1.0,1.930788e-08,0
69197,1.0,3.6160164e-09,0
69198,1.0,6.227891e-13,0
69199,1.0,1.1892745e-08,0
69200,1.0,2.228378e-10,0
69201,1.0,2.0955585e-12,0
69202,1.0,1.150185e-12,0
69203,1.0,1.5183137e-12,0
69204,1.0,2.472756e-10,0
69205,1.0,7.2737476e-12,0
69206,1.0,2.947714e-11,0
69207,1.0,3.7065503e-13,0
69208,1.0,3.069442e-12,0
69209,1.0,5.0548975e-11,0
69210,1.0,2.6626787e-10,0
69211,1.0,1.8895512e-11,0
69212,1.0,8.772751e-14,0
69213,1.0,2.6652e-13,0
69214,1.0,1.5171665e-13,0
69215,1.0,2.9872635e-09,0
69216,1.0,1.1890037e-13,0
69217,1.0,1.2084642e-11,0
69218,1.0,4.7198904e-13,0
69219,1.0,2.060097e-12,0
69220,1.0,3.2287294e-11,0
69221,1.0,1.2198835e-11,0
69222,0.99999964,3.1623745e-07,0
69223,1.0,1.7750615e-08,0
69224,1.0,1.1743383e-09,0
69225,1.0,1.8411375e-12,0
69226,1.0,7.234774e-11,0
69227,1.0,5.0576272e-11,0
69228,1.0,4.6135016e-09,0
69229,1.0,2.8221004e-11,0
69230,1.0,7.005305e-13,0
69231,1.0,4.1679327e-14,0
69232,1.0,9.555382e-12,0
69233,1.0,2.189154e-09,0
69234,1.0,3.0223907e-12,0
69235,1.0,3.9658114e-11,0
69236,1.0,2.3761068e-11,0
69237,1.0,2.0073389e-11,0
69238,1.0,1.8850947e-11,0
69239,1.0,5.9843374e-13,0
69240,1.0,9.0766335e-12,0
69241,1.0,2.2552852e-11,0
69242,1.0,7.257302e-11,0
69243,1.0,5.15966e-12,0
69244,1.0,2.1151021e-12,0
69245,1.0,3.5268988e-13,0
69246,1.0,2.9851612e-13,0
69247,1.0,4.812032e-11,0
69248,1.0,6.5202043e-13,0
69249,1.0,6.8268985e-10,0
69250,1.0,2.660682e-11,0
69251,1.0,1.1730135e-12,0
69252,1.0,2.1289494e-11,0
69253,1.0,2.6466027e-10,0
69254,1.0,1.5947293e-10,0
69255,1.0,4.8015042e-12,0
69256,1.0,4.953699e-10,0
69257,1.0,9.194835e-10,0
69258,1.0,3.7733385e-09,0
69259,1.0,3.1805275e-08,0
69260,1.0,7.176149e-10,0
69261,1.0,2.0703497e-09,0
69262,1.0,1.4982532e-09,0
69263,1.0,4.1347075e-11,0
69264,1.0,2.3541379e-11,0
69265,1.0,1.6172864e-10,0
69266,1.0,8.261205e-11,0
69267,1.0,1.3061412e-10,0
69268,1.0,6.161915e-12,0
69269,1.0,3.4865572e-11,0
69270,1.0,5.9093433e-12,0
69271,1.0,3.5826246e-09,0
69272,1.0,3.243995e-11,0
69273,1.0,4.116063e-09,0
69274,1.0,2.5933045e-14,0
69275,1.0,1.8956997e-10,0
69276,1.0,9.1232064e-11,0
69277,1.0,1.2854892e-10,0
69278,1.0,2.53408e-11,0
69279,1.0,1.12160434e-10,0
69280,1.0,3.1329814e-11,0
69281,1.0,6.6492445e-10,0
69282,1.0,7.9260687e-13,0
69283,1.0,3.6711075e-11,0
69284,1.0,6.0468436e-10,0
69285,1.0,1.44051385e-11,0
69286,0.9999999,1.09939606e-07,0
69287,1.0,7.7478646e-10,0
69288,1.0,1.1854204e-11,0
69289,1.0,9.8744776e-11,0
69290,1.0,6.330097e-12,0
69291,1.0,6.661446e-13,0
69292,1.0,3.8414216e-11,0
69293,1.0,2.0226527e-09,0
69294,1.0,1.5753004e-13,0
69295,1.0,2.6086212e-12,0
69296,1.0,8.41212e-14,0
69297,1.0,4.7196838e-09,0
69298,1.0,2.7391436e-10,0
69299,1.0,1.8134553e-11,0
69300,1.0,8.866792e-13,0
69301,1.0,3.0628992e-11,0
69302,1.0,7.709574e-12,0
69303,1.0,1.4280992e-11,0
69304,1.0,6.4007605e-11,0
69305,1.0,9.46194e-13,0
69306,1.0,1.6671836e-10,0
69307,1.0,5.6765304e-10,0
69308,1.0,1.3616593e-12,0
69309,1.0,3.1181193e-11,0
69310,1.0,8.600065e-11,0
69311,1.0,1.2297356e-10,0
69312,1.0,3.275243e-11,0
69313,1.0,2.5063396e-11,0
69314,1.0,4.8685875e-11,0
69315,1.0,5.246754e-12,0
69316,1.0,6.0756766e-10,0
69317,1.0,4.3110077e-12,0
69318,1.0,3.8090509e-10,0
69319,1.0,6.7184873e-12,0
69320,1.0,2.7914052e-14,0
69321,1.0,4.559952e-13,0
69322,1.0,4.7807236e-12,0
69323,1.0,1.3964862e-12,0
69324,1.0,3.1804637e-10,0
69325,1.0,2.0519864e-13,0
69326,1.0,5.9042904e-10,0
69327,1.0,9.479842e-09,0
69328,1.0,4.558752e-13,0
69329,1.0,3.505388e-11,0
69330,1.0,5.865884e-12,0
69331,1.0,1.6251437e-14,0
69332,1.0,2.6120095e-10,0
69333,1.0,4.938925e-10,0
69334,1.0,5.3693946e-12,0
69335,1.0,4.4570003e-12,0
69336,1.0,3.3887209e-09,0
69337,1.0,4.2592535e-13,0
69338,1.0,6.095306e-13,0
69339,1.0,6.831245e-11,0
69340,1.0,1.7137878e-11,0
69341,1.0,1.136367e-11,0
69342,1.0,9.569909e-10,0
69343,1.0,4.091778e-11,0
69344,0.9999999,1.00069656e-07,0
69345,1.0,1.6995123e-09,0
69346,1.0,1.0688397e-12,0
69347,1.0,1.416375e-11,0
69348,1.0,2.6938716e-09,0
69349,1.0,8.4934935e-13,0
69350,1.0,3.4470666e-12,0
69351,1.0,2.995121e-08,0
69352,1.0,2.3885928e-08,0
69353,1.0,1.610446e-11,0
69354,1.0,5.961407e-12,0
69355,1.0,1.1486317e-10,0
69356,1.0,6.4851173e-09,0
69357,1.0,6.8259543e-12,0
69358,1.0,4.3199183e-10,0
69359,1.0,1.4492107e-12,0
69360,1.0,9.844416e-13,0
69361,1.0,1.5051259e-11,0
69362,1.0,5.420213e-13,0
69363,1.0,9.5246346e-11,0
69364,1.0,4.707017e-09,0
69365,1.0,5.0460643e-11,0
69366,1.0,6.713424e-13,0
69367,1.0,5.7600333e-13,0
69368,1.0,5.081525e-13,0
69369,1.0,1.5100178e-10,0
69370,1.0,2.9463172e-13,0
69371,1.0,1.9976137e-12,0
69372,1.0,3.156929e-10,0
69373,1.0,8.7838026e-10,0
69374,1.0,1.0019107e-12,0
69375,1.0,5.771696e-11,0
69376,1.0,3.5861385e-09,0
69377,1.0,1.420242e-13,0
69378,1.0,2.6517944e-12,0
69379,1.0,8.589827e-13,0
69380,1.0,6.683317e-11,0
69381,1.0,9.182443e-14,0
69382,1.0,2.9160507e-08,0
69383,1.0,8.509316e-10,0
69384,1.0,6.558718e-10,0
69385,1.0,2.0524034e-11,0
69386,1.0,1.3087858e-12,0
69387,1.0,2.439882e-13,0
69388,1.0,2.0449137e-10,0
69389,1.0,1.4468243e-12,0
69390,1.0,1.8590718e-11,0
69391,1.0,5.3616894e-08,0
69392,1.0,5.6829547e-10,0
69393,1.0,2.7875133e-12,0
69394,1.0,5.5117866e-10,0
69395,1.0,2.1496676e-13,0
69396,1.0,9.944968e-13,0
69397,1.0,1.6001825e-11,0
69398,1.0,1.2704583e-08,0
69399,1.0,6.2797337e-12,0
69400,1.0,4.585448e-12,0
69401,0.99999964,3.5422525e-07,0
69402,1.0,1.855884e-10,0
69403,1.0,2.484229e-10,0
69404,1.0,2.8256552e-11,0
69405,1.0,4.7401553e-12,0
69406,1.0,1.81588e-13,0
69407,1.0,3.075726e-11,0
69408,1.0,1.1421329e-13,0
69409,1.0,9.080668e-12,0
69410,1.0,1.1649483e-13,0
69411,1.0,2.9655925e-10,0
69412,1.0,1.506251e-12,0
69413,1.0,5.3195478e-12,0
69414,1.0,4.2179684e-12,0
69415,1.0,1.0445184e-08,0
69416,1.0,4.94712e-09,0
69417,1.0,2.7110553e-10,0
69418,1.0,6.370701e-11,0
69419,1.0,7.9079555e-11,0
69420,1.0,1.06810056e-11,0
69421,1.0,3.1782804e-10,0
69422,0.9999999,1.2594425e-07,0
69423,1.0,1.1243272e-09,0
69424,1.0,1.8557265e-12,0
69425,1.0,1.5184699e-12,0
69426,1.0,1.3512225e-12,0
69427,1.0,1.0336088e-11,0
69428,1.0,1.5942138e-12,0
69429,1.0,5.9662986e-12,0
69430,1.0,1.7490898e-11,0
69431,1.0,1.0750467e-09,0
69432,1.0,4.215511e-14,0
69433,1.0,2.3638094e-09,0
69434,1.0,6.2912644e-09,0
69435,1.0,2.6896111e-12,0
69436,1.0,2.0669454e-12,0
69437,1.0,1.8021568e-10,0
69438,1.0,1.0569024e-10,0
69439,1.0,1.5545996e-10,0
69440,1.0,1.8502491e-11,0
69441,1.0,1.8358365e-11,0
69442,1.0,5.0204896e-11,0
69443,1.0,9.94238e-11,0
69444,1.0,4.5972576e-10,0
69445,1.0,2.8815099e-13,0
69446,1.0,2.7905442e-13,0
69447,1.0,1.8405766e-11,0
69448,1.0,3.72758e-12,0
69449,1.0,2.5316596e-11,0
69450,1.0,1.0763859e-10,0
69451,1.0,4.5480377e-08,0
69452,1.0,3.341556e-14,0
69453,1.0,2.3658716e-12,0
69454,1.0,4.3347685e-13,0
69455,1.0,1.4395587e-10,0
69456,1.0,2.6597166e-12,0
69457,1.0,9.959633e-11,0
69458,1.0,1.7754737e-09,0
69459,1.0,6.399805e-12,0
69460,1.0,1.73685e-10,0
69461,1.0,5.184616e-13,0
69462,1.0,8.096874e-12,0
69463,1.0,1.10940444e-10,0
69464,1.0,5.5291605e-10,0
69465,1.0,3.3296438e-08,0
69466,1.0,4.5231202e-13,0
69467,1.0,1.9821314e-13,0
69468,1.0,1.09011255e-11,0
69469,1.0,1.361284e-10,0
69470,1.0,7.852233e-09,0
69471,1.0,2.270151e-09,0
69472,1.0,6.0274634e-14,0
69473,1.0,1.138345e-12,0
69474,1.0,1.7104781e-09,0
69475,1.0,1.9849983e-10,0
69476,1.0,7.020923e-11,0
69477,1.0,4.250507e-12,0
69478,1.0,4.0912565e-14,0
69479,1.0,6.9741054e-14,0
69480,1.0,9.731226e-10,0
69481,1.0,3.0438093e-11,0
69482,1.0,1.6342812e-08,0
69483,1.0,7.113932e-15,0
69484,1.0,2.0478614e-09,0
69485,1.0,9.156049e-11,0
69486,1.0,8.217423e-11,0
69487,1.0,1.1316896e-09,0
69488,1.0,1.6323961e-12,0
69489,1.0,1.7135394e-11,0
69490,0.9999993,7.246087e-07,0
69491,1.0,3.364747e-10,0
69492,1.0,2.0486115e-09,0
69493,1.0,1.5980231e-11,0
69494,1.0,4.837408e-09,0
69495,1.0,7.7687585e-14,0
69496,1.0,1.3722367e-12,0
69497,1.0,5.74544e-13,0
69498,1.0,3.8858786e-08,0
69499,1.0,9.64665e-12,0
69500,1.0,4.5330764e-10,0
69501,1.0,1.051859e-13,0
69502,1.0,4.0843878e-14,0
69503,1.0,5.7421373e-11,0
69504,1.0,3.4992538e-12,0
69505,1.0,3.2675678e-11,0
69506,1.0,9.14627e-12,0
69507,1.0,6.4507254e-12,0
69508,1.0,7.3811434e-14,0
69509,1.0,8.899739e-11,0
69510,1.0,4.6208967e-10,0
69511,1.0,2.8524145e-12,0
69512,1.0,2.0416886e-12,0
69513,1.0,3.8672992e-11,0
69514,1.0,6.975017e-12,0
69515,1.0,6.0147964e-10,0
69516,1.0,8.24811e-10,0
69517,1.0,5.17172e-12,0
69518,1.0,8.6465134e-11,0
69519,1.0,2.168083e-12,0
69520,1.0,4.281349e-10,0
69521,1.0,2.7645525e-10,0
69522,1.0,3.744956e-11,0
69523,1.0,2.2475245e-08,0
69524,1.0,1.0868002e-09,0
69525,1.0,1.3211387e-11,0
69526,1.0,2.7739146e-12,0
69527,1.0,5.0263077e-10,0
69528,1.0,6.806651e-11,0
69529,1.0,8.3929495e-11,0
69530,1.0,6.3900535e-10,0
69531,1.0,1.1930663e-12,0
69532,1.0,9.306549e-12,0
69533,1.0,3.857668e-12,0
69534,1.0,3.5543454e-12,0
69535,1.0,6.5187002e-09,0
69536,1.0,8.5168136e-11,0
69537,1.0,4.984758e-10,0
69538,1.0,2.550011e-12,0
69539,1.0,2.3545017e-11,0
69540,1.0,1.7985708e-11,0
69541,1.0,2.001168e-12,0
69542,1.0,1.5469078e-12,0
69543,1.0,3.261242e-11,0
69544,1.0,1.0238623e-12,0
69545,1.0,5.9117636e-13,0
69546,1.0,9.840222e-11,0
69547,1.0,9.75991e-13,0
69548,1.0,1.7486403e-10,0
69549,1.0,1.475497e-10,0
69550,1.0,4.083942e-11,0
69551,1.0,4.5597477e-11,0
69552,1.0,3.327785e-11,0
69553,1.0,1.3145155e-11,0
69554,1.0,2.7407644e-13,0
69555,1.0,4.8795223e-10,0
69556,1.0,1.3054724e-12,0
69557,1.0,2.930985e-11,0
69558,1.0,6.2191874e-10,0
69559,1.0,1.5970228e-12,0
69560,1.0,3.797426e-12,0
69561,1.0,6.4779226e-09,0
69562,1.0,1.6968375e-12,0
69563,1.0,1.0079432e-11,0
69564,1.0,1.2956702e-10,0
69565,1.0,9.307781e-14,0
69566,1.0,3.4642615e-09,0
69567,1.0,8.3244744e-11,0
69568,1.0,5.862249e-12,0
69569,1.0,3.0020925e-12,0
69570,1.0,2.8525546e-13,0
69571,1.0,1.0678398e-11,0
69572,1.0,2.335036e-13,0
69573,1.0,1.4200837e-11,0
69574,1.0,1.26724724e-11,0
69575,1.0,4.552205e-11,0
69576,1.0,5.0986393e-10,0
69577,1.0,6.887135e-11,0
69578,1.0,8.5650376e-10,0
69579,1.0,7.54136e-12,0
69580,1.0,3.1456123e-13,0
69581,1.0,1.7666115e-11,0
69582,1.0,3.0113576e-10,0
69583,1.0,9.529038e-10,0
69584,1.0,3.1595417e-11,0
69585,1.0,1.5738558e-09,0
69586,1.0,2.6979081e-09,0
69587,1.0,6.0588384e-10,0
69588,1.0,3.8024983e-09,0
69589,1.0,1.6540154e-12,0
69590,1.0,3.648297e-14,0
69591,1.0,1.1732194e-12,0
69592,1.0,1.648845e-10,0
69593,1.0,1.5079542e-10,0
69594,1.0,2.6242541e-10,0
69595,1.0,2.1433648e-11,0
69596,1.0,2.836383e-12,0
69597,1.0,1.4974825e-12,0
69598,1.0,1.4323431e-12,0
69599,1.0,3.8149456e-11,0
69600,1.0,1.0115726e-13,0
69601,1.0,5.6714433e-14,0
69602,1.0,1.9494829e-08,0
69603,1.0,3.1588426e-11,0
69604,1.0,4.804361e-09,0
69605,1.0,1.9249624e-09,0
69606,1.0,1.2231541e-12,0
69607,1.0,6.5160116e-10,0
69608,1.0,4.320474e-12,0
69609,1.0,2.9376714e-12,0
69610,1.0,1.355282e-13,0
69611,1.0,1.2958111e-10,0
69612,1.0,4.640692e-13,0
69613,1.0,1.3869565e-12,0
69614,1.0,6.3385935e-11,0
69615,1.0,4.774514e-10,0
69616,1.0,1.2519494e-13,0
69617,1.0,5.38967e-12,0
69618,1.0,7.9263936e-11,0
69619,1.0,1.986716e-12,0
69620,1.0,9.1448645e-14,0
69621,1.0,2.5816477e-10,0
69622,1.0,7.459229e-09,0
69623,1.0,3.7127559e-09,0
69624,1.0,1.1341812e-09,0
69625,1.0,1.5439094e-09,0
69626,1.0,2.029566e-13,0
69627,1.0,2.973186e-11,0
69628,1.0,1.260165e-12,0
69629,1.0,2.0265893e-11,0
69630,1.0,7.3622364e-13,0
69631,1.0,3.2365633e-13,0
69632,1.0,1.8657409e-13,0
69633,1.0,9.7216665e-11,0
69634,1.0,2.4105348e-11,0
69635,1.0,4.393968e-14,0
69636,1.0,2.3256421e-11,0
69637,0.99999857,1.3751999e-06,0
69638,1.0,2.7839137e-10,0
69639,1.0,6.6366695e-12,0
69640,1.0,2.5878903e-09,0
69641,1.0,4.041958e-10,0
69642,1.0,3.3205155e-13,0
69643,1.0,7.3436326e-11,0
69644,1.0,1.9991327e-10,0
69645,1.0,2.2891858e-10,0
69646,1.0,2.3082318e-10,0
69647,1.0,5.2747716e-11,0
69648,1.0,2.2908914e-12,0
69649,1.0,3.121791e-11,0
69650,1.0,2.6200444e-09,0
69651,1.0,2.0761222e-10,0
69652,1.0,6.661428e-11,0
69653,1.0,1.5742326e-11,0
69654,1.0,3.0056318e-13,0
69655,1.0,8.645741e-14,0
69656,1.0,1.00503536e-10,0
69657,1.0,3.3982273e-10,0
69658,1.0,1.3394051e-10,0
69659,1.0,5.397329e-10,0
69660,1.0,1.4249778e-08,0
69661,1.0,7.710124e-14,0
69662,1.0,4.9232582e-09,0
69663,1.0,5.462734e-13,0
69664,0.99999964,3.9067768e-07,0
69665,1.0,2.9324723e-11,0
69666,1.0,3.548038e-09,0
69667,0.99999464,5.3231383e-06,0
69668,1.0,2.1489154e-11,0
69669,1.0,4.49753e-08,0
69670,1.0,2.993894e-11,0
69671,1.0,1.160478e-12,0
69672,1.0,4.0638982e-13,0
69673,1.0,2.1610396e-12,0
69674,1.0,1.6623871e-12,0
69675,1.0,1.2221905e-09,0
69676,1.0,1.30045595e-14,0
69677,1.0,2.8157422e-13,0
69678,1.0,1.4644487e-12,0
69679,1.0,4.3158844e-13,0
69680,1.0,2.3940626e-11,0
69681,1.0,7.110847e-13,0
69682,1.0,2.723302e-10,0
69683,1.0,2.3790317e-11,0
69684,1.0,1.774481e-10,0
69685,1.0,2.733074e-10,0
69686,1.0,7.536499e-12,0
69687,1.0,5.915924e-10,0
69688,1.0,2.799778e-13,0
69689,0.9999852,1.4771628e-05,0
69690,1.0,1.7401859e-10,0
69691,1.0,7.254807e-12,0
69692,1.0,1.0384066e-11,0
69693,1.0,2.8454933e-11,0
69694,1.0,1.3310574e-13,0
69695,1.0,4.013285e-08,0
69696,1.0,1.2356852e-12,0
69697,1.0,4.4462402e-13,0
69698,1.0,3.1580443e-13,0
69699,1.0,3.9262003e-11,0
69700,1.0,1.0062212e-09,0
69701,1.0,6.017269e-12,0
69702,1.0,2.4252126e-12,0
69703,1.0,1.1609673e-12,0
69704,1.0,1.3555904e-08,0
69705,1.0,8.5828754e-11,0
69706,1.0,3.6388774e-12,0
69707,1.0,2.6861806e-09,0
69708,1.0,1.3919695e-10,0
69709,1.0,1.5731302e-12,0
69710,1.0,1.4789224e-11,0
69711,1.0,6.657617e-11,0
69712,1.0,1.3791304e-11,0
69713,1.0,1.2349602e-11,0
69714,1.0,2.7315823e-11,0
69715,1.0,5.213083e-10,0
69716,1.0,5.085913e-11,0
69717,1.0,8.410231e-13,0
69718,1.0,1.3619892e-12,0
69719,1.0,4.7825688e-11,0
69720,1.0,3.55037e-11,0
69721,1.0,1.4609738e-14,0
69722,1.0,1.1447959e-09,0
69723,1.0,2.138475e-09,0
69724,1.0,2.1102338e-09,0
69725,1.0,2.1585547e-09,0
69726,1.0,9.31688e-13,0
69727,1.0,4.710485e-12,0
69728,1.0,2.433e-09,0
69729,1.0,4.6586757e-10,0
69730,1.0,4.306806e-13,0
69731,1.0,2.5300232e-11,0
69732,1.0,8.0579526e-13,0
69733,1.0,9.0624747e-10,0
69734,1.0,5.7035215e-10,0
69735,1.0,3.607445e-10,0
69736,1.0,9.137377e-12,0
69737,1.0,1.0078249e-13,0
69738,1.0,2.090076e-10,0
69739,1.0,3.878733e-12,0
69740,1.0,6.264905e-14,0
69741,1.0,1.5687772e-11,0
69742,1.0,1.6725313e-10,0
69743,1.0,2.8973823e-09,0
69744,1.0,2.0635872e-14,0
69745,1.0,7.018064e-13,0
69746,1.0,1.2056427e-13,0
69747,1.0,1.1906156e-12,0
69748,1.0,7.822563e-12,0
69749,1.0,2.3407127e-09,0
69750,1.0,3.7408604e-10,0
69751,1.0,1.1396223e-12,0
69752,1.0,2.936635e-12,0
69753,1.0,5.3405514e-12,0
69754,1.0,1.123273e-12,0
69755,1.0,7.785536e-10,0
69756,1.0,8.558616e-11,0
69757,1.0,1.4519746e-12,0
69758,1.0,7.511856e-09,0
69759,1.0,7.8087364e-10,0
69760,1.0,4.0010822e-10,0
69761,1.0,7.4379034e-13,0
69762,1.0,6.995611e-13,0
69763,1.0,2.415881e-09,0
69764,1.0,4.648632e-12,0
69765,1.0,2.082528e-13,0
69766,1.0,9.0156493e-10,0
69767,1.0,3.3032198e-13,0
69768,1.0,6.800914e-15,0
69769,1.0,5.03532e-13,0
69770,1.0,1.4275417e-10,0
69771,1.0,2.4344293e-13,0
69772,1.0,7.527026e-10,0
69773,0.9999969,3.0817139e-06,0
69774,1.0,1.441867e-10,0
69775,1.0,1.5164801e-10,0
69776,1.0,1.8894808e-09,0
69777,1.0,1.4406677e-11,0
69778,1.0,3.618246e-12,0
69779,1.0,2.7185311e-11,0
69780,1.0,8.5910196e-10,0
69781,1.0,2.6122673e-11,0
69782,0.9999995,4.241308e-07,0
69783,1.0,1.8874961e-13,0
69784,0.99999976,2.7821446e-07,0
69785,1.0,2.4876368e-11,0
69786,1.0,5.023059e-10,0
69787,1.0,1.1907635e-08,0
69788,1.0,6.4268355e-13,0
69789,1.0,2.0494694e-11,0
69790,1.0,4.3013557e-09,0
69791,1.0,2.2716884e-13,0
69792,1.0,2.3976451e-11,0
69793,1.0,9.076218e-12,0
69794,0.9999994,6.0367773e-07,0
69795,1.0,2.306106e-14,0
69796,1.0,2.645328e-12,0
69797,1.0,3.9098044e-11,0
69798,1.0,9.474238e-09,0
69799,1.0,1.2583147e-10,0
69800,1.0,5.399012e-12,0
69801,1.0,1.1048674e-12,0
69802,1.0,2.687942e-10,0
69803,1.0,2.4633642e-10,0
69804,1.0,2.2600047e-11,0
69805,1.0,2.477773e-11,0
69806,1.0,6.769421e-13,0
69807,1.0,8.256657e-10,0
69808,1.0,1.6851756e-11,0
69809,1.0,1.9127855e-13,0
69810,1.0,1.1964424e-10,0
69811,1.0,1.3927377e-09,0
69812,1.0,7.9956645e-11,0
69813,1.0,4.3895478e-13,0
69814,1.0,1.6174037e-10,0
69815,1.0,8.82907e-10,0
69816,1.0,1.7397726e-12,0
69817,1.0,6.7180515e-12,0
69818,1.0,9.915988e-13,0
69819,1.0,3.678821e-13,0
69820,1.0,1.5512584e-10,0
69821,1.0,7.5680423e-13,0
69822,1.0,1.1395266e-12,0
69823,1.0,8.077438e-12,0
69824,1.0,2.0106043e-14,0
69825,1.0,3.8790412e-13,0
69826,1.0,6.145041e-11,0
69827,1.0,4.2155255e-11,0
69828,1.0,1.0504381e-12,0
69829,1.0,1.5262323e-11,0
69830,1.0,9.948568e-14,0
69831,1.0,2.4812646e-10,0
69832,1.0,4.5853863e-12,0
69833,1.0,4.07043e-13,0
69834,1.0,4.5097037e-11,0
69835,1.0,1.7349701e-13,0
69836,1.0,2.191649e-12,0
69837,1.0,7.793972e-11,0
69838,1.0,7.428996e-14,0
69839,1.0,3.4188083e-11,0
69840,1.0,5.7554045e-11,0
69841,1.0,2.2476916e-12,0
69842,1.0,2.9375066e-10,0
69843,1.0,3.3532037e-13,0
69844,1.0,4.9188882e-11,0
69845,1.0,6.351676e-11,0
69846,1.0,4.9081295e-11,0
69847,1.0,1.0056484e-11,0
69848,1.0,2.9568365e-11,0
69849,1.0,3.3505074e-12,0
69850,1.0,3.3239627e-13,0
69851,1.0,1.0795826e-11,0
69852,1.0,8.3831453e-10,0
69853,1.0,6.8251916e-14,0
69854,1.0,6.168332e-13,0
69855,1.0,9.715297e-13,0
69856,1.0,3.8187623e-10,0
69857,1.0,7.8443426e-13,0
69858,1.0,1.10798336e-10,0
69859,1.0,3.818052e-12,0
69860,1.0,1.1018207e-11,0
69861,1.0,1.0101681e-11,0
69862,1.0,1.2675162e-10,0
69863,1.0,9.526642e-13,0
69864,1.0,4.1679632e-11,0
69865,1.0,1.08467536e-13,0
69866,1.0,9.779412e-11,0
69867,1.0,8.956722e-14,0
69868,1.0,2.8747317e-12,0
69869,1.0,2.551854e-09,0
69870,1.0,7.6004136e-10,0
69871,1.0,3.15442e-13,0
69872,1.0,5.786514e-10,0
69873,1.0,5.36053e-13,0
69874,1.0,2.7424198e-11,0
69875,1.0,8.2687246e-11,0
69876,1.0,3.7875106e-11,0
69877,1.0,1.4283919e-13,0
69878,1.0,4.95943e-09,0
69879,1.0,1.2444196e-09,0
69880,1.0,7.394718e-09,0
69881,1.0,1.3999679e-10,0
69882,1.0,9.091591e-11,0
69883,1.0,2.5225917e-12,0
69884,1.0,8.0055074e-11,0
69885,1.0,3.821859e-14,0
69886,1.0,2.5990078e-11,0
69887,1.0,4.671366e-13,0
69888,1.0,2.663749e-11,0
69889,1.0,1.4808918e-12,0
69890,1.0,9.020186e-11,0
69891,1.0,1.2703328e-11,0
69892,1.0,3.3326458e-10,0
69893,1.0,4.3042646e-11,0
69894,0.9999995,5.216107e-07,0
69895,1.0,6.334663e-12,0
69896,1.0,3.5245131e-12,0
69897,1.0,4.5276843e-10,0
69898,1.0,1.4825785e-09,0
69899,1.0,3.6944867e-10,0
69900,1.0,2.2244721e-13,0
69901,1.0,1.2812348e-10,0
69902,1.0,6.7285705e-11,0
69903,1.0,2.5851795e-11,0
69904,1.0,8.5075786e-14,0
69905,1.0,6.6346506e-10,0
69906,1.0,2.21114e-08,0
69907,1.0,2.0325462e-08,0
69908,1.0,9.143313e-14,0
69909,1.0,2.6597181e-11,0
69910,1.0,1.0561291e-09,0
69911,1.0,1.0357698e-11,0
69912,1.0,5.2314923e-13,0
69913,1.0,8.6528486e-11,0
69914,1.0,6.726392e-10,0
69915,0.9999987,1.2545889e-06,0
69916,1.0,1.4892408e-10,0
69917,1.0,5.5654703e-11,0
69918,1.0,1.1507219e-13,0
69919,1.0,2.9770189e-13,0
69920,0.99999833,1.6446933e-06,0
69921,1.0,7.0408067e-12,0
69922,1.0,5.7931974e-13,0
69923,1.0,7.683513e-13,0
69924,1.0,7.186654e-14,0
69925,1.0,2.9266e-11,0
69926,1.0,2.2188005e-11,0
69927,1.0,2.718129e-13,0
69928,1.0,6.573796e-14,0
69929,1.0,7.730748e-12,0
69930,1.0,5.961995e-13,0
69931,1.0,7.652062e-11,0
69932,1.0,1.1279992e-11,0
69933,1.0,2.338998e-10,0
69934,1.0,3.2070741e-12,0
69935,1.0,2.6752562e-11,0
69936,1.0,4.6833295e-13,0
69937,1.0,3.4749886e-13,0
69938,1.0,1.0998339e-12,0
69939,1.0,9.940872e-13,0
69940,0.9999999,9.108996e-08,0
69941,1.0,4.8955896e-12,0
69942,1.0,9.593837e-13,0
69943,1.0,1.0944997e-12,0
69944,1.0,3.2224418e-11,0
69945,1.0,4.143597e-11,0
69946,1.0,6.25579e-15,0
69947,1.0,4.565426e-13,0
69948,1.0,2.922971e-09,0
69949,1.0,3.6570286e-13,0
69950,1.0,5.6993535e-11,0
69951,1.0,1.431839e-14,0
69952,1.0,3.5281116e-12,0
69953,1.0,2.019015e-08,0
69954,1.0,1.7917058e-11,0
69955,1.0,6.197139e-10,0
69956,1.0,1.3006897e-13,0
69957,1.0,3.5044152e-13,0
69958,1.0,2.8769272e-11,0
69959,1.0,1.9999974e-11,0
69960,1.0,1.8732693e-12,0
69961,1.0,2.7961945e-11,0
69962,1.0,9.352574e-10,0
69963,1.0,5.176192e-15,0
69964,1.0,4.3899395e-10,0
69965,1.0,1.6575376e-11,0
69966,0.9999976,2.4086694e-06,0
69967,1.0,4.9734023e-13,0
69968,1.0,4.089279e-12,0
69969,1.0,2.619367e-11,0
69970,1.0,4.955856e-09,0
69971,1.0,2.930191e-11,0
69972,1.0,2.8909178e-13,0
69973,1.0,8.359547e-10,0
69974,1.0,4.6989298e-11,0
69975,1.0,1.683477e-10,0
69976,0.99999344,6.5079457e-06,0
69977,1.0,2.008079e-10,0
69978,1.0,6.214687e-12,0
69979,1.0,3.2420512e-12,0
69980,1.0,1.8698253e-11,0
69981,1.0,8.781868e-12,0
69982,1.0,6.490998e-12,0
69983,1.0,8.835025e-12,0
69984,1.0,2.025691e-13,0
69985,1.0,6.442911e-14,0
69986,1.0,7.0133704e-12,0
69987,1.0,1.8724422e-14,0
69988,1.0,2.168353e-11,0
69989,1.0,1.6553172e-14,0
69990,1.0,1.933077e-11,0
69991,1.0,1.4630528e-12,0
69992,1.0,4.6932083e-14,0
69993,1.0,8.106984e-11,0
69994,1.0,3.234089e-09,0
69995,1.0,6.0119457e-12,0
69996,1.0,8.712458e-13,0
69997,1.0,3.954283e-12,0
69998,1.0,1.314629e-10,0
69999,1.0,8.301771e-14,0
70000,1.0,1.16334685e-10,0
70001,1.0,2.0647895e-09,0
70002,1.0,1.6647828e-12,0
70003,1.0,1.605747e-11,0
70004,1.0,1.3266351e-12,0
70005,1.0,9.637791e-11,0
70006,1.0,6.3647954e-12,0
70007,0.9999999,6.6410884e-08,0
70008,1.0,6.9001185e-13,0
70009,1.0,5.30497e-11,0
70010,1.0,1.907936e-09,0
70011,1.0,1.3222392e-09,0
70012,1.0,3.2482436e-14,0
70013,1.0,1.0712583e-12,0
70014,1.0,2.6028972e-11,0
70015,1.0,1.3778875e-10,0
70016,1.0,6.0300914e-12,0
70017,1.0,3.9988791e-13,0
70018,1.0,1.5514996e-12,0
70019,1.0,1.8784914e-10,0
70020,1.0,9.606507e-13,0
70021,1.0,4.401054e-11,0
70022,1.0,4.720811e-12,0
70023,1.0,1.7050213e-10,0
70024,0.99999976,1.8252362e-07,0
70025,1.0,1.2778174e-11,0
70026,1.0,5.0984564e-13,0
70027,1.0,6.7873273e-13,0
70028,1.0,6.383478e-13,0
70029,1.0,2.1816321e-11,0
70030,1.0,1.4036504e-09,0
70031,1.0,5.784516e-14,0
70032,1.0,3.2156803e-12,0
70033,1.0,1.4185467e-10,0
70034,1.0,2.7186517e-10,0
70035,1.0,1.1182794e-12,0
70036,1.0,9.5556626e-14,0
70037,1.0,1.1906838e-12,0
70038,1.0,3.3479655e-08,0
70039,1.0,2.0437878e-09,0
70040,1.0,6.411751e-13,0
70041,1.0,3.8099177e-09,0
70042,1.0,1.2505863e-10,0
70043,1.0,6.848142e-14,0
70044,1.0,1.3212503e-10,0
70045,1.0,7.0072064e-12,0
70046,1.0,3.6296788e-12,0
70047,1.0,1.215854e-10,0
70048,1.0,3.936374e-12,0
70049,1.0,7.610989e-10,0
70050,1.0,5.997401e-12,0
70051,1.0,9.99601e-13,0
70052,1.0,1.6263377e-10,0
70053,1.0,1.5381682e-10,0
70054,1.0,1.9106663e-10,0
70055,1.0,3.3067296e-10,0
70056,1.0,3.1316e-08,0
70057,1.0,6.981166e-12,0
70058,1.0,1.4156417e-09,0
70059,1.0,1.19794435e-11,0
70060,1.0,1.5891926e-08,0
70061,1.0,1.937913e-11,0
70062,1.0,7.152689e-13,0
70063,1.0,4.0764495e-10,0
70064,1.0,2.56604e-11,0
70065,1.0,1.4595326e-12,0
70066,1.0,1.3167175e-09,0
70067,1.0,1.361319e-12,0
70068,1.0,9.464064e-14,0
70069,1.0,8.766968e-13,0
70070,1.0,1.9422325e-10,0
70071,1.0,1.514901e-11,0
70072,1.0,5.495456e-09,0
70073,1.0,3.8974077e-11,0
70074,0.9999999,1.5464897e-07,0
70075,0.9999999,9.0484235e-08,0
70076,1.0,1.0148274e-12,0
70077,1.0,3.742157e-11,0
70078,0.9999976,2.4156463e-06,0
70079,1.0,1.6892907e-12,0
70080,1.0,5.5519943e-11,0
70081,1.0,7.3382045e-10,0
70082,1.0,4.2687592e-10,0
70083,1.0,3.0722929e-13,0
70084,1.0,1.7216055e-14,0
70085,1.0,1.0013973e-11,0
70086,1.0,4.670233e-10,0
70087,1.0,8.9328336e-11,0
70088,1.0,5.520872e-12,0
70089,1.0,2.3465707e-11,0
70090,1.0,1.2221571e-10,0
70091,1.0,1.0557706e-09,0
70092,1.0,1.1539711e-12,0
70093,1.0,1.2166938e-10,0
70094,1.0,2.7427052e-09,0
70095,1.0,4.628089e-12,0
70096,0.99999785,2.1217409e-06,0
70097,1.0,1.802858e-14,0
70098,1.0,1.0312497e-11,0
70099,1.0,4.1984537e-13,0
70100,1.0,2.6927501e-14,0
70101,1.0,4.3332288e-14,0
70102,1.0,4.448106e-13,0
70103,1.0,1.2783295e-11,0
70104,1.0,2.968167e-10,0
70105,1.0,4.791775e-10,0
70106,1.0,1.4399164e-09,0
70107,1.0,6.7157163e-13,0
70108,1.0,2.2929813e-08,0
70109,1.0,4.2715056e-13,0
70110,1.0,3.6660083e-10,0
70111,1.0,6.877283e-13,0
70112,1.0,4.4870867e-11,0
70113,1.0,4.839733e-13,0
70114,1.0,5.985219e-12,0
70115,1.0,2.687778e-10,0
70116,1.0,4.719441e-09,0
70117,1.0,1.6357902e-12,0
70118,1.0,1.4125278e-11,0
70119,1.0,1.7302692e-11,0
70120,1.0,3.634764e-12,0
70121,1.0,4.7487704e-12,0
70122,1.0,2.992872e-11,0
70123,1.0,2.8480208e-13,0
70124,0.99999785,2.1199792e-06,0
70125,1.0,1.3866456e-14,0
70126,1.0,6.3063808e-12,0
70127,1.0,2.4896935e-10,0
70128,1.0,1.0381803e-12,0
70129,1.0,2.809226e-12,0
70130,1.0,1.6749464e-08,0
70131,1.0,1.9111484e-09,0
70132,1.0,2.8402739e-13,0
70133,1.0,3.1690448e-09,0
70134,1.0,2.9298236e-10,0
70135,1.0,3.084681e-10,0
70136,1.0,5.672542e-12,0
70137,1.0,1.1198584e-09,0
70138,1.0,8.6551785e-14,0
70139,1.0,2.7400386e-09,0
70140,1.0,2.4225207e-13,0
70141,1.0,6.669488e-11,0
70142,1.0,4.5390935e-12,0
70143,1.0,2.5723515e-11,0
70144,1.0,9.9925894e-11,0
70145,1.0,3.243115e-12,0
70146,1.0,9.5203116e-11,0
70147,1.0,4.554865e-10,0
70148,1.0,1.363212e-10,0
70149,1.0,2.2606244e-12,0
70150,1.0,1.0296316e-12,0
70151,1.0,1.3961593e-11,0
70152,1.0,5.094471e-13,0
70153,1.0,8.706475e-10,0
70154,1.0,4.5378753e-11,0
70155,1.0,2.7856493e-11,0
70156,1.0,1.1647844e-12,0
70157,1.0,5.180701e-13,0
70158,1.0,3.0291057e-14,0
70159,1.0,7.567609e-13,0
70160,1.0,2.3903288e-12,0
70161,1.0,9.0525926e-10,0
70162,1.0,1.5566699e-11,0
70163,1.0,1.5272529e-13,0
70164,1.0,6.6775548e-12,0
70165,1.0,6.9152417e-10,0
70166,1.0,2.0465494e-09,0
70167,1.0,5.4403134e-14,0
70168,1.0,4.7647614e-10,0
70169,1.0,5.6014525e-12,0
70170,1.0,3.5282783e-09,0
70171,1.0,2.9876934e-11,0
70172,1.0,1.3872662e-12,0
70173,1.0,2.71944e-10,0
70174,1.0,5.898837e-12,0
70175,1.0,2.3027866e-11,0
70176,1.0,5.9260817e-12,0
70177,1.0,3.660635e-10,0
70178,1.0,7.2909054e-11,0
70179,1.0,1.6681248e-14,0
70180,1.0,2.058692e-11,0
70181,1.0,2.5261198e-13,0
70182,1.0,1.2136829e-10,0
70183,1.0,1.1462866e-12,0
70184,1.0,8.485373e-15,0
70185,1.0,3.7570844e-14,0
70186,1.0,7.7065195e-11,0
70187,1.0,5.9275795e-10,0
70188,1.0,3.51165e-12,0
70189,1.0,2.9807367e-08,0
70190,1.0,2.914249e-12,0
70191,1.0,4.6498052e-11,0
70192,1.0,1.1962455e-11,0
70193,1.0,9.010131e-14,0
70194,1.0,3.1679416e-11,0
70195,1.0,1.8120791e-11,0
70196,1.0,3.546179e-08,0
70197,1.0,5.073738e-13,0
70198,1.0,3.0642702e-09,0
70199,1.0,1.271888e-13,0
70200,1.0,3.4060462e-14,0
70201,1.0,5.6454602e-12,0
70202,1.0,2.2676604e-11,0
70203,1.0,4.624763e-12,0
70204,1.0,1.2948654e-09,0
70205,1.0,4.6696605e-11,0
70206,1.0,4.5702812e-12,0
70207,1.0,8.182955e-10,0
70208,1.0,2.2673695e-12,0
70209,1.0,4.06958e-11,0
70210,1.0,1.13520644e-10,0
70211,1.0,9.0604043e-13,0
70212,1.0,2.0574731e-13,0
70213,1.0,2.8000023e-13,0
70214,1.0,4.503328e-10,0
70215,1.0,1.2951649e-12,0
70216,1.0,2.322971e-13,0
70217,1.0,1.2593458e-12,0
70218,1.0,1.8859938e-11,0
70219,1.0,7.774818e-11,0
70220,1.0,4.3546256e-12,0
70221,1.0,4.2768986e-11,0
70222,1.0,5.0566214e-12,0
70223,1.0,3.507712e-13,0
70224,1.0,1.8621895e-09,0
70225,1.0,3.7077687e-08,0
70226,1.0,1.4133834e-13,0
70227,1.0,2.637493e-09,0
70228,1.0,3.4975622e-10,0
70229,1.0,8.2916135e-10,0
70230,1.0,4.0496073e-09,0
70231,1.0,2.789117e-10,0
70232,1.0,2.3993723e-09,0
70233,1.0,3.1529783e-12,0
70234,1.0,4.0448013e-11,0
70235,1.0,9.646392e-12,0
70236,1.0,5.370001e-15,0
70237,1.0,8.806222e-12,0
70238,1.0,6.8792744e-10,0
70239,1.0,3.0474233e-14,0
70240,1.0,3.8832037e-12,0
70241,1.0,1.8474675e-14,0
70242,1.0,6.5657045e-13,0
70243,1.0,3.3367722e-11,0
70244,1.0,1.9729405e-12,0
70245,1.0,7.168313e-13,0
70246,1.0,2.0570759e-10,0
70247,1.0,1.5208837e-13,0
70248,1.0,7.967086e-12,0
70249,1.0,2.0247e-11,0
70250,1.0,1.2787238e-12,0
70251,1.0,1.5555583e-13,0
70252,1.0,4.788552e-13,0
70253,1.0,3.1389613e-12,0
70254,1.0,2.4032822e-14,0
70255,1.0,8.297731e-11,0
70256,1.0,2.0677984e-11,0
70257,0.9999999,1.1487572e-07,0
70258,1.0,3.4539244e-12,0
70259,1.0,9.481256e-12,0
70260,1.0,2.4651703e-13,0
70261,1.0,1.77771e-13,0
70262,1.0,2.2287858e-14,0
70263,1.0,8.3759686e-14,0
70264,1.0,1.013412e-11,0
70265,1.0,3.3815501e-15,0
70266,1.0,2.768643e-13,0
70267,1.0,1.3146577e-12,0
70268,1.0,3.2788399e-09,0
70269,1.0,1.6901835e-12,0
70270,1.0,1.968595e-12,0
70271,1.0,2.2073126e-13,0
70272,1.0,3.620985e-13,0
70273,1.0,2.3667372e-13,0
70274,1.0,1.6068229e-14,0
70275,1.0,1.6076832e-08,0
70276,1.0,5.0564284e-12,0
70277,1.0,3.565753e-12,0
70278,1.0,1.0341767e-11,0
70279,1.0,3.546262e-11,0
70280,1.0,1.3342875e-10,0
70281,1.0,1.8665758e-11,0
70282,1.0,1.2056743e-14,0
70283,1.0,9.378314e-14,0
70284,1.0,9.1428025e-15,0
70285,1.0,8.654787e-13,0
70286,1.0,4.0544524e-13,0
70287,1.0,1.678838e-09,0
70288,1.0,2.4674104e-12,0
70289,1.0,2.847635e-13,0
70290,1.0,1.3978487e-11,0
70291,1.0,1.3856741e-12,0
70292,1.0,1.4019358e-12,0
70293,1.0,2.958513e-14,0
70294,1.0,7.906746e-12,0
70295,1.0,4.295155e-14,0
70296,1.0,2.2875423e-12,0
70297,1.0,1.0931128e-11,0
70298,1.0,6.311892e-12,0
70299,1.0,5.2855598e-14,0
70300,1.0,5.558293e-13,0
70301,1.0,4.5659792e-11,0
70302,1.0,3.1933145e-13,0
70303,1.0,1.3056069e-12,0
70304,1.0,8.406852e-12,0
70305,1.0,4.1843994e-13,0
70306,1.0,1.4722452e-09,0
70307,1.0,3.2259145e-12,0
70308,1.0,7.421841e-11,0
70309,1.0,1.5707723e-10,0
70310,1.0,1.3708954e-11,0
70311,1.0,2.7826953e-12,0
70312,1.0,1.5103014e-12,0
70313,1.0,2.507217e-13,0
70314,1.0,3.1824426e-13,0
70315,1.0,2.2724893e-10,0
70316,1.0,1.3507929e-11,0
70317,1.0,1.6127205e-11,0
70318,1.0,7.2921216e-13,0
70319,1.0,6.1046724e-13,0
70320,1.0,7.2003445e-11,0
70321,1.0,2.4144493e-12,0
70322,1.0,4.0794633e-12,0
70323,1.0,5.7001877e-12,0
70324,1.0,7.01213e-11,0
70325,1.0,9.168342e-13,0
70326,1.0,8.5791845e-13,0
70327,1.0,6.928473e-13,0
70328,1.0,5.745193e-15,0
70329,1.0,6.47125e-14,0
70330,1.0,7.947001e-10,0
70331,1.0,7.334279e-12,0
70332,1.0,1.5182201e-13,0
70333,1.0,4.4611482e-13,0
70334,1.0,9.954842e-12,0
70335,1.0,2.1035609e-11,0
70336,0.9999987,1.2771953e-06,0
70337,1.0,4.0879865e-11,0
70338,1.0,4.1813357e-13,0
70339,1.0,1.4336524e-12,0
70340,1.0,2.6115301e-11,0
70341,1.0,1.7865223e-11,0
70342,1.0,3.179526e-12,0
70343,1.0,9.019617e-15,0
70344,1.0,1.048044e-13,0
70345,1.0,1.6141978e-11,0
70346,1.0,1.7289899e-14,0
70347,1.0,5.7252764e-10,0
70348,1.0,5.431729e-10,0
70349,0.9999956,4.4614e-06,0
70350,1.0,2.041891e-12,0
70351,1.0,7.3016375e-14,0
70352,1.0,8.722451e-13,0
70353,1.0,5.264484e-13,0
70354,1.0,2.483968e-14,0
70355,1.0,3.3627134e-10,0
70356,1.0,4.53366e-12,0
70357,1.0,7.634994e-14,0
70358,1.0,7.6652416e-14,0
70359,1.0,1.0162026e-12,0
70360,1.0,1.0783078e-09,0
70361,1.0,4.9649924e-14,0
70362,1.0,4.133548e-11,0
70363,1.0,2.57472e-13,0
70364,0.9999988,1.1933506e-06,0
70365,1.0,2.5009387e-11,0
70366,1.0,4.3308017e-13,0
70367,1.0,4.665687e-12,0
70368,1.0,6.165416e-09,0
70369,1.0,9.610916e-11,0
70370,1.0,7.0426937e-10,0
70371,1.0,4.2576147e-12,0
70372,1.0,5.921204e-11,0
70373,1.0,1.146186e-12,0
70374,1.0,6.225227e-14,0
70375,1.0,2.2117978e-12,0
70376,1.0,2.9315424e-12,0
70377,1.0,1.1888705e-12,0
70378,1.0,6.970073e-11,0
70379,1.0,6.403132e-14,0
70380,1.0,7.1477865e-11,0
70381,1.0,3.6907165e-11,0
70382,1.0,3.2535783e-09,0
70383,1.0,1.9402544e-11,0
70384,1.0,5.172726e-12,0
70385,1.0,2.4875477e-14,0
70386,1.0,9.550685e-11,0
70387,1.0,3.1409408e-10,0
70388,1.0,7.0127915e-13,0
70389,1.0,1.481317e-10,0
70390,1.0,2.528419e-13,0
70391,1.0,7.747277e-13,0
70392,1.0,9.9183296e-14,0
70393,1.0,9.398478e-14,0
70394,1.0,1.5866761e-11,0
70395,1.0,3.115136e-14,0
70396,1.0,8.108e-12,0
70397,1.0,9.684355e-15,0
70398,1.0,7.772976e-12,0
70399,1.0,1.4261509e-14,0
70400,1.0,2.0869946e-12,0
70401,1.0,3.6253854e-14,0
70402,1.0,8.908629e-13,0
70403,1.0,4.4731215e-12,0
70404,1.0,7.0545176e-12,0
70405,1.0,4.9308812e-12,0
70406,1.0,2.9923414e-11,0
70407,1.0,4.6064775e-12,0
70408,1.0,5.6375135e-14,0
70409,1.0,1.2433973e-12,0
70410,1.0,1.3706667e-13,0
70411,1.0,1.9384002e-12,0
70412,1.0,2.5575586e-14,0
70413,1.0,3.539312e-13,0
70414,1.0,3.2466693e-11,0
70415,1.0,1.8852806e-12,0
70416,1.0,1.34312464e-14,0
70417,1.0,4.549041e-13,0
70418,1.0,2.5004485e-14,0
70419,1.0,2.4365813e-12,0
70420,1.0,5.787637e-11,0
70421,1.0,4.6071327e-10,0
70422,1.0,2.3142777e-12,0
70423,1.0,2.2293322e-12,0
70424,1.0,3.0791407e-12,0
70425,1.0,2.3064843e-14,0
70426,1.0,3.07848e-14,0
70427,1.0,3.275825e-14,0
70428,0.9999999,1.4811737e-07,0
70429,1.0,2.6557439e-11,0
70430,1.0,1.14710995e-14,0
70431,1.0,4.8341657e-11,0
70432,1.0,9.803333e-15,0
70433,1.0,2.0983204e-10,0
70434,1.0,2.7452968e-12,0
70435,1.0,1.9399747e-13,0
70436,1.0,1.4199718e-12,0
70437,1.0,3.5044417e-13,0
70438,1.0,1.458489e-12,0
70439,1.0,1.1380584e-12,0
70440,1.0,1.7322686e-13,0
70441,1.0,1.9805186e-12,0
70442,1.0,2.6085233e-11,0
70443,1.0,3.4764886e-12,0
70444,1.0,1.1104582e-11,0
70445,1.0,1.2408701e-11,0
70446,1.0,1.0078861e-10,0
70447,1.0,2.6217984e-13,0
70448,1.0,1.4547127e-13,0
70449,1.0,1.3102608e-10,0
70450,1.0,8.563404e-10,0
70451,1.0,7.6366824e-14,0
70452,1.0,1.561946e-11,0
70453,1.0,1.3163646e-11,0
70454,1.0,5.407914e-13,0
70455,1.0,1.6118464e-12,0
70456,1.0,5.7527705e-11,0
70457,1.0,9.591646e-12,0
70458,1.0,3.800462e-12,0
70459,1.0,1.9058028e-11,0
70460,1.0,5.7767235e-13,0
70461,1.0,9.818511e-11,0
70462,1.0,3.858866e-13,0
70463,1.0,1.7973963e-13,0
70464,1.0,6.8964123e-12,0
70465,1.0,7.452165e-12,0
70466,1.0,5.2993515e-13,0
70467,1.0,2.794439e-12,0
70468,1.0,6.5746558e-12,0
70469,1.0,1.3638218e-12,0
70470,1.0,7.140779e-12,0
70471,1.0,2.4011598e-11,0
70472,1.0,5.6868303e-12,0
70473,1.0,8.2004387e-10,0
70474,1.0,2.6768527e-12,0
70475,1.0,7.3021945e-14,0
70476,1.0,1.5544439e-12,0
70477,1.0,1.5110448e-12,0
70478,1.0,2.1911485e-11,0
70479,1.0,1.7306728e-10,0
70480,1.0,2.3259337e-12,0
70481,1.0,2.0370887e-14,0
70482,1.0,4.965878e-12,0
70483,1.0,4.723916e-13,0
70484,1.0,2.480415e-12,0
70485,1.0,6.207286e-11,0
70486,1.0,3.348171e-11,0
70487,1.0,1.4370459e-10,0
70488,1.0,5.0936544e-13,0
70489,1.0,3.2965497e-12,0
70490,1.0,4.0353597e-12,0
70491,1.0,1.3685409e-12,0
70492,0.9999999,6.0828015e-08,0
70493,1.0,9.9577756e-14,0
70494,1.0,1.3721786e-13,0
70495,1.0,2.0984245e-10,0
70496,1.0,2.9552027e-10,0
70497,1.0,2.5736605e-12,0
70498,1.0,2.544618e-12,0
70499,1.0,1.592909e-13,0
70500,1.0,7.54145e-11,0
70501,1.0,1.8846633e-11,0
70502,1.0,4.750827e-12,0
70503,1.0,1.254573e-11,0
70504,1.0,2.0259623e-12,0
70505,1.0,4.038611e-11,0
70506,1.0,9.793971e-11,0
70507,1.0,1.6494943e-12,0
70508,1.0,5.464537e-13,0
70509,1.0,2.653889e-12,0
70510,0.9999993,6.852892e-07,0
70511,1.0,1.1752009e-09,0
70512,1.0,2.8795553e-12,0
70513,1.0,2.5544215e-12,0
70514,1.0,4.8999825e-11,0
70515,1.0,7.018282e-12,0
70516,1.0,2.6657312e-11,0
70517,1.0,1.06626744e-13,0
70518,1.0,3.72187e-11,0
70519,1.0,6.482949e-14,0
70520,1.0,7.522344e-11,0
70521,1.0,4.638356e-13,0
70522,1.0,1.5442377e-11,0
70523,1.0,3.3653792e-12,0
70524,1.0,2.058204e-12,0
70525,1.0,4.868228e-10,0
70526,1.0,3.681057e-11,0
70527,1.0,5.8142496e-10,0
70528,1.0,2.0090962e-08,0
70529,1.0,4.6566924e-11,0
70530,1.0,3.0686914e-13,0
70531,1.0,3.9945337e-13,0
70532,1.0,5.3056834e-09,0
70533,1.0,8.131602e-12,0
70534,1.0,2.9507122e-11,0
70535,1.0,2.333143e-10,0
70536,1.0,6.3563755e-12,0
70537,1.0,1.7473001e-10,0
70538,1.0,1.2032041e-11,0
70539,1.0,3.1622152e-13,0
70540,1.0,8.57664e-11,0
70541,1.0,2.0627235e-12,0
70542,1.0,1.9974165e-11,0
70543,1.0,1.0695327e-09,0
70544,1.0,1.3021818e-09,0
70545,1.0,1.2867647e-10,0
70546,1.0,1.5956223e-12,0
70547,1.0,1.9242172e-09,0
70548,1.0,5.261373e-09,0
70549,1.0,5.6799144e-12,0
70550,1.0,4.3181076e-13,0
70551,1.0,1.2230788e-13,0
70552,1.0,1.5769846e-12,0
70553,1.0,1.9925232e-11,0
70554,1.0,5.2762233e-10,0
70555,1.0,1.0685401e-12,0
70556,1.0,7.6788803e-10,0
70557,1.0,1.1395137e-08,0
70558,1.0,1.0105646e-08,0
70559,1.0,9.141404e-12,0
70560,1.0,2.4859387e-11,0
70561,1.0,2.6188125e-11,0
70562,1.0,5.1178225e-14,0
70563,1.0,3.5817888e-10,0
70564,1.0,9.3467305e-09,0
70565,1.0,2.0732986e-12,0
70566,1.0,3.4605828e-13,0
70567,1.0,2.447378e-12,0
70568,1.0,6.4343947e-12,0
70569,0.9999969,3.1148425e-06,0
70570,1.0,8.4513e-13,0
70571,1.0,6.723798e-11,0
70572,1.0,7.123153e-11,0
70573,1.0,6.1474496e-13,0
70574,1.0,1.2059763e-09,0
70575,1.0,3.6029593e-11,0
70576,1.0,3.075189e-13,0
70577,1.0,3.5181998e-12,0
70578,1.0,2.971175e-10,0
70579,1.0,9.181131e-10,0
70580,1.0,5.675948e-13,0
70581,1.0,1.2396187e-11,0
70582,1.0,6.469365e-13,0
70583,1.0,1.0751675e-13,0
70584,1.0,5.624392e-13,0
70585,1.0,1.7725772e-13,0
70586,1.0,1.0631534e-11,0
70587,1.0,2.2413898e-12,0
70588,1.0,6.0289525e-12,0
70589,1.0,2.0656211e-12,0
70590,1.0,4.240393e-12,0
70591,1.0,1.3395398e-11,0
70592,1.0,3.6578397e-12,0
70593,1.0,1.3582527e-13,0
70594,1.0,1.2121307e-10,0
70595,1.0,7.0582694e-13,0
70596,1.0,7.92254e-11,0
70597,1.0,2.4797032e-14,0
70598,1.0,3.2633654e-10,0
70599,1.0,8.26401e-11,0
70600,1.0,1.877347e-12,0
70601,1.0,1.6454627e-12,0
70602,1.0,2.2339975e-12,0
70603,1.0,1.07830554e-13,0
70604,1.0,5.81206e-12,0
70605,1.0,4.3586166e-11,0
70606,1.0,1.910146e-13,0
70607,1.0,6.6784935e-13,0
70608,1.0,2.25796e-13,0
70609,0.99999535,4.6449377e-06,0
70610,1.0,1.6419272e-11,0
70611,1.0,6.6377795e-13,0
70612,1.0,3.939992e-13,0
70613,1.0,8.724186e-12,0
70614,1.0,1.5459677e-11,0
70615,1.0,2.891537e-12,0
70616,1.0,4.5438357e-14,0
70617,1.0,1.910518e-09,0
70618,1.0,1.6465304e-12,0
70619,1.0,3.8428833e-13,0
70620,1.0,1.01065464e-13,0
70621,1.0,1.7306588e-11,0
70622,1.0,3.7977377e-12,0
70623,1.0,9.707616e-12,0
70624,1.0,7.1119936e-11,0
70625,1.0,3.4778038e-11,0
70626,1.0,1.3115723e-08,0
70627,1.0,2.8384369e-14,0
70628,1.0,4.5722645e-14,0
70629,1.0,9.870184e-11,0
70630,1.0,1.6293665e-12,0
70631,1.0,2.0523316e-12,0
70632,1.0,1.0616868e-10,0
70633,1.0,1.5163382e-14,0
70634,1.0,7.502669e-15,0
70635,1.0,4.5323738e-11,0
70636,1.0,3.4656804e-14,0
70637,1.0,3.303781e-09,0
70638,1.0,3.345461e-13,0
70639,1.0,4.2107396e-13,0
70640,1.0,1.9733167e-12,0
70641,1.0,2.8974607e-12,0
70642,1.0,5.3064493e-14,0
70643,1.0,3.3303502e-11,0
70644,1.0,4.314103e-11,0
70645,1.0,1.0300814e-12,0
70646,1.0,1.1231445e-12,0
70647,1.0,8.230519e-15,0
70648,1.0,2.2199857e-11,0
70649,1.0,9.604329e-09,0
70650,0.9999982,1.7430266e-06,0
70651,1.0,7.138447e-13,0
70652,1.0,3.3540257e-11,0
70653,1.0,1.13665635e-13,0
70654,1.0,5.6176777e-14,0
70655,1.0,1.3715984e-12,0
70656,1.0,3.4381872e-13,0
70657,1.0,8.137557e-13,0
70658,1.0,3.559352e-12,0
70659,1.0,1.6672796e-13,0
70660,1.0,1.5464239e-12,0
70661,1.0,1.8944127e-14,0
70662,1.0,1.5140056e-11,0
70663,1.0,5.4039572e-12,0
70664,1.0,2.193351e-12,0
70665,1.0,5.6626584e-13,0
70666,1.0,2.9642532e-13,0
70667,1.0,3.473476e-14,0
70668,1.0,7.248749e-12,0
70669,1.0,1.0953679e-13,0
70670,1.0,1.1800519e-14,0
70671,1.0,6.5547095e-12,0
70672,1.0,4.2106916e-13,0
70673,1.0,8.815104e-10,0
70674,1.0,1.5643953e-13,0
70675,1.0,3.639922e-10,0
70676,1.0,1.0662019e-14,0
70677,1.0,2.8169106e-15,0
70678,0.99999833,1.6238616e-06,0
70679,1.0,4.4784827e-12,0
70680,1.0,1.4740847e-14,0
70681,1.0,1.1939557e-13,0
70682,1.0,1.9923389e-13,0
70683,1.0,7.901168e-12,0
70684,1.0,1.824099e-14,0
70685,1.0,6.626575e-12,0
70686,1.0,2.9555449e-15,0
70687,1.0,2.1176484e-13,0
70688,1.0,1.0055361e-13,0
70689,1.0,1.8961913e-14,0
70690,1.0,2.6192281e-14,0
70691,1.0,2.0982772e-13,0
70692,1.0,1.1570787e-12,0
70693,1.0,5.6664044e-14,0
70694,1.0,3.482571e-14,0
70695,1.0,8.121024e-14,0
70696,0.99998367,1.6361502e-05,0
70697,0.99999976,2.0989995e-07,0
70698,1.0,2.0643365e-09,0
70699,1.0,5.614821e-09,0
70700,1.0,9.753598e-10,0
70701,1.0,2.3914635e-09,0
70702,1.0,1.62383e-14,0
70703,1.0,6.2863576e-13,0
70704,1.0,2.6533916e-13,0
70705,1.0,2.4444017e-12,0
70706,1.0,5.903763e-13,0
70707,1.0,3.5225173e-12,0
70708,1.0,6.256185e-11,0
70709,1.0,1.01069706e-13,0
70710,1.0,1.3166058e-11,0
70711,1.0,9.205613e-13,0
70712,1.0,3.9974034e-11,0
70713,1.0,6.669583e-13,0
70714,1.0,1.8317074e-13,0
70715,1.0,8.16139e-12,0
70716,1.0,2.322351e-09,0
70717,1.0,8.190317e-12,0
70718,1.0,1.906846e-15,0
70719,1.0,2.0525784e-12,0
70720,1.0,6.71263e-13,0
70721,1.0,4.2876e-14,0
70722,1.0,8.7618145e-14,0
70723,1.0,1.6092423e-11,0
70724,1.0,9.326624e-13,0
70725,1.0,5.7136414e-12,0
70726,1.0,2.144574e-12,0
70727,1.0,2.9775867e-13,0
70728,1.0,2.2182502e-11,0
70729,1.0,2.7024875e-12,0
70730,1.0,1.2986124e-13,0
70731,1.0,2.0604655e-13,0
70732,1.0,1.1408222e-13,0
70733,1.0,6.7105436e-13,0
70734,1.0,2.9042178e-11,0
70735,1.0,2.3938683e-13,0
70736,1.0,8.353585e-10,0
70737,1.0,1.9669896e-11,0
70738,1.0,1.4309173e-09,0
70739,1.0,4.0151506e-13,0
70740,1.0,4.612351e-12,0
70741,1.0,1.5183375e-11,0
70742,1.0,6.104271e-11,0
70743,1.0,1.4478189e-11,0
70744,1.0,1.0399163e-12,0
70745,1.0,4.616752e-12,0
70746,1.0,5.3491963e-12,0
70747,1.0,4.31277e-11,0
70748,1.0,1.5108892e-12,0
70749,1.0,1.5239065e-13,0
70750,1.0,2.4781533e-13,0
70751,1.0,6.567706e-10,0
70752,1.0,3.6951327e-11,0
70753,1.0,3.3988495e-10,0
70754,1.0,1.2253222e-10,0
70755,1.0,1.8580764e-14,0
70756,1.0,3.3643424e-14,0
70757,1.0,8.9455434e-13,0
70758,1.0,5.726273e-13,0
70759,1.0,2.0048277e-12,0
70760,1.0,1.9957497e-10,0
70761,1.0,1.7324685e-11,0
70762,1.0,4.0764964e-10,0
70763,0.9999999,1.5573649e-07,0
70764,1.0,6.615112e-11,0
70765,1.0,1.5291423e-12,0
70766,1.0,9.794391e-13,0
70767,1.0,1.1070105e-12,0
70768,1.0,7.949999e-11,0
70769,1.0,1.2379883e-11,0
70770,1.0,1.1272292e-11,0
70771,1.0,2.4580817e-12,0
70772,1.0,2.0349432e-12,0
70773,1.0,3.7359682e-14,0
70774,1.0,8.520818e-13,0
70775,1.0,5.7250194e-12,0
70776,1.0,5.6312004e-12,0
70777,1.0,1.9145915e-10,0
70778,1.0,5.0911705e-12,0
70779,1.0,6.208626e-14,0
70780,1.0,6.9144e-13,0
70781,1.0,8.339304e-14,0
70782,1.0,8.973078e-12,0
70783,1.0,1.3710019e-12,0
70784,1.0,6.8079033e-13,0
70785,1.0,2.5412506e-13,0
70786,1.0,8.122944e-14,0
70787,1.0,3.9669347e-13,0
70788,1.0,1.7784104e-11,0
70789,1.0,8.500041e-13,0
70790,1.0,1.904788e-12,0
70791,1.0,3.4667815e-12,0
70792,1.0,3.7320887e-13,0
70793,1.0,8.3876364e-11,0
70794,1.0,1.2127151e-11,0
70795,1.0,1.9668284e-11,0
70796,1.0,1.1745471e-12,0
70797,1.0,1.3767716e-13,0
70798,1.0,8.960459e-15,0
70799,1.0,4.527009e-11,0
70800,1.0,1.63763e-11,0
70801,1.0,1.8582705e-11,0
70802,1.0,2.7029347e-13,0
70803,1.0,4.9464686e-13,0
70804,1.0,4.3473704e-13,0
70805,1.0,9.696433e-13,0
70806,1.0,1.2117312e-13,0
70807,0.99999845,1.5998713e-06,0
70808,1.0,5.939658e-13,0
70809,1.0,6.158713e-14,0
70810,1.0,7.7638595e-13,0
70811,1.0,1.4705374e-11,0
70812,1.0,1.6915976e-14,0
70813,1.0,7.5112035e-11,0
70814,1.0,7.9679763e-10,0
70815,1.0,5.917749e-11,0
70816,1.0,5.918812e-14,0
70817,1.0,5.2430293e-13,0
70818,1.0,3.5995163e-12,0
70819,1.0,1.4782834e-13,0
70820,0.9999995,4.315953e-07,0
70821,1.0,1.6883598e-12,0
70822,1.0,2.1056839e-15,0
70823,1.0,1.1676178e-09,0
70824,1.0,1.9220969e-13,0
70825,1.0,3.1214408e-14,0
70826,1.0,4.6426047e-13,0
70827,1.0,5.315985e-13,0
70828,1.0,1.5083402e-13,0
70829,1.0,2.8153478e-11,0
70830,1.0,1.4665899e-12,0
70831,0.9999999,6.711123e-08,0
70832,1.0,2.9652402e-11,0
70833,1.0,2.4385634e-11,0
70834,1.0,4.8190634e-09,0
70835,1.0,4.689721e-13,0
70836,1.0,2.3310434e-10,0
70837,1.0,4.80969e-12,0
70838,1.0,1.7910737e-11,0
70839,1.0,8.089618e-12,0
70840,1.0,3.8044092e-11,0
70841,1.0,4.096111e-15,0
70842,1.0,7.162379e-10,0
70843,1.0,1.0786172e-11,0
70844,1.0,1.4255378e-08,0
70845,1.0,1.8897303e-12,0
70846,1.0,8.1217715e-13,0
70847,1.0,1.9907463e-10,0
70848,1.0,2.57263e-12,0
70849,1.0,4.3043344e-13,0
70850,1.0,6.9955044e-13,0
70851,1.0,5.103574e-13,0
70852,1.0,3.110405e-10,0
70853,0.9999999,1.1937838e-07,0
70854,1.0,7.8632175e-13,0
70855,1.0,9.0583823e-13,0
70856,1.0,2.5202642e-12,0
70857,1.0,6.9887694e-13,0
70858,0.999995,5.0057233e-06,0
70859,1.0,4.3254215e-12,0
70860,1.0,1.4200241e-11,0
70861,1.0,1.6246463e-12,0
70862,1.0,7.517462e-12,0
70863,1.0,5.105295e-10,0
70864,1.0,2.9494237e-11,0
70865,1.0,2.925136e-12,0
70866,1.0,2.852536e-11,0
70867,1.0,5.4512046e-12,0
70868,1.0,3.6073893e-14,0
70869,1.0,5.0571036e-12,0
70870,1.0,8.79784e-13,0
70871,1.0,7.2050493e-13,0
70872,1.0,4.0827565e-08,0
70873,1.0,4.0958418e-13,0
70874,1.0,4.6151163e-11,0
70875,1.0,2.8330852e-08,0
70876,1.0,3.5085e-14,0
70877,1.0,1.3218556e-13,0
70878,1.0,1.5532652e-11,0
70879,1.0,1.6123253e-13,0
70880,1.0,6.3253903e-12,0
70881,1.0,6.8982336e-14,0
70882,1.0,3.4800717e-08,0
70883,1.0,4.876649e-13,0
70884,1.0,1.3680693e-11,0
70885,1.0,2.0053622e-13,0
70886,1.0,2.0020163e-11,0
70887,1.0,2.4988884e-11,0
70888,1.0,3.516855e-10,0
70889,1.0,1.5844428e-13,0
70890,1.0,3.076842e-14,0
70891,1.0,2.5634092e-14,0
70892,1.0,6.1129534e-14,0
70893,1.0,2.2970552e-13,0
70894,1.0,2.7405753e-14,0
70895,1.0,5.960222e-13,0
70896,1.0,1.2337736e-11,0
70897,1.0,4.0352525e-08,0
70898,1.0,2.6330744e-13,0
70899,1.0,1.8595982e-13,0
70900,1.0,2.3083715e-11,0
70901,1.0,4.667376e-13,0
70902,1.0,3.3277306e-13,0
70903,1.0,3.6375083e-13,0
70904,1.0,3.0295603e-15,0
70905,1.0,9.788807e-13,0
70906,1.0,2.2881217e-13,0
70907,1.0,6.6564454e-12,0
70908,1.0,9.353577e-13,0
70909,1.0,9.60136e-13,0
70910,0.9999963,3.6447689e-06,0
70911,1.0,3.1548413e-13,0
70912,0.9999993,6.901853e-07,0
70913,0.9999989,1.11581e-06,0
70914,1.0,1.0050349e-11,0
70915,1.0,2.3055366e-12,0
70916,1.0,3.7416467e-13,0
70917,1.0,1.4714142e-09,0
70918,1.0,2.5895345e-13,0
70919,1.0,2.7121493e-08,0
70920,1.0,4.0311595e-12,0
70921,1.0,5.3630897e-12,0
70922,0.9999999,1.0289018e-07,0
70923,1.0,1.2688788e-09,0
70924,1.0,1.4165487e-10,0
70925,1.0,1.23773525e-08,0
70926,1.0,8.110139e-11,0
70927,1.0,4.0097076e-10,0
70928,0.99999166,8.351477e-06,0
70929,0.99999905,9.389605e-07,0
70930,0.99999905,9.831583e-07,0
70931,1.0,3.594529e-08,0
70932,1.0,2.1134491e-08,0
70933,1.0,1.8665981e-10,0
70934,0.9999994,6.109918e-07,0
70935,0.9999994,5.7191045e-07,0
70936,1.0,1.4595458e-09,0
70937,0.9999914,8.584641e-06,0
70938,0.9999999,8.53613e-08,0
70939,0.99999654,3.413241e-06,0
70940,1.0,6.4191635e-10,0
70941,0.9999995,4.466106e-07,0
70942,0.9999795,2.0446938e-05,0
70943,0.99999154,8.413495e-06,0
70944,1.0,1.3684575e-08,0
70945,1.0,1.2645504e-11,0
70946,1.0,1.3178934e-09,0
70947,0.9999999,9.208919e-08,0
70948,1.0,6.1537495e-09,0
70949,0.99999976,2.2685468e-07,0
70950,0.99999833,1.6322304e-06,0
70951,0.9999939,6.047915e-06,0
70952,1.0,3.4192862e-10,0
70953,1.0,3.4086267e-10,0
70954,0.99998677,1.3195739e-05,0
70955,0.99999774,2.2734641e-06,0
70956,0.9999927,7.225438e-06,0
70957,1.0,2.0854966e-10,0
70958,1.0,5.463264e-10,0
70959,1.0,4.7065452e-11,0
70960,0.99999976,2.0398171e-07,0
70961,1.0,9.0574686e-09,0
70962,0.9999995,5.304579e-07,0
70963,0.9999987,1.3576083e-06,0
70964,0.99999976,2.9257038e-07,0
70965,1.0,7.145323e-10,0
70966,0.99999964,4.1480166e-07,0
70967,0.99999964,3.9514984e-07,0
70968,0.99999774,2.3198281e-06,0
70969,0.99999666,3.3759925e-06,0
70970,0.9999982,1.748634e-06,0
70971,1.0,4.845883e-10,0
70972,1.0,1.7918145e-08,0
70973,0.9999999,1.2947864e-07,0
70974,1.0,2.4856297e-08,0
70975,1.0,2.6221278e-10,0
70976,0.99999917,8.1073176e-07,0
70977,0.9999995,4.495116e-07,0
70978,1.0,6.4424843e-09,0
70979,1.0,5.1791876e-10,0
70980,1.0,8.608181e-09,0
70981,0.9999994,5.6051715e-07,0
70982,0.999997,2.9348437e-06,0
70983,0.9999951,4.899667e-06,0
70984,1.0,8.547702e-11,0
70985,0.9999969,3.1456436e-06,0
70986,1.0,8.336813e-09,0
70987,1.0,3.2777707e-09,0
70988,0.99999976,2.038172e-07,0
70989,0.99999726,2.716548e-06,0
70990,0.99999225,7.763486e-06,0
70991,0.99999774,2.221401e-06,0
70992,1.0,3.6055395e-10,0
70993,1.0,4.9833444e-09,0
70994,0.9999995,4.927347e-07,0
70995,0.9999993,6.733394e-07,0
70996,1.0,1.4909923e-09,0
70997,1.0,6.913425e-09,0
70998,0.9999999,1.6181158e-07,0
70999,0.9999974,2.5796676e-06,0
71000,1.0,1.8140829e-17,0
71001,1.0,1.2438069e-17,0
71002,1.0,7.854625e-10,0
71003,0.9999778,2.2164191e-05,0
71004,1.0,4.071882e-13,0
71005,1.0,1.0023676e-12,0
71006,0.9999994,5.810331e-07,0
71007,0.99999595,4.011971e-06,0
71008,1.0,1.8714688e-09,0
71009,1.0,7.919975e-10,0
71010,0.99999523,4.7201997e-06,0
71011,0.99999976,1.9576736e-07,0
71012,0.9999976,2.3950904e-06,0
71013,0.99999905,9.342756e-07,0
71014,1.0,7.514493e-09,0
71015,1.0,2.5000745e-08,0
71016,0.99999905,9.553493e-07,0
71017,0.9999987,1.3147214e-06,0
71018,0.99999857,1.423179e-06,0
71019,1.0,2.7384619e-08,0
71020,1.0,1.1103766e-13,0
71021,1.0,2.7051308e-10,0
71022,1.0,8.598863e-12,0
71023,0.99999917,8.835815e-07,0
71024,0.9999989,1.0523925e-06,0
71025,1.0,2.4896153e-08,0
71026,0.9999993,7.515929e-07,0
71027,0.9999995,4.6373017e-07,0
71028,1.0,1.5134066e-09,0
71029,1.0,1.06193186e-10,0
71030,0.9999999,7.807433e-08,0
71031,0.9999999,1.0223037e-07,0
71032,0.99999607,3.955351e-06,0
71033,1.0,2.6615123e-09,0
71034,0.9999995,4.9944805e-07,0
71035,1.0,9.51896e-09,0
71036,0.9999999,7.1652416e-08,0
71037,1.0,7.350833e-12,0
71038,0.9999999,1.7256882e-07,0
71039,1.0,6.6722587e-12,0
71040,1.0,7.476678e-09,0
71041,1.0,8.9121266e-10,0
71042,0.99999964,3.546853e-07,0
71043,1.0,7.57184e-09,0
71044,0.9999999,1.4212054e-07,0
71045,1.0,2.3985132e-08,0
71046,1.0,9.0384794e-10,0
71047,1.0,4.586541e-12,0
71048,0.9999975,2.5573577e-06,0
71049,1.0,2.8638655e-10,0
71050,1.0,8.831922e-09,0
71051,1.0,8.292551e-09,0
71052,1.0,4.2280007e-10,0
71053,0.99999976,1.892996e-07,0
71054,0.99999714,2.9005441e-06,0
71055,1.0,5.5368928e-11,0
71056,0.99999845,1.5294452e-06,0
71057,1.0,1.658106e-08,0
71058,1.0,4.5852075e-10,0
71059,0.99999833,1.6452831e-06,0
71060,1.0,6.2827383e-09,0
71061,1.0,1.22085835e-08,0
71062,0.999992,7.932899e-06,0
71063,1.0,1.1519591e-08,0
71064,1.0,1.3785939e-11,0
71065,0.9999993,7.613028e-07,0
71066,0.9999999,9.8002076e-08,0
71067,0.999998,2.0216448e-06,0
71068,1.0,3.0417852e-10,0
71069,0.9999994,5.8419124e-07,0
71070,1.0,3.7625422e-10,0
71071,1.0,5.6626805e-09,0
71072,0.99999857,1.4738271e-06,0
71073,0.9999999,7.220089e-08,0
71074,1.0,7.18453e-10,0
71075,1.0,4.1838713e-10,0
71076,0.9999999,1.2178702e-07,0
71077,1.0,4.657248e-09,0
71078,0.9999933,6.635702e-06,0
71079,0.9999999,1.08027265e-07,0
71080,1.0,2.0227055e-10,0
71081,1.0,3.8345277e-10,0
71082,1.0,2.1223583e-10,0
71083,0.9999999,1.00852006e-07,0
71084,1.0,3.6288034e-10,0
71085,1.0,7.4785705e-10,0
71086,1.0,1.200702e-09,0
71087,1.0,3.3603606e-10,0
71088,1.0,7.080403e-11,0
71089,1.0,1.3164306e-10,0
71090,1.0,2.9358763e-10,0
71091,1.0,1.140776e-10,0
71092,0.9999999,1.0789074e-07,0
71093,0.99997616,2.3886989e-05,0
71094,1.0,1.6045852e-09,0
71095,1.0,1.1566027e-11,0
71096,1.0,4.778661e-13,0
71097,1.0,1.4388416e-11,0
71098,0.9999988,1.1878698e-06,0
71099,0.99999726,2.7126673e-06,0
71100,0.99999964,3.597012e-07,0
71101,1.0,1.518523e-11,0
71102,0.99999964,3.686473e-07,0
71103,1.0,1.688611e-12,0
71104,1.0,2.1529475e-08,0
71105,1.0,4.7857898e-11,0
71106,1.0,6.0793424e-09,0
71107,1.0,1.6083737e-15,0
71108,1.0,8.3950985e-10,0
71109,0.99999905,9.3042996e-07,0
71110,1.0,9.10356e-12,0
71111,0.99999976,2.6323588e-07,0
71112,1.0,9.1376434e-11,0
71113,0.9999999,6.773015e-08,0
71114,1.0,4.926543e-10,0
71115,1.0,5.1893302e-11,0
71116,1.0,1.571071e-11,0
71117,1.0,8.2539834e-13,0
71118,1.0,5.1017007e-11,0
71119,1.0,7.004117e-09,0
71120,1.0,4.1657097e-13,0
71121,1.0,7.605566e-09,0
71122,1.0,1.0017784e-09,0
71123,1.0,1.1460663e-11,0
71124,1.0,3.714709e-10,0
71125,1.0,8.0702195e-11,0
71126,1.0,3.9836595e-10,0
71127,1.0,1.4589141e-09,0
71128,1.0,4.5998036e-09,0
71129,0.9999999,1.1424587e-07,0
71130,0.9999999,8.578617e-08,0
71131,1.0,1.6700194e-10,0
71132,0.9999994,5.558291e-07,0
71133,1.0,4.427532e-08,0
71134,1.0,4.096827e-09,0
71135,0.99999905,9.596621e-07,0
71136,1.0,1.954261e-10,0
71137,1.0,7.12299e-11,0
71138,0.99999845,1.521724e-06,0
71139,0.99999976,2.688961e-07,0
71140,1.0,3.1311817e-08,0
71141,0.9999981,1.8915374e-06,0
71142,0.99999917,7.8102687e-07,0
71143,1.0,4.1857425e-12,0
71144,1.0,4.1022084e-08,0
71145,1.0,6.3531034e-12,0
71146,0.99999964,4.1208654e-07,0
71147,0.9999982,1.7773878e-06,0
71148,1.0,3.2471537e-10,0
71149,1.0,5.23296e-09,0
71150,1.0,5.825075e-09,0
71151,1.0,5.6802296e-08,0
71152,1.0,6.968804e-09,0
71153,0.9999999,1.5365694e-07,0
71154,0.99999666,3.308129e-06,0
71155,1.0,3.213155e-08,0
71156,0.99999905,9.379296e-07,0
71157,0.99999976,2.56466e-07,0
71158,0.99999976,2.7377448e-07,0
71159,1.0,1.5200204e-08,0
71160,0.9999994,6.4424876e-07,0
71161,0.9999999,1.07991205e-07,0
71162,1.0,1.2340508e-08,0
71163,1.0,1.2133976e-11,0
71164,0.99999917,8.127965e-07,0
71165,1.0,2.9169753e-11,0
71166,1.0,4.0341597e-08,0
71167,0.9999999,1.496384e-07,0
71168,0.99999964,3.543641e-07,0
71169,0.99999726,2.7878864e-06,0
71170,1.0,2.1754265e-09,0
71171,1.0,4.814442e-09,0
71172,0.99999976,2.0237387e-07,0
71173,0.99999964,2.995847e-07,0
71174,0.99999976,1.8322122e-07,0
71175,1.0,1.1619598e-08,0
71176,1.0,1.224692e-09,0
71177,1.0,1.5865144e-09,0
71178,1.0,1.7143745e-09,0
71179,1.0,1.3120746e-09,0
71180,1.0,3.0805009e-10,0
71181,1.0,9.738839e-10,0
71182,0.9999988,1.1565094e-06,0
71183,0.99999976,2.478236e-07,0
71184,0.9999976,2.3480125e-06,0
71185,1.0,3.5397847e-09,0
71186,1.0,8.149067e-09,0
71187,1.0,4.0400407e-09,0
71188,1.0,8.544515e-09,0
71189,1.0,5.32004e-10,0
71190,1.0,1.8330653e-11,0
71191,1.0,1.4157916e-11,0
71192,1.0,1.5282794e-08,0
71193,1.0,1.737956e-11,0
71194,1.0,4.3425493e-12,0
71195,1.0,6.0437874e-14,0
71196,1.0,2.6257448e-11,0
71197,1.0,1.1954299e-13,0
71198,1.0,1.351166e-08,0
71199,0.9999994,6.1490834e-07,0
71200,1.0,1.3460951e-13,0
71201,1.0,1.8566744e-13,0
71202,1.0,2.6681333e-14,0
71203,1.0,1.8799941e-13,0
71204,1.0,2.5527948e-12,0
71205,1.0,1.8774507e-12,0
71206,1.0,3.6153778e-11,0
71207,1.0,3.342727e-08,0
71208,1.0,3.4363862e-12,0
71209,0.9999999,1.747586e-07,0
71210,0.99999976,2.0504076e-07,0
71211,1.0,1.2742412e-09,0
71212,0.9999999,1.7322077e-07,0
71213,0.99999523,4.7225135e-06,0
71214,1.0,4.549936e-09,0
71215,1.0,7.762795e-09,0
71216,1.0,5.1938414e-09,0
71217,0.9999989,1.0433873e-06,0
71218,1.0,1.9480249e-09,0
71219,1.0,1.4707919e-12,0
71220,1.0,6.3713544e-12,0
71221,1.0,6.746992e-13,0
71222,1.0,1.0313121e-12,0
71223,1.0,1.747475e-12,0
71224,0.9999999,1.2113465e-07,0
71225,1.0,9.004019e-13,0
71226,1.0,8.0280034e-14,0
71227,1.0,9.302604e-09,0
71228,1.0,7.3669494e-11,0
71229,1.0,4.1107647e-14,0
71230,1.0,3.8824148e-14,0
71231,1.0,2.1379355e-10,0
71232,1.0,3.501766e-11,0
71233,1.0,2.1829392e-11,0
71234,1.0,7.144931e-13,0
71235,1.0,5.164014e-11,0
71236,1.0,3.4231406e-11,0
71237,1.0,3.1051617e-12,0
71238,1.0,9.00876e-13,0
71239,1.0,6.289656e-13,0
71240,1.0,6.761157e-11,0
71241,0.9999999,6.856619e-08,0
71242,1.0,6.561899e-13,0
71243,0.9999995,5.347045e-07,0
71244,0.9999995,4.3151095e-07,0
71245,1.0,4.355143e-11,0
71246,1.0,7.901412e-11,0
71247,1.0,6.183867e-14,0
71248,0.9999883,1.1703021e-05,0
71249,1.0,1.8032425e-11,0
71250,1.0,1.6406046e-13,0
71251,1.0,5.516249e-09,0
71252,1.0,1.24846695e-11,0
71253,1.0,6.8802686e-11,0
71254,1.0,4.1863057e-10,0
71255,0.9999982,1.8305092e-06,0
71256,0.99999654,3.482281e-06,0
71257,1.0,3.380851e-09,0
71258,1.0,7.7203195e-11,0
71259,1.0,6.377585e-10,0
71260,1.0,8.659886e-10,0
71261,1.0,1.1836417e-12,0
71262,1.0,2.8449412e-10,0
71263,1.0,1.0208043e-09,0
71264,1.0,7.429284e-09,0
71265,1.0,4.9494277e-11,0
71266,1.0,2.8173905e-10,0
71267,1.0,3.3222566e-10,0
71268,1.0,1.7149986e-10,0
71269,1.0,4.0735797e-11,0
71270,1.0,3.5906656e-11,0
71271,0.99999905,9.923635e-07,0
71272,1.0,3.0245237e-09,0
71273,1.0,2.6526115e-10,0
71274,0.9999999,1.2625632e-07,0
71275,1.0,2.3310792e-10,0
71276,0.99999976,2.199808e-07,0
71277,0.99999964,3.70509e-07,0
71278,0.9999999,7.718063e-08,0
71279,1.0,5.5704803e-12,0
71280,0.9999999,1.4498887e-07,0
71281,0.99999976,2.1700615e-07,0
71282,1.0,5.264364e-09,0
71283,0.9999976,2.4429094e-06,0
71284,1.0,2.8642058e-09,0
71285,0.9999999,7.089494e-08,0
71286,1.0,1.2471384e-08,0
71287,1.0,5.553427e-10,0
71288,1.0,6.6977595e-12,0
71289,1.0,1.8245385e-13,0
71290,1.0,6.7427505e-12,0
71291,1.0,9.512275e-14,0
71292,1.0,1.2843059e-13,0
71293,1.0,6.636973e-12,0
71294,0.9999999,7.316855e-08,0
71295,1.0,6.11874e-14,0
71296,1.0,1.7076339e-11,0
71297,1.0,3.7367935e-11,0
71298,1.0,6.001342e-14,0
71299,1.0,4.2559702e-14,0
71300,1.0,4.0331337e-13,0
71301,1.0,5.7977356e-11,0
71302,1.0,2.49159e-09,0
71303,1.0,1.4534389e-14,0
71304,1.0,1.0396755e-10,0
71305,1.0,5.860877e-11,0
71306,1.0,8.215589e-11,0
71307,1.0,2.3720938e-08,0
71308,1.0,2.2087204e-12,0
71309,1.0,1.4982411e-10,0
71310,1.0,4.8341858e-14,0
71311,1.0,2.3909148e-14,0
71312,1.0,2.7168554e-12,0
71313,1.0,6.0670745e-13,0
71314,1.0,8.8092284e-16,0
71315,1.0,1.671254e-12,0
71316,1.0,7.930245e-12,0
71317,1.0,2.2710712e-11,0
71318,1.0,7.3752966e-12,0
71319,1.0,4.8005104e-14,0
71320,1.0,1.360822e-10,0
71321,1.0,3.3937173e-11,0
71322,0.99999964,3.731166e-07,0
71323,0.99998987,1.01286e-05,0
71324,1.0,2.1288462e-09,0
71325,1.0,2.4821957e-11,0
71326,1.0,1.6614448e-13,0
71327,1.0,6.1272944e-12,0
71328,1.0,6.69614e-15,0
71329,1.0,1.0344084e-13,0
71330,1.0,6.373867e-13,0
71331,1.0,1.8160115e-13,0
71332,0.9999968,3.2144808e-06,0
71333,1.0,1.8123771e-14,0
71334,1.0,2.1954993e-11,0
71335,1.0,1.5306903e-14,0
71336,1.0,4.0551465e-14,0
71337,1.0,8.1648965e-11,0
71338,1.0,8.047197e-14,0
71339,1.0,6.56143e-11,0
71340,0.99998724,1.2794928e-05,0
71341,1.0,2.8760848e-13,0
71342,1.0,1.192224e-13,0
71343,1.0,9.401566e-13,0
71344,1.0,7.644764e-12,0
71345,1.0,6.350404e-11,0
71346,0.9999981,1.9179986e-06,0
71347,1.0,1.4333401e-09,0
71348,1.0,1.2422975e-12,0
71349,1.0,3.6990005e-13,0
71350,1.0,9.648094e-14,0
71351,1.0,4.2753366e-13,0
71352,1.0,9.0245267e-10,0
71353,1.0,5.300279e-14,0
71354,1.0,3.1268293e-13,0
71355,1.0,4.0864197e-11,0
71356,1.0,9.85621e-14,0
71357,1.0,4.6966916e-14,0
71358,0.99999595,4.0609825e-06,0
71359,1.0,1.3237475e-10,0
71360,0.9999995,4.8516125e-07,0
71361,1.0,4.330897e-11,0
71362,1.0,1.8006176e-10,0
71363,1.0,1.4280474e-11,0
71364,1.0,7.619202e-12,0
71365,1.0,1.2432646e-12,0
71366,1.0,3.7923193e-14,0
71367,1.0,4.699885e-09,0
71368,1.0,1.7601134e-11,0
71369,1.0,2.9806996e-10,0
71370,1.0,4.597543e-08,0
71371,1.0,2.6643219e-12,0
71372,0.9999987,1.2992941e-06,0
71373,1.0,1.2611821e-12,0
71374,1.0,5.1595133e-08,0
71375,1.0,1.2618216e-13,0
71376,1.0,6.6342243e-09,0
71377,1.0,6.075407e-11,0
71378,1.0,7.7672335e-10,0
71379,0.9999999,1.14386715e-07,0
71380,1.0,2.0494782e-10,0
71381,1.0,5.268266e-11,0
71382,0.9999995,4.6580496e-07,0
71383,1.0,1.8082444e-10,0
71384,1.0,3.6275902e-11,0
71385,0.9999993,7.0231414e-07,0
71386,1.0,2.689842e-12,0
71387,1.0,1.8710608e-10,0
71388,1.0,7.0017225e-10,0
71389,1.0,4.4317452e-13,0
71390,1.0,1.6913387e-11,0
71391,1.0,3.2199887e-12,0
71392,1.0,9.1049923e-10,0
71393,1.0,1.4815833e-13,0
71394,1.0,1.1237187e-12,0
71395,1.0,8.275236e-12,0
71396,0.9999974,2.6380183e-06,0
71397,1.0,1.1272002e-09,0
71398,1.0,2.4961419e-13,0
71399,1.0,1.6267481e-09,0
71400,1.0,5.076882e-10,0
71401,1.0,2.6810666e-13,0
71402,1.0,4.947103e-12,0
71403,0.9999963,3.6931806e-06,0
71404,1.0,3.818056e-10,0
71405,1.0,9.4255554e-09,0
71406,1.0,1.606988e-11,0
71407,1.0,2.3862977e-08,0
71408,1.0,2.9912182e-14,0
71409,1.0,1.7592685e-14,0
71410,0.99999726,2.7310298e-06,0
71411,1.0,1.7126505e-11,0
71412,0.99996173,3.8318758e-05,0
71413,0.99999666,3.3152005e-06,0
71414,0.9999944,5.6600657e-06,0
71415,0.9999999,8.822816e-08,0
71416,0.9999993,7.5526447e-07,0
71417,1.0,1.14820674e-10,0
71418,1.0,2.9491021e-08,0
71419,1.0,3.7720888e-08,0
71420,1.0,1.7527158e-08,0
71421,1.0,5.0775287e-11,0
71422,1.0,6.388408e-10,0
71423,1.0,3.6877418e-10,0
71424,0.9999987,1.3058158e-06,0
71425,0.99999976,2.8323512e-07,0
71426,1.0,1.2446134e-10,0
71427,0.99998903,1.1014737e-05,0
71428,1.0,9.873172e-12,0
71429,1.0,4.1582613e-14,0
71430,1.0,1.7769641e-13,0
71431,1.0,8.0052365e-10,0
71432,1.0,7.454357e-11,0
71433,1.0,1.4230345e-10,0
71434,1.0,2.4043484e-12,0
71435,1.0,5.653138e-10,0
71436,1.0,2.3959299e-08,0
71437,1.0,4.1599315e-12,0
71438,1.0,9.2354275e-12,0
71439,1.0,4.795098e-12,0
71440,1.0,1.0704949e-11,0
71441,1.0,3.4352476e-11,0
71442,1.0,7.687728e-11,0
71443,1.0,2.597766e-13,0
71444,1.0,1.4105679e-11,0
71445,1.0,7.020001e-14,0
71446,1.0,1.8763642e-14,0
71447,0.99999857,1.3817203e-06,0
71448,0.9999999,1.0793911e-07,0
71449,1.0,5.4229715e-10,0
71450,1.0,2.7469924e-13,0
71451,1.0,1.4135681e-11,0
71452,1.0,1.6716416e-10,0
71453,1.0,5.340976e-13,0
71454,1.0,2.362502e-13,0
71455,1.0,3.4098162e-14,0
71456,0.99999976,2.9584214e-07,0
71457,1.0,6.193794e-14,0
71458,0.99999964,3.2925038e-07,0
71459,1.0,4.148045e-09,0
71460,1.0,4.9228564e-08,0
71461,1.0,2.2903389e-10,0
71462,0.99997616,2.3879724e-05,0
71463,0.9999994,5.64901e-07,0
71464,0.9999999,6.0002726e-08,0
71465,0.9999999,1.4551915e-07,0
71466,1.0,8.2931146e-14,0
71467,1.0,4.202324e-09,0
71468,0.9999949,5.160319e-06,0
71469,1.0,1.523374e-10,0
71470,1.0,7.712384e-12,0
71471,1.0,1.2565267e-08,0
71472,1.0,3.3800387e-09,0
71473,1.0,1.4523368e-13,0
71474,0.99999976,2.4860333e-07,0
71475,0.999997,2.9363946e-06,0
71476,0.9999989,1.0136185e-06,0
71477,1.0,1.0550196e-13,0
71478,1.0,2.2533193e-08,0
71479,1.0,5.002125e-12,0
71480,1.0,1.2560852e-09,0
71481,1.0,6.495516e-09,0
71482,0.9999981,1.9236331e-06,0
71483,0.9999999,1.050026e-07,0
71484,0.9999993,7.212085e-07,0
71485,1.0,2.0340089e-11,0
71486,1.0,4.33468e-08,0
71487,1.0,1.5762216e-11,0
71488,1.0,1.5929852e-09,0
71489,1.0,2.2716982e-12,0
71490,1.0,1.9756444e-08,0
71491,0.9999999,1.0644418e-07,0
71492,0.9999995,4.192091e-07,0
71493,1.0,1.4399047e-10,0
71494,0.9999968,3.194385e-06,0
71495,1.0,3.791244e-09,0
71496,1.0,7.574339e-09,0
71497,1.0,5.7666874e-08,0
71498,1.0,6.7135165e-12,0
71499,1.0,3.8319707e-09,0
71500,0.9999995,4.380601e-07,0
71501,1.0,3.1056402e-09,0
71502,0.99999964,3.9411225e-07,0
71503,1.0,5.9516756e-14,0
71504,1.0,4.4609525e-13,0
71505,1.0,5.758584e-09,0
71506,1.0,5.0337984e-11,0
71507,0.9999999,9.1423104e-08,0
71508,0.9999999,1.6733568e-07,0
71509,1.0,1.1716629e-12,0
71510,1.0,2.8361372e-10,0
71511,1.0,1.7452716e-10,0
71512,1.0,2.4860753e-08,0
71513,1.0,2.3349836e-12,0
71514,1.0,3.0786065e-08,0
71515,0.99999464,5.3651033e-06,0
71516,1.0,1.015941e-12,0
71517,1.0,1.6933029e-13,0
71518,1.0,1.9484013e-08,0
71519,0.999998,1.9772558e-06,0
71520,1.0,2.0838286e-08,0
71521,1.0,1.9376426e-08,0
71522,1.0,6.5607226e-13,0
71523,1.0,4.2918764e-08,0
71524,1.0,4.941066e-09,0
71525,0.9999999,1.188522e-07,0
71526,1.0,4.7198073e-10,0
71527,1.0,1.3588289e-08,0
71528,1.0,2.8863028e-08,0
71529,1.0,1.005918e-09,0
71530,1.0,7.98462e-10,0
71531,0.99999917,8.9012434e-07,0
71532,1.0,1.5071541e-11,0
71533,1.0,2.4368093e-08,0
71534,1.0,1.1669548e-08,0
71535,0.99999964,3.8964924e-07,0
71536,1.0,8.857876e-11,0
71537,0.99999976,2.2098043e-07,0
71538,1.0,1.2450735e-11,0
71539,1.0,2.4873465e-08,0
71540,1.0,7.603346e-09,0
71541,1.0,1.2785349e-10,0
71542,1.0,1.0365402e-08,0
71543,1.0,2.5790786e-10,0
71544,0.9999999,1.4140551e-07,0
71545,0.9999999,7.401777e-08,0
71546,0.9999988,1.1527171e-06,0
71547,1.0,1.2088815e-11,0
71548,0.9999989,1.0397112e-06,0
71549,1.0,1.3019563e-12,0
71550,1.0,6.82993e-11,0
71551,1.0,9.257834e-14,0
71552,1.0,2.53581e-08,0
71553,1.0,3.1990099e-12,0
71554,1.0,1.7612871e-13,0
71555,1.0,4.5459924e-11,0
71556,0.9999994,5.388734e-07,0
71557,0.9999999,1.0539286e-07,0
71558,0.9999913,8.724337e-06,0
71559,1.0,1.0679585e-10,0
71560,1.0,8.3522467e-10,0
71561,1.0,5.5870697e-08,0
71562,1.0,5.900075e-08,0
71563,0.9999999,1.7464197e-07,0
71564,1.0,1.441034e-10,0
71565,0.9999999,1.7439332e-07,0
71566,1.0,3.0362801e-09,0
71567,1.0,1.6545454e-12,0
71568,1.0,4.3112643e-15,0
71569,0.99993026,6.9738504e-05,0
71570,0.9999989,1.0484805e-06,0
71571,0.9999964,3.5526052e-06,0
71572,1.0,5.0128236e-08,0
71573,1.0,2.6091042e-08,0
71574,1.0,2.0597063e-10,0
71575,1.0,2.4735955e-10,0
71576,1.0,1.4596356e-12,0
71577,1.0,1.0389381e-10,0
71578,0.99999726,2.7591198e-06,0
71579,1.0,1.380482e-09,0
71580,1.0,5.3141534e-08,0
71581,0.9999999,1.0745413e-07,0
71582,0.99999166,8.337082e-06,0
71583,1.0,8.4019985e-11,0
71584,1.0,1.28714905e-08,0
71585,0.9999999,1.6462046e-07,0
71586,1.0,2.558432e-10,0
71587,1.0,3.9126488e-10,0
71588,1.0,4.8881954e-10,0
71589,1.0,8.61669e-09,0
71590,0.9999995,5.285133e-07,0
71591,1.0,2.3108275e-09,0
71592,1.0,3.4026226e-11,0
71593,0.99999976,2.7946322e-07,0
71594,1.0,6.032386e-14,0
71595,1.0,6.3599226e-10,0
71596,1.0,1.8432169e-13,0
71597,1.0,6.7826626e-11,0
71598,1.0,1.0329338e-09,0
71599,1.0,2.3576496e-09,0
71600,0.9999994,6.539774e-07,0
71601,1.0,5.550743e-08,0
71602,0.9999989,1.0606475e-06,0
71603,1.0,4.2777393e-11,0
71604,1.0,6.040653e-14,0
71605,1.0,4.514878e-14,0
71606,0.9999999,1.1340329e-07,0
71607,1.0,4.0448322e-11,0
71608,1.0,3.7361626e-13,0
71609,1.0,2.5438924e-14,0
71610,1.0,1.2566536e-12,0
71611,1.0,3.1510304e-12,0
71612,1.0,2.756788e-12,0
71613,1.0,2.1131638e-11,0
71614,1.0,1.8819979e-11,0
71615,0.99999976,2.0507733e-07,0
71616,1.0,9.53244e-13,0
71617,1.0,3.1728244e-13,0
71618,1.0,9.86103e-09,0
71619,0.99999976,2.559319e-07,0
71620,1.0,3.331109e-13,0
71621,1.0,3.4053888e-11,0
71622,1.0,4.6477922e-11,0
71623,1.0,2.960064e-11,0
71624,1.0,5.8729037e-12,0
71625,1.0,6.276941e-09,0
71626,1.0,5.1656578e-08,0
71627,1.0,1.0641951e-13,0
71628,1.0,8.994244e-11,0
71629,1.0,1.14279645e-11,0
71630,1.0,8.1380974e-10,0
71631,1.0,1.4090452e-12,0
71632,1.0,2.1834339e-08,0
71633,1.0,3.8800622e-13,0
71634,1.0,1.8462499e-09,0
71635,1.0,1.4232271e-10,0
71636,0.99999726,2.7138058e-06,0
71637,1.0,7.3391453e-09,0
71638,1.0,2.518365e-09,0
71639,1.0,3.0475473e-09,0
71640,1.0,6.1791223e-12,0
71641,1.0,9.417611e-13,0
71642,1.0,2.9140503e-11,0
71643,0.9999999,1.2868622e-07,0
71644,1.0,2.1823367e-10,0
71645,1.0,1.6850519e-09,0
71646,1.0,3.070552e-10,0
71647,0.9999999,1.11715e-07,0
71648,1.0,1.881273e-11,0
71649,1.0,2.7583396e-12,0
71650,1.0,4.8762543e-11,0
71651,1.0,2.664382e-09,0
71652,1.0,1.2988565e-11,0
71653,1.0,2.3540751e-11,0
71654,1.0,3.863093e-13,0
71655,1.0,8.148106e-12,0
71656,1.0,6.1371985e-13,0
71657,1.0,8.9810784e-11,0
71658,1.0,1.5807324e-10,0
71659,1.0,2.8042648e-11,0
71660,1.0,6.2778623e-13,0
71661,1.0,2.6217385e-13,0
71662,1.0,2.8277942e-12,0
71663,1.0,5.924522e-12,0
71664,1.0,7.0394195e-13,0
71665,1.0,4.2559074e-13,0
71666,1.0,3.0459155e-12,0
71667,1.0,1.1221916e-12,0
71668,1.0,6.8640024e-11,0
71669,1.0,2.4398415e-12,0
71670,1.0,1.7419252e-11,0
71671,1.0,1.1894331e-12,0
71672,1.0,4.4584155e-14,0
71673,1.0,4.822157e-11,0
71674,1.0,3.943242e-12,0
71675,1.0,6.2332626e-13,0
71676,1.0,9.563149e-12,0
71677,1.0,3.9807217e-13,0
71678,1.0,1.6222713e-12,0
71679,1.0,1.4785381e-12,0
71680,1.0,8.562187e-12,0
71681,1.0,7.894054e-13,0
71682,1.0,5.473973e-11,0
71683,1.0,3.231596e-10,0
71684,1.0,4.9101964e-12,0
71685,1.0,2.3518087e-11,0
71686,1.0,3.2880507e-10,0
71687,1.0,4.0945706e-12,0
71688,1.0,4.641965e-14,0
71689,1.0,1.4555092e-13,0
71690,1.0,3.0792834e-11,0
71691,1.0,8.435554e-12,0
71692,1.0,2.9202636e-12,0
71693,0.9999999,1.1830183e-07,0
71694,1.0,8.291684e-12,0
71695,1.0,1.3682172e-12,0
71696,1.0,2.6222413e-11,0
71697,1.0,1.6858339e-12,0
71698,1.0,2.6811971e-11,0
71699,1.0,1.8683922e-11,0
71700,1.0,3.5780008e-13,0
71701,1.0,1.6432673e-12,0
71702,1.0,5.4406926e-12,0
71703,1.0,2.9765832e-12,0
71704,1.0,3.147176e-11,0
71705,1.0,9.196137e-13,0
71706,1.0,6.816632e-14,0
71707,1.0,1.9248201e-12,0
71708,1.0,1.9220565e-13,0
71709,1.0,6.406299e-13,0
71710,1.0,1.1376926e-14,0
71711,1.0,1.0473458e-11,0
71712,1.0,1.5746063e-13,0
71713,1.0,2.2708317e-12,0
71714,1.0,3.7378717e-10,0
71715,1.0,8.238145e-13,0
71716,1.0,5.569542e-13,0
71717,1.0,2.8046276e-08,0
71718,1.0,1.1409926e-12,0
71719,1.0,2.3430306e-13,0
71720,1.0,9.612587e-14,0
71721,1.0,4.5965554e-14,0
71722,1.0,3.1557907e-14,0
71723,1.0,5.6130637e-13,0
71724,1.0,1.5701484e-11,0
71725,1.0,1.63379e-14,0
71726,1.0,5.2300936e-10,0
71727,1.0,1.7992622e-13,0
71728,1.0,1.8348546e-13,0
71729,1.0,1.08181086e-11,0
71730,1.0,2.2803317e-13,0
71731,0.99993086,6.915038e-05,0
71732,1.0,1.1410416e-10,0
71733,1.0,1.6916479e-08,0
71734,0.9999994,5.595878e-07,0
71735,0.9999995,4.901495e-07,0
71736,1.0,3.8958577e-13,0
71737,1.0,4.7237318e-11,0
71738,1.0,1.2368184e-10,0
71739,1.0,2.302602e-11,0
71740,1.0,1.01142315e-11,0
71741,1.0,6.9211437e-09,0
71742,1.0,4.585641e-08,0
71743,1.0,1.1525908e-10,0
71744,1.0,4.8885746e-11,0
71745,0.9999976,2.3487696e-06,0
71746,1.0,3.334402e-13,0
71747,1.0,2.1805555e-14,0
71748,1.0,1.1611915e-11,0
71749,1.0,4.775552e-10,0
71750,1.0,8.5994295e-10,0
71751,1.0,1.5258626e-11,0
71752,1.0,1.5070375e-13,0
71753,1.0,2.5079511e-11,0
71754,1.0,4.8826064e-13,0
71755,1.0,7.6433895e-13,0
71756,1.0,3.6710794e-11,0
71757,1.0,6.9948913e-13,0
71758,1.0,1.806444e-11,0
71759,1.0,1.8756111e-08,0
71760,1.0,6.6095306e-13,0
71761,0.99999976,1.8139585e-07,0
71762,1.0,5.284378e-11,0
71763,1.0,3.3784364e-11,0
71764,0.9999976,2.4053982e-06,0
71765,0.9999999,1.5303775e-07,0
71766,1.0,1.4992e-12,0
71767,1.0,1.0880534e-12,0
71768,1.0,2.015827e-10,0
71769,0.9999999,1.1218969e-07,0
71770,0.9999951,4.891884e-06,0
71771,1.0,3.4693666e-09,0
71772,0.99999905,9.409461e-07,0
71773,1.0,4.359078e-13,0
71774,1.0,4.4069002e-11,0
71775,1.0,7.965222e-11,0
71776,1.0,1.195082e-08,0
71777,1.0,3.125783e-11,0
71778,1.0,2.602273e-10,0
71779,1.0,3.2528694e-10,0
71780,1.0,2.997877e-11,0
71781,1.0,9.801484e-11,0
71782,1.0,4.4886445e-11,0
71783,0.9999975,2.4511633e-06,0
71784,1.0,1.937685e-10,0
71785,1.0,6.213324e-12,0
71786,0.9999999,1.2282419e-07,0
71787,0.9999999,1.7410483e-07,0
71788,0.99999976,2.0082425e-07,0
71789,0.999998,2.0632688e-06,0
71790,1.0,3.6267206e-10,0
71791,1.0,1.5989356e-10,0
71792,1.0,5.1597887e-08,0
71793,1.0,8.655548e-09,0
71794,1.0,3.6409395e-12,0
71795,1.0,1.1009353e-09,0
71796,1.0,1.0088218e-08,0
71797,1.0,1.0630617e-08,0
71798,1.0,3.9771e-10,0
71799,1.0,4.9280066e-11,0
71800,0.99999976,2.4415604e-07,0
71801,0.9999999,1.0237477e-07,0
71802,1.0,2.9961154e-08,0
71803,1.0,1.0852079e-08,0
71804,1.0,4.750529e-08,0
71805,1.0,3.437799e-10,0
71806,1.0,1.00812636e-10,0
71807,0.9999989,1.0269644e-06,0
71808,1.0,2.2521053e-10,0
71809,1.0,2.940552e-09,0
71810,1.0,1.2471371e-10,0
71811,1.0,5.0566705e-08,0
71812,1.0,1.012181e-12,0
71813,1.0,4.892831e-10,0
71814,1.0,9.918496e-11,0
71815,1.0,1.6384681e-10,0
71816,1.0,7.181701e-12,0
71817,1.0,3.210989e-10,0
71818,1.0,1.4415886e-11,0
71819,1.0,1.4994361e-10,0
71820,0.99999964,3.287785e-07,0
71821,1.0,6.6015466e-12,0
71822,1.0,3.0808739e-12,0
71823,1.0,2.4387052e-09,0
71824,0.99999964,3.914848e-07,0
71825,1.0,1.4194824e-11,0
71826,1.0,1.0258914e-12,0
71827,1.0,1.5806826e-12,0
71828,1.0,8.083198e-13,0
71829,1.0,1.6142023e-13,0
71830,1.0,2.344638e-11,0
71831,1.0,9.781206e-14,0
71832,1.0,6.402805e-13,0
71833,1.0,1.9664823e-12,0
71834,0.9999999,7.803771e-08,0
71835,1.0,2.1514725e-13,0
71836,1.0,9.7246655e-12,0
71837,1.0,8.9678205e-13,0
71838,1.0,5.9099067e-12,0
71839,1.0,4.7595794e-12,0
71840,1.0,1.0817603e-09,0
71841,1.0,1.2257995e-13,0
71842,1.0,4.8772943e-08,0
71843,1.0,1.4292499e-10,0
71844,1.0,4.2572577e-12,0
71845,0.99999905,9.96756e-07,0
71846,1.0,5.0603726e-09,0
71847,1.0,4.216581e-10,0
71848,0.9999999,9.604662e-08,0
71849,0.999995,5.0258573e-06,0
71850,0.9999982,1.7416359e-06,0
71851,0.9999981,1.8859067e-06,0
71852,1.0,1.3633342e-10,0
71853,1.0,8.148899e-12,0
71854,1.0,4.399869e-08,0
71855,1.0,3.7550112e-08,0
71856,1.0,5.003443e-08,0
71857,0.99999666,3.350877e-06,0
71858,0.99999845,1.5220999e-06,0
71859,1.0,1.293419e-09,0
71860,0.9999924,7.6104166e-06,0
71861,1.0,3.789061e-09,0
71862,1.0,1.4731982e-08,0
71863,0.99999917,8.592418e-07,0
71864,0.9999988,1.138588e-06,0
71865,1.0,1.638572e-09,0
71866,0.99999964,3.3312006e-07,0
71867,0.9999808,1.9171159e-05,0
71868,0.99999917,8.848481e-07,0
71869,0.9999958,4.1634235e-06,0
71870,1.0,4.0590084e-10,0
71871,1.0,1.32060465e-11,0
71872,1.0,3.1516947e-10,0
71873,0.9999988,1.2454457e-06,0
71874,1.0,8.201259e-12,0
71875,1.0,6.7377916e-11,0
71876,0.9999757,2.4309442e-05,0
71877,1.0,1.8696089e-10,0
71878,1.0,3.723203e-12,0
71879,1.0,2.4234935e-11,0
71880,1.0,6.844415e-12,0
71881,1.0,8.561175e-12,0
71882,1.0,9.392439e-10,0
71883,1.0,1.5112819e-11,0
71884,1.0,7.964352e-12,0
71885,1.0,3.76908e-09,0
71886,1.0,1.947135e-11,0
71887,1.0,3.659164e-09,0
71888,1.0,3.1161445e-08,0
71889,1.0,1.2072933e-08,0
71890,1.0,1.265999e-10,0
71891,1.0,1.8782172e-12,0
71892,0.9999993,7.053346e-07,0
71893,1.0,3.68328e-09,0
71894,0.9999994,6.3966996e-07,0
71895,1.0,5.816279e-10,0
71896,1.0,1.44225085e-08,0
71897,0.9999999,1.0578881e-07,0
71898,0.99999785,2.1362396e-06,0
71899,1.0,7.072454e-11,0
71900,0.99999833,1.6515147e-06,0
71901,1.0,7.155746e-09,0
71902,0.999998,2.05071e-06,0
71903,0.99999857,1.4590702e-06,0
71904,1.0,2.4680378e-11,0
71905,0.9999988,1.1462034e-06,0
71906,0.99999774,2.3227592e-06,0
71907,0.9999987,1.3454794e-06,0
71908,1.0,7.267161e-12,0
71909,1.0,3.9541685e-09,0
71910,1.0,3.1034627e-08,0
71911,0.99999976,2.1732427e-07,0
71912,0.99996305,3.6948102e-05,0
71913,0.99999416,5.844682e-06,0
71914,1.0,1.0242688e-08,0
71915,1.0,4.0924085e-08,0
71916,0.9999958,4.1384087e-06,0
71917,0.999961,3.9037554e-05,0
71918,1.0,3.6841547e-11,0
71919,0.9999919,8.1388e-06,0
71920,0.99996626,3.3726286e-05,0
71921,1.0,2.270954e-11,0
71922,0.999984,1.597492e-05,0
71923,1.0,2.438374e-10,0
71924,1.0,2.3555932e-11,0
71925,1.0,5.4760467e-09,0
71926,1.0,4.0272366e-10,0
71927,1.0,1.7053238e-10,0
71928,1.0,4.8135307e-10,0
71929,1.0,4.384653e-09,0
71930,0.99998295,1.7016795e-05,0
71931,0.9999944,5.5593423e-06,0
71932,1.0,1.964968e-08,0
71933,1.0,2.1224636e-10,0
71934,1.0,5.5098915e-11,0
71935,1.0,2.0632815e-09,0
71936,0.9999999,1.4433824e-07,0
71937,0.99999976,1.8467831e-07,0
71938,1.0,9.7045945e-09,0
71939,1.0,6.7505326e-09,0
71940,1.0,6.533173e-10,0
71941,1.0,2.0510258e-11,0
71942,1.0,4.7985514e-14,0
71943,0.99998426,1.5708129e-05,0
71944,1.0,1.0409186e-08,0
71945,1.0,2.3109763e-10,0
71946,0.9999751,2.4885718e-05,0
71947,1.0,6.4801956e-13,0
71948,1.0,3.338782e-12,0
71949,1.0,9.602548e-10,0
71950,1.0,1.9290311e-13,0
71951,1.0,7.8442947e-10,0
71952,1.0,5.5913623e-13,0
71953,0.99999917,8.7502065e-07,0
71954,1.0,4.161116e-11,0
71955,0.999997,3.0144174e-06,0
71956,1.0,2.1686796e-11,0
71957,1.0,7.905698e-10,0
71958,0.99999785,2.1120927e-06,0
71959,0.9999801,1.985089e-05,0
71960,0.9999993,6.941584e-07,0
71961,1.0,9.974804e-11,0
71962,1.0,3.3147243e-10,0
71963,1.0,1.8049759e-08,0
71964,0.9999999,1.7392875e-07,0
71965,0.9999999,6.7900245e-08,0
71966,1.0,9.633591e-13,0
71967,1.0,2.9721187e-08,0
71968,1.0,1.2459096e-11,0
71969,1.0,2.0958404e-10,0
71970,1.0,6.078438e-09,0
71971,0.99999547,4.510804e-06,0
71972,0.9999993,7.041249e-07,0
71973,0.99999976,2.956554e-07,0
71974,1.0,4.821353e-09,0
71975,0.99997663,2.3322335e-05,0
71976,1.0,1.0751122e-09,0
71977,1.0,2.805232e-08,0
71978,1.0,2.637469e-08,0
71979,1.0,3.5794818e-13,0
71980,0.99999964,3.4259523e-07,0
71981,1.0,2.218096e-09,0
71982,0.99999774,2.2948686e-06,0
71983,1.0,2.2212668e-13,0
71984,1.0,2.1985196e-12,0
71985,1.0,1.4841459e-09,0
71986,1.0,1.6647472e-09,0
71987,1.0,1.5011594e-09,0
71988,1.0,2.9116834e-11,0
71989,0.9999949,5.1576817e-06,0
71990,1.0,1.3573347e-11,0
71991,0.9999999,1.3241711e-07,0
71992,1.0,1.3892772e-10,0
71993,1.0,1.5544551e-09,0
71994,1.0,1.7110663e-08,0
71995,1.0,1.4381688e-08,0
71996,1.0,1.9562591e-11,0
71997,1.0,1.6032811e-10,0
71998,1.0,1.1704697e-09,0
71999,0.99999976,2.5768938e-07,0
72000,1.0,1.1465272e-08,0
72001,1.0,7.0927266e-12,0
72002,0.99998283,1.7198034e-05,0
72003,0.9999231,7.684331e-05,0
72004,1.0,1.2857063e-08,0
72005,1.0,2.6822446e-08,0
72006,0.9999999,9.598966e-08,0
72007,1.0,1.527073e-12,0
72008,0.99999726,2.7932622e-06,0
72009,1.0,2.8334515e-09,0
72010,1.0,9.678386e-12,0
72011,1.0,4.3548262e-08,0
72012,1.0,3.0882987e-08,0
72013,1.0,1.3651466e-08,0
72014,1.0,6.2366427e-12,0
72015,1.0,1.5912927e-14,0
72016,0.9999857,1.4319017e-05,0
72017,1.0,8.7023194e-11,0
72018,1.0,1.0071726e-11,0
72019,1.0,1.2403707e-11,0
72020,1.0,6.5650324e-12,0
72021,1.0,8.466652e-15,0
72022,0.99999464,5.363052e-06,0
72023,1.0,4.8657467e-11,0
72024,0.999998,2.0155096e-06,0
72025,1.0,2.2966358e-12,0
72026,1.0,1.1754245e-10,0
72027,1.0,7.336789e-14,0
72028,1.0,3.239757e-09,0
72029,1.0,2.3486428e-12,0
72030,0.9999999,1.4385837e-07,0
72031,1.0,3.4217035e-08,0
72032,1.0,7.8492035e-10,0
72033,1.0,1.0336157e-09,0
72034,1.0,6.860962e-12,0
72035,1.0,1.8499503e-10,0
72036,1.0,7.425455e-10,0
72037,0.9999999,8.187709e-08,0
72038,1.0,4.283401e-13,0
72039,1.0,5.7739674e-10,0
72040,0.9999869,1.3107218e-05,0
72041,1.0,1.417932e-11,0
72042,1.0,2.6953775e-09,0
72043,0.9999999,1.1462413e-07,0
72044,1.0,3.138882e-09,0
72045,1.0,2.5016725e-08,0
72046,1.0,5.8941773e-13,0
72047,1.0,1.2711236e-10,0
72048,1.0,2.3513267e-09,0
72049,1.0,2.1498102e-10,0
72050,1.0,2.4237286e-08,0
72051,0.9999987,1.3191612e-06,0
72052,1.0,1.0906862e-08,0
72053,1.0,9.382408e-11,0
72054,1.0,2.7119162e-12,0
72055,1.0,2.576071e-09,0
72056,0.99996257,3.741836e-05,0
72057,1.0,2.0410764e-09,0
72058,1.0,1.0523564e-10,0
72059,0.99999964,4.093006e-07,0
72060,1.0,2.0702846e-11,0
72061,0.9999981,1.9502993e-06,0
72062,1.0,4.9034465e-09,0
72063,1.0,1.04532765e-08,0
72064,0.9999999,8.214849e-08,0
72065,1.0,7.4573187e-10,0
72066,1.0,1.2429755e-08,0
72067,0.9999968,3.2774497e-06,0
72068,1.0,3.206287e-11,0
72069,0.99999976,1.907148e-07,0
72070,1.0,3.3201186e-08,0
72071,1.0,1.6785359e-14,0
72072,0.9999962,3.7924397e-06,0
72073,0.9999944,5.6352474e-06,0
72074,1.0,3.994374e-13,0
72075,0.99998677,1.3263769e-05,0
72076,1.0,1.3424849e-13,0
72077,1.0,2.0499864e-10,0
72078,0.9999906,9.440036e-06,0
72079,1.0,1.2313668e-10,0
72080,1.0,1.5767242e-14,0
72081,1.0,4.336734e-14,0
72082,1.0,3.3396136e-10,0
72083,1.0,7.187198e-15,0
72084,1.0,2.618092e-12,0
72085,1.0,4.680436e-13,0
72086,1.0,5.5862297e-11,0
72087,0.9999918,8.24787e-06,0
72088,1.0,9.321466e-13,0
72089,0.9999943,5.685991e-06,0
72090,1.0,1.1272888e-08,0
72091,1.0,7.1918244e-10,0
72092,1.0,6.734158e-14,0
72093,0.9999974,2.5866268e-06,0
72094,1.0,2.4665845e-14,0
72095,1.0,1.2782167e-12,0
72096,1.0,8.2171995e-12,0
72097,1.0,7.359382e-14,0
72098,0.9999943,5.6870426e-06,0
72099,1.0,1.1880835e-13,0
72100,1.0,2.3836454e-12,0
72101,1.0,2.6909686e-10,0
72102,1.0,3.319743e-13,0
72103,1.0,5.1899936e-11,0
72104,1.0,1.5109633e-13,0
72105,1.0,4.4520724e-12,0
72106,1.0,6.4473305e-12,0
72107,1.0,1.7011044e-13,0
72108,1.0,9.698714e-12,0
72109,1.0,1.0266563e-13,0
72110,1.0,2.3608591e-12,0
72111,1.0,3.4150752e-14,0
72112,1.0,2.490264e-13,0
72113,1.0,4.9349925e-12,0
72114,1.0,6.399064e-11,0
72115,1.0,6.070069e-14,0
72116,1.0,1.186415e-12,0
72117,1.0,2.0900688e-13,0
72118,1.0,6.663998e-10,0
72119,1.0,4.4832738e-10,0
72120,1.0,7.359909e-12,0
72121,1.0,1.1369301e-12,0
72122,1.0,1.3086129e-13,0
72123,1.0,2.872397e-08,0
72124,1.0,2.54631e-10,0
72125,1.0,1.0787751e-12,0
72126,1.0,5.0734404e-12,0
72127,1.0,1.4198906e-12,0
72128,1.0,1.9241383e-11,0
72129,1.0,1.3064414e-12,0
72130,1.0,1.2436861e-13,0
72131,1.0,3.4754626e-11,0
72132,1.0,1.098984e-13,0
72133,1.0,1.5921573e-11,0
72134,1.0,5.721674e-10,0
72135,1.0,2.2083709e-12,0
72136,1.0,2.9374687e-09,0
72137,1.0,1.0610434e-13,0
72138,1.0,1.0584431e-11,0
72139,1.0,1.1032017e-12,0
72140,1.0,2.055905e-12,0
72141,1.0,1.7771811e-13,0
72142,1.0,2.9499486e-10,0
72143,1.0,2.8509786e-12,0
72144,1.0,8.139097e-12,0
72145,1.0,2.6190047e-13,0
72146,1.0,8.300711e-14,0
72147,1.0,2.6254242e-11,0
72148,1.0,2.8277226e-13,0
72149,1.0,9.946258e-13,0
72150,1.0,4.284262e-08,0
72151,1.0,4.9646637e-13,0
72152,1.0,9.294658e-13,0
72153,1.0,9.832519e-13,0
72154,1.0,6.9234397e-13,0
72155,1.0,3.9476517e-12,0
72156,1.0,5.219425e-12,0
72157,1.0,1.3517459e-08,0
72158,0.99999976,2.0506891e-07,0
72159,1.0,6.5553825e-09,0
72160,0.99999833,1.6990973e-06,0
72161,1.0,1.5389642e-09,0
72162,0.99999976,1.9343014e-07,0
72163,1.0,4.245799e-12,0
72164,1.0,2.3933755e-09,0
72165,1.0,1.1038432e-13,0
72166,0.9999987,1.334095e-06,0
72167,1.0,6.822801e-13,0
72168,1.0,1.1084494e-12,0
72169,1.0,1.099934e-13,0
72170,1.0,1.4908501e-09,0
72171,1.0,3.452658e-13,0
72172,1.0,1.9900438e-14,0
72173,0.9999968,3.1826867e-06,0
72174,1.0,1.2092424e-09,0
72175,1.0,9.143474e-13,0
72176,1.0,2.6694774e-10,0
72177,1.0,2.0990578e-09,0
72178,1.0,3.9473567e-09,0
72179,1.0,4.5306564e-10,0
72180,1.0,4.9737886e-10,0
72181,1.0,7.453647e-11,0
72182,1.0,1.4826181e-09,0
72183,1.0,1.9259557e-11,0
72184,1.0,1.5851803e-13,0
72185,1.0,1.6512233e-11,0
72186,1.0,4.779746e-13,0
72187,1.0,9.207263e-13,0
72188,1.0,2.6783489e-12,0
72189,1.0,2.696813e-12,0
72190,1.0,3.8633606e-12,0
72191,1.0,1.2982218e-12,0
72192,1.0,3.233532e-10,0
72193,1.0,1.3167081e-08,0
72194,0.99999976,1.9021384e-07,0
72195,1.0,6.4582407e-14,0
72196,1.0,1.4127103e-12,0
72197,0.99999976,2.8924703e-07,0
72198,1.0,7.450431e-12,0
72199,1.0,1.1010056e-11,0
72200,1.0,1.00781284e-14,0
72201,1.0,3.1502717e-13,0
72202,1.0,5.8962017e-09,0
72203,1.0,1.6666747e-14,0
72204,1.0,1.8079871e-12,0
72205,1.0,1.5590291e-11,0
72206,1.0,1.5048899e-12,0
72207,1.0,1.2634553e-08,0
72208,1.0,1.9329443e-11,0
72209,1.0,5.59789e-14,0
72210,1.0,5.190968e-13,0
72211,1.0,8.652535e-11,0
72212,1.0,1.5398825e-10,0
72213,1.0,1.6518148e-12,0
72214,1.0,7.4325425e-13,0
72215,1.0,1.2685726e-11,0
72216,1.0,1.3192035e-13,0
72217,1.0,3.4728225e-09,0
72218,1.0,1.0172945e-12,0
72219,1.0,2.0485402e-10,0
72220,1.0,6.224886e-13,0
72221,1.0,1.183245e-11,0
72222,1.0,2.8523546e-12,0
72223,1.0,4.1877846e-13,0
72224,1.0,1.6208084e-12,0
72225,0.99999046,9.509774e-06,0
72226,1.0,3.210315e-14,0
72227,1.0,5.9693916e-13,0
72228,1.0,3.880279e-12,0
72229,1.0,3.0188113e-13,0
72230,1.0,1.7356859e-12,0
72231,1.0,4.7418293e-08,0
72232,1.0,8.0172995e-12,0
72233,1.0,1.4749552e-12,0
72234,1.0,1.7094236e-14,0
72235,1.0,3.4445787e-14,0
72236,1.0,9.37861e-12,0
72237,1.0,9.225453e-14,0
72238,1.0,1.7599516e-12,0
72239,0.9999988,1.1871122e-06,0
72240,1.0,1.00127785e-13,0
72241,1.0,4.8124726e-11,0
72242,1.0,7.13187e-14,0
72243,1.0,2.1869003e-13,0
72244,1.0,5.0565776e-14,0
72245,1.0,9.946947e-12,0
72246,1.0,4.6408668e-14,0
72247,1.0,1.4930512e-11,0
72248,1.0,1.1214754e-11,0
72249,1.0,1.7720052e-10,0
72250,1.0,5.3086794e-13,0
72251,1.0,2.149022e-11,0
72252,0.9999989,1.1111802e-06,0
72253,0.9999975,2.542485e-06,0
72254,1.0,1.3541877e-11,0
72255,1.0,2.6047435e-12,0
72256,1.0,2.5530784e-11,0
72257,1.0,1.09256925e-14,0
72258,1.0,2.5848983e-11,0
72259,1.0,4.4543378e-13,0
72260,1.0,2.0460157e-12,0
72261,1.0,4.661916e-12,0
72262,1.0,3.1147743e-10,0
72263,1.0,5.0333896e-13,0
72264,1.0,1.8372314e-14,0
72265,0.9999994,5.992576e-07,0
72266,1.0,1.7788175e-11,0
72267,1.0,2.3466903e-12,0
72268,1.0,3.9892385e-11,0
72269,1.0,5.9008903e-10,0
72270,1.0,8.8947696e-14,0
72271,1.0,3.4128405e-11,0
72272,1.0,9.120622e-13,0
72273,1.0,1.4273849e-12,0
72274,1.0,1.4528695e-12,0
72275,1.0,7.948751e-12,0
72276,1.0,4.4478687e-13,0
72277,1.0,9.618577e-12,0
72278,1.0,1.26306535e-11,0
72279,0.9999939,6.0838506e-06,0
72280,1.0,1.0432366e-11,0
72281,0.99999976,1.9858605e-07,0
72282,1.0,1.6340222e-12,0
72283,1.0,5.970994e-14,0
72284,1.0,2.8800992e-12,0
72285,1.0,1.2931587e-11,0
72286,1.0,2.905031e-08,0
72287,1.0,6.1434087e-12,0
72288,1.0,8.815385e-11,0
72289,1.0,7.7375893e-13,0
72290,1.0,8.0754084e-11,0
72291,1.0,3.842867e-14,0
72292,1.0,1.1716635e-11,0
72293,1.0,1.1376769e-11,0
72294,1.0,3.2309412e-11,0
72295,1.0,3.7551662e-13,0
72296,1.0,1.7601169e-11,0
72297,1.0,3.2956366e-13,0
72298,1.0,1.0662662e-08,0
72299,1.0,2.034498e-11,0
72300,1.0,1.638896e-14,0
72301,1.0,1.1676226e-12,0
72302,1.0,3.698304e-12,0
72303,1.0,1.436595e-12,0
72304,1.0,3.70573e-13,0
72305,0.9999995,4.241041e-07,0
72306,1.0,1.709992e-09,0
72307,1.0,1.1022422e-09,0
72308,1.0,1.0629379e-12,0
72309,1.0,4.0315364e-12,0
72310,1.0,2.8029828e-10,0
72311,1.0,1.6161749e-12,0
72312,1.0,1.3871802e-10,0
72313,1.0,6.048666e-10,0
72314,1.0,6.29102e-14,0
72315,0.9999999,1.6204723e-07,0
72316,1.0,6.342929e-13,0
72317,1.0,7.00399e-11,0
72318,1.0,8.735867e-14,0
72319,1.0,2.071191e-13,0
72320,0.9999993,7.4667616e-07,0
72321,1.0,7.514968e-12,0
72322,1.0,2.1887728e-14,0
72323,0.9999995,5.010749e-07,0
72324,1.0,1.9153467e-11,0
72325,1.0,3.5050285e-10,0
72326,1.0,1.00588e-12,0
72327,1.0,2.2269695e-12,0
72328,1.0,3.6284187e-12,0
72329,1.0,5.6616647e-13,0
72330,1.0,4.3441917e-11,0
72331,1.0,1.1156218e-10,0
72332,1.0,3.8176155e-12,0
72333,1.0,3.6350312e-10,0
72334,1.0,8.589606e-11,0
72335,1.0,1.2978108e-12,0
72336,1.0,7.6993566e-13,0
72337,0.9999993,7.141445e-07,0
72338,1.0,8.919686e-12,0
72339,1.0,1.6648282e-11,0
72340,1.0,9.85607e-12,0
72341,1.0,3.6926528e-11,0
72342,1.0,2.5432742e-08,0
72343,1.0,1.3486948e-11,0
72344,1.0,3.6001374e-14,0
72345,1.0,2.2014831e-11,0
72346,1.0,4.008828e-10,0
72347,1.0,2.1815189e-12,0
72348,1.0,1.3395819e-13,0
72349,1.0,1.0675594e-10,0
72350,1.0,1.0726124e-11,0
72351,1.0,2.7610941e-11,0
72352,1.0,3.427933e-13,0
72353,1.0,8.0345024e-13,0
72354,1.0,3.2004212e-11,0
72355,1.0,2.3638768e-13,0
72356,1.0,2.0113202e-08,0
72357,1.0,1.9649471e-10,0
72358,1.0,3.1254e-12,0
72359,1.0,1.8026355e-09,0
72360,1.0,7.553449e-13,0
72361,1.0,1.4125526e-14,0
72362,1.0,1.4935097e-11,0
72363,1.0,9.736938e-11,0
72364,1.0,2.958338e-14,0
72365,1.0,6.286736e-11,0
72366,1.0,3.1905023e-09,0
72367,1.0,4.1366893e-10,0
72368,1.0,8.392796e-13,0
72369,1.0,2.9213199e-10,0
72370,1.0,1.9263195e-11,0
72371,1.0,1.3715342e-14,0
72372,1.0,2.8580675e-12,0
72373,1.0,1.2109624e-12,0
72374,1.0,9.070745e-09,0
72375,1.0,9.314082e-11,0
72376,1.0,3.0758248e-08,0
72377,1.0,3.888132e-12,0
72378,1.0,1.6735285e-08,0
72379,1.0,9.759915e-12,0
72380,1.0,1.5563886e-10,0
72381,1.0,1.0216649e-10,0
72382,1.0,2.2300651e-11,0
72383,1.0,4.530995e-13,0
72384,1.0,2.2533244e-11,0
72385,1.0,1.905909e-10,0
72386,1.0,1.13276494e-13,0
72387,1.0,1.0559347e-11,0
72388,1.0,7.914945e-14,0
72389,1.0,1.2631883e-11,0
72390,1.0,4.784779e-10,0
72391,1.0,4.4545564e-14,0
72392,1.0,2.4083058e-11,0
72393,1.0,1.8485993e-10,0
72394,1.0,2.3769818e-11,0
72395,1.0,5.084267e-10,0
72396,1.0,9.4576855e-12,0
72397,1.0,2.3716087e-09,0
72398,1.0,3.4142467e-11,0
72399,1.0,4.4660118e-12,0
72400,1.0,1.1341751e-12,0
72401,1.0,3.855528e-12,0
72402,1.0,5.027652e-13,0
72403,1.0,5.2185036e-14,0
72404,1.0,4.276003e-14,0
72405,1.0,5.8076844e-15,0
72406,1.0,1.2340836e-12,0
72407,1.0,3.3818986e-11,0
72408,1.0,1.2436108e-12,0
72409,1.0,1.2035347e-11,0
72410,1.0,9.578587e-13,0
72411,1.0,5.508058e-13,0
72412,1.0,1.8210167e-09,0
72413,1.0,5.355051e-10,0
72414,1.0,8.092234e-10,0
72415,1.0,7.60719e-09,0
72416,1.0,2.1580823e-12,0
72417,1.0,8.509868e-10,0
72418,1.0,2.9900618e-13,0
72419,1.0,2.9256087e-13,0
72420,1.0,6.9157e-11,0
72421,1.0,5.9326133e-10,0
72422,1.0,4.414246e-14,0
72423,1.0,2.5459654e-10,0
72424,1.0,3.434206e-11,0
72425,1.0,4.0988507e-13,0
72426,1.0,1.9088514e-11,0
72427,1.0,1.8350539e-13,0
72428,1.0,8.76215e-10,0
72429,1.0,2.3645363e-12,0
72430,1.0,7.4738896e-11,0
72431,1.0,3.2418163e-12,0
72432,1.0,1.3522524e-14,0
72433,1.0,3.0578455e-14,0
72434,1.0,5.123507e-14,0
72435,1.0,4.96277e-13,0
72436,1.0,2.0424198e-13,0
72437,1.0,1.2892264e-10,0
72438,1.0,3.1037065e-11,0
72439,1.0,3.8060622e-12,0
72440,1.0,4.5825804e-12,0
72441,1.0,1.9303652e-11,0
72442,1.0,5.38105e-09,0
72443,1.0,5.1081854e-11,0
72444,1.0,7.283948e-13,0
72445,1.0,3.2973548e-12,0
72446,1.0,4.79567e-10,0
72447,1.0,1.2644483e-12,0
72448,1.0,1.5309509e-13,0
72449,1.0,5.0001695e-12,0
72450,1.0,1.3746448e-15,0
72451,1.0,2.5123367e-11,0
72452,1.0,1.2934677e-10,0
72453,1.0,3.0694655e-12,0
72454,1.0,3.5319208e-13,0
72455,1.0,1.6894769e-13,0
72456,1.0,6.71709e-12,0
72457,1.0,2.2272414e-12,0
72458,1.0,1.9340812e-10,0
72459,1.0,1.5476203e-14,0
72460,1.0,5.105638e-13,0
72461,1.0,2.8248857e-14,0
72462,1.0,1.5157384e-12,0
72463,1.0,1.3979313e-11,0
72464,1.0,3.2364368e-11,0
72465,1.0,2.5425807e-08,0
72466,1.0,4.72513e-14,0
72467,1.0,1.3196879e-11,0
72468,1.0,7.199249e-14,0
72469,0.99999607,3.8774824e-06,0
72470,1.0,3.160351e-10,0
72471,1.0,1.6862583e-12,0
72472,1.0,1.24815505e-11,0
72473,1.0,8.5070595e-14,0
72474,1.0,5.1522303e-10,0
72475,1.0,2.4472112e-11,0
72476,1.0,3.8850515e-14,0
72477,1.0,1.5097002e-11,0
72478,1.0,4.0075437e-10,0
72479,1.0,1.3532943e-11,0
72480,1.0,8.0288154e-10,0
72481,1.0,1.259216e-12,0
72482,1.0,1.12743405e-10,0
72483,1.0,2.0051003e-11,0
72484,1.0,5.2755282e-14,0
72485,1.0,2.842193e-09,0
72486,1.0,5.969767e-13,0
72487,1.0,5.328296e-10,0
72488,1.0,6.506818e-11,0
72489,1.0,4.699382e-13,0
72490,1.0,1.0654681e-10,0
72491,1.0,2.608404e-11,0
72492,1.0,1.3230393e-12,0
72493,1.0,1.2565967e-11,0
72494,1.0,1.830664e-12,0
72495,1.0,7.3843584e-13,0
72496,1.0,5.1267966e-12,0
72497,1.0,3.608711e-10,0
72498,1.0,1.4604125e-12,0
72499,1.0,7.0174786e-12,0
72500,1.0,9.575341e-12,0
72501,1.0,7.0845795e-14,0
72502,1.0,1.1700947e-09,0
72503,1.0,2.558237e-10,0
72504,1.0,5.7961184e-12,0
72505,1.0,3.2558888e-12,0
72506,1.0,4.0629968e-14,0
72507,1.0,4.1279938e-11,0
72508,1.0,4.881305e-12,0
72509,1.0,1.6629366e-11,0
72510,1.0,9.549759e-14,0
72511,1.0,2.8807734e-13,0
72512,1.0,2.9024335e-12,0
72513,1.0,8.784076e-09,0
72514,1.0,5.855815e-11,0
72515,1.0,5.346768e-12,0
72516,1.0,1.0120363e-12,0
72517,1.0,3.2925673e-11,0
72518,1.0,1.244855e-11,0
72519,1.0,4.3270387e-12,0
72520,1.0,5.946165e-13,0
72521,1.0,4.2169487e-11,0
72522,1.0,7.856921e-13,0
72523,1.0,5.611383e-13,0
72524,1.0,5.147707e-12,0
72525,1.0,2.53662e-10,0
72526,1.0,8.2504184e-11,0
72527,1.0,1.8443077e-12,0
72528,1.0,8.3829377e-10,0
72529,1.0,3.5834937e-12,0
72530,0.99998224,1.7774551e-05,0
72531,1.0,4.9129745e-10,0
72532,1.0,3.2384064e-11,0
72533,1.0,1.3096187e-10,0
72534,1.0,7.1106337e-12,0
72535,1.0,1.1716613e-11,0
72536,1.0,7.4915795e-13,0
72537,1.0,3.8076345e-10,0
72538,1.0,1.2696565e-08,0
72539,1.0,2.2305464e-14,0
72540,1.0,2.3147413e-12,0
72541,1.0,3.367821e-11,0
72542,1.0,7.1189387e-12,0
72543,1.0,1.3426393e-12,0
72544,0.99999976,2.5633787e-07,0
72545,1.0,1.1548188e-12,0
72546,1.0,1.1732977e-12,0
72547,1.0,4.8954773e-12,0
72548,1.0,1.1664162e-12,0
72549,1.0,6.5255634e-10,0
72550,1.0,3.3925137e-11,0
72551,1.0,1.3878908e-12,0
72552,1.0,4.1413904e-12,0
72553,1.0,1.3681195e-10,0
72554,1.0,2.1531166e-11,0
72555,1.0,6.3823796e-10,0
72556,1.0,2.3667969e-12,0
72557,1.0,1.9148443e-13,0
72558,1.0,1.0461918e-11,0
72559,1.0,8.293372e-13,0
72560,1.0,4.6198696e-12,0
72561,1.0,3.2129014e-13,0
72562,1.0,1.1388927e-11,0
72563,1.0,6.0265004e-13,0
72564,1.0,2.359844e-10,0
72565,1.0,1.7962758e-09,0
72566,1.0,3.89012e-12,0
72567,1.0,7.0044304e-11,0
72568,1.0,6.3165766e-12,0
72569,1.0,4.705134e-12,0
72570,1.0,7.889395e-11,0
72571,0.99999964,3.7514394e-07,0
72572,1.0,2.5776993e-08,0
72573,1.0,5.4317445e-12,0
72574,0.99999845,1.6014817e-06,0
72575,0.9999995,4.4672566e-07,0
72576,1.0,4.2225204e-10,0
72577,0.9999999,7.423012e-08,0
72578,1.0,8.3150403e-13,0
72579,0.99999845,1.5971548e-06,0
72580,1.0,4.149384e-12,0
72581,1.0,2.688069e-11,0
72582,1.0,2.7858497e-12,0
72583,1.0,2.3430767e-12,0
72584,1.0,2.3132031e-10,0
72585,1.0,5.607497e-10,0
72586,1.0,1.9151732e-13,0
72587,1.0,1.2192293e-12,0
72588,1.0,4.7732204e-14,0
72589,1.0,1.3175194e-12,0
72590,1.0,2.7755656e-12,0
72591,1.0,3.780339e-10,0
72592,1.0,4.362715e-12,0
72593,0.99999917,8.0457914e-07,0
72594,1.0,2.2456658e-11,0
72595,1.0,5.2976107e-14,0
72596,1.0,1.7138972e-09,0
72597,1.0,3.018521e-11,0
72598,1.0,1.912017e-12,0
72599,1.0,2.5462144e-09,0
72600,1.0,3.8631173e-12,0
72601,0.99999964,3.0722865e-07,0
72602,1.0,1.6546568e-11,0
72603,1.0,1.1828175e-09,0
72604,1.0,2.1681234e-13,0
72605,1.0,5.805672e-14,0
72606,1.0,9.715038e-13,0
72607,1.0,4.7462056e-13,0
72608,1.0,3.4868883e-12,0
72609,1.0,5.1438103e-12,0
72610,1.0,5.8375424e-13,0
72611,1.0,1.5474118e-09,0
72612,1.0,8.289675e-12,0
72613,1.0,1.0972374e-09,0
72614,1.0,1.4358889e-11,0
72615,1.0,6.111771e-12,0
72616,1.0,1.5347978e-14,0
72617,1.0,8.2055465e-12,0
72618,1.0,3.9607467e-11,0
72619,1.0,8.661046e-13,0
72620,1.0,7.2862927e-10,0
72621,1.0,1.0661629e-11,0
72622,1.0,1.1933116e-09,0
72623,1.0,4.0226455e-10,0
72624,1.0,7.713957e-12,0
72625,1.0,1.2428205e-13,0
72626,1.0,2.2735806e-11,0
72627,1.0,2.8213054e-10,0
72628,1.0,1.5148496e-10,0
72629,1.0,6.380739e-13,0
72630,1.0,2.5289932e-13,0
72631,1.0,3.0774363e-13,0
72632,1.0,4.050829e-12,0
72633,1.0,2.9235495e-10,0
72634,1.0,1.0695403e-10,0
72635,1.0,1.3080066e-09,0
72636,1.0,2.0987084e-14,0
72637,1.0,3.095204e-12,0
72638,1.0,1.1373948e-11,0
72639,1.0,2.1925533e-11,0
72640,1.0,4.630727e-13,0
72641,1.0,1.3212715e-12,0
72642,1.0,5.6938633e-12,0
72643,1.0,6.156528e-14,0
72644,1.0,6.9472374e-13,0
72645,1.0,4.2526052e-13,0
72646,1.0,8.070073e-13,0
72647,1.0,9.007888e-12,0
72648,1.0,1.0121802e-10,0
72649,1.0,2.538827e-14,0
72650,1.0,3.0974218e-10,0
72651,1.0,4.9684524e-13,0
72652,1.0,4.6350754e-09,0
72653,1.0,3.268825e-12,0
72654,1.0,1.0307103e-12,0
72655,0.9999969,3.1065863e-06,0
72656,1.0,8.249262e-13,0
72657,1.0,8.857466e-12,0
72658,1.0,1.6144679e-12,0
72659,1.0,1.2952694e-11,0
72660,1.0,1.9426686e-11,0
72661,1.0,4.4556338e-11,0
72662,1.0,4.810507e-08,0
72663,1.0,1.7132817e-14,0
72664,1.0,1.7001461e-11,0
72665,1.0,4.3083653e-10,0
72666,1.0,1.2703996e-09,0
72667,1.0,1.0817887e-10,0
72668,1.0,1.7842841e-12,0
72669,1.0,5.5408733e-12,0
72670,0.9999999,1.4383559e-07,0
72671,1.0,2.5459679e-08,0
72672,0.9999994,5.8799645e-07,0
72673,1.0,2.2010591e-11,0
72674,1.0,2.278962e-13,0
72675,1.0,1.2370756e-10,0
72676,1.0,5.3082795e-11,0
72677,1.0,2.7398228e-10,0
72678,1.0,1.2786256e-13,0
72679,1.0,4.5666045e-12,0
72680,1.0,4.1387527e-12,0
72681,1.0,6.829379e-12,0
72682,1.0,6.290982e-11,0
72683,1.0,1.5523359e-10,0
72684,1.0,1.8695259e-11,0
72685,1.0,6.84989e-11,0
72686,1.0,1.2501659e-11,0
72687,1.0,1.8028692e-13,0
72688,1.0,4.028154e-12,0
72689,1.0,6.7768764e-09,0
72690,1.0,7.186243e-14,0
72691,1.0,7.705479e-14,0
72692,1.0,1.0685418e-09,0
72693,1.0,8.9433425e-13,0
72694,1.0,8.9592385e-13,0
72695,1.0,4.2110032e-10,0
72696,1.0,7.770841e-12,0
72697,1.0,7.2414724e-14,0
72698,1.0,9.1938485e-11,0
72699,1.0,5.109827e-13,0
72700,1.0,3.2616836e-11,0
72701,1.0,5.11561e-09,0
72702,1.0,1.5685764e-08,0
72703,1.0,6.384958e-11,0
72704,1.0,8.6817196e-13,0
72705,1.0,1.6389619e-10,0
72706,1.0,5.487505e-13,0
72707,1.0,5.788435e-10,0
72708,0.9999974,2.615069e-06,0
72709,1.0,3.7180347e-13,0
72710,1.0,4.843725e-12,0
72711,1.0,3.9269076e-13,0
72712,1.0,3.2851011e-12,0
72713,1.0,8.936958e-11,0
72714,1.0,1.027587e-09,0
72715,1.0,1.8018112e-12,0
72716,1.0,2.0157622e-13,0
72717,1.0,2.2070527e-12,0
72718,1.0,6.082747e-11,0
72719,1.0,1.5583915e-09,0
72720,1.0,1.56256e-11,0
72721,1.0,1.5145798e-08,0
72722,1.0,3.084656e-11,0
72723,1.0,1.1068053e-09,0
72724,1.0,8.036901e-11,0
72725,1.0,2.271538e-12,0
72726,1.0,9.673329e-12,0
72727,1.0,1.32230095e-11,0
72728,1.0,1.4481357e-12,0
72729,1.0,5.902373e-11,0
72730,1.0,9.703025e-12,0
72731,0.9999987,1.3469391e-06,0
72732,1.0,1.2840262e-10,0
72733,0.9999987,1.3352509e-06,0
72734,1.0,4.456771e-12,0
72735,1.0,4.072777e-12,0
72736,1.0,2.0603515e-13,0
72737,1.0,7.5644634e-13,0
72738,1.0,1.3275041e-11,0
72739,1.0,1.2458716e-11,0
72740,1.0,1.5930574e-10,0
72741,1.0,8.740758e-12,0
72742,1.0,1.2168592e-09,0
72743,1.0,3.907637e-10,0
72744,1.0,1.9933832e-10,0
72745,1.0,1.5214344e-10,0
72746,1.0,2.8906768e-12,0
72747,1.0,3.26651e-10,0
72748,1.0,1.5799123e-14,0
72749,1.0,2.7797445e-13,0
72750,0.9999999,1.4726173e-07,0
72751,1.0,5.797003e-12,0
72752,1.0,6.2209336e-13,0
72753,1.0,3.8609736e-12,0
72754,1.0,2.220495e-10,0
72755,1.0,3.157832e-10,0
72756,1.0,1.4479852e-10,0
72757,1.0,1.265758e-09,0
72758,1.0,3.886792e-11,0
72759,1.0,2.2247036e-11,0
72760,1.0,5.510402e-09,0
72761,1.0,2.6133836e-11,0
72762,1.0,1.05436146e-10,0
72763,1.0,9.313882e-12,0
72764,1.0,1.253278e-13,0
72765,1.0,1.7478291e-11,0
72766,1.0,1.5592306e-12,0
72767,1.0,2.7720634e-12,0
72768,1.0,6.365569e-13,0
72769,1.0,4.6088307e-13,0
72770,1.0,2.6191688e-10,0
72771,0.99999774,2.299004e-06,0
72772,1.0,1.2263873e-08,0
72773,1.0,3.0128653e-12,0
72774,1.0,6.024544e-14,0
72775,1.0,1.8750415e-13,0
72776,1.0,7.80296e-10,0
72777,1.0,7.089261e-13,0
72778,1.0,8.756453e-10,0
72779,1.0,4.753816e-13,0
72780,1.0,1.3434693e-12,0
72781,1.0,6.0795623e-13,0
72782,1.0,8.2224485e-09,0
72783,1.0,1.3816732e-12,0
72784,1.0,1.5332427e-12,0
72785,1.0,6.1731675e-10,0
72786,1.0,1.590784e-09,0
72787,1.0,5.3206437e-12,0
72788,1.0,9.638925e-12,0
72789,1.0,3.5372434e-11,0
72790,1.0,3.1675867e-10,0
72791,1.0,1.4938615e-13,0
72792,1.0,6.947668e-11,0
72793,1.0,1.10773835e-10,0
72794,1.0,2.5616913e-12,0
72795,1.0,1.00097194e-10,0
72796,1.0,1.8419904e-09,0
72797,1.0,2.9299452e-11,0
72798,1.0,8.331944e-10,0
72799,1.0,1.47813495e-08,0
72800,1.0,3.7460506e-14,0
72801,1.0,9.962027e-11,0
72802,1.0,4.249954e-09,0
72803,1.0,1.1275883e-11,0
72804,1.0,6.005144e-14,0
72805,1.0,1.4280277e-12,0
72806,0.99999785,2.0941218e-06,0
72807,1.0,1.9776432e-11,0
72808,1.0,2.8885012e-11,0
72809,1.0,5.8974703e-10,0
72810,1.0,2.3159303e-11,0
72811,1.0,4.581619e-12,0
72812,1.0,1.1755702e-10,0
72813,1.0,1.5612483e-12,0
72814,1.0,1.8937374e-10,0
72815,0.99999976,1.8172224e-07,0
72816,1.0,4.3848994e-11,0
72817,0.9999999,1.09624054e-07,0
72818,1.0,5.0261902e-11,0
72819,0.99999595,4.111008e-06,0
72820,1.0,6.0190394e-11,0
72821,1.0,3.4298183e-12,0
72822,1.0,8.699146e-12,0
72823,1.0,1.4615949e-11,0
72824,1.0,5.5714153e-12,0
72825,1.0,1.9882873e-10,0
72826,1.0,7.618687e-10,0
72827,1.0,1.414305e-10,0
72828,1.0,7.3052914e-13,0
72829,1.0,4.607218e-11,0
72830,1.0,8.6956005e-11,0
72831,1.0,6.17827e-13,0
72832,1.0,1.533852e-11,0
72833,1.0,3.9013533e-13,0
72834,1.0,4.1548804e-12,0
72835,1.0,9.204753e-13,0
72836,1.0,2.4573025e-13,0
72837,1.0,2.141911e-10,0
72838,1.0,5.52262e-12,0
72839,1.0,4.5379877e-11,0
72840,1.0,2.2794607e-14,0
72841,1.0,1.3514276e-10,0
72842,1.0,6.8985925e-13,0
72843,1.0,5.2843983e-11,0
72844,1.0,3.078329e-13,0
72845,1.0,6.714836e-12,0
72846,1.0,1.9054456e-12,0
72847,1.0,8.549039e-11,0
72848,1.0,5.7045084e-11,0
72849,1.0,3.1542414e-12,0
72850,1.0,1.5878336e-10,0
72851,1.0,2.5252023e-11,0
72852,1.0,3.3608567e-12,0
72853,1.0,1.856091e-12,0
72854,1.0,3.5103336e-14,0
72855,0.999998,2.0261189e-06,0
72856,1.0,6.5450024e-12,0
72857,1.0,4.5236636e-13,0
72858,1.0,3.30562e-10,0
72859,1.0,2.0366848e-14,0
72860,1.0,6.693578e-10,0
72861,1.0,3.1483528e-11,0
72862,1.0,5.5944875e-13,0
72863,1.0,1.5698018e-10,0
72864,1.0,3.72917e-10,0
72865,1.0,7.108851e-10,0
72866,1.0,1.5120827e-12,0
72867,1.0,2.7685455e-11,0
72868,1.0,2.3904816e-14,0
72869,1.0,3.6767994e-10,0
72870,1.0,1.2755724e-11,0
72871,1.0,1.9751308e-13,0
72872,1.0,1.5495397e-11,0
72873,1.0,2.1141352e-15,0
72874,1.0,4.0708045e-12,0
72875,1.0,1.0836497e-13,0
72876,1.0,1.7982708e-09,0
72877,1.0,2.5868157e-12,0
72878,1.0,1.26819995e-11,0
72879,1.0,6.362069e-14,0
72880,1.0,1.7241276e-12,0
72881,1.0,4.85893e-11,0
72882,1.0,4.447328e-12,0
72883,1.0,1.948163e-12,0
72884,1.0,6.84622e-11,0
72885,1.0,2.77474e-12,0
72886,1.0,8.435164e-13,0
72887,1.0,4.0291778e-15,0
72888,1.0,2.2014347e-13,0
72889,1.0,3.6911086e-12,0
72890,1.0,4.501033e-11,0
72891,1.0,9.129794e-13,0
72892,1.0,8.266859e-12,0
72893,1.0,3.131628e-13,0
72894,1.0,1.736215e-09,0
72895,1.0,8.372181e-11,0
72896,1.0,1.8612405e-10,0
72897,1.0,1.1244538e-09,0
72898,1.0,8.375998e-11,0
72899,1.0,4.8806905e-12,0
72900,1.0,4.6136706e-12,0
72901,1.0,3.800487e-14,0
72902,1.0,2.591501e-13,0
72903,1.0,3.25438e-12,0
72904,1.0,2.0347887e-15,0
72905,1.0,2.9919673e-13,0
72906,1.0,2.7660476e-12,0
72907,1.0,5.0268612e-11,0
72908,1.0,1.04585936e-13,0
72909,1.0,2.7458819e-13,0
72910,1.0,1.9120609e-08,0
72911,1.0,2.0273074e-12,0
72912,1.0,2.4886608e-12,0
72913,1.0,4.9125502e-11,0
72914,1.0,4.2677396e-11,0
72915,1.0,8.432531e-12,0
72916,1.0,4.678643e-09,0
72917,1.0,1.3713028e-12,0
72918,1.0,9.894018e-09,0
72919,1.0,1.8110521e-12,0
72920,1.0,3.5270656e-10,0
72921,1.0,3.592474e-11,0
72922,1.0,2.59658e-11,0
72923,1.0,2.0255922e-11,0
72924,1.0,1.8402697e-09,0
72925,1.0,6.7366056e-12,0
72926,1.0,2.2438633e-11,0
72927,1.0,1.0984445e-11,0
72928,1.0,8.3175185e-12,0
72929,1.0,5.746558e-13,0
72930,1.0,1.6107548e-09,0
72931,1.0,2.2920782e-10,0
72932,1.0,3.6942003e-12,0
72933,1.0,9.725309e-13,0
72934,1.0,1.5873838e-12,0
72935,1.0,4.1215204e-14,0
72936,1.0,3.0035505e-10,0
72937,1.0,3.6564413e-10,0
72938,1.0,1.7714467e-11,0
72939,1.0,2.961058e-11,0
72940,1.0,1.7107356e-13,0
72941,1.0,1.8492356e-12,0
72942,1.0,1.3905896e-10,0
72943,1.0,1.1735068e-14,0
72944,1.0,5.556553e-10,0
72945,1.0,5.1309176e-11,0
72946,1.0,5.4110843e-12,0
72947,1.0,3.3793435e-12,0
72948,0.999997,3.023383e-06,0
72949,1.0,2.931052e-11,0
72950,1.0,3.5800913e-12,0
72951,1.0,2.215225e-13,0
72952,1.0,9.630252e-12,0
72953,1.0,4.1805726e-12,0
72954,1.0,2.7893656e-11,0
72955,1.0,7.344326e-13,0
72956,1.0,3.4760195e-11,0
72957,1.0,3.2757175e-11,0
72958,0.9999999,9.8721934e-08,0
72959,1.0,1.5868715e-09,0
72960,1.0,2.7747544e-13,0
72961,1.0,1.3565203e-10,0
72962,1.0,3.617556e-12,0
72963,1.0,2.6700232e-13,0
72964,1.0,1.363446e-10,0
72965,1.0,2.502054e-12,0
72966,1.0,3.6499625e-13,0
72967,1.0,3.7624703e-10,0
72968,1.0,2.9129414e-13,0
72969,1.0,2.0478829e-11,0
72970,1.0,1.2527104e-11,0
72971,1.0,1.0221049e-11,0
72972,1.0,2.3636539e-11,0
72973,1.0,3.1985348e-08,0
72974,0.9999993,7.115517e-07,0
72975,1.0,2.7313335e-10,0
72976,1.0,3.4851212e-11,0
72977,1.0,1.06008216e-10,0
72978,1.0,5.4735214e-12,0
72979,1.0,2.239263e-11,0
72980,1.0,4.707973e-11,0
72981,0.99998426,1.5769383e-05,0
72982,0.99999475,5.248028e-06,0
72983,1.0,2.2665131e-12,0
72984,1.0,2.0705204e-12,0
72985,1.0,8.939544e-12,0
72986,1.0,3.941321e-10,0
72987,1.0,1.2305257e-11,0
72988,0.9999969,3.106616e-06,0
72989,1.0,4.9722047e-14,0
72990,1.0,4.906101e-10,0
72991,1.0,9.8298245e-12,0
72992,1.0,5.653456e-12,0
72993,1.0,1.1198045e-10,0
72994,1.0,1.143129e-13,0
72995,1.0,5.1479865e-10,0
72996,1.0,7.787523e-11,0
72997,1.0,1.3517207e-11,0
72998,1.0,1.0874125e-08,0
72999,1.0,2.9585753e-10,0
73000,1.0,4.6177402e-11,0
73001,1.0,1.73014e-08,0
73002,1.0,8.9240585e-12,0
73003,1.0,1.643211e-12,0
73004,1.0,3.758708e-12,0
73005,1.0,5.0903843e-12,0
73006,1.0,5.986932e-12,0
73007,1.0,2.1733766e-10,0
73008,0.99999976,2.4957825e-07,0
73009,1.0,4.6986768e-12,0
73010,1.0,3.0934082e-13,0
73011,1.0,6.034627e-11,0
73012,1.0,1.1632097e-13,0
73013,1.0,1.4447609e-13,0
73014,1.0,8.255605e-13,0
73015,1.0,1.6670324e-12,0
73016,1.0,3.2368474e-13,0
73017,1.0,1.3214563e-11,0
73018,1.0,1.0987364e-10,0
73019,1.0,1.5355205e-11,0
73020,1.0,1.9112642e-10,0
73021,1.0,1.1267702e-13,0
73022,1.0,9.49165e-14,0
73023,1.0,2.5865397e-08,0
73024,1.0,3.677055e-12,0
73025,1.0,6.5254754e-14,0
73026,1.0,4.454903e-11,0
73027,1.0,8.029103e-11,0
73028,1.0,4.7016805e-08,0
73029,1.0,9.941821e-13,0
73030,1.0,7.403062e-12,0
73031,1.0,2.0353375e-10,0
73032,1.0,1.1308529e-12,0
73033,1.0,3.5408837e-10,0
73034,1.0,1.3895204e-11,0
73035,1.0,3.2088564e-11,0
73036,0.99999976,1.8902395e-07,0
73037,1.0,2.70277e-09,0
73038,1.0,9.559641e-13,0
73039,0.99999595,4.0595423e-06,0
73040,1.0,1.0217472e-09,0
73041,1.0,6.8969186e-10,0
73042,1.0,2.8861276e-11,0
73043,1.0,2.5285965e-10,0
73044,1.0,4.3654892e-11,0
73045,1.0,8.058699e-11,0
73046,1.0,4.3087556e-12,0
73047,1.0,1.5380612e-08,0
73048,1.0,1.2248375e-08,0
73049,1.0,1.2857786e-10,0
73050,1.0,1.9179679e-11,0
73051,1.0,5.236399e-11,0
73052,1.0,1.3548498e-10,0
73053,1.0,1.5409526e-13,0
73054,1.0,2.7118542e-12,0
73055,1.0,7.278973e-14,0
73056,1.0,9.192052e-09,0
73057,1.0,1.2373145e-09,0
73058,1.0,1.7221197e-08,0
73059,1.0,1.9279689e-12,0
73060,0.99998784,1.2156347e-05,0
73061,1.0,3.3435487e-12,0
73062,1.0,1.3049323e-12,0
73063,1.0,1.9537271e-11,0
73064,1.0,5.9256805e-14,0
73065,1.0,1.9301848e-11,0
73066,1.0,3.2291699e-13,0
73067,1.0,7.70516e-13,0
73068,1.0,2.0114771e-12,0
73069,1.0,3.0635963e-10,0
73070,1.0,1.2731714e-10,0
73071,1.0,4.123095e-13,0
73072,1.0,8.76819e-09,0
73073,1.0,2.4382296e-10,0
73074,1.0,5.064928e-10,0
73075,1.0,2.8442236e-11,0
73076,1.0,3.5817888e-10,0
73077,1.0,8.346167e-13,0
73078,1.0,9.07691e-12,0
73079,0.9999974,2.581208e-06,0
73080,1.0,4.0475755e-13,0
73081,1.0,1.6023729e-14,0
73082,1.0,6.6297326e-13,0
73083,1.0,2.2034878e-14,0
73084,1.0,5.1102705e-15,0
73085,1.0,2.2698184e-12,0
73086,1.0,4.26004e-10,0
73087,1.0,2.482269e-13,0
73088,1.0,1.1611754e-12,0
73089,1.0,1.4034234e-12,0
73090,1.0,2.6188663e-12,0
73091,1.0,3.051551e-08,0
73092,1.0,6.1466056e-13,0
73093,1.0,7.1529106e-12,0
73094,1.0,7.9390695e-12,0
73095,1.0,2.2594919e-11,0
73096,1.0,4.4462424e-12,0
73097,1.0,2.0810383e-10,0
73098,1.0,1.5523366e-09,0
73099,1.0,1.7824633e-13,0
73100,1.0,2.9287632e-13,0
73101,1.0,4.151827e-10,0
73102,1.0,1.6119026e-11,0
73103,1.0,9.2809205e-11,0
73104,1.0,1.32728386e-11,0
73105,1.0,1.1460264e-12,0
73106,1.0,2.4176106e-12,0
73107,1.0,6.767962e-13,0
73108,1.0,2.4713965e-11,0
73109,1.0,1.6690012e-09,0
73110,1.0,3.49691e-13,0
73111,1.0,2.962835e-09,0
73112,1.0,1.2302447e-10,0
73113,1.0,6.723929e-10,0
73114,1.0,5.1948283e-14,0
73115,1.0,1.068394e-11,0
73116,1.0,8.287439e-10,0
73117,1.0,2.1274071e-11,0
73118,1.0,1.9099694e-11,0
73119,1.0,8.1321576e-13,0
73120,1.0,6.0678963e-13,0
73121,1.0,5.6765974e-13,0
73122,1.0,6.128624e-13,0
73123,1.0,2.796369e-12,0
73124,1.0,4.5291826e-12,0
73125,1.0,1.6098876e-14,0
73126,1.0,2.2281823e-14,0
73127,1.0,1.4590748e-10,0
73128,1.0,3.1244327e-13,0
73129,1.0,1.648926e-11,0
73130,1.0,6.457164e-12,0
73131,1.0,1.1786231e-11,0
73132,1.0,1.0663346e-13,0
73133,1.0,1.9334892e-12,0
73134,1.0,3.493331e-09,0
73135,1.0,2.114219e-12,0
73136,1.0,2.143202e-14,0
73137,1.0,2.967516e-14,0
73138,1.0,2.9356847e-11,0
73139,1.0,3.663656e-12,0
73140,1.0,7.168782e-12,0
73141,1.0,1.5883825e-13,0
73142,1.0,1.0169215e-13,0
73143,1.0,1.6966215e-11,0
73144,1.0,5.1565436e-11,0
73145,1.0,4.1460793e-11,0
73146,1.0,3.7541064e-13,0
73147,1.0,7.908981e-11,0
73148,1.0,4.6447397e-09,0
73149,1.0,3.793924e-11,0
73150,1.0,7.0996636e-10,0
73151,1.0,5.433509e-11,0
73152,1.0,1.4026606e-12,0
73153,1.0,1.9291138e-11,0
73154,1.0,1.3073526e-10,0
73155,1.0,2.3310546e-08,0
73156,1.0,1.0298708e-13,0
73157,1.0,3.028316e-09,0
73158,1.0,6.0365467e-12,0
73159,1.0,6.2725336e-10,0
73160,1.0,6.339249e-14,0
73161,1.0,7.1554526e-11,0
73162,1.0,1.7965917e-12,0
73163,1.0,1.8100609e-12,0
73164,1.0,3.7142663e-12,0
73165,1.0,1.8358173e-09,0
73166,1.0,1.8066576e-11,0
73167,1.0,2.6987015e-12,0
73168,1.0,1.9834608e-11,0
73169,1.0,4.2645882e-12,0
73170,1.0,2.8667294e-10,0
73171,1.0,2.9943624e-11,0
73172,1.0,4.474109e-13,0
73173,1.0,6.159162e-13,0
73174,1.0,3.225955e-10,0
73175,1.0,1.1771319e-10,0
73176,1.0,9.87483e-12,0
73177,1.0,4.175317e-10,0
73178,1.0,2.7707936e-09,0
73179,1.0,3.2388866e-12,0
73180,1.0,5.44618e-10,0
73181,1.0,3.70425e-11,0
73182,0.9999994,6.2855815e-07,0
73183,1.0,1.07669595e-10,0
73184,1.0,4.831603e-11,0
73185,1.0,1.5838477e-09,0
73186,1.0,6.3124554e-09,0
73187,1.0,8.5235817e-13,0
73188,1.0,4.1571812e-11,0
73189,1.0,7.385601e-12,0
73190,1.0,3.4772777e-12,0
73191,1.0,6.646854e-12,0
73192,1.0,3.395216e-13,0
73193,1.0,1.5595475e-10,0
73194,1.0,1.8656824e-11,0
73195,1.0,1.5922372e-10,0
73196,1.0,1.332182e-10,0
73197,1.0,1.2647901e-13,0
73198,1.0,9.202067e-13,0
73199,1.0,4.5291854e-11,0
73200,1.0,1.2517704e-13,0
73201,1.0,8.0221186e-12,0
73202,1.0,4.980467e-12,0
73203,1.0,1.335688e-10,0
73204,1.0,2.5286976e-14,0
73205,1.0,1.2726263e-12,0
73206,1.0,1.6658e-11,0
73207,1.0,3.9897387e-12,0
73208,1.0,1.9211018e-11,0
73209,1.0,3.7415822e-13,0
73210,1.0,4.881198e-10,0
73211,1.0,7.9658326e-14,0
73212,1.0,3.8909814e-08,0
73213,1.0,1.1797792e-11,0
73214,1.0,6.021178e-14,0
73215,1.0,1.175495e-12,0
73216,1.0,4.776492e-13,0
73217,1.0,1.0070809e-10,0
73218,1.0,4.7351906e-10,0
73219,1.0,3.2051924e-11,0
73220,1.0,4.921762e-14,0
73221,1.0,7.478057e-10,0
73222,1.0,1.029108e-11,0
73223,1.0,1.1307688e-12,0
73224,1.0,9.427833e-10,0
73225,1.0,1.0485205e-12,0
73226,1.0,3.120353e-13,0
73227,1.0,1.5763765e-09,0
73228,1.0,1.4886268e-11,0
73229,1.0,5.1964444e-10,0
73230,1.0,8.278027e-09,0
73231,1.0,4.6312403e-09,0
73232,1.0,1.357452e-10,0
73233,1.0,2.5110528e-11,0
73234,1.0,2.3552302e-14,0
73235,1.0,1.1227007e-09,0
73236,1.0,1.813023e-11,0
73237,1.0,5.982982e-12,0
73238,1.0,9.30129e-13,0
73239,1.0,4.9486232e-08,0
73240,1.0,2.3395654e-13,0
73241,1.0,2.1014124e-10,0
73242,1.0,1.04588e-12,0
73243,1.0,7.145322e-14,0
73244,1.0,1.1065753e-09,0
73245,1.0,4.3573034e-11,0
73246,1.0,1.1406711e-11,0
73247,0.99999976,2.8792545e-07,0
73248,1.0,1.3835298e-08,0
73249,1.0,1.324615e-12,0
73250,1.0,3.1680244e-12,0
73251,1.0,1.1880845e-11,0
73252,1.0,1.2128353e-11,0
73253,1.0,2.0609835e-10,0
73254,1.0,1.5564843e-13,0
73255,1.0,1.1952162e-12,0
73256,1.0,7.0863955e-09,0
73257,1.0,7.672248e-14,0
73258,1.0,5.6153398e-11,0
73259,1.0,7.879136e-12,0
73260,1.0,5.9375963e-13,0
73261,1.0,1.7610555e-09,0
73262,1.0,2.8085203e-11,0
73263,1.0,8.0878935e-11,0
73264,1.0,1.2926976e-11,0
73265,1.0,3.265116e-13,0
73266,1.0,1.1460696e-13,0
73267,1.0,1.090163e-10,0
73268,1.0,3.2685437e-09,0
73269,1.0,6.5273465e-13,0
73270,1.0,4.6480425e-14,0
73271,1.0,8.397115e-14,0
73272,1.0,1.9755048e-12,0
73273,1.0,1.0963552e-08,0
73274,1.0,1.5191559e-09,0
73275,1.0,4.8624487e-09,0
73276,1.0,9.9908935e-11,0
73277,1.0,5.6804807e-11,0
73278,1.0,9.8229876e-11,0
73279,1.0,2.5555862e-12,0
73280,1.0,4.290016e-09,0
73281,1.0,1.064787e-11,0
73282,1.0,2.4713798e-13,0
73283,1.0,1.2009234e-14,0
73284,1.0,2.7135733e-11,0
73285,1.0,5.4201167e-14,0
73286,1.0,1.672927e-10,0
73287,1.0,9.2565455e-10,0
73288,1.0,4.818089e-13,0
73289,1.0,5.070277e-12,0
73290,1.0,3.8833958e-12,0
73291,1.0,1.0160908e-11,0
73292,1.0,1.3487403e-12,0
73293,1.0,1.0849589e-13,0
73294,1.0,1.0717605e-13,0
73295,1.0,9.204065e-10,0
73296,1.0,1.8233556e-13,0
73297,1.0,1.0678317e-11,0
73298,1.0,1.7512654e-12,0
73299,1.0,2.4760594e-10,0
73300,1.0,1.1893939e-13,0
73301,1.0,3.318455e-11,0
73302,1.0,2.5604738e-13,0
73303,0.9999999,6.043666e-08,0
73304,1.0,2.2894728e-11,0
73305,1.0,1.3123479e-12,0
73306,1.0,5.706127e-12,0
73307,1.0,7.1718215e-11,0
73308,1.0,1.5305262e-11,0
73309,1.0,3.5892242e-13,0
73310,1.0,2.020653e-11,0
73311,1.0,7.544172e-14,0
73312,1.0,2.3411543e-13,0
73313,1.0,5.4537368e-14,0
73314,1.0,2.2072717e-12,0
73315,1.0,8.205367e-10,0
73316,1.0,2.9300542e-13,0
73317,1.0,1.8735016e-12,0
73318,1.0,5.810663e-12,0
73319,1.0,6.614067e-14,0
73320,1.0,2.1485519e-10,0
73321,1.0,1.7991901e-13,0
73322,1.0,2.6010482e-13,0
73323,1.0,2.3776994e-10,0
73324,1.0,6.1792196e-11,0
73325,1.0,2.6312884e-12,0
73326,1.0,7.3808195e-14,0
73327,1.0,4.52319e-09,0
73328,1.0,1.9312668e-12,0
73329,1.0,2.8743508e-10,0
73330,1.0,1.1228119e-13,0
73331,1.0,5.9049665e-10,0
73332,1.0,3.3225237e-13,0
73333,1.0,8.1250566e-13,0
73334,1.0,1.09281155e-13,0
73335,1.0,9.052683e-13,0
73336,1.0,8.822289e-13,0
73337,1.0,2.9414993e-13,0
73338,1.0,2.026262e-10,0
73339,1.0,1.2348754e-11,0
73340,1.0,4.1976873e-12,0
73341,1.0,1.3254952e-11,0
73342,1.0,3.9950235e-12,0
73343,1.0,6.554169e-13,0
73344,1.0,4.5093226e-12,0
73345,1.0,3.1081125e-12,0
73346,1.0,1.3466146e-12,0
73347,1.0,1.4728588e-11,0
73348,1.0,5.3401464e-11,0
73349,1.0,3.22099e-12,0
73350,1.0,1.3824949e-13,0
73351,1.0,6.7950445e-10,0
73352,1.0,3.3693984e-13,0
73353,1.0,3.7990108e-13,0
73354,1.0,2.579665e-13,0
73355,1.0,3.9370924e-13,0
73356,1.0,7.581992e-15,0
73357,1.0,2.6178825e-12,0
73358,1.0,5.5843144e-14,0
73359,1.0,7.0212065e-14,0
73360,1.0,3.8998705e-14,0
73361,1.0,5.903167e-13,0
73362,1.0,2.0291323e-13,0
73363,1.0,3.2019081e-13,0
73364,1.0,2.0918116e-13,0
73365,1.0,6.418028e-13,0
73366,1.0,1.8992492e-11,0
73367,1.0,2.0940031e-13,0
73368,1.0,4.1905952e-14,0
73369,1.0,3.474286e-13,0
73370,1.0,1.0534076e-12,0
73371,1.0,1.7168179e-14,0
73372,1.0,7.579632e-12,0
73373,1.0,4.1726995e-13,0
73374,1.0,5.928631e-14,0
73375,1.0,8.9620714e-14,0
73376,1.0,7.93421e-12,0
73377,1.0,7.827505e-15,0
73378,1.0,3.7688486e-10,0
73379,1.0,4.790452e-13,0
73380,1.0,3.6645607e-14,0
73381,1.0,2.1519004e-12,0
73382,1.0,2.0320372e-13,0
73383,1.0,3.803332e-13,0
73384,1.0,1.3930371e-14,0
73385,0.9999999,9.372977e-08,0
73386,1.0,2.5109626e-14,0
73387,1.0,1.956079e-12,0
73388,1.0,1.2858256e-13,0
73389,1.0,4.191849e-11,0
73390,1.0,6.964316e-12,0
73391,1.0,1.4977252e-12,0
73392,1.0,1.2160377e-09,0
73393,1.0,1.259275e-10,0
73394,0.9999999,1.3065541e-07,0
73395,1.0,8.812007e-11,0
73396,1.0,8.9512615e-13,0
73397,1.0,7.704836e-13,0
73398,1.0,5.4987607e-12,0
73399,1.0,1.0407469e-10,0
73400,1.0,2.7305352e-11,0
73401,1.0,3.4620424e-09,0
73402,1.0,2.0536035e-13,0
73403,1.0,4.2007367e-13,0
73404,1.0,5.505288e-12,0
73405,1.0,6.270682e-13,0
73406,1.0,5.878081e-12,0
73407,1.0,1.7381209e-12,0
73408,1.0,2.5600622e-14,0
73409,1.0,7.830242e-14,0
73410,1.0,2.3557326e-11,0
73411,0.99999964,3.9573288e-07,0
73412,1.0,7.5093556e-11,0
73413,1.0,1.5743296e-10,0
73414,1.0,5.9949273e-13,0
73415,1.0,1.6680511e-11,0
73416,1.0,8.68168e-11,0
73417,1.0,6.8281123e-13,0
73418,1.0,4.8750252e-08,0
73419,1.0,1.8733248e-10,0
73420,1.0,4.29572e-14,0
73421,1.0,1.6319836e-14,0
73422,1.0,8.039316e-13,0
73423,1.0,8.159019e-13,0
73424,1.0,2.1741372e-12,0
73425,1.0,3.8691766e-13,0
73426,1.0,1.192308e-13,0
73427,1.0,9.569926e-14,0
73428,1.0,1.5473638e-10,0
73429,1.0,1.6983544e-14,0
73430,0.9999974,2.662334e-06,0
73431,1.0,5.466938e-12,0
73432,1.0,6.984435e-14,0
73433,1.0,1.2467417e-11,0
73434,1.0,2.2784666e-13,0
73435,1.0,4.840991e-12,0
73436,1.0,3.68895e-11,0
73437,1.0,1.6485351e-12,0
73438,1.0,4.0612403e-13,0
73439,1.0,4.3122373e-14,0
73440,1.0,5.0635748e-14,0
73441,1.0,1.7160406e-08,0
73442,1.0,1.5692486e-13,0
73443,1.0,2.4525115e-10,0
73444,1.0,3.502913e-12,0
73445,1.0,5.236958e-11,0
73446,1.0,3.1535243e-09,0
73447,1.0,2.2303009e-13,0
73448,1.0,3.148357e-12,0
73449,1.0,1.1586909e-12,0
73450,1.0,9.193348e-13,0
73451,1.0,7.501228e-10,0
73452,1.0,2.6877986e-10,0
73453,1.0,4.5895845e-13,0
73454,1.0,5.940174e-11,0
73455,1.0,7.98098e-14,0
73456,1.0,9.705682e-10,0
73457,1.0,4.903666e-11,0
73458,1.0,6.858031e-12,0
73459,1.0,1.074916e-08,0
73460,1.0,6.52459e-11,0
73461,1.0,2.7650045e-11,0
73462,1.0,2.9470976e-10,0
73463,1.0,1.0542529e-10,0
73464,1.0,2.0771477e-14,0
73465,1.0,2.7795732e-14,0
73466,1.0,3.3169187e-10,0
73467,1.0,4.1189985e-10,0
73468,1.0,1.6307337e-09,0
73469,1.0,2.4957196e-12,0
73470,1.0,2.1979023e-09,0
73471,1.0,7.574639e-10,0
73472,1.0,3.719961e-11,0
73473,1.0,2.153521e-13,0
73474,1.0,1.08837e-10,0
73475,1.0,1.5594709e-09,0
73476,1.0,4.671767e-13,0
73477,1.0,7.2332866e-14,0
73478,1.0,1.339274e-11,0
73479,1.0,6.3054634e-13,0
73480,1.0,2.101779e-12,0
73481,1.0,7.41128e-13,0
73482,1.0,7.2354327e-12,0
73483,1.0,2.4680412e-12,0
73484,1.0,1.8223978e-11,0
73485,1.0,2.0442115e-14,0
73486,1.0,1.03063906e-13,0
73487,1.0,5.6269887e-13,0
73488,1.0,4.9216026e-14,0
73489,1.0,1.1489899e-12,0
73490,1.0,3.710467e-14,0
73491,1.0,1.2118149e-12,0
73492,1.0,3.835107e-13,0
73493,0.99999905,9.779711e-07,0
73494,1.0,8.649172e-14,0
73495,1.0,7.441224e-13,0
73496,1.0,8.6916565e-14,0
73497,1.0,1.0699718e-12,0
73498,1.0,5.3275587e-12,0
73499,1.0,2.5787133e-11,0
73500,1.0,2.192276e-12,0
73501,1.0,2.887449e-11,0
73502,1.0,5.946346e-13,0
73503,1.0,1.6328851e-12,0
73504,0.99999404,5.9106674e-06,0
73505,1.0,6.2889774e-15,0
73506,1.0,1.13552695e-10,0
73507,1.0,2.7607586e-10,0
73508,1.0,2.983334e-13,0
73509,1.0,1.8591716e-14,0
73510,1.0,1.615788e-10,0
73511,1.0,2.8921256e-13,0
73512,1.0,9.7856345e-09,0
73513,1.0,1.5444211e-10,0
73514,1.0,1.01162145e-08,0
73515,1.0,9.465549e-13,0
73516,1.0,2.8707154e-12,0
73517,1.0,1.6120387e-10,0
73518,1.0,1.5131345e-10,0
73519,1.0,2.1974098e-11,0
73520,1.0,9.935835e-12,0
73521,1.0,1.2702311e-11,0
73522,1.0,2.509455e-10,0
73523,1.0,5.0462377e-11,0
73524,1.0,3.4372318e-12,0
73525,1.0,1.9545358e-11,0
73526,1.0,5.970425e-10,0
73527,1.0,1.6100459e-12,0
73528,1.0,9.895513e-12,0
73529,1.0,2.3119581e-11,0
73530,0.99999976,2.2606338e-07,0
73531,1.0,2.1576317e-10,0
73532,1.0,7.583768e-12,0
73533,1.0,1.2998467e-09,0
73534,1.0,7.591424e-12,0
73535,1.0,2.5962234e-11,0
73536,1.0,2.6694251e-11,0
73537,1.0,1.6958733e-12,0
73538,1.0,2.264557e-11,0
73539,1.0,2.0083137e-09,0
73540,1.0,4.8171334e-09,0
73541,1.0,3.9888523e-10,0
73542,1.0,2.6454895e-12,0
73543,1.0,5.4892855e-09,0
73544,1.0,1.4018142e-10,0
73545,1.0,4.4743806e-10,0
73546,0.99999666,3.2797786e-06,0
73547,1.0,5.816365e-11,0
73548,1.0,2.7882674e-09,0
73549,1.0,1.4863293e-10,0
73550,1.0,6.27332e-11,0
73551,1.0,7.77987e-09,0
73552,1.0,7.1258235e-09,0
73553,1.0,2.015107e-11,0
73554,1.0,3.315881e-14,0
73555,1.0,5.2324554e-11,0
73556,1.0,2.5001864e-10,0
73557,1.0,2.5409652e-09,0
73558,1.0,5.904302e-10,0
73559,1.0,6.293832e-13,0
73560,1.0,1.5915934e-10,0
73561,1.0,5.5855726e-10,0
73562,1.0,3.6550538e-10,0
73563,1.0,1.4029202e-12,0
73564,1.0,3.5565056e-10,0
73565,1.0,1.4285281e-13,0
73566,1.0,8.0391314e-13,0
73567,1.0,8.072198e-09,0
73568,1.0,2.4368032e-13,0
73569,1.0,1.087066e-12,0
73570,1.0,1.6933101e-12,0
73571,1.0,6.983017e-12,0
73572,0.99999976,2.447888e-07,0
73573,1.0,6.215772e-10,0
73574,1.0,6.4892866e-13,0
73575,1.0,1.589119e-09,0
73576,1.0,1.7657803e-10,0
73577,1.0,9.465987e-12,0
73578,1.0,1.9936655e-09,0
73579,1.0,1.5539044e-12,0
73580,1.0,1.4157976e-10,0
73581,1.0,2.055701e-12,0
73582,1.0,2.6120595e-10,0
73583,1.0,2.606786e-12,0
73584,1.0,2.3851473e-11,0
73585,0.999997,2.9266487e-06,0
73586,1.0,2.1149292e-08,0
73587,1.0,2.216029e-12,0
73588,0.99999976,2.5797584e-07,0
73589,1.0,3.1391081e-10,0
73590,1.0,4.418106e-13,0
73591,1.0,9.167827e-11,0
73592,1.0,1.3749039e-12,0
73593,1.0,3.0158234e-10,0
73594,1.0,7.988808e-14,0
73595,1.0,7.6384754e-10,0
73596,1.0,1.1241974e-11,0
73597,1.0,6.1842003e-13,0
73598,1.0,4.5672684e-11,0
73599,1.0,4.759469e-09,0
73600,1.0,5.7566183e-09,0
73601,0.9999999,8.278283e-08,0
73602,1.0,1.7249631e-12,0
73603,1.0,3.4193282e-12,0
73604,1.0,1.7684514e-12,0
73605,1.0,1.8715964e-10,0
73606,1.0,2.0189109e-12,0
73607,1.0,2.598647e-10,0
73608,1.0,7.276124e-11,0
73609,1.0,9.685657e-13,0
73610,1.0,1.951275e-09,0
73611,1.0,9.147028e-14,0
73612,1.0,3.584613e-13,0
73613,1.0,1.109406e-11,0
73614,1.0,1.3309158e-12,0
73615,1.0,1.3826579e-10,0
73616,1.0,1.2558463e-08,0
73617,1.0,1.1858309e-09,0
73618,1.0,4.656308e-12,0
73619,1.0,1.7873804e-12,0
73620,1.0,1.6763109e-12,0
73621,1.0,1.03779684e-11,0
73622,1.0,6.0099654e-11,0
73623,1.0,3.3962427e-11,0
73624,1.0,6.7926277e-12,0
73625,1.0,4.3570043e-11,0
73626,1.0,2.375903e-11,0
73627,1.0,1.8700376e-13,0
73628,1.0,1.1726897e-11,0
73629,1.0,1.1157008e-13,0
73630,1.0,8.460231e-14,0
73631,1.0,2.0794342e-11,0
73632,1.0,1.57263e-11,0
73633,0.9999982,1.7300626e-06,0
73634,1.0,1.06659e-11,0
73635,1.0,1.2737611e-11,0
73636,1.0,8.863579e-13,0
73637,1.0,1.0178094e-11,0
73638,1.0,3.4327896e-12,0
73639,1.0,2.1262123e-13,0
73640,1.0,1.261154e-11,0
73641,1.0,9.758045e-10,0
73642,1.0,2.6314026e-13,0
73643,1.0,3.9531356e-09,0
73644,1.0,1.6766274e-12,0
73645,1.0,3.4147192e-09,0
73646,1.0,3.747071e-11,0
73647,1.0,4.3537287e-12,0
73648,1.0,7.780066e-12,0
73649,1.0,6.540585e-12,0
73650,1.0,7.5009854e-10,0
73651,1.0,1.9931334e-09,0
73652,1.0,8.484588e-13,0
73653,1.0,2.0543381e-11,0
73654,1.0,1.0134483e-12,0
73655,1.0,2.2585029e-13,0
73656,1.0,1.4139011e-13,0
73657,1.0,3.550277e-10,0
73658,1.0,1.3921041e-11,0
73659,1.0,4.0002447e-13,0
73660,1.0,1.09063045e-11,0
73661,1.0,1.1811042e-09,0
73662,1.0,1.4651927e-11,0
73663,1.0,1.9535242e-09,0
73664,1.0,2.6522076e-13,0
73665,1.0,5.291453e-13,0
73666,1.0,1.1159778e-09,0
73667,1.0,9.775579e-13,0
73668,1.0,5.4647697e-12,0
73669,1.0,3.8130908e-11,0
73670,1.0,5.371238e-12,0
73671,1.0,5.8071204e-11,0
73672,1.0,1.8952975e-11,0
73673,1.0,3.5047178e-12,0
73674,1.0,1.6603395e-09,0
73675,1.0,1.2854878e-12,0
73676,1.0,9.654768e-12,0
73677,1.0,2.2939413e-10,0
73678,1.0,2.3617666e-14,0
73679,1.0,8.675471e-15,0
73680,1.0,1.0647113e-12,0
73681,0.9999981,1.8954614e-06,0
73682,1.0,8.1170404e-11,0
73683,1.0,2.5657842e-12,0
73684,1.0,2.3375995e-12,0
73685,1.0,1.0672447e-12,0
73686,1.0,5.389796e-11,0
73687,1.0,1.1749976e-08,0
73688,1.0,5.6847865e-10,0
73689,1.0,5.365604e-13,0
73690,1.0,9.725018e-12,0
73691,1.0,4.480311e-12,0
73692,1.0,5.2206344e-14,0
73693,1.0,7.599917e-11,0
73694,1.0,3.624846e-14,0
73695,1.0,5.2980936e-11,0
73696,1.0,1.5156553e-11,0
73697,1.0,1.4015294e-12,0
73698,1.0,2.2489697e-12,0
73699,1.0,4.3499774e-12,0
73700,1.0,1.3226861e-12,0
73701,1.0,4.0649447e-13,0
73702,1.0,7.963289e-12,0
73703,1.0,5.0852725e-11,0
73704,1.0,6.6878027e-12,0
73705,1.0,2.0819412e-12,0
73706,1.0,1.9071555e-11,0
73707,1.0,8.619829e-13,0
73708,1.0,3.8310276e-13,0
73709,1.0,2.5806435e-10,0
73710,1.0,8.848694e-10,0
73711,1.0,1.5858542e-10,0
73712,1.0,1.112323e-12,0
73713,1.0,2.5854999e-11,0
73714,1.0,1.0783554e-12,0
73715,1.0,6.4819664e-12,0
73716,1.0,8.155216e-11,0
73717,1.0,4.00918e-10,0
73718,1.0,5.9621353e-12,0
73719,1.0,8.198272e-12,0
73720,1.0,9.711959e-10,0
73721,1.0,1.3405851e-11,0
73722,1.0,2.6533931e-12,0
73723,1.0,1.3506409e-11,0
73724,1.0,3.5902786e-13,0
73725,1.0,4.633024e-13,0
73726,1.0,7.607255e-11,0
73727,1.0,4.4561308e-13,0
73728,1.0,1.811282e-10,0
73729,1.0,1.1166692e-10,0
73730,1.0,1.8075286e-12,0
73731,1.0,1.2637822e-13,0
73732,1.0,5.96323e-11,0
73733,1.0,3.4431012e-14,0
73734,1.0,5.500085e-11,0
73735,1.0,5.745481e-14,0
73736,1.0,2.6981084e-13,0
73737,1.0,5.40728e-11,0
73738,1.0,5.5936505e-11,0
73739,1.0,2.8467606e-13,0
73740,1.0,1.6369131e-13,0
73741,1.0,1.877244e-11,0
73742,1.0,2.9565738e-13,0
73743,1.0,2.5473083e-12,0
73744,1.0,2.4981627e-12,0
73745,1.0,8.625923e-11,0
73746,1.0,7.676998e-12,0
73747,1.0,1.1060921e-09,0
73748,1.0,2.8857739e-12,0
73749,1.0,2.35937e-15,0
73750,1.0,1.111677e-14,0
73751,1.0,2.2392118e-11,0
73752,1.0,6.791688e-14,0
73753,1.0,1.9871188e-11,0
73754,1.0,2.3013627e-12,0
73755,1.0,4.7794477e-12,0
73756,1.0,3.8323012e-12,0
73757,1.0,4.538483e-14,0
73758,1.0,2.9164147e-14,0
73759,1.0,7.355962e-13,0
73760,1.0,3.9011498e-14,0
73761,1.0,1.341415e-13,0
73762,1.0,3.5548367e-14,0
73763,1.0,7.021786e-13,0
73764,1.0,1.6653649e-11,0
73765,1.0,1.885063e-14,0
73766,1.0,2.3163166e-13,0
73767,1.0,1.6655324e-12,0
73768,1.0,1.2241022e-11,0
73769,1.0,3.422793e-12,0
73770,1.0,2.104821e-11,0
73771,1.0,2.7383235e-10,0
73772,1.0,9.395685e-13,0
73773,1.0,2.7460091e-12,0
73774,1.0,6.801125e-14,0
73775,1.0,1.5343105e-12,0
73776,1.0,5.1936423e-13,0
73777,1.0,2.2854022e-11,0
73778,1.0,1.0446823e-11,0
73779,1.0,3.7761945e-14,0
73780,1.0,1.0158708e-13,0
73781,1.0,2.2357003e-14,0
73782,1.0,3.5369013e-10,0
73783,1.0,4.136403e-11,0
73784,1.0,2.522864e-10,0
73785,1.0,4.144383e-13,0
73786,1.0,3.3845378e-11,0
73787,1.0,3.536965e-12,0
73788,1.0,3.8098465e-12,0
73789,1.0,2.4257749e-10,0
73790,1.0,2.734895e-13,0
73791,1.0,2.4323581e-14,0
73792,1.0,4.2924834e-11,0
73793,1.0,3.7640152e-13,0
73794,1.0,5.0308585e-12,0
73795,1.0,5.4234937e-12,0
73796,1.0,7.085286e-13,0
73797,1.0,7.0329886e-10,0
73798,1.0,6.8990095e-14,0
73799,1.0,1.3873753e-11,0
73800,1.0,4.4498774e-14,0
73801,1.0,6.2073575e-11,0
73802,1.0,4.8871904e-13,0
73803,1.0,5.948323e-12,0
73804,1.0,4.1323086e-12,0
73805,1.0,5.107686e-12,0
73806,1.0,7.235287e-14,0
73807,1.0,1.8930376e-13,0
73808,1.0,1.0987663e-09,0
73809,1.0,1.4826072e-12,0
73810,1.0,2.3424465e-12,0
73811,1.0,4.2020806e-14,0
73812,1.0,4.237394e-12,0
73813,1.0,1.8103406e-12,0
73814,1.0,2.0698593e-10,0
73815,1.0,3.4881857e-08,0
73816,0.9999999,1.7704554e-07,0
73817,1.0,1.3444198e-09,0
73818,1.0,8.3034156e-11,0
73819,1.0,2.2875689e-08,0
73820,1.0,5.3583457e-12,0
73821,1.0,3.3193885e-13,0
73822,1.0,8.446429e-14,0
73823,1.0,6.065339e-13,0
73824,1.0,8.5628976e-10,0
73825,1.0,5.896272e-12,0
73826,1.0,3.0641278e-14,0
73827,1.0,1.7919852e-12,0
73828,1.0,5.6247625e-11,0
73829,1.0,1.6013755e-12,0
73830,1.0,2.0668705e-12,0
73831,1.0,1.5635795e-11,0
73832,1.0,2.7759336e-10,0
73833,1.0,2.2841963e-10,0
73834,1.0,2.103648e-12,0
73835,1.0,8.378913e-13,0
73836,1.0,1.5106126e-12,0
73837,1.0,7.2492505e-11,0
73838,1.0,2.152476e-11,0
73839,1.0,2.5696105e-11,0
73840,1.0,4.812432e-09,0
73841,1.0,7.2760165e-10,0
73842,1.0,7.5779344e-10,0
73843,1.0,1.4120154e-12,0
73844,1.0,1.2413743e-11,0
73845,1.0,4.809096e-11,0
73846,1.0,6.6065057e-13,0
73847,1.0,5.656446e-11,0
73848,1.0,1.8774168e-10,0
73849,1.0,7.129885e-10,0
73850,1.0,1.8822616e-13,0
73851,1.0,6.015459e-11,0
73852,1.0,5.7761674e-11,0
73853,1.0,5.79159e-11,0
73854,1.0,5.6845997e-11,0
73855,1.0,7.5311177e-14,0
73856,1.0,5.0769688e-14,0
73857,1.0,7.922351e-13,0
73858,1.0,2.2804764e-12,0
73859,1.0,5.0645503e-14,0
73860,1.0,1.0002991e-12,0
73861,1.0,9.540231e-12,0
73862,1.0,2.1037714e-13,0
73863,1.0,1.924176e-10,0
73864,1.0,5.81829e-13,0
73865,1.0,8.723288e-12,0
73866,0.9999907,9.286825e-06,0
73867,1.0,3.9176312e-13,0
73868,1.0,6.339691e-12,0
73869,1.0,6.876001e-12,0
73870,1.0,2.0642517e-11,0
73871,1.0,6.491852e-12,0
73872,1.0,5.7568648e-11,0
73873,1.0,3.7609867e-13,0
73874,1.0,3.6708133e-11,0
73875,1.0,2.3906056e-13,0
73876,1.0,6.310652e-12,0
73877,1.0,1.14829445e-10,0
73878,1.0,7.133747e-14,0
73879,1.0,2.453641e-12,0
73880,1.0,5.383875e-12,0
73881,1.0,1.0445596e-13,0
73882,1.0,1.2935792e-13,0
73883,1.0,1.1331437e-12,0
73884,1.0,1.7071574e-12,0
73885,1.0,1.5144589e-11,0
73886,1.0,9.839935e-12,0
73887,1.0,4.8018474e-14,0
73888,1.0,3.7183633e-12,0
73889,1.0,9.413311e-11,0
73890,1.0,4.93754e-10,0
73891,1.0,3.2682205e-12,0
73892,1.0,2.8618314e-12,0
73893,1.0,6.7295773e-13,0
73894,1.0,4.0665773e-11,0
73895,1.0,1.6926764e-13,0
73896,1.0,6.3739826e-11,0
73897,1.0,2.0068747e-12,0
73898,1.0,1.2992994e-12,0
73899,1.0,7.693621e-12,0
73900,0.9999993,6.566973e-07,0
73901,1.0,9.536913e-13,0
73902,1.0,1.466311e-11,0
73903,1.0,6.686052e-13,0
73904,1.0,1.04303854e-13,0
73905,1.0,6.844607e-13,0
73906,1.0,3.6020266e-14,0
73907,1.0,4.081985e-12,0
73908,1.0,3.213954e-14,0
73909,1.0,1.5113445e-12,0
73910,1.0,2.4374738e-12,0
73911,1.0,2.2264259e-12,0
73912,1.0,1.5212762e-12,0
73913,1.0,2.864517e-13,0
73914,1.0,1.3818939e-13,0
73915,1.0,2.8643982e-12,0
73916,1.0,1.7998474e-11,0
73917,1.0,1.1515123e-13,0
73918,1.0,1.2488783e-12,0
73919,1.0,7.9261864e-10,0
73920,1.0,9.518233e-13,0
73921,1.0,5.0838344e-12,0
73922,1.0,3.4804513e-11,0
73923,1.0,1.6272777e-14,0
73924,1.0,5.7973286e-14,0
73925,1.0,2.0235785e-13,0
73926,1.0,2.942966e-08,0
73927,1.0,5.3707543e-13,0
73928,1.0,4.8442766e-13,0
73929,1.0,5.686741e-13,0
73930,1.0,3.8494563e-13,0
73931,1.0,4.5316306e-11,0
73932,1.0,9.397089e-12,0
73933,1.0,1.6377103e-12,0
73934,1.0,6.863759e-13,0
73935,1.0,3.6256156e-09,0
73936,1.0,6.316766e-13,0
73937,1.0,2.7302095e-13,0
73938,1.0,9.455914e-13,0
73939,1.0,1.7238804e-09,0
73940,1.0,2.200887e-11,0
73941,1.0,2.1179019e-14,0
73942,1.0,1.2522409e-13,0
73943,1.0,3.0742393e-13,0
73944,1.0,7.023527e-13,0
73945,1.0,2.2166282e-13,0
73946,1.0,2.2493653e-11,0
73947,1.0,6.292337e-15,0
73948,1.0,3.4319894e-13,0
73949,1.0,1.529356e-11,0
73950,1.0,1.06359956e-11,0
73951,1.0,3.1748143e-14,0
73952,1.0,3.8680476e-13,0
73953,1.0,5.106144e-13,0
73954,1.0,2.6111242e-09,0
73955,1.0,1.2026935e-13,0
73956,1.0,2.6820051e-11,0
73957,1.0,1.4209092e-12,0
73958,1.0,2.2581197e-09,0
73959,1.0,9.323249e-12,0
73960,1.0,1.8439007e-11,0
73961,1.0,2.150571e-12,0
73962,1.0,5.1428534e-14,0
73963,1.0,1.7654006e-09,0
73964,1.0,8.3732215e-14,0
73965,1.0,2.7828347e-11,0
73966,1.0,1.7705786e-11,0
73967,1.0,1.4358623e-10,0
73968,1.0,1.3571483e-11,0
73969,1.0,3.8355152e-10,0
73970,1.0,7.813138e-12,0
73971,1.0,2.361886e-12,0
73972,1.0,2.9403777e-13,0
73973,1.0,3.5121188e-12,0
73974,1.0,3.459321e-10,0
73975,1.0,1.8067403e-11,0
73976,1.0,1.6049492e-13,0
73977,1.0,1.5540711e-11,0
73978,1.0,1.4108585e-11,0
73979,1.0,1.3655722e-10,0
73980,1.0,1.0605401e-12,0
73981,1.0,1.2032271e-11,0
73982,1.0,1.6259577e-12,0
73983,1.0,1.0290815e-09,0
73984,1.0,2.5414762e-11,0
73985,1.0,7.354507e-12,0
73986,1.0,4.6580784e-11,0
73987,1.0,2.110749e-09,0
73988,1.0,3.1871505e-13,0
73989,1.0,8.7870905e-13,0
73990,1.0,2.0113246e-11,0
73991,1.0,1.4569335e-10,0
73992,1.0,1.4310257e-10,0
73993,1.0,6.400584e-09,0
73994,1.0,8.882558e-15,0
73995,1.0,1.2665882e-10,0
73996,1.0,3.8831535e-11,0
73997,1.0,2.7958627e-08,0
73998,1.0,1.2211086e-10,0
73999,1.0,6.239269e-13,0
74000,1.0,3.4659256e-10,0
74001,1.0,1.1312418e-11,0
74002,1.0,1.7990635e-09,0
74003,1.0,2.7277488e-12,0
74004,1.0,9.651509e-12,0
74005,1.0,6.484662e-12,0
74006,1.0,2.6213422e-14,0
74007,1.0,5.5391374e-13,0
74008,1.0,3.5322307e-13,0
74009,1.0,4.4914556e-14,0
74010,1.0,7.820175e-12,0
74011,1.0,2.2975296e-12,0
74012,1.0,1.252868e-11,0
74013,1.0,1.8882404e-14,0
74014,1.0,5.689109e-12,0
74015,1.0,9.977577e-12,0
74016,1.0,6.6611994e-11,0
74017,1.0,4.2880275e-13,0
74018,1.0,4.5423696e-11,0
74019,1.0,9.0608705e-13,0
74020,1.0,2.8357611e-12,0
74021,1.0,4.450395e-14,0
74022,1.0,4.0900416e-13,0
74023,1.0,3.0206648e-10,0
74024,1.0,1.5196753e-12,0
74025,1.0,2.5864061e-12,0
74026,1.0,9.8704e-13,0
74027,1.0,2.4366265e-13,0
74028,1.0,8.979301e-14,0
74029,1.0,5.699318e-12,0
74030,1.0,6.595445e-11,0
74031,1.0,1.7440861e-11,0
74032,1.0,1.7293248e-12,0
74033,1.0,2.3849473e-11,0
74034,1.0,1.3076348e-13,0
74035,0.9999999,1.612567e-07,0
74036,1.0,5.4221232e-14,0
74037,1.0,1.79122e-08,0
74038,0.99999774,2.3029804e-06,0
74039,1.0,6.7780487e-10,0
74040,1.0,1.8329813e-11,0
74041,1.0,1.4689919e-12,0
74042,1.0,5.2742365e-08,0
74043,1.0,2.6198204e-12,0
74044,1.0,3.3378636e-13,0
74045,1.0,4.451467e-13,0
74046,1.0,8.3569635e-10,0
74047,1.0,5.3914873e-09,0
74048,1.0,6.605284e-13,0
74049,1.0,1.6959088e-12,0
74050,1.0,2.2828362e-11,0
74051,1.0,9.6919965e-09,0
74052,1.0,4.1283164e-11,0
74053,1.0,7.594305e-12,0
74054,1.0,1.8147962e-09,0
74055,1.0,3.697149e-11,0
74056,1.0,1.0253286e-11,0
74057,1.0,1.0227381e-12,0
74058,1.0,1.522838e-12,0
74059,1.0,1.3646519e-12,0
74060,1.0,1.5080907e-12,0
74061,1.0,1.9394661e-11,0
74062,1.0,4.8966282e-11,0
74063,1.0,2.1969404e-11,0
74064,1.0,2.093737e-08,0
74065,1.0,6.6219324e-10,0
74066,1.0,4.6968895e-10,0
74067,1.0,3.0965064e-10,0
74068,1.0,6.0087046e-11,0
74069,1.0,1.463371e-08,0
74070,1.0,5.9482545e-12,0
74071,1.0,1.2745753e-11,0
74072,1.0,1.2666263e-11,0
74073,1.0,2.9351166e-09,0
74074,1.0,6.350247e-11,0
74075,1.0,1.672532e-09,0
74076,1.0,1.34163844e-08,0
74077,1.0,3.3919996e-09,0
74078,1.0,1.8090178e-13,0
74079,1.0,6.772066e-10,0
74080,1.0,3.548456e-10,0
74081,1.0,6.9955916e-11,0
74082,1.0,2.3936698e-11,0
74083,1.0,4.500428e-09,0
74084,1.0,1.3365583e-12,0
74085,1.0,1.4434988e-10,0
74086,1.0,4.601479e-09,0
74087,1.0,4.183446e-11,0
74088,1.0,2.7033624e-13,0
74089,1.0,5.11166e-13,0
74090,1.0,3.7265036e-10,0
74091,1.0,8.8735005e-11,0
74092,1.0,1.3497723e-12,0
74093,1.0,7.88157e-12,0
74094,1.0,2.6537664e-13,0
74095,1.0,1.0687541e-12,0
74096,1.0,1.1039127e-09,0
74097,1.0,4.0727738e-10,0
74098,1.0,2.923011e-12,0
74099,1.0,1.5431748e-11,0
74100,1.0,6.6109848e-12,0
74101,1.0,2.8968503e-10,0
74102,1.0,2.5700444e-09,0
74103,1.0,1.7553218e-12,0
74104,1.0,1.0714193e-09,0
74105,1.0,1.2927856e-12,0
74106,1.0,4.7426334e-12,0
74107,1.0,1.259935e-11,0
74108,1.0,3.069498e-10,0
74109,1.0,1.8502713e-10,0
74110,1.0,7.0447025e-12,0
74111,1.0,1.0908212e-12,0
74112,1.0,3.2271826e-12,0
74113,1.0,1.2998528e-11,0
74114,1.0,1.842963e-10,0
74115,1.0,5.2597743e-10,0
74116,1.0,8.943304e-14,0
74117,1.0,1.6250205e-13,0
74118,1.0,3.6143977e-08,0
74119,0.9999999,1.0610486e-07,0
74120,1.0,5.784809e-12,0
74121,1.0,4.871804e-10,0
74122,1.0,4.794675e-13,0
74123,1.0,2.3521228e-11,0
74124,1.0,1.5592803e-13,0
74125,1.0,5.410194e-13,0
74126,1.0,9.733809e-13,0
74127,1.0,5.9201373e-09,0
74128,1.0,7.511286e-12,0
74129,1.0,1.3777535e-10,0
74130,1.0,2.9375762e-12,0
74131,1.0,3.1746875e-10,0
74132,1.0,6.1165264e-09,0
74133,1.0,3.5668672e-09,0
74134,1.0,3.8855338e-10,0
74135,1.0,7.492702e-11,0
74136,1.0,1.0434541e-10,0
74137,1.0,4.0671333e-12,0
74138,1.0,4.0637545e-11,0
74139,1.0,1.6352086e-10,0
74140,1.0,3.8207278e-11,0
74141,1.0,5.1791734e-08,0
74142,1.0,1.3072358e-13,0
74143,1.0,4.055928e-10,0
74144,1.0,1.0252009e-12,0
74145,1.0,1.21171155e-11,0
74146,1.0,1.1820934e-13,0
74147,1.0,1.1093525e-12,0
74148,1.0,1.7170868e-10,0
74149,1.0,2.7510614e-13,0
74150,1.0,1.4531853e-12,0
74151,1.0,2.0264714e-13,0
74152,1.0,6.0840894e-12,0
74153,1.0,1.879356e-09,0
74154,1.0,1.0194486e-12,0
74155,1.0,4.142327e-10,0
74156,1.0,1.16218035e-10,0
74157,1.0,1.044608e-12,0
74158,1.0,2.4607944e-11,0
74159,1.0,1.4752541e-11,0
74160,1.0,9.985845e-11,0
74161,1.0,2.975041e-11,0
74162,1.0,5.1756843e-09,0
74163,1.0,2.8115069e-10,0
74164,1.0,5.9234884e-10,0
74165,1.0,8.317824e-11,0
74166,1.0,9.333471e-10,0
74167,1.0,1.2031898e-12,0
74168,1.0,5.691586e-11,0
74169,1.0,1.2668381e-12,0
74170,1.0,9.563478e-12,0
74171,1.0,7.6175827e-10,0
74172,1.0,1.2605076e-14,0
74173,1.0,3.276828e-12,0
74174,1.0,1.3806747e-12,0
74175,1.0,5.1991387e-11,0
74176,1.0,1.4671517e-09,0
74177,1.0,2.849124e-09,0
74178,1.0,3.0701816e-11,0
74179,1.0,6.7660355e-14,0
74180,1.0,2.283235e-09,0
74181,1.0,1.19212504e-11,0
74182,1.0,8.85079e-13,0
74183,1.0,3.087209e-12,0
74184,1.0,2.9904128e-11,0
74185,1.0,4.5092345e-13,0
74186,1.0,3.159795e-11,0
74187,1.0,2.4208273e-08,0
74188,1.0,6.2070513e-14,0
74189,1.0,7.005583e-10,0
74190,1.0,3.6171885e-13,0
74191,1.0,1.2000878e-10,0
74192,1.0,3.4647174e-13,0
74193,1.0,1.4441617e-11,0
74194,1.0,5.4639402e-14,0
74195,1.0,2.281377e-12,0
74196,1.0,2.8038995e-12,0
74197,1.0,3.094155e-11,0
74198,1.0,9.708999e-13,0
74199,1.0,1.7669418e-11,0
74200,1.0,5.1656324e-10,0
74201,1.0,5.6340875e-13,0
74202,1.0,8.118426e-13,0
74203,1.0,7.0899097e-13,0
74204,1.0,1.5782445e-13,0
74205,1.0,8.2509303e-13,0
74206,1.0,2.5143418e-10,0
74207,1.0,4.4806083e-13,0
74208,1.0,3.808695e-10,0
74209,1.0,2.8352852e-12,0
74210,1.0,5.983304e-11,0
74211,1.0,7.350047e-12,0
74212,1.0,3.0398913e-12,0
74213,1.0,6.716796e-12,0
74214,1.0,8.649972e-12,0
74215,1.0,6.935385e-10,0
74216,0.9999999,1.3589927e-07,0
74217,1.0,2.7565567e-12,0
74218,1.0,3.5194616e-12,0
74219,1.0,5.603451e-12,0
74220,1.0,1.6671788e-12,0
74221,1.0,2.912328e-11,0
74222,1.0,3.991474e-12,0
74223,1.0,2.3428173e-12,0
74224,1.0,5.872953e-14,0
74225,1.0,3.0245244e-12,0
74226,1.0,3.9083165e-13,0
74227,0.9999999,1.2329242e-07,0
74228,1.0,3.5055199e-12,0
74229,1.0,1.8904307e-11,0
74230,1.0,6.397358e-14,0
74231,1.0,6.6465757e-12,0
74232,1.0,3.6363534e-11,0
74233,1.0,1.417721e-11,0
74234,1.0,6.4452003e-13,0
74235,1.0,1.5873648e-13,0
74236,1.0,7.394848e-12,0
74237,1.0,9.683603e-10,0
74238,1.0,2.2477957e-11,0
74239,1.0,2.4879607e-10,0
74240,1.0,2.8238528e-13,0
74241,1.0,1.4637582e-13,0
74242,1.0,2.261667e-13,0
74243,1.0,1.1126626e-12,0
74244,1.0,2.7084734e-12,0
74245,1.0,1.4107925e-13,0
74246,1.0,5.181944e-14,0
74247,1.0,3.2151178e-11,0
74248,0.9999999,6.6129765e-08,0
74249,1.0,1.7310201e-13,0
74250,1.0,1.5236682e-13,0
74251,1.0,4.5885015e-12,0
74252,1.0,7.82607e-12,0
74253,1.0,7.447717e-12,0
74254,1.0,3.0689678e-12,0
74255,1.0,3.8182506e-11,0
74256,0.99999976,2.0265139e-07,0
74257,1.0,7.597471e-14,0
74258,0.9999999,9.963409e-08,0
74259,1.0,8.463399e-13,0
74260,1.0,4.8624416e-12,0
74261,1.0,2.6218212e-11,0
74262,1.0,7.218274e-15,0
74263,1.0,4.645986e-14,0
74264,1.0,4.948136e-14,0
74265,1.0,1.30125725e-14,0
74266,1.0,3.7446812e-13,0
74267,1.0,5.775674e-14,0
74268,1.0,1.7794597e-14,0
74269,1.0,9.7356925e-15,0
74270,1.0,1.9096205e-14,0
74271,1.0,8.947728e-13,0
74272,1.0,2.797145e-14,0
74273,1.0,9.2177486e-14,0
74274,1.0,5.8770094e-14,0
74275,1.0,6.4216525e-13,0
74276,1.0,1.9970413e-13,0
74277,1.0,6.2099414e-14,0
74278,1.0,1.5346932e-13,0
74279,1.0,1.4496984e-14,0
74280,1.0,4.4196908e-13,0
74281,1.0,2.2808829e-14,0
74282,1.0,4.3676583e-13,0
74283,1.0,2.696988e-12,0
74284,1.0,2.4458693e-13,0
74285,1.0,5.1976765e-09,0
74286,1.0,2.8625233e-13,0
74287,1.0,1.4278642e-12,0
74288,1.0,5.338628e-15,0
74289,1.0,4.5025974e-14,0
74290,1.0,2.6288405e-12,0
74291,1.0,6.185542e-14,0
74292,1.0,3.1522885e-11,0
74293,1.0,1.8137035e-12,0
74294,1.0,6.19378e-11,0
74295,1.0,7.697015e-15,0
74296,1.0,7.467751e-14,0
74297,1.0,9.336728e-14,0
74298,1.0,5.5898025e-14,0
74299,1.0,8.241457e-14,0
74300,1.0,1.9916348e-14,0
74301,1.0,6.787052e-14,0
74302,1.0,2.83818e-08,0
74303,1.0,6.4922423e-10,0
74304,1.0,4.5608832e-09,0
74305,0.9999999,8.934465e-08,0
74306,1.0,5.4823474e-13,0
74307,1.0,6.064689e-10,0
74308,1.0,2.2934215e-13,0
74309,1.0,5.236773e-13,0
74310,1.0,1.6531197e-12,0
74311,1.0,1.4382557e-13,0
74312,1.0,1.1114922e-11,0
74313,1.0,1.0672616e-11,0
74314,1.0,8.263237e-15,0
74315,1.0,2.967104e-13,0
74316,1.0,1.35554e-10,0
74317,1.0,8.576398e-14,0
74318,0.99999976,2.4761144e-07,0
74319,0.9999994,6.510527e-07,0
74320,1.0,1.5368273e-11,0
74321,1.0,3.9782756e-14,0
74322,1.0,4.2362463e-12,0
74323,0.99999917,8.1237414e-07,0
74324,1.0,6.823637e-12,0
74325,1.0,3.0985085e-14,0
74326,1.0,5.020372e-12,0
74327,1.0,3.47962e-12,0
74328,1.0,2.3754666e-12,0
74329,1.0,8.3697535e-11,0
74330,1.0,9.5187e-14,0
74331,1.0,5.462169e-14,0
74332,0.9999869,1.3066506e-05,0
74333,1.0,1.1642907e-13,0
74334,0.9999999,9.497038e-08,0
74335,1.0,5.9410432e-12,0
74336,1.0,2.6544027e-14,0
74337,1.0,1.7880633e-11,0
74338,1.0,2.6978884e-12,0
74339,1.0,3.5045972e-12,0
74340,1.0,2.1296795e-12,0
74341,1.0,1.182928e-13,0
74342,1.0,9.730913e-13,0
74343,0.9999999,1.14976665e-07,0
74344,1.0,3.2659214e-12,0
74345,1.0,7.063639e-14,0
74346,1.0,4.5441588e-13,0
74347,1.0,1.666669e-13,0
74348,1.0,6.558742e-14,0
74349,1.0,4.7392024e-10,0
74350,1.0,5.301913e-08,0
74351,1.0,1.2470195e-08,0
74352,1.0,1.251438e-14,0
74353,1.0,7.592655e-12,0
74354,1.0,2.7849224e-14,0
74355,1.0,5.634724e-12,0
74356,1.0,1.2803994e-10,0
74357,1.0,1.1369909e-12,0
74358,1.0,8.77732e-14,0
74359,1.0,1.6884918e-12,0
74360,1.0,1.1673227e-11,0
74361,1.0,2.157967e-12,0
74362,1.0,3.5179566e-13,0
74363,1.0,8.2569276e-13,0
74364,1.0,6.560604e-11,0
74365,1.0,9.0849646e-12,0
74366,1.0,1.9291498e-12,0
74367,1.0,6.646179e-13,0
74368,0.99997807,2.1980433e-05,0
74369,1.0,3.6352594e-14,0
74370,1.0,1.5978318e-14,0
74371,1.0,4.75946e-09,0
74372,1.0,9.739916e-10,0
74373,1.0,4.4656204e-08,0
74374,1.0,7.249626e-14,0
74375,1.0,3.6002236e-12,0
74376,1.0,3.2175963e-11,0
74377,1.0,1.6502457e-13,0
74378,1.0,1.4329629e-09,0
74379,1.0,2.9832399e-15,0
74380,1.0,6.5841493e-10,0
74381,1.0,1.3046163e-08,0
74382,0.9999958,4.1146077e-06,0
74383,1.0,4.9196106e-11,0
74384,1.0,8.002416e-13,0
74385,1.0,8.734217e-14,0
74386,0.9999943,5.7125962e-06,0
74387,1.0,6.3100356e-09,0
74388,1.0,8.346737e-10,0
74389,0.99999917,8.759708e-07,0
74390,1.0,5.0894643e-11,0
74391,1.0,3.143732e-11,0
74392,1.0,1.1591474e-10,0
74393,1.0,2.5036757e-13,0
74394,1.0,9.440455e-12,0
74395,1.0,1.076448e-09,0
74396,1.0,1.4760641e-12,0
74397,0.99999917,8.0509335e-07,0
74398,1.0,7.2846396e-10,0
74399,0.9999987,1.261413e-06,0
74400,1.0,3.0657209e-12,0
74401,1.0,1.1060376e-12,0
74402,1.0,4.8535485e-11,0
74403,1.0,2.3170878e-11,0
74404,1.0,2.3290324e-12,0
74405,1.0,1.4056387e-12,0
74406,1.0,1.3996168e-12,0
74407,1.0,3.4878795e-08,0
74408,0.9999993,7.4227427e-07,0
74409,0.9999999,9.313153e-08,0
74410,1.0,2.1341932e-12,0
74411,1.0,2.2105232e-13,0
74412,1.0,6.3189596e-13,0
74413,1.0,8.561758e-13,0
74414,1.0,3.49463e-13,0
74415,0.9999993,7.112925e-07,0
74416,1.0,1.8049354e-11,0
74417,1.0,5.5990273e-12,0
74418,1.0,3.4897856e-14,0
74419,1.0,9.592268e-12,0
74420,1.0,4.5625296e-12,0
74421,1.0,3.411851e-11,0
74422,1.0,5.5677848e-11,0
74423,1.0,1.2847819e-12,0
74424,1.0,1.3182573e-10,0
74425,1.0,8.591077e-12,0
74426,1.0,6.8164495e-14,0
74427,1.0,1.9605921e-11,0
74428,1.0,3.278818e-11,0
74429,1.0,3.204549e-12,0
74430,1.0,1.9982158e-12,0
74431,1.0,2.0537759e-13,0
74432,1.0,5.62357e-08,0
74433,1.0,4.4011336e-13,0
74434,1.0,1.2066923e-12,0
74435,1.0,3.2140767e-14,0
74436,1.0,4.461606e-10,0
74437,1.0,4.8167593e-08,0
74438,1.0,3.9246167e-13,0
74439,1.0,9.896517e-15,0
74440,1.0,2.557027e-10,0
74441,1.0,1.6932568e-14,0
74442,0.99999404,6.012433e-06,0
74443,1.0,4.6442163e-13,0
74444,1.0,1.4246964e-14,0
74445,0.9999999,9.4739526e-08,0
74446,1.0,5.0562235e-13,0
74447,1.0,2.3398367e-10,0
74448,1.0,6.963638e-12,0
74449,0.9999999,9.52463e-08,0
74450,0.9999944,5.581894e-06,0
74451,1.0,1.1485315e-09,0
74452,1.0,5.084463e-09,0
74453,1.0,1.7506443e-08,0
74454,1.0,1.1162694e-09,0
74455,1.0,1.7345021e-11,0
74456,0.99999726,2.7927933e-06,0
74457,1.0,1.2796505e-09,0
74458,1.0,4.965116e-10,0
74459,1.0,6.0778818e-09,0
74460,1.0,1.5847613e-08,0
74461,1.0,1.8203892e-08,0
74462,1.0,4.2060666e-10,0
74463,0.9999999,1.6297155e-07,0
74464,0.9999999,1.0920126e-07,0
74465,0.999995,4.9878436e-06,0
74466,1.0,2.2733586e-08,0
74467,1.0,3.06935e-11,0
74468,1.0,2.4844896e-10,0
74469,0.99998903,1.100642e-05,0
74470,1.0,1.7294669e-08,0
74471,0.9999999,1.2195626e-07,0
74472,0.9999999,7.10246e-08,0
74473,1.0,2.1854502e-12,0
74474,0.9999989,1.0517533e-06,0
74475,0.9999999,6.809375e-08,0
74476,1.0,3.0765758e-08,0
74477,1.0,3.1699589e-12,0
74478,1.0,2.5617082e-14,0
74479,0.9999862,1.3852714e-05,0
74480,1.0,1.2369328e-08,0
74481,0.9999949,5.1510356e-06,0
74482,0.9999925,7.4925074e-06,0
74483,0.99999917,8.551543e-07,0
74484,1.0,1.3687361e-09,0
74485,1.0,9.042264e-12,0
74486,1.0,1.09139676e-10,0
74487,1.0,5.04994e-09,0
74488,1.0,2.1076105e-17,0
74489,1.0,5.2311205e-10,0
74490,1.0,1.990845e-10,0
74491,0.9999999,8.182338e-08,0
74492,0.9999982,1.7681264e-06,0
74493,1.0,3.767066e-10,0
74494,1.0,3.4087937e-11,0
74495,1.0,3.0989405e-10,0
74496,1.0,5.0403317e-11,0
74497,0.9999999,1.6572088e-07,0
74498,1.0,2.1348805e-09,0
74499,1.0,1.088911e-08,0
74500,0.9999851,1.4946918e-05,0
74501,0.9999919,8.068766e-06,0
74502,1.0,3.2645935e-09,0
74503,0.99999774,2.247779e-06,0
74504,1.0,4.369173e-10,0
74505,0.9999839,1.6081505e-05,0
74506,1.0,4.306708e-09,0
74507,1.0,1.7720678e-08,0
74508,1.0,1.593839e-13,0
74509,1.0,1.1086018e-08,0
74510,0.9999999,9.412695e-08,0
74511,0.9999999,1.607782e-07,0
74512,0.99999964,3.0716362e-07,0
74513,0.9999994,5.42339e-07,0
74514,0.9999999,6.801923e-08,0
74515,1.0,6.930228e-10,0
74516,1.0,1.5769372e-11,0
74517,0.99999535,4.6182945e-06,0
74518,1.0,1.905725e-09,0
74519,1.0,2.9106424e-09,0
74520,1.0,3.98388e-10,0
74521,1.0,1.5538348e-10,0
74522,0.99999964,3.621264e-07,0
74523,0.9999999,9.764831e-08,0
74524,1.0,4.3596353e-09,0
74525,0.99999774,2.2447803e-06,0
74526,1.0,3.87988e-08,0
74527,1.0,3.939119e-10,0
74528,1.0,4.8555537e-09,0
74529,0.99998915,1.0794444e-05,0
74530,1.0,1.22522e-09,0
74531,1.0,2.7599492e-09,0
74532,0.99999917,8.0196537e-07,0
74533,1.0,1.3420116e-09,0
74534,0.99999917,8.703392e-07,0
74535,1.0,1.4350847e-10,0
74536,0.9999999,9.387289e-08,0
74537,1.0,7.8762913e-13,0
74538,0.9999956,4.385594e-06,0
74539,1.0,1.6338236e-11,0
74540,0.99998343,1.6590999e-05,0
74541,1.0,3.189748e-09,0
74542,1.0,4.6763518e-12,0
74543,0.9999993,7.630531e-07,0
74544,0.99999774,2.2232193e-06,0
74545,0.99999666,3.3082774e-06,0
74546,1.0,1.4012856e-09,0
74547,1.0,7.192558e-12,0
74548,1.0,9.764473e-09,0
74549,1.0,7.3718485e-09,0
74550,1.0,2.8206529e-11,0
74551,1.0,3.3878372e-08,0
74552,0.99999595,4.075112e-06,0
74553,1.0,6.172917e-11,0
74554,0.9999999,1.4677899e-07,0
74555,1.0,9.906439e-10,0
74556,0.99999976,2.4445401e-07,0
74557,1.0,1.0126794e-08,0
74558,1.0,5.8703272e-12,0
74559,1.0,4.8782036e-09,0
74560,1.0,1.44994345e-08,0
74561,1.0,2.42366e-11,0
74562,1.0,3.4958052e-08,0
74563,1.0,1.2447464e-10,0
74564,0.99999976,2.521299e-07,0
74565,0.999997,2.996458e-06,0
74566,0.99999857,1.3764517e-06,0
74567,0.9999987,1.265389e-06,0
74568,0.99999833,1.6227099e-06,0
74569,0.9999994,5.384768e-07,0
74570,0.9999938,6.1393357e-06,0
74571,0.99999976,2.0748186e-07,0
74572,1.0,2.2126072e-09,0
74573,0.9999987,1.3331438e-06,0
74574,1.0,1.0041314e-09,0
74575,1.0,3.317207e-08,0
74576,0.99998736,1.2593356e-05,0
74577,1.0,2.2812633e-16,0
74578,1.0,6.726909e-09,0
74579,1.0,8.7058645e-09,0
74580,1.0,9.685136e-10,0
74581,0.9999783,2.1680933e-05,0
74582,0.9999981,1.9201032e-06,0
74583,0.99999976,2.8045827e-07,0
74584,0.9999902,9.756108e-06,0
74585,1.0,1.1188037e-09,0
74586,1.0,1.06859535e-08,0
74587,0.99999654,3.5159646e-06,0
74588,1.0,1.9963864e-09,0
74589,1.0,2.8033012e-08,0
74590,1.0,1.8212955e-08,0
74591,1.0,2.876336e-10,0
74592,1.0,1.8062606e-08,0
74593,0.999997,2.9572975e-06,0
74594,1.0,3.1706e-08,0
74595,1.0,1.6055841e-08,0
74596,0.9999889,1.1035985e-05,0
74597,1.0,7.60385e-10,0
74598,0.9999999,1.0986393e-07,0
74599,1.0,3.5921353e-09,0
74600,1.0,4.371745e-08,0
74601,1.0,7.631689e-10,0
74602,1.0,1.4557994e-11,0
74603,0.99999857,1.4339378e-06,0
74604,0.9999968,3.1715338e-06,0
74605,1.0,1.7213955e-10,0
74606,1.0,5.68512e-11,0
74607,1.0,1.7415996e-11,0
74608,1.0,2.1968302e-12,0
74609,1.0,1.4335425e-09,0
74610,0.99999964,2.986627e-07,0
74611,0.99999857,1.4292071e-06,0
74612,0.99999857,1.4415751e-06,0
74613,0.99999964,3.865462e-07,0
74614,0.9999989,1.0280285e-06,0
74615,1.0,2.3043278e-08,0
74616,0.9999999,8.977152e-08,0
74617,1.0,4.445598e-12,0
74618,0.9999993,6.929784e-07,0
74619,0.99999785,2.155801e-06,0
74620,0.99999964,3.750352e-07,0
74621,0.9999987,1.3398916e-06,0
74622,1.0,6.6813106e-09,0
74623,0.99999547,4.53518e-06,0
74624,0.99999905,9.1178754e-07,0
74625,1.0,2.5148852e-09,0
74626,0.9999999,7.15227e-08,0
74627,0.9999926,7.342393e-06,0
74628,1.0,1.2489612e-09,0
74629,0.9999927,7.2798375e-06,0
74630,1.0,9.260087e-12,0
74631,1.0,1.7649613e-11,0
74632,1.0,1.4952606e-10,0
74633,1.0,3.6092065e-10,0
74634,1.0,1.3005726e-10,0
74635,0.99999654,3.4674679e-06,0
74636,0.99999964,3.343872e-07,0
74637,0.9999999,7.612448e-08,0
74638,1.0,4.396859e-11,0
74639,1.0,2.664326e-09,0
74640,1.0,1.7865114e-08,0
74641,0.99999976,1.9444867e-07,0
74642,1.0,6.8766063e-19,0
74643,1.0,5.8181826e-08,0
74644,0.99999976,1.9801682e-07,0
74645,1.0,2.2552713e-08,0
74646,1.0,5.3755613e-09,0
74647,0.99999607,3.884437e-06,0
74648,1.0,1.2766843e-08,0
74649,1.0,3.4716172e-09,0
74650,1.0,6.2217675e-12,0
74651,1.0,4.31077e-08,0
74652,1.0,1.0195502e-11,0
74653,1.0,8.264227e-12,0
74654,0.9999995,4.912933e-07,0
74655,1.0,4.873319e-10,0
74656,0.99999905,9.855728e-07,0
74657,1.0,4.5780463e-12,0
74658,1.0,6.9022907e-13,0
74659,1.0,1.5050556e-13,0
74660,1.0,5.19865e-12,0
74661,1.0,6.5307156e-11,0
74662,1.0,1.2515367e-09,0
74663,1.0,2.3430051e-12,0
74664,1.0,7.9189134e-11,0
74665,1.0,3.5307002e-10,0
74666,1.0,6.2011445e-11,0
74667,1.0,4.5928816e-11,0
74668,0.9999982,1.8369168e-06,0
74669,1.0,7.565964e-13,0
74670,1.0,8.845411e-12,0
74671,1.0,9.2198034e-11,0
74672,1.0,2.3988526e-11,0
74673,1.0,1.7324926e-10,0
74674,1.0,3.210833e-08,0
74675,1.0,1.915388e-10,0
74676,1.0,3.0759537e-08,0
74677,0.9999999,1.4135898e-07,0
74678,0.9999989,1.1088048e-06,0
74679,1.0,3.5712815e-11,0
74680,1.0,1.4679508e-11,0
74681,1.0,3.3840068e-12,0
74682,1.0,3.851326e-11,0
74683,1.0,1.0262614e-08,0
74684,1.0,1.5834641e-09,0
74685,1.0,9.243719e-10,0
74686,1.0,1.1315488e-10,0
74687,1.0,6.8713375e-11,0
74688,1.0,2.6526395e-08,0
74689,1.0,4.1121353e-11,0
74690,1.0,1.641871e-11,0
74691,1.0,3.7931353e-11,0
74692,1.0,2.0977761e-10,0
74693,1.0,1.189878e-08,0
74694,0.99999964,3.8230374e-07,0
74695,1.0,1.5395608e-12,0
74696,1.0,4.554407e-09,0
74697,1.0,2.5809582e-10,0
74698,1.0,1.0025153e-11,0
74699,1.0,1.8545586e-12,0
74700,1.0,5.4248724e-11,0
74701,1.0,9.22293e-12,0
74702,0.99999917,8.922525e-07,0
74703,1.0,6.0046896e-09,0
74704,1.0,5.8712204e-13,0
74705,1.0,1.3154014e-10,0
74706,1.0,1.1747237e-09,0
74707,1.0,3.4642733e-10,0
74708,1.0,1.1243503e-10,0
74709,1.0,1.291421e-11,0
74710,1.0,7.0416994e-10,0
74711,1.0,1.2939538e-10,0
74712,0.9999982,1.7391379e-06,0
74713,1.0,1.2872459e-10,0
74714,1.0,3.846275e-11,0
74715,1.0,7.8815105e-12,0
74716,1.0,1.4036443e-10,0
74717,1.0,2.4612663e-09,0
74718,0.99999964,3.8911378e-07,0
74719,0.9999995,4.448228e-07,0
74720,1.0,1.1620085e-08,0
74721,1.0,1.478056e-08,0
74722,1.0,1.1587749e-12,0
74723,1.0,2.964169e-09,0
74724,1.0,5.154137e-10,0
74725,1.0,3.943744e-09,0
74726,1.0,9.518942e-09,0
74727,1.0,1.1802691e-12,0
74728,1.0,1.5179155e-10,0
74729,1.0,2.0159055e-12,0
74730,0.9999993,7.241231e-07,0
74731,0.9999999,1.1306874e-07,0
74732,0.9999999,9.1082136e-08,0
74733,0.9999995,4.8474686e-07,0
74734,0.99999917,8.571384e-07,0
74735,1.0,2.941382e-09,0
74736,0.99999976,2.415482e-07,0
74737,0.99999976,1.8595715e-07,0
74738,1.0,9.33559e-10,0
74739,0.99999917,7.8382124e-07,0
74740,1.0,1.7997472e-08,0
74741,1.0,1.1367107e-09,0
74742,1.0,4.6451497e-08,0
74743,1.0,1.6454097e-08,0
74744,1.0,3.2542935e-08,0
74745,0.9999999,1.13360905e-07,0
74746,1.0,2.5612615e-12,0
74747,0.9999999,1.4200349e-07,0
74748,0.9999999,8.185366e-08,0
74749,0.9999999,1.1871763e-07,0
74750,0.99999976,2.3022703e-07,0
74751,0.99999976,1.8295914e-07,0
74752,1.0,9.192595e-09,0
74753,0.99999964,3.6865117e-07,0
74754,1.0,1.9805622e-10,0
74755,0.9999999,1.4248018e-07,0
74756,1.0,4.4588562e-11,0
74757,0.9999969,3.056251e-06,0
74758,1.0,1.8294467e-11,0
74759,0.99999845,1.5265977e-06,0
74760,0.9999982,1.7743764e-06,0
74761,1.0,5.434116e-09,0
74762,0.99999976,2.043766e-07,0
74763,1.0,3.010546e-11,0
74764,1.0,8.499649e-10,0
74765,1.0,1.8424613e-09,0
74766,1.0,8.8208896e-10,0
74767,1.0,4.793679e-09,0
74768,1.0,2.5588143e-09,0
74769,1.0,4.7112296e-09,0
74770,1.0,2.385996e-09,0
74771,1.0,4.6275295e-10,0
74772,1.0,1.2911692e-12,0
74773,1.0,2.6594216e-09,0
74774,1.0,8.65849e-12,0
74775,1.0,1.7106705e-13,0
74776,1.0,4.2111115e-12,0
74777,1.0,1.9798937e-10,0
74778,1.0,2.0155403e-12,0
74779,1.0,2.7207655e-12,0
74780,1.0,6.5071377e-12,0
74781,1.0,1.2986905e-11,0
74782,1.0,7.594393e-12,0
74783,1.0,5.5109373e-13,0
74784,1.0,4.8236723e-12,0
74785,1.0,1.4796728e-11,0
74786,1.0,8.388069e-11,0
74787,1.0,5.808189e-13,0
74788,1.0,9.04496e-11,0
74789,1.0,9.285414e-12,0
74790,1.0,7.351565e-11,0
74791,1.0,3.5795283e-10,0
74792,1.0,2.5040126e-11,0
74793,1.0,2.5287324e-13,0
74794,1.0,1.0295486e-13,0
74795,1.0,1.0212299e-11,0
74796,1.0,2.871226e-11,0
74797,1.0,3.6366934e-11,0
74798,1.0,7.767788e-12,0
74799,1.0,1.1043365e-12,0
74800,1.0,1.9680394e-12,0
74801,1.0,7.63218e-11,0
74802,1.0,2.2232335e-13,0
74803,1.0,5.6956617e-10,0
74804,1.0,7.663612e-12,0
74805,1.0,1.4206816e-12,0
74806,1.0,8.700341e-12,0
74807,1.0,5.845832e-13,0
74808,1.0,9.941821e-13,0
74809,1.0,3.9324582e-11,0
74810,1.0,2.045689e-11,0
74811,1.0,7.613152e-14,0
74812,1.0,3.3834133e-12,0
74813,1.0,2.4480318e-12,0
74814,1.0,1.9419981e-11,0
74815,1.0,1.9328623e-12,0
74816,1.0,4.5085707e-10,0
74817,1.0,2.3818352e-13,0
74818,1.0,7.7669884e-12,0
74819,1.0,3.3923515e-15,0
74820,1.0,2.9374292e-13,0
74821,1.0,9.409074e-11,0
74822,1.0,2.54606e-12,0
74823,1.0,1.2889423e-12,0
74824,1.0,8.920055e-13,0
74825,1.0,1.9874902e-11,0
74826,1.0,1.734545e-11,0
74827,1.0,2.1478917e-14,0
74828,1.0,1.9019544e-10,0
74829,1.0,1.2718365e-10,0
74830,1.0,2.686917e-10,0
74831,1.0,1.4449601e-12,0
74832,0.9999999,8.4183405e-08,0
74833,1.0,4.8164764e-11,0
74834,1.0,1.8058721e-11,0
74835,1.0,4.8986504e-13,0
74836,1.0,3.0633815e-13,0
74837,1.0,3.701635e-12,0
74838,1.0,1.556396e-12,0
74839,1.0,2.6059049e-13,0
74840,1.0,4.3124697e-13,0
74841,1.0,8.6518214e-12,0
74842,1.0,9.8876324e-11,0
74843,1.0,5.210441e-13,0
74844,1.0,2.0498436e-12,0
74845,1.0,2.3846185e-12,0
74846,1.0,2.3779147e-12,0
74847,1.0,3.085268e-11,0
74848,1.0,1.4475379e-10,0
74849,1.0,2.9209128e-14,0
74850,1.0,1.2725632e-12,0
74851,1.0,2.1954645e-12,0
74852,1.0,2.0764486e-12,0
74853,1.0,2.770768e-12,0
74854,1.0,1.6855398e-10,0
74855,1.0,1.1088733e-14,0
74856,1.0,1.8054008e-14,0
74857,1.0,6.246912e-10,0
74858,1.0,3.771912e-10,0
74859,1.0,4.3007173e-12,0
74860,1.0,4.7046603e-11,0
74861,1.0,1.1844659e-12,0
74862,1.0,6.724762e-14,0
74863,1.0,9.064791e-10,0
74864,1.0,4.951521e-12,0
74865,1.0,3.902025e-12,0
74866,1.0,4.3708337e-13,0
74867,1.0,6.0364517e-13,0
74868,1.0,2.1457178e-10,0
74869,1.0,2.9157154e-13,0
74870,1.0,1.2074647e-14,0
74871,1.0,1.1653655e-14,0
74872,1.0,5.8416727e-10,0
74873,1.0,4.9247906e-12,0
74874,1.0,2.5512248e-14,0
74875,1.0,6.1594002e-12,0
74876,1.0,5.9681905e-11,0
74877,1.0,2.3117805e-12,0
74878,1.0,4.7256443e-10,0
74879,1.0,8.7316726e-13,0
74880,1.0,4.7071875e-09,0
74881,1.0,1.2542686e-12,0
74882,1.0,1.1565176e-13,0
74883,1.0,2.3655696e-08,0
74884,1.0,8.0235986e-13,0
74885,1.0,4.2189698e-14,0
74886,1.0,3.5567528e-12,0
74887,1.0,1.2799024e-12,0
74888,1.0,4.978836e-11,0
74889,1.0,3.1512211e-13,0
74890,1.0,5.289435e-13,0
74891,1.0,2.7108316e-11,0
74892,1.0,1.2953954e-11,0
74893,1.0,1.5741906e-11,0
74894,1.0,5.378048e-11,0
74895,1.0,2.1794341e-13,0
74896,1.0,2.5542754e-12,0
74897,1.0,1.3564683e-14,0
74898,1.0,1.6304233e-12,0
74899,1.0,4.7571834e-12,0
74900,0.9999999,1.5314315e-07,0
74901,1.0,2.086944e-11,0
74902,0.99999523,4.7947237e-06,0
74903,1.0,5.2459878e-14,0
74904,1.0,1.6209475e-12,0
74905,1.0,3.2754066e-14,0
74906,1.0,1.2417893e-14,0
74907,1.0,6.4566217e-12,0
74908,1.0,3.0156924e-13,0
74909,1.0,2.1499005e-10,0
74910,1.0,3.3489246e-11,0
74911,0.99999976,1.8863426e-07,0
74912,1.0,1.6987068e-11,0
74913,1.0,3.497722e-14,0
74914,0.9999993,6.847326e-07,0
74915,1.0,8.013906e-12,0
74916,1.0,3.3798124e-13,0
74917,0.99999964,3.87599e-07,0
74918,1.0,5.3180316e-10,0
74919,1.0,9.850657e-12,0
74920,1.0,7.6467993e-10,0
74921,1.0,4.0532326e-12,0
74922,1.0,2.1933679e-12,0
74923,1.0,1.1894937e-13,0
74924,1.0,2.8606854e-12,0
74925,1.0,3.9491256e-13,0
74926,1.0,5.1319306e-13,0
74927,1.0,3.9641325e-11,0
74928,1.0,8.892549e-10,0
74929,1.0,5.6599104e-11,0
74930,1.0,2.2613598e-10,0
74931,1.0,2.5914245e-11,0
74932,1.0,1.9279717e-13,0
74933,1.0,1.2510233e-13,0
74934,1.0,1.9325948e-14,0
74935,1.0,1.1273506e-13,0
74936,1.0,3.0123655e-12,0
74937,1.0,6.832705e-11,0
74938,1.0,2.4152302e-10,0
74939,1.0,1.4087496e-12,0
74940,1.0,1.5068665e-11,0
74941,1.0,9.458505e-14,0
74942,1.0,4.3082693e-09,0
74943,1.0,4.956359e-12,0
74944,1.0,6.0510055e-11,0
74945,1.0,6.1714895e-12,0
74946,1.0,1.4958416e-11,0
74947,1.0,6.088657e-14,0
74948,1.0,9.0292405e-11,0
74949,1.0,2.1861976e-11,0
74950,1.0,2.7089875e-10,0
74951,1.0,6.213021e-14,0
74952,1.0,7.3666717e-10,0
74953,1.0,1.0103539e-13,0
74954,1.0,4.109099e-12,0
74955,1.0,8.8644675e-11,0
74956,1.0,1.2603262e-12,0
74957,1.0,1.3462763e-11,0
74958,1.0,3.4892167e-12,0
74959,1.0,1.9062472e-10,0
74960,1.0,1.5142812e-13,0
74961,1.0,1.2538202e-10,0
74962,1.0,1.2552204e-13,0
74963,0.99999964,3.8192766e-07,0
74964,1.0,7.571364e-09,0
74965,1.0,3.5642655e-15,0
74966,1.0,4.842542e-12,0
74967,1.0,6.088054e-10,0
74968,1.0,6.309611e-10,0
74969,1.0,4.6420177e-14,0
74970,1.0,4.758379e-13,0
74971,1.0,4.73002e-13,0
74972,1.0,1.6100757e-13,0
74973,1.0,1.4199211e-11,0
74974,1.0,1.7867053e-12,0
74975,1.0,1.5572832e-09,0
74976,1.0,1.5092476e-12,0
74977,1.0,2.1011068e-11,0
74978,1.0,9.009963e-13,0
74979,1.0,1.39185e-10,0
74980,1.0,2.6351707e-12,0
74981,1.0,1.05457405e-11,0
74982,1.0,1.9680694e-12,0
74983,1.0,3.6758738e-10,0
74984,1.0,2.266321e-10,0
74985,1.0,1.784588e-11,0
74986,1.0,9.162224e-13,0
74987,1.0,5.3803465e-11,0
74988,1.0,3.5557134e-13,0
74989,1.0,8.1708175e-11,0
74990,1.0,1.231153e-14,0
74991,1.0,5.2911786e-10,0
74992,1.0,3.215131e-14,0
74993,1.0,3.716647e-12,0
74994,1.0,5.7152244e-15,0
74995,1.0,1.4917424e-14,0
74996,1.0,2.322e-10,0
74997,1.0,4.211433e-12,0
74998,1.0,5.4170535e-08,0
74999,1.0,2.5409638e-10,0
75000,1.0,5.3741545e-10,0
75001,1.0,6.7267083e-15,0
75002,1.0,1.4013262e-12,0
75003,1.0,6.0850643e-12,0
75004,1.0,8.509499e-09,0
75005,1.0,1.1959193e-11,0
75006,1.0,1.5730965e-09,0
75007,1.0,4.7685753e-12,0
75008,1.0,3.6504778e-13,0
75009,1.0,1.0297662e-14,0
75010,1.0,7.388793e-10,0
75011,1.0,4.0743757e-13,0
75012,1.0,1.06711905e-11,0
75013,1.0,4.4991314e-13,0
75014,1.0,1.6252873e-09,0
75015,0.9999981,1.8551341e-06,0
75016,1.0,2.9277467e-13,0
75017,1.0,1.180482e-10,0
75018,1.0,1.9540793e-13,0
75019,1.0,5.5020995e-11,0
75020,1.0,8.24851e-12,0
75021,1.0,1.1322617e-09,0
75022,0.99998987,1.0137442e-05,0
75023,1.0,1.3365124e-12,0
75024,1.0,2.0185278e-10,0
75025,1.0,1.5154067e-11,0
75026,1.0,5.1769906e-08,0
75027,0.9999999,1.0830888e-07,0
75028,1.0,1.7466155e-08,0
75029,1.0,3.642146e-13,0
75030,1.0,1.9918185e-09,0
75031,1.0,2.3552617e-14,0
75032,1.0,2.0769786e-13,0
75033,1.0,4.958574e-11,0
75034,1.0,4.5967684e-13,0
75035,1.0,4.747213e-12,0
75036,1.0,1.6772583e-11,0
75037,0.9999987,1.2800731e-06,0
75038,1.0,1.3712694e-11,0
75039,1.0,1.4818362e-11,0
75040,1.0,1.8822377e-08,0
75041,1.0,1.6625553e-12,0
75042,1.0,4.9344183e-12,0
75043,1.0,7.3917174e-12,0
75044,0.9999995,5.203274e-07,0
75045,1.0,1.3755544e-08,0
75046,1.0,2.5933615e-12,0
75047,0.99999976,1.8734558e-07,0
75048,1.0,7.350167e-10,0
75049,1.0,4.1429648e-11,0
75050,1.0,1.5268008e-10,0
75051,1.0,2.5458732e-10,0
75052,1.0,4.564114e-12,0
75053,1.0,2.2120667e-13,0
75054,1.0,9.110195e-12,0
75055,1.0,1.1273259e-11,0
75056,1.0,5.473352e-13,0
75057,1.0,1.360128e-08,0
75058,1.0,3.5130066e-10,0
75059,1.0,8.220742e-12,0
75060,1.0,2.0701217e-08,0
75061,1.0,3.2608978e-12,0
75062,0.99997044,2.9571924e-05,0
75063,1.0,2.5684384e-08,0
75064,1.0,7.966144e-12,0
75065,1.0,1.8461934e-13,0
75066,1.0,5.1863406e-08,0
75067,1.0,1.9311103e-10,0
75068,1.0,3.8188658e-13,0
75069,1.0,1.5316659e-10,0
75070,0.9999999,1.0505889e-07,0
75071,1.0,1.7185169e-08,0
75072,0.9999999,7.061438e-08,0
75073,1.0,3.2195868e-10,0
75074,1.0,3.356914e-10,0
75075,1.0,2.46289e-10,0
75076,1.0,1.7128653e-12,0
75077,1.0,2.9293755e-11,0
75078,1.0,1.049449e-08,0
75079,1.0,7.288361e-11,0
75080,1.0,1.2246149e-09,0
75081,1.0,4.3041872e-09,0
75082,1.0,4.614986e-14,0
75083,0.99999976,2.1072589e-07,0
75084,0.9999968,3.269935e-06,0
75085,1.0,8.825189e-12,0
75086,1.0,7.6029766e-11,0
75087,1.0,2.8102096e-10,0
75088,1.0,4.690714e-09,0
75089,1.0,7.314166e-11,0
75090,0.99999976,1.7956314e-07,0
75091,1.0,9.265659e-14,0
75092,1.0,1.1493311e-13,0
75093,1.0,3.5729406e-13,0
75094,1.0,5.098838e-12,0
75095,0.99999857,1.3774667e-06,0
75096,1.0,5.5643636e-12,0
75097,0.9999999,1.4606029e-07,0
75098,0.9999982,1.7322023e-06,0
75099,0.9999999,9.7737754e-08,0
75100,1.0,1.5889666e-10,0
75101,1.0,6.317366e-10,0
75102,0.9999994,5.6377667e-07,0
75103,1.0,6.520889e-09,0
75104,0.9999999,8.620376e-08,0
75105,0.9999999,1.5800022e-07,0
75106,1.0,2.167524e-09,0
75107,1.0,4.4278922e-13,0
75108,1.0,1.3036454e-13,0
75109,1.0,3.686877e-10,0
75110,1.0,6.698063e-13,0
75111,1.0,1.4871069e-13,0
75112,1.0,2.6629246e-12,0
75113,1.0,2.383218e-12,0
75114,1.0,4.1931536e-14,0
75115,1.0,5.8410095e-12,0
75116,1.0,4.170587e-11,0
75117,1.0,5.0610937e-14,0
75118,1.0,1.9619144e-13,0
75119,1.0,8.4264805e-13,0
75120,1.0,7.953972e-11,0
75121,1.0,3.1133353e-11,0
75122,1.0,2.7372046e-11,0
75123,1.0,1.1534247e-13,0
75124,1.0,3.0270744e-09,0
75125,1.0,4.0800368e-13,0
75126,1.0,8.584389e-13,0
75127,1.0,1.1405765e-09,0
75128,1.0,1.6159142e-14,0
75129,1.0,5.0230435e-16,0
75130,1.0,2.875092e-13,0
75131,1.0,2.4054708e-13,0
75132,1.0,1.0621765e-11,0
75133,1.0,4.446836e-12,0
75134,1.0,1.2883611e-10,0
75135,1.0,4.876663e-15,0
75136,1.0,1.6843898e-13,0
75137,1.0,1.8542695e-11,0
75138,1.0,1.1143276e-12,0
75139,1.0,6.9988676e-13,0
75140,1.0,4.4266617e-12,0
75141,1.0,4.7607075e-11,0
75142,1.0,1.7572035e-13,0
75143,1.0,9.453726e-14,0
75144,1.0,3.8290259e-13,0
75145,1.0,5.5246957e-12,0
75146,1.0,6.097356e-12,0
75147,1.0,1.7642014e-10,0
75148,1.0,2.696614e-11,0
75149,1.0,1.4711382e-14,0
75150,0.9999932,6.797618e-06,0
75151,1.0,8.90055e-12,0
75152,1.0,4.5953352e-11,0
75153,1.0,2.271214e-11,0
75154,1.0,4.965689e-12,0
75155,1.0,5.999975e-12,0
75156,1.0,3.6542377e-14,0
75157,1.0,4.5893675e-12,0
75158,1.0,2.332115e-14,0
75159,1.0,7.4872775e-10,0
75160,1.0,1.0596939e-14,0
75161,1.0,1.4814505e-13,0
75162,1.0,6.8989453e-10,0
75163,0.9999993,7.197436e-07,0
75164,1.0,1.0517527e-13,0
75165,1.0,1.6598304e-12,0
75166,1.0,9.1198785e-12,0
75167,1.0,1.7294114e-11,0
75168,1.0,7.2687273e-12,0
75169,1.0,1.2105593e-14,0
75170,1.0,8.774274e-14,0
75171,1.0,7.312506e-11,0
75172,1.0,6.932174e-13,0
75173,1.0,1.754107e-12,0
75174,1.0,3.331832e-14,0
75175,1.0,9.235846e-13,0
75176,1.0,5.2908507e-12,0
75177,1.0,6.2913963e-09,0
75178,1.0,6.0574543e-13,0
75179,0.99999154,8.442381e-06,0
75180,0.99999964,4.1423712e-07,0
75181,1.0,1.2951815e-13,0
75182,1.0,4.177523e-14,0
75183,1.0,4.0401057e-11,0
75184,1.0,3.821048e-11,0
75185,1.0,8.605701e-13,0
75186,1.0,1.303891e-10,0
75187,1.0,9.672439e-13,0
75188,1.0,7.860492e-12,0
75189,1.0,5.1855156e-13,0
75190,1.0,4.0515477e-12,0
75191,1.0,4.5706147e-11,0
75192,1.0,1.0704688e-14,0
75193,1.0,2.3990712e-12,0
75194,1.0,4.3661384e-11,0
75195,1.0,4.4996035e-13,0
75196,1.0,1.1217433e-14,0
75197,1.0,1.2032105e-12,0
75198,1.0,1.4217132e-10,0
75199,1.0,1.1025986e-11,0
75200,1.0,1.2394259e-13,0
75201,0.9999999,7.4728746e-08,0
75202,1.0,6.575687e-11,0
75203,1.0,2.0891153e-14,0
75204,1.0,3.3079377e-12,0
75205,1.0,3.9299092e-11,0
75206,1.0,3.272356e-12,0
75207,1.0,5.5829917e-11,0
75208,1.0,4.957394e-14,0
75209,1.0,2.576378e-11,0
75210,1.0,7.421741e-15,0
75211,1.0,5.444632e-14,0
75212,1.0,1.1213043e-11,0
75213,1.0,1.1611877e-10,0
75214,1.0,1.2168811e-11,0
75215,1.0,6.181073e-10,0
75216,1.0,5.040881e-14,0
75217,1.0,1.0693577e-12,0
75218,1.0,6.308291e-09,0
75219,1.0,2.8518177e-11,0
75220,1.0,6.2854037e-15,0
75221,1.0,2.4493955e-12,0
75222,1.0,8.8601266e-14,0
75223,1.0,4.9457095e-11,0
75224,1.0,5.0601016e-13,0
75225,1.0,9.244702e-11,0
75226,1.0,2.1227562e-09,0
75227,1.0,1.4060674e-09,0
75228,1.0,1.847896e-08,0
75229,1.0,2.2451585e-09,0
75230,1.0,5.00302e-09,0
75231,1.0,1.6469222e-09,0
75232,1.0,5.769684e-14,0
75233,0.9999988,1.158903e-06,0
75234,1.0,4.7878395e-13,0
75235,1.0,1.518531e-08,0
75236,1.0,4.664366e-10,0
75237,1.0,2.4699357e-11,0
75238,1.0,7.623701e-14,0
75239,1.0,5.2659906e-13,0
75240,1.0,3.4046405e-08,0
75241,1.0,6.0646483e-12,0
75242,1.0,1.6750955e-13,0
75243,1.0,1.466429e-14,0
75244,1.0,1.0774612e-08,0
75245,1.0,2.603633e-14,0
75246,1.0,9.7873605e-11,0
75247,1.0,1.1292616e-13,0
75248,1.0,7.531326e-12,0
75249,1.0,3.6569783e-10,0
75250,1.0,4.4457698e-11,0
75251,0.9999988,1.1689441e-06,0
75252,1.0,4.8966986e-09,0
75253,1.0,9.345108e-09,0
75254,1.0,1.2580774e-13,0
75255,1.0,2.8863384e-10,0
75256,0.9999995,4.405008e-07,0
75257,1.0,1.1792275e-08,0
75258,1.0,1.0551978e-11,0
75259,0.9999999,6.745748e-08,0
75260,1.0,3.9341086e-11,0
75261,0.9999989,1.0784748e-06,0
75262,1.0,6.2214085e-13,0
75263,1.0,2.0567878e-08,0
75264,1.0,9.115291e-15,0
75265,1.0,1.698693e-12,0
75266,1.0,5.57293e-10,0
75267,1.0,2.265019e-11,0
75268,1.0,2.3865617e-08,0
75269,1.0,5.427866e-10,0
75270,1.0,9.569855e-10,0
75271,1.0,2.3409121e-14,0
75272,0.9999937,6.279234e-06,0
75273,1.0,1.6015619e-12,0
75274,0.9999999,8.3616754e-08,0
75275,1.0,4.9127e-11,0
75276,1.0,2.6389355e-10,0
75277,1.0,5.301974e-08,0
75278,1.0,3.390397e-08,0
75279,0.9999989,1.0429437e-06,0
75280,1.0,1.4404721e-08,0
75281,0.9999956,4.439008e-06,0
75282,1.0,3.135957e-12,0
75283,0.99999964,3.4764898e-07,0
75284,0.9999999,1.0566177e-07,0
75285,0.9999999,1.2417166e-07,0
75286,0.9999982,1.8300134e-06,0
75287,1.0,2.1760666e-08,0
75288,1.0,1.1925584e-09,0
75289,0.99999666,3.290098e-06,0
75290,1.0,1.3500087e-09,0
75291,1.0,2.6635953e-12,0
75292,1.0,2.8106115e-10,0
75293,1.0,1.3337939e-10,0
75294,1.0,9.843835e-13,0
75295,1.0,9.726223e-12,0
75296,1.0,1.3265669e-12,0
75297,1.0,6.4045285e-09,0
75298,1.0,1.5092965e-12,0
75299,1.0,4.985719e-10,0
75300,1.0,4.0710994e-12,0
75301,1.0,3.5725776e-14,0
75302,1.0,4.7586353e-12,0
75303,1.0,1.961646e-12,0
75304,1.0,6.034609e-13,0
75305,1.0,1.5654117e-11,0
75306,1.0,1.3378074e-13,0
75307,1.0,1.3259529e-11,0
75308,1.0,2.3635278e-11,0
75309,1.0,8.355094e-15,0
75310,0.9999893,1.0673307e-05,0
75311,1.0,5.4008225e-13,0
75312,1.0,2.1848552e-11,0
75313,1.0,8.793172e-14,0
75314,1.0,2.8258856e-12,0
75315,1.0,5.9418394e-11,0
75316,1.0,2.0481603e-11,0
75317,1.0,1.822655e-11,0
75318,1.0,2.6153396e-10,0
75319,1.0,1.920969e-12,0
75320,1.0,2.6711736e-10,0
75321,0.9999974,2.5849647e-06,0
75322,1.0,3.1185e-11,0
75323,0.9999995,5.291346e-07,0
75324,1.0,8.531548e-10,0
75325,1.0,4.5506063e-08,0
75326,1.0,3.325125e-08,0
75327,0.99999106,8.941914e-06,0
75328,1.0,4.7120174e-10,0
75329,1.0,3.7197513e-13,0
75330,1.0,3.2724237e-09,0
75331,0.99999857,1.3877342e-06,0
75332,1.0,7.12582e-10,0
75333,0.9999987,1.2988086e-06,0
75334,1.0,1.5631054e-11,0
75335,1.0,1.3616743e-09,0
75336,0.9999999,1.0622555e-07,0
75337,1.0,1.1015722e-12,0
75338,1.0,3.550878e-11,0
75339,1.0,4.1683865e-10,0
75340,1.0,2.0618278e-11,0
75341,1.0,4.4790296e-12,0
75342,1.0,1.3925756e-13,0
75343,1.0,3.8165014e-12,0
75344,1.0,2.0329909e-13,0
75345,1.0,4.369271e-11,0
75346,1.0,3.1137332e-11,0
75347,1.0,2.4175553e-12,0
75348,1.0,1.0317612e-11,0
75349,1.0,7.413812e-09,0
75350,1.0,7.8877696e-11,0
75351,1.0,3.6748746e-12,0
75352,1.0,6.4437284e-12,0
75353,1.0,1.7824856e-11,0
75354,1.0,2.2906247e-12,0
75355,1.0,2.8429979e-11,0
75356,1.0,3.4973393e-08,0
75357,1.0,4.8079487e-15,0
75358,1.0,1.3236678e-12,0
75359,1.0,1.064482e-08,0
75360,1.0,8.768402e-14,0
75361,1.0,1.0899338e-11,0
75362,1.0,2.0750998e-11,0
75363,1.0,1.5281855e-09,0
75364,1.0,1.0222809e-10,0
75365,1.0,7.2716113e-12,0
75366,0.99999774,2.2967208e-06,0
75367,1.0,2.6155618e-08,0
75368,1.0,5.5867503e-08,0
75369,1.0,3.101304e-11,0
75370,1.0,6.1983387e-12,0
75371,1.0,7.206902e-10,0
75372,0.9999989,1.0941283e-06,0
75373,1.0,4.1737566e-10,0
75374,1.0,3.1201704e-12,0
75375,1.0,1.5628707e-10,0
75376,1.0,3.5173427e-11,0
75377,1.0,2.4519714e-08,0
75378,1.0,7.890802e-13,0
75379,1.0,2.5275466e-09,0
75380,1.0,1.6487381e-10,0
75381,1.0,2.8346917e-11,0
75382,1.0,4.875087e-13,0
75383,1.0,3.1618494e-08,0
75384,1.0,4.9406343e-12,0
75385,1.0,4.9015063e-11,0
75386,1.0,7.814075e-09,0
75387,1.0,1.2862439e-11,0
75388,0.99999964,3.9169169e-07,0
75389,1.0,2.3014726e-08,0
75390,1.0,2.6067387e-10,0
75391,0.9999999,6.4599355e-08,0
75392,1.0,1.3930485e-09,0
75393,0.99999833,1.621562e-06,0
75394,1.0,1.4698279e-11,0
75395,1.0,1.2700041e-10,0
75396,1.0,4.6994032e-08,0
75397,1.0,1.2159473e-09,0
75398,1.0,5.5505045e-10,0
75399,0.99999976,2.552304e-07,0
75400,1.0,9.875537e-10,0
75401,1.0,3.4732445e-10,0
75402,0.9999999,1.3728841e-07,0
75403,0.9999999,1.1514982e-07,0
75404,1.0,2.5665823e-08,0
75405,1.0,2.3476967e-09,0
75406,1.0,2.194119e-10,0
75407,1.0,6.8903015e-11,0
75408,0.99999976,1.9730578e-07,0
75409,1.0,5.453516e-11,0
75410,1.0,7.645388e-09,0
75411,0.99999976,1.7980082e-07,0
75412,1.0,2.9544605e-09,0
75413,1.0,1.0786487e-10,0
75414,1.0,5.0423218e-11,0
75415,1.0,4.278298e-09,0
75416,1.0,1.1964642e-08,0
75417,0.9999999,8.256444e-08,0
75418,1.0,1.222998e-08,0
75419,1.0,4.3339092e-09,0
75420,0.99999976,1.9050756e-07,0
75421,1.0,1.6186946e-09,0
75422,0.9999999,1.08621066e-07,0
75423,1.0,5.2961293e-09,0
75424,1.0,9.1290936e-10,0
75425,1.0,2.7939087e-10,0
75426,1.0,2.3000497e-09,0
75427,1.0,7.0854753e-13,0
75428,1.0,8.9188303e-13,0
75429,1.0,1.5107106e-12,0
75430,1.0,1.652606e-08,0
75431,1.0,1.540227e-09,0
75432,1.0,1.6796403e-11,0
75433,1.0,4.9463434e-14,0
75434,1.0,1.1827706e-12,0
75435,1.0,6.7243455e-12,0
75436,1.0,2.6363345e-10,0
75437,1.0,9.580429e-10,0
75438,1.0,2.9618473e-12,0
75439,0.9999994,6.513986e-07,0
75440,1.0,1.1412207e-09,0
75441,1.0,2.47628e-11,0
75442,1.0,7.8217315e-11,0
75443,1.0,3.04754e-14,0
75444,1.0,1.6530599e-08,0
75445,1.0,1.703973e-08,0
75446,1.0,3.4535378e-11,0
75447,1.0,3.2551466e-14,0
75448,1.0,1.2249605e-13,0
75449,1.0,3.3277783e-11,0
75450,1.0,1.0157885e-11,0
75451,1.0,6.4216715e-11,0
75452,1.0,3.7964668e-10,0
75453,1.0,6.4815144e-14,0
75454,1.0,5.07467e-12,0
75455,1.0,7.0941173e-09,0
75456,1.0,1.6286199e-13,0
75457,1.0,2.118006e-11,0
75458,1.0,8.536167e-11,0
75459,1.0,4.345402e-11,0
75460,1.0,1.6831552e-11,0
75461,1.0,1.6428546e-11,0
75462,1.0,1.5311877e-09,0
75463,1.0,1.6895743e-12,0
75464,1.0,1.8225855e-11,0
75465,1.0,3.8954434e-12,0
75466,1.0,2.7307412e-09,0
75467,1.0,1.1527497e-09,0
75468,1.0,7.2064035e-11,0
75469,1.0,7.2661976e-10,0
75470,1.0,1.5464564e-12,0
75471,1.0,1.7403525e-13,0
75472,1.0,1.1568565e-11,0
75473,1.0,1.0589243e-10,0
75474,0.9999994,6.165619e-07,0
75475,1.0,6.430931e-13,0
75476,1.0,2.503055e-13,0
75477,1.0,1.0110293e-08,0
75478,1.0,8.4248615e-12,0
75479,1.0,1.8999594e-11,0
75480,1.0,1.2686186e-11,0
75481,1.0,3.839519e-10,0
75482,1.0,6.8975663e-13,0
75483,1.0,8.9638325e-10,0
75484,1.0,2.5251047e-12,0
75485,1.0,9.18901e-11,0
75486,1.0,2.382314e-08,0
75487,1.0,3.4433077e-12,0
75488,1.0,1.2004403e-10,0
75489,1.0,6.3313856e-13,0
75490,0.99999976,2.1029987e-07,0
75491,1.0,4.862971e-08,0
75492,1.0,9.451874e-13,0
75493,1.0,1.7229648e-11,0
75494,1.0,1.5252792e-09,0
75495,1.0,3.1044376e-13,0
75496,1.0,4.457253e-13,0
75497,1.0,5.9055013e-12,0
75498,1.0,3.0115897e-12,0
75499,1.0,3.0296738e-09,0
75500,1.0,4.1666278e-11,0
75501,1.0,3.658281e-11,0
75502,1.0,3.521542e-09,0
75503,1.0,3.017007e-11,0
75504,1.0,5.5146547e-11,0
75505,1.0,9.116969e-13,0
75506,1.0,1.2704304e-10,0
75507,1.0,1.873926e-13,0
75508,1.0,3.8045128e-10,0
75509,1.0,8.611621e-11,0
75510,1.0,2.5439947e-10,0
75511,1.0,1.343094e-10,0
75512,1.0,1.4350025e-10,0
75513,1.0,5.1838103e-11,0
75514,1.0,5.4742366e-10,0
75515,1.0,4.9645954e-10,0
75516,1.0,2.838824e-12,0
75517,1.0,3.672023e-12,0
75518,1.0,6.275887e-13,0
75519,1.0,4.8079953e-11,0
75520,1.0,1.6819493e-10,0
75521,1.0,1.3542046e-09,0
75522,1.0,1.1391617e-08,0
75523,1.0,1.0107867e-11,0
75524,1.0,2.1890932e-11,0
75525,1.0,1.0743216e-08,0
75526,1.0,1.3994106e-09,0
75527,1.0,4.5903593e-11,0
75528,1.0,3.7909075e-11,0
75529,1.0,1.924306e-12,0
75530,1.0,7.727336e-10,0
75531,1.0,3.2313512e-09,0
75532,0.99999917,7.8283074e-07,0
75533,1.0,9.036925e-11,0
75534,1.0,2.0310831e-10,0
75535,1.0,2.0605394e-10,0
75536,1.0,3.155167e-09,0
75537,1.0,5.916236e-11,0
75538,1.0,4.827944e-08,0
75539,1.0,8.245625e-10,0
75540,0.9999999,9.2861214e-08,0
75541,1.0,3.9150655e-11,0
75542,1.0,8.587485e-09,0
75543,1.0,3.5848918e-10,0
75544,1.0,8.747831e-12,0
75545,1.0,1.4391449e-09,0
75546,1.0,4.0547368e-10,0
75547,1.0,1.6071634e-10,0
75548,1.0,2.5852992e-10,0
75549,1.0,8.699947e-11,0
75550,1.0,1.0287479e-09,0
75551,1.0,7.844459e-10,0
75552,1.0,1.1784472e-08,0
75553,1.0,1.4013858e-11,0
75554,1.0,5.959143e-09,0
75555,1.0,1.5332158e-09,0
75556,1.0,1.4039054e-08,0
75557,1.0,8.799192e-11,0
75558,1.0,1.314812e-10,0
75559,1.0,5.229136e-10,0
75560,1.0,4.909532e-08,0
75561,1.0,2.3095263e-10,0
75562,1.0,1.7222584e-11,0
75563,1.0,8.279788e-11,0
75564,1.0,1.6553561e-09,0
75565,1.0,5.0303486e-09,0
75566,1.0,2.9193716e-09,0
75567,1.0,8.3045876e-11,0
75568,1.0,1.8572084e-10,0
75569,1.0,4.67794e-08,0
75570,1.0,3.789251e-08,0
75571,1.0,7.149218e-11,0
75572,1.0,1.8523167e-09,0
75573,1.0,1.3503807e-11,0
75574,1.0,1.188343e-11,0
75575,1.0,1.5193797e-12,0
75576,1.0,1.1660799e-09,0
75577,0.9999999,8.50616e-08,0
75578,1.0,1.6747803e-08,0
75579,1.0,3.399229e-08,0
75580,1.0,4.2632405e-11,0
75581,1.0,3.365996e-08,0
75582,1.0,1.9969471e-08,0
75583,1.0,6.400157e-09,0
75584,1.0,2.2385307e-09,0
75585,0.99999964,3.93014e-07,0
75586,1.0,1.1371076e-09,0
75587,1.0,2.9636021e-10,0
75588,1.0,4.661765e-08,0
75589,0.9999999,7.25186e-08,0
75590,1.0,1.9325823e-08,0
75591,1.0,1.01378766e-10,0
75592,1.0,1.750217e-08,0
75593,1.0,3.797102e-11,0
75594,1.0,2.7412304e-09,0
75595,0.9999999,9.3543306e-08,0
75596,1.0,3.4851859e-12,0
75597,1.0,4.7464027e-10,0
75598,1.0,4.7290275e-13,0
75599,1.0,3.7926454e-10,0
75600,1.0,5.7997038e-11,0
75601,1.0,5.097049e-12,0
75602,1.0,5.739822e-09,0
75603,1.0,1.3509179e-09,0
75604,1.0,1.9691265e-10,0
75605,1.0,1.6254383e-10,0
75606,1.0,4.726012e-11,0
75607,1.0,7.9671864e-10,0
75608,1.0,2.1674734e-10,0
75609,1.0,5.5238765e-11,0
75610,1.0,3.987571e-08,0
75611,1.0,1.656151e-10,0
75612,1.0,1.3941011e-09,0
75613,1.0,3.2778407e-12,0
75614,1.0,1.2942179e-10,0
75615,1.0,1.8261495e-10,0
75616,1.0,8.646476e-12,0
75617,1.0,1.5679003e-08,0
75618,1.0,1.1658975e-09,0
75619,0.9999999,9.691077e-08,0
75620,1.0,5.788744e-10,0
75621,1.0,1.5535758e-08,0
75622,0.99999905,1.0066518e-06,0
75623,1.0,4.473438e-08,0
75624,1.0,9.660179e-09,0
75625,1.0,1.872888e-11,0
75626,1.0,8.924319e-11,0
75627,0.9999995,4.5921442e-07,0
75628,0.9999999,1.01867556e-07,0
75629,0.99999976,2.6090206e-07,0
75630,0.9999989,1.1020862e-06,0
75631,1.0,4.4000346e-09,0
75632,0.99999976,2.3644358e-07,0
75633,0.9999999,9.638061e-08,0
75634,1.0,9.43529e-12,0
75635,1.0,2.3122704e-08,0
75636,1.0,3.5472667e-09,0
75637,0.99999976,2.1830513e-07,0
75638,1.0,1.5735447e-08,0
75639,1.0,2.869399e-10,0
75640,1.0,1.04897355e-10,0
75641,1.0,1.962506e-09,0
75642,0.9999993,7.654904e-07,0
75643,0.99999845,1.5549297e-06,0
75644,1.0,2.2886781e-11,0
75645,1.0,3.283454e-08,0
75646,1.0,3.698731e-10,0
75647,1.0,3.2100301e-12,0
75648,1.0,2.598879e-11,0
75649,1.0,5.704729e-10,0
75650,0.99999976,2.076012e-07,0
75651,1.0,2.6874156e-09,0
75652,1.0,2.4770055e-09,0
75653,1.0,2.2916061e-10,0
75654,0.9999999,1.4383312e-07,0
75655,1.0,2.5645013e-09,0
75656,1.0,1.0773147e-13,0
75657,1.0,4.1776613e-09,0
75658,1.0,2.637514e-12,0
75659,1.0,1.3432559e-13,0
75660,1.0,1.0762097e-13,0
75661,1.0,3.1967074e-14,0
75662,1.0,1.3855105e-08,0
75663,1.0,4.815737e-09,0
75664,1.0,3.0265124e-14,0
75665,1.0,5.009207e-13,0
75666,1.0,4.752348e-09,0
75667,1.0,4.0343073e-11,0
75668,1.0,3.204378e-12,0
75669,1.0,3.1307967e-10,0
75670,1.0,4.8213317e-10,0
75671,1.0,4.8125112e-14,0
75672,1.0,1.4851087e-09,0
75673,0.99999917,8.9363033e-07,0
75674,1.0,1.1140497e-11,0
75675,1.0,5.8396617e-12,0
75676,1.0,1.2526428e-12,0
75677,1.0,2.9166305e-11,0
75678,1.0,1.4985924e-14,0
75679,1.0,6.9033342e-12,0
75680,1.0,3.9051127e-13,0
75681,1.0,8.751435e-12,0
75682,1.0,7.7276896e-10,0
75683,1.0,3.5629033e-09,0
75684,1.0,1.1304166e-13,0
75685,1.0,9.215218e-14,0
75686,1.0,2.8075987e-15,0
75687,1.0,1.8318262e-13,0
75688,1.0,3.2522984e-10,0
75689,1.0,2.9262384e-10,0
75690,1.0,4.2822252e-09,0
75691,1.0,2.339013e-12,0
75692,1.0,6.2005237e-09,0
75693,1.0,2.3804285e-12,0
75694,1.0,6.677038e-14,0
75695,1.0,4.421394e-13,0
75696,1.0,2.6763381e-11,0
75697,0.9999949,5.0906747e-06,0
75698,1.0,9.270088e-12,0
75699,1.0,4.953696e-11,0
75700,1.0,4.287443e-11,0
75701,1.0,1.5192689e-09,0
75702,1.0,1.3145274e-12,0
75703,0.9999999,1.428704e-07,0
75704,1.0,7.02924e-12,0
75705,1.0,3.8571184e-11,0
75706,0.9999999,6.1872235e-08,0
75707,1.0,3.692487e-13,0
75708,1.0,2.9636554e-12,0
75709,1.0,1.9466466e-13,0
75710,1.0,2.2325856e-10,0
75711,1.0,9.175726e-13,0
75712,1.0,1.9188179e-10,0
75713,1.0,1.15339134e-10,0
75714,1.0,1.341813e-11,0
75715,1.0,4.5610983e-14,0
75716,1.0,7.119652e-10,0
75717,1.0,3.9421402e-10,0
75718,1.0,1.4492486e-13,0
75719,1.0,2.6780015e-12,0
75720,1.0,2.883691e-14,0
75721,1.0,2.9890657e-08,0
75722,1.0,1.3341385e-12,0
75723,1.0,2.1011637e-14,0
75724,1.0,1.5856113e-11,0
75725,1.0,1.7169924e-13,0
75726,1.0,1.4446535e-09,0
75727,0.9999999,1.5025788e-07,0
75728,1.0,6.040007e-14,0
75729,1.0,4.513789e-12,0
75730,1.0,1.1815451e-10,0
75731,1.0,3.0353473e-13,0
75732,1.0,3.6114891e-12,0
75733,1.0,8.940192e-12,0
75734,1.0,3.1358288e-10,0
75735,1.0,3.4941638e-09,0
75736,1.0,1.1168427e-12,0
75737,1.0,2.3830082e-09,0
75738,1.0,1.5394039e-10,0
75739,0.9999999,1.6796756e-07,0
75740,1.0,6.7753185e-11,0
75741,1.0,1.9279954e-11,0
75742,1.0,8.374704e-11,0
75743,1.0,1.4697005e-09,0
75744,1.0,1.9625404e-12,0
75745,1.0,5.81871e-10,0
75746,1.0,1.1860684e-13,0
75747,1.0,5.7109833e-12,0
75748,1.0,4.214894e-09,0
75749,1.0,2.2460911e-10,0
75750,1.0,2.2385638e-10,0
75751,1.0,1.0440508e-11,0
75752,1.0,1.3939635e-08,0
75753,1.0,3.2353413e-09,0
75754,0.9999995,4.7086357e-07,0
75755,1.0,9.382377e-10,0
75756,1.0,1.1347292e-08,0
75757,1.0,1.598732e-09,0
75758,0.9999999,6.374259e-08,0
75759,1.0,4.439049e-08,0
75760,1.0,8.5775276e-10,0
75761,1.0,5.9192708e-08,0
75762,1.0,1.5512933e-11,0
75763,1.0,3.4469125e-10,0
75764,1.0,4.94023e-08,0
75765,1.0,3.415165e-11,0
75766,0.9999999,1.02502355e-07,0
75767,1.0,2.6503813e-10,0
75768,1.0,1.1889023e-12,0
75769,1.0,8.4856774e-12,0
75770,1.0,1.516674e-10,0
75771,1.0,1.1942006e-11,0
75772,1.0,2.7141545e-10,0
75773,1.0,3.2693882e-11,0
75774,1.0,1.3525577e-09,0
75775,1.0,1.9336763e-09,0
75776,1.0,1.329085e-11,0
75777,1.0,1.7182597e-10,0
75778,1.0,5.5924022e-11,0
75779,1.0,7.0224393e-10,0
75780,0.99999976,2.0266434e-07,0
75781,1.0,1.5127816e-11,0
75782,0.99999976,2.1942598e-07,0
75783,0.9999906,9.3633125e-06,0
75784,1.0,1.0090292e-09,0
75785,1.0,3.1595795e-10,0
75786,1.0,3.019987e-09,0
75787,0.99999857,1.3929822e-06,0
75788,1.0,7.772128e-09,0
75789,1.0,3.7839748e-10,0
75790,0.99999833,1.6749805e-06,0
75791,1.0,1.900176e-08,0
75792,0.9999999,1.540039e-07,0
75793,0.9999999,8.8041396e-08,0
75794,1.0,8.9866217e-13,0
75795,1.0,1.572534e-11,0
75796,0.999998,2.0793636e-06,0
75797,1.0,6.0863904e-11,0
75798,1.0,1.3972869e-10,0
75799,1.0,2.7118519e-10,0
75800,1.0,2.2934075e-10,0
75801,1.0,2.8319387e-09,0
75802,1.0,9.759775e-10,0
75803,1.0,5.2348313e-11,0
75804,0.9999963,3.7178572e-06,0
75805,1.0,1.6924384e-12,0
75806,1.0,4.4576276e-09,0
75807,1.0,8.2307166e-09,0
75808,1.0,2.9785627e-10,0
75809,1.0,3.4425184e-13,0
75810,1.0,6.5327616e-10,0
75811,1.0,2.8553163e-08,0
75812,0.9999999,1.3130145e-07,0
75813,1.0,1.4081439e-10,0
75814,1.0,1.8403258e-09,0
75815,0.99999976,2.7849316e-07,0
75816,1.0,6.9827215e-09,0
75817,1.0,2.8767875e-09,0
75818,1.0,3.1169792e-10,0
75819,1.0,1.4012002e-09,0
75820,1.0,9.2631336e-10,0
75821,1.0,1.419718e-11,0
75822,1.0,7.874816e-10,0
75823,1.0,5.0217823e-11,0
75824,1.0,6.3094365e-12,0
75825,1.0,3.545087e-10,0
75826,1.0,1.5497103e-12,0
75827,1.0,4.1253195e-10,0
75828,0.9999999,1.319118e-07,0
75829,1.0,3.1389405e-10,0
75830,1.0,7.135898e-10,0
75831,1.0,2.2480774e-12,0
75832,1.0,8.253087e-09,0
75833,1.0,2.2052991e-11,0
75834,1.0,7.4476736e-12,0
75835,1.0,3.5782773e-11,0
75836,0.9999995,5.2323736e-07,0
75837,1.0,1.2072984e-11,0
75838,1.0,1.283651e-11,0
75839,1.0,3.9151664e-09,0
75840,1.0,3.3120052e-11,0
75841,1.0,9.336926e-10,0
75842,1.0,4.800623e-13,0
75843,1.0,2.360366e-10,0
75844,1.0,5.0261614e-11,0
75845,1.0,5.4997788e-08,0
75846,1.0,3.2036217e-11,0
75847,1.0,3.7494518e-11,0
75848,1.0,4.7326827e-09,0
75849,1.0,3.2566793e-11,0
75850,0.9999999,1.6383548e-07,0
75851,1.0,1.1644857e-10,0
75852,1.0,2.3836129e-09,0
75853,1.0,1.3031047e-11,0
75854,1.0,2.2151787e-09,0
75855,1.0,1.3163502e-10,0
75856,1.0,3.041192e-11,0
75857,1.0,5.933103e-09,0
75858,1.0,5.266305e-08,0
75859,1.0,6.434916e-10,0
75860,1.0,1.5862703e-08,0
75861,1.0,3.6667756e-11,0
75862,0.9999995,4.3218554e-07,0
75863,1.0,1.0970431e-12,0
75864,1.0,2.798732e-09,0
75865,1.0,1.8092645e-11,0
75866,1.0,2.492902e-09,0
75867,1.0,7.99514e-09,0
75868,1.0,3.4334313e-12,0
75869,1.0,1.9277172e-10,0
75870,1.0,4.078452e-12,0
75871,1.0,1.470566e-10,0
75872,1.0,1.1431159e-09,0
75873,0.9999999,1.1485085e-07,0
75874,1.0,6.6993e-10,0
75875,1.0,3.5551256e-08,0
75876,1.0,4.14884e-11,0
75877,1.0,6.6118543e-12,0
75878,1.0,1.4415055e-08,0
75879,1.0,7.333247e-11,0
75880,1.0,4.2272626e-12,0
75881,0.999995,4.9938603e-06,0
75882,1.0,1.8127413e-09,0
75883,1.0,2.5875646e-09,0
75884,1.0,1.9488489e-10,0
75885,1.0,8.1359397e-10,0
75886,1.0,8.536086e-11,0
75887,1.0,4.5440727e-09,0
75888,1.0,7.808219e-09,0
75889,1.0,1.8357815e-10,0
75890,1.0,1.3170239e-09,0
75891,1.0,1.0145799e-08,0
75892,1.0,2.0220961e-10,0
75893,0.99999416,5.7931898e-06,0
75894,0.99999976,2.0583582e-07,0
75895,1.0,3.6327958e-08,0
75896,1.0,3.135072e-12,0
75897,0.9999987,1.3307481e-06,0
75898,0.9999995,5.0162856e-07,0
75899,1.0,2.695736e-10,0
75900,1.0,8.9707294e-13,0
75901,1.0,6.9917634e-11,0
75902,1.0,9.854882e-09,0
75903,1.0,4.527052e-11,0
75904,1.0,8.00854e-09,0
75905,1.0,7.3300205e-10,0
75906,1.0,1.994122e-09,0
75907,1.0,5.962414e-10,0
75908,1.0,1.0046895e-08,0
75909,1.0,3.663691e-12,0
75910,1.0,2.4358894e-08,0
75911,1.0,2.2841416e-12,0
75912,1.0,2.5908475e-10,0
75913,1.0,5.115954e-12,0
75914,1.0,4.182636e-13,0
75915,1.0,3.36287e-12,0
75916,1.0,4.3631537e-13,0
75917,1.0,3.95759e-11,0
75918,0.9999981,1.8716928e-06,0
75919,1.0,4.6790113e-08,0
75920,1.0,9.995544e-11,0
75921,0.9999999,1.0409806e-07,0
75922,1.0,1.904039e-09,0
75923,1.0,5.680497e-13,0
75924,1.0,2.710895e-10,0
75925,1.0,6.794047e-10,0
75926,1.0,3.65115e-11,0
75927,1.0,2.546485e-10,0
75928,1.0,1.5045296e-10,0
75929,1.0,7.704429e-12,0
75930,1.0,8.8559704e-10,0
75931,1.0,7.511322e-10,0
75932,1.0,4.2306606e-11,0
75933,1.0,3.123241e-13,0
75934,1.0,2.3401314e-10,0
75935,1.0,2.3056025e-12,0
75936,0.9999995,4.400805e-07,0
75937,1.0,3.603633e-11,0
75938,1.0,2.0922687e-11,0
75939,0.9999927,7.318415e-06,0
75940,1.0,7.46735e-11,0
75941,1.0,1.1423297e-08,0
75942,1.0,5.6523588e-11,0
75943,1.0,3.0971812e-09,0
75944,1.0,5.8189933e-08,0
75945,1.0,1.3903581e-11,0
75946,1.0,1.208342e-11,0
75947,1.0,1.3982486e-11,0
75948,1.0,1.1197501e-08,0
75949,1.0,7.3816645e-14,0
75950,1.0,6.482857e-12,0
75951,0.9999864,1.3539849e-05,0
75952,1.0,1.718633e-14,0
75953,0.9999994,6.1956206e-07,0
75954,1.0,5.431186e-08,0
75955,1.0,4.394344e-11,0
75956,1.0,3.748638e-14,0
75957,1.0,2.3702373e-10,0
75958,1.0,2.9178754e-12,0
75959,1.0,1.6064363e-11,0
75960,1.0,5.5350085e-09,0
75961,1.0,6.578751e-14,0
75962,1.0,7.4397944e-12,0
75963,1.0,1.6137853e-11,0
75964,1.0,3.0731665e-13,0
75965,1.0,9.8362195e-12,0
75966,1.0,5.2789404e-14,0
75967,1.0,3.70265e-13,0
75968,0.9999999,1.3287668e-07,0
75969,1.0,1.3383409e-09,0
75970,1.0,1.8082348e-09,0
75971,1.0,2.1075447e-11,0
75972,1.0,2.2724048e-08,0
75973,0.99999285,7.147045e-06,0
75974,0.9999999,8.511857e-08,0
75975,0.9999994,5.7073953e-07,0
75976,1.0,2.7991642e-09,0
75977,1.0,2.8837825e-08,0
75978,0.99999475,5.214856e-06,0
75979,0.99999845,1.5264055e-06,0
75980,0.99999964,3.6023675e-07,0
75981,0.9999999,6.766649e-08,0
75982,1.0,1.6435655e-08,0
75983,1.0,4.521568e-09,0
75984,1.0,3.1069273e-12,0
75985,0.99999905,9.2112884e-07,0
75986,1.0,2.0384152e-09,0
75987,0.9999999,1.7471827e-07,0
75988,1.0,1.5152023e-10,0
75989,0.9999999,1.6512266e-07,0
75990,0.9999987,1.3397714e-06,0
75991,0.9999982,1.8349626e-06,0
75992,1.0,8.4624965e-09,0
75993,1.0,4.7095893e-11,0
75994,1.0,1.2959649e-09,0
75995,0.99999976,1.8520056e-07,0
75996,1.0,5.904944e-10,0
75997,1.0,2.525325e-09,0
75998,0.9999999,7.773762e-08,0
75999,1.0,4.4694717e-12,0
76000,1.0,1.0517318e-11,0
76001,1.0,4.032292e-11,0
76002,0.99999976,2.3963236e-07,0
76003,0.99999535,4.6257173e-06,0
76004,1.0,5.817846e-13,0
76005,1.0,5.428249e-14,0
76006,1.0,8.2359897e-10,0
76007,1.0,9.490642e-13,0
76008,1.0,8.784255e-10,0
76009,0.99997854,2.1465676e-05,0
76010,1.0,5.271576e-10,0
76011,1.0,6.632262e-13,0
76012,0.99999475,5.211341e-06,0
76013,0.99999166,8.367709e-06,0
76014,1.0,4.358025e-08,0
76015,0.9999981,1.9522943e-06,0
76016,1.0,8.912115e-09,0
76017,1.0,3.3448553e-09,0
76018,1.0,1.25115545e-08,0
76019,1.0,1.8337096e-10,0
76020,1.0,1.7348486e-12,0
76021,0.99999964,3.66006e-07,0
76022,1.0,1.2474356e-12,0
76023,1.0,1.8811232e-10,0
76024,1.0,6.179273e-09,0
76025,0.999998,2.0618743e-06,0
76026,1.0,6.5002252e-09,0
76027,0.99999404,5.9650124e-06,0
76028,1.0,5.410845e-09,0
76029,0.9999963,3.7516365e-06,0
76030,1.0,1.9058982e-10,0
76031,0.9999974,2.6383027e-06,0
76032,1.0,3.4926895e-10,0
76033,0.9999974,2.6294333e-06,0
76034,1.0,7.6419836e-11,0
76035,1.0,6.494388e-13,0
76036,1.0,5.5521508e-12,0
76037,1.0,1.6364114e-12,0
76038,1.0,5.7521506e-13,0
76039,1.0,1.7898153e-13,0
76040,0.9998816,0.00011837186,0
76041,1.0,8.984517e-16,0
76042,1.0,7.477989e-13,0
76043,1.0,6.332736e-10,0
76044,1.0,2.6904373e-12,0
76045,1.0,1.4435599e-13,0
76046,1.0,1.6227842e-13,0
76047,1.0,6.3671475e-13,0
76048,1.0,3.581326e-13,0
76049,1.0,4.777668e-13,0
76050,1.0,2.9641392e-10,0
76051,1.0,2.9040392e-12,0
76052,1.0,6.9129533e-12,0
76053,0.9999999,7.286161e-08,0
76054,1.0,3.913447e-14,0
76055,1.0,1.5181499e-14,0
76056,1.0,1.5013756e-11,0
76057,1.0,6.162248e-11,0
76058,0.99985635,0.00014368357,0
76059,1.0,3.2953664e-13,0
76060,1.0,3.2178416e-11,0
76061,1.0,6.070087e-12,0
76062,1.0,2.2683123e-12,0
76063,1.0,1.2258961e-12,0
76064,0.99999034,9.606074e-06,0
76065,1.0,7.7094966e-13,0
76066,0.99999833,1.6569479e-06,0
76067,0.99996054,3.9417842e-05,0
76068,1.0,1.3599073e-12,0
76069,1.0,1.2212512e-13,0
76070,1.0,1.3699487e-08,0
76071,1.0,2.3279996e-14,0
76072,1.0,1.5747054e-13,0
76073,1.0,2.9558877e-12,0
76074,1.0,5.902322e-13,0
76075,1.0,1.105562e-14,0
76076,1.0,6.690766e-11,0
76077,1.0,3.070026e-13,0
76078,1.0,1.3948744e-10,0
76079,1.0,9.6982596e-14,0
76080,1.0,3.7685015e-11,0
76081,1.0,1.0278138e-10,0
76082,1.0,5.90814e-11,0
76083,1.0,6.1981618e-12,0
76084,1.0,3.4971615e-14,0
76085,1.0,1.9132682e-12,0
76086,1.0,2.4930861e-14,0
76087,1.0,1.3845936e-12,0
76088,1.0,3.3046425e-14,0
76089,1.0,1.9701456e-09,0
76090,1.0,1.746896e-11,0
76091,1.0,1.6598168e-13,0
76092,1.0,6.0281065e-14,0
76093,1.0,2.3564975e-10,0
76094,1.0,1.9973053e-08,0
76095,0.9999956,4.3671303e-06,0
76096,1.0,7.455769e-10,0
76097,1.0,5.1974253e-14,0
76098,0.9999999,6.202868e-08,0
76099,1.0,1.022545e-12,0
76100,1.0,2.08237e-12,0
76101,1.0,6.603608e-13,0
76102,1.0,1.5454846e-14,0
76103,1.0,1.4202752e-12,0
76104,1.0,1.3433585e-13,0
76105,1.0,8.232094e-14,0
76106,1.0,1.2281358e-12,0
76107,1.0,3.6170435e-13,0
76108,1.0,1.9199737e-11,0
76109,1.0,2.5357395e-14,0
76110,1.0,5.6752797e-12,0
76111,1.0,1.8984774e-15,0
76112,1.0,6.6399665e-14,0
76113,1.0,1.566569e-13,0
76114,1.0,1.1531959e-13,0
76115,0.9999907,9.34573e-06,0
76116,1.0,3.5992897e-12,0
76117,1.0,2.9705242e-13,0
76118,1.0,2.6024266e-14,0
76119,1.0,5.0683143e-12,0
76120,1.0,5.102214e-12,0
76121,1.0,4.7985588e-11,0
76122,1.0,4.5251888e-14,0
76123,1.0,1.6160808e-14,0
76124,1.0,2.9742604e-13,0
76125,1.0,5.1138537e-13,0
76126,0.99999535,4.62682e-06,0
76127,1.0,3.764577e-12,0
76128,1.0,3.867424e-15,0
76129,1.0,1.7296776e-12,0
76130,1.0,4.8819076e-13,0
76131,1.0,5.116813e-12,0
76132,1.0,3.5359902e-14,0
76133,1.0,1.9064863e-11,0
76134,0.9999999,1.337699e-07,0
76135,1.0,4.9748392e-15,0
76136,1.0,1.0787622e-13,0
76137,1.0,5.560873e-12,0
76138,1.0,2.667257e-11,0
76139,1.0,1.02675715e-11,0
76140,1.0,1.1388276e-11,0
76141,1.0,6.2686766e-12,0
76142,1.0,5.6360325e-13,0
76143,1.0,1.9297339e-13,0
76144,1.0,3.7883325e-12,0
76145,1.0,2.8944517e-11,0
76146,1.0,5.9950582e-15,0
76147,1.0,3.4160185e-11,0
76148,1.0,1.93639e-08,0
76149,1.0,1.8442092e-12,0
76150,0.99999845,1.5079635e-06,0
76151,0.9999405,5.942456e-05,0
76152,1.0,1.9815218e-14,0
76153,0.99999964,3.5194793e-07,0
76154,0.9999999,1.0451964e-07,0
76155,1.0,1.0443551e-08,0
76156,0.999998,1.9769313e-06,0
76157,0.9999901,9.921932e-06,0
76158,0.9999932,6.8461122e-06,0
76159,1.0,8.394126e-09,0
76160,1.0,5.6017864e-11,0
76161,0.9999999,1.4543063e-07,0
76162,1.0,6.18475e-11,0
76163,1.0,2.1210564e-09,0
76164,1.0,2.707101e-11,0
76165,0.9999999,1.10051005e-07,0
76166,0.99999654,3.5132093e-06,0
76167,0.9999949,5.1109787e-06,0
76168,1.0,1.1341769e-09,0
76169,1.0,1.6453445e-11,0
76170,0.9999999,1.3745257e-07,0
76171,0.9999994,5.9238556e-07,0
76172,0.9999999,1.1660854e-07,0
76173,1.0,3.738902e-12,0
76174,0.9999989,1.1011795e-06,0
76175,1.0,5.589654e-10,0
76176,0.9999995,4.9681154e-07,0
76177,1.0,4.9856373e-12,0
76178,1.0,7.700664e-09,0
76179,1.0,1.4005261e-10,0
76180,1.0,4.8669215e-09,0
76181,0.9999721,2.7890675e-05,0
76182,1.0,3.3133734e-09,0
76183,0.9999944,5.5849023e-06,0
76184,1.0,8.726833e-12,0
76185,0.9999925,7.4720137e-06,0
76186,1.0,3.910867e-13,0
76187,1.0,6.445941e-12,0
76188,1.0,1.2315746e-12,0
76189,1.0,2.4338144e-11,0
76190,1.0,3.1290468e-14,0
76191,1.0,1.9812433e-13,0
76192,1.0,3.6640543e-12,0
76193,1.0,2.8802377e-15,0
76194,1.0,6.283034e-14,0
76195,1.0,6.118463e-13,0
76196,1.0,2.0358266e-10,0
76197,1.0,2.5753819e-10,0
76198,0.9999964,3.6336805e-06,0
76199,1.0,7.247045e-13,0
76200,1.0,1.3711164e-13,0
76201,1.0,6.150601e-14,0
76202,0.99999833,1.71061e-06,0
76203,1.0,3.5957747e-13,0
76204,1.0,1.1951554e-11,0
76205,1.0,8.673386e-15,0
76206,1.0,7.2704565e-13,0
76207,1.0,1.9159141e-10,0
76208,1.0,1.0209202e-11,0
76209,1.0,7.1931926e-11,0
76210,0.9999845,1.544781e-05,0
76211,1.0,1.2131389e-14,0
76212,1.0,5.9344807e-10,0
76213,1.0,7.783149e-13,0
76214,1.0,2.8970115e-13,0
76215,1.0,2.739888e-12,0
76216,1.0,4.843734e-12,0
76217,1.0,1.1613902e-12,0
76218,1.0,9.425954e-12,0
76219,1.0,7.596696e-12,0
76220,1.0,3.6878386e-11,0
76221,1.0,4.570421e-12,0
76222,1.0,6.1700063e-12,0
76223,1.0,5.361686e-13,0
76224,1.0,9.832487e-12,0
76225,1.0,6.7463613e-13,0
76226,1.0,1.0720044e-12,0
76227,1.0,4.4430277e-09,0
76228,1.0,2.6000328e-12,0
76229,1.0,5.2315364e-15,0
76230,1.0,3.0339075e-12,0
76231,1.0,2.502968e-14,0
76232,1.0,1.6049509e-11,0
76233,1.0,1.7232804e-11,0
76234,1.0,5.623126e-13,0
76235,0.9999988,1.1481552e-06,0
76236,1.0,6.93228e-13,0
76237,1.0,5.029033e-13,0
76238,1.0,4.5270233e-12,0
76239,1.0,8.082801e-12,0
76240,1.0,1.0116156e-12,0
76241,1.0,9.02911e-13,0
76242,1.0,4.9759853e-12,0
76243,1.0,7.371496e-13,0
76244,1.0,6.5286695e-12,0
76245,1.0,1.6753017e-11,0
76246,1.0,1.7511503e-10,0
76247,1.0,2.1004816e-11,0
76248,1.0,3.3268438e-12,0
76249,1.0,9.195588e-14,0
76250,1.0,9.326788e-12,0
76251,1.0,7.75041e-13,0
76252,1.0,5.8045097e-10,0
76253,1.0,3.6337017e-13,0
76254,1.0,5.0384586e-14,0
76255,1.0,1.2637586e-12,0
76256,1.0,5.126237e-13,0
76257,1.0,2.6868705e-14,0
76258,1.0,2.3225558e-12,0
76259,1.0,3.1796685e-14,0
76260,1.0,4.0017707e-13,0
76261,1.0,1.6196372e-12,0
76262,1.0,7.365385e-12,0
76263,1.0,2.6244716e-12,0
76264,1.0,1.1142878e-11,0
76265,1.0,7.255586e-11,0
76266,1.0,2.3673005e-10,0
76267,1.0,5.5774456e-15,0
76268,1.0,2.7378805e-13,0
76269,1.0,3.520138e-13,0
76270,1.0,1.8312045e-13,0
76271,1.0,1.4428127e-11,0
76272,1.0,1.42746474e-11,0
76273,1.0,5.6262833e-12,0
76274,1.0,1.0751399e-11,0
76275,1.0,3.942423e-08,0
76276,1.0,1.9114892e-11,0
76277,1.0,8.092569e-15,0
76278,1.0,6.3637843e-13,0
76279,1.0,1.2168387e-12,0
76280,0.99999607,3.97773e-06,0
76281,1.0,2.9212114e-08,0
76282,1.0,1.391284e-11,0
76283,1.0,1.6071885e-13,0
76284,1.0,3.7784785e-14,0
76285,1.0,1.8200183e-11,0
76286,1.0,3.5037782e-14,0
76287,1.0,3.4318128e-09,0
76288,1.0,3.0693015e-12,0
76289,1.0,5.3695893e-12,0
76290,0.999998,2.0404993e-06,0
76291,1.0,5.8185822e-08,0
76292,1.0,2.4878766e-09,0
76293,1.0,1.3646218e-14,0
76294,1.0,1.9662234e-12,0
76295,1.0,7.1123263e-09,0
76296,1.0,2.4660918e-13,0
76297,1.0,1.8618893e-11,0
76298,1.0,1.33163e-11,0
76299,1.0,4.503755e-11,0
76300,1.0,7.120134e-12,0
76301,1.0,4.3884154e-14,0
76302,1.0,1.1359834e-11,0
76303,1.0,3.5930736e-13,0
76304,1.0,1.8867412e-12,0
76305,1.0,4.925596e-13,0
76306,1.0,3.1790233e-08,0
76307,1.0,1.8976188e-12,0
76308,1.0,4.23265e-13,0
76309,1.0,1.4262597e-14,0
76310,1.0,3.0898363e-12,0
76311,1.0,7.7437606e-13,0
76312,1.0,6.4093967e-15,0
76313,1.0,3.3622116e-11,0
76314,1.0,4.9067535e-11,0
76315,1.0,5.765192e-08,0
76316,1.0,3.0648106e-11,0
76317,1.0,1.04804715e-11,0
76318,1.0,3.868472e-11,0
76319,1.0,8.767988e-13,0
76320,0.9999844,1.5605478e-05,0
76321,1.0,6.195416e-13,0
76322,1.0,2.5279118e-10,0
76323,1.0,6.986631e-11,0
76324,1.0,1.2467953e-09,0
76325,1.0,8.370959e-09,0
76326,1.0,3.345099e-08,0
76327,1.0,1.0182255e-10,0
76328,0.9999751,2.4860243e-05,0
76329,0.999987,1.303717e-05,0
76330,1.0,2.1040535e-08,0
76331,1.0,9.339668e-10,0
76332,0.99999344,6.5575746e-06,0
76333,1.0,8.7010505e-09,0
76334,1.0,3.6170233e-09,0
76335,1.0,1.852488e-11,0
76336,0.9999814,1.8606675e-05,0
76337,1.0,3.538463e-12,0
76338,1.0,6.218742e-12,0
76339,1.0,7.103591e-14,0
76340,0.9999999,1.6672527e-07,0
76341,1.0,1.6838341e-13,0
76342,1.0,3.5581505e-12,0
76343,1.0,1.25644615e-14,0
76344,1.0,5.547773e-14,0
76345,1.0,2.094196e-12,0
76346,1.0,1.35683e-11,0
76347,0.99999976,2.1386009e-07,0
76348,1.0,1.0629571e-14,0
76349,1.0,2.3283318e-11,0
76350,1.0,4.813551e-13,0
76351,1.0,2.1092468e-10,0
76352,1.0,1.17341015e-11,0
76353,1.0,6.102935e-14,0
76354,1.0,7.2499065e-13,0
76355,1.0,7.3257955e-11,0
76356,1.0,2.4898844e-13,0
76357,1.0,5.561796e-12,0
76358,1.0,1.4158225e-13,0
76359,1.0,2.4904663e-11,0
76360,0.9999989,1.1191702e-06,0
76361,1.0,2.175804e-09,0
76362,1.0,1.4759662e-11,0
76363,0.99999905,9.472522e-07,0
76364,1.0,2.890012e-14,0
76365,1.0,3.9274172e-13,0
76366,1.0,1.13673434e-13,0
76367,1.0,2.3038937e-11,0
76368,1.0,4.4977073e-13,0
76369,1.0,4.6341267e-14,0
76370,1.0,1.7287321e-11,0
76371,1.0,4.93956e-12,0
76372,1.0,1.3230393e-12,0
76373,1.0,1.2750737e-11,0
76374,1.0,1.942542e-08,0
76375,1.0,1.00004674e-13,0
76376,1.0,1.2310885e-12,0
76377,1.0,2.477427e-12,0
76378,1.0,2.5158922e-13,0
76379,1.0,2.1695807e-12,0
76380,1.0,9.434249e-15,0
76381,1.0,7.1619446e-13,0
76382,1.0,2.7179943e-13,0
76383,1.0,5.73584e-12,0
76384,1.0,1.3618885e-11,0
76385,1.0,2.3277202e-10,0
76386,0.9999901,9.902761e-06,0
76387,1.0,1.690829e-15,0
76388,1.0,5.620537e-11,0
76389,1.0,5.267048e-12,0
76390,1.0,9.756373e-13,0
76391,1.0,1.1919289e-12,0
76392,1.0,3.4415318e-14,0
76393,1.0,3.973347e-10,0
76394,1.0,1.7092493e-12,0
76395,1.0,7.465358e-14,0
76396,1.0,1.6033245e-13,0
76397,1.0,3.4661168e-14,0
76398,1.0,2.1542955e-11,0
76399,1.0,1.2866395e-14,0
76400,1.0,3.5595556e-12,0
76401,1.0,1.8488098e-11,0
76402,1.0,1.8106782e-13,0
76403,1.0,1.2948932e-12,0
76404,1.0,1.2234754e-13,0
76405,1.0,7.767044e-13,0
76406,1.0,7.320634e-13,0
76407,1.0,3.591231e-09,0
76408,1.0,2.9065187e-14,0
76409,1.0,3.960656e-11,0
76410,1.0,5.190196e-13,0
76411,1.0,2.6716702e-12,0
76412,1.0,3.394008e-15,0
76413,1.0,8.4718985e-12,0
76414,1.0,1.7333511e-11,0
76415,1.0,2.159787e-12,0
76416,0.99999964,3.254918e-07,0
76417,1.0,9.775341e-12,0
76418,1.0,3.731759e-14,0
76419,1.0,2.4518636e-12,0
76420,1.0,4.83396e-12,0
76421,1.0,6.6471204e-12,0
76422,1.0,6.977136e-11,0
76423,1.0,2.4485427e-14,0
76424,1.0,3.5321568e-09,0
76425,1.0,1.1790085e-13,0
76426,1.0,2.4504785e-09,0
76427,1.0,3.5664605e-12,0
76428,1.0,9.048533e-11,0
76429,1.0,1.654028e-12,0
76430,1.0,2.3062932e-12,0
76431,1.0,8.930065e-13,0
76432,1.0,2.5983462e-09,0
76433,1.0,2.2261286e-12,0
76434,1.0,1.3894123e-14,0
76435,1.0,7.7283015e-12,0
76436,1.0,6.6479027e-13,0
76437,1.0,1.7372567e-11,0
76438,1.0,4.935998e-13,0
76439,1.0,4.5432905e-10,0
76440,1.0,6.437617e-10,0
76441,1.0,7.401565e-12,0
76442,1.0,2.0723696e-12,0
76443,1.0,5.7373177e-12,0
76444,1.0,5.4128286e-12,0
76445,0.9999999,1.5842782e-07,0
76446,1.0,1.7692408e-12,0
76447,1.0,3.65509e-13,0
76448,1.0,1.1754278e-12,0
76449,1.0,1.5467818e-11,0
76450,1.0,1.5135111e-12,0
76451,1.0,3.8510025e-11,0
76452,1.0,1.8094596e-09,0
76453,1.0,1.6179127e-14,0
76454,1.0,1.585404e-13,0
76455,1.0,1.7237668e-11,0
76456,1.0,1.2559373e-08,0
76457,1.0,1.4526153e-11,0
76458,1.0,1.8198056e-12,0
76459,1.0,4.2121013e-15,0
76460,1.0,3.6927635e-12,0
76461,1.0,3.975183e-13,0
76462,0.99999976,2.393131e-07,0
76463,1.0,3.4006858e-13,0
76464,1.0,7.372312e-13,0
76465,1.0,3.5593554e-14,0
76466,1.0,2.5250852e-12,0
76467,1.0,1.5941507e-11,0
76468,1.0,1.6064577e-11,0
76469,1.0,1.3430184e-12,0
76470,1.0,1.6484108e-14,0
76471,1.0,9.953574e-15,0
76472,1.0,4.7955423e-10,0
76473,1.0,7.521532e-13,0
76474,1.0,4.9007187e-12,0
76475,1.0,7.408705e-10,0
76476,1.0,1.3455612e-13,0
76477,1.0,2.9785595e-12,0
76478,1.0,1.4352092e-12,0
76479,1.0,3.587855e-13,0
76480,1.0,2.0792348e-12,0
76481,1.0,6.998204e-12,0
76482,1.0,5.2397735e-12,0
76483,1.0,2.3297722e-10,0
76484,1.0,4.2953783e-13,0
76485,1.0,1.1505646e-12,0
76486,1.0,1.5012889e-12,0
76487,1.0,1.8662747e-13,0
76488,1.0,7.206369e-13,0
76489,1.0,1.0100182e-14,0
76490,0.9999995,5.009889e-07,0
76491,1.0,3.1556718e-13,0
76492,1.0,2.3852519e-11,0
76493,1.0,5.725118e-12,0
76494,1.0,5.499261e-13,0
76495,1.0,3.9641544e-15,0
76496,1.0,1.3448408e-12,0
76497,1.0,2.8253642e-11,0
76498,1.0,1.0031465e-11,0
76499,1.0,3.9859012e-14,0
76500,1.0,3.0733304e-13,0
76501,1.0,2.6499249e-11,0
76502,1.0,7.410322e-12,0
76503,1.0,4.2020375e-08,0
76504,1.0,3.3831323e-14,0
76505,1.0,1.541955e-13,0
76506,1.0,4.8531274e-13,0
76507,1.0,8.917155e-11,0
76508,1.0,4.819385e-13,0
76509,1.0,4.9775207e-13,0
76510,1.0,3.005689e-13,0
76511,1.0,5.1448966e-13,0
76512,1.0,2.6841892e-12,0
76513,0.9999968,3.2385033e-06,0
76514,1.0,7.044376e-13,0
76515,0.99999964,3.4533855e-07,0
76516,1.0,6.291894e-11,0
76517,1.0,1.7957942e-11,0
76518,1.0,1.763881e-11,0
76519,0.9999999,1.4131747e-07,0
76520,1.0,9.775285e-12,0
76521,1.0,8.5061036e-10,0
76522,1.0,2.5860707e-12,0
76523,1.0,1.359044e-08,0
76524,1.0,2.7744386e-08,0
76525,1.0,5.4863025e-09,0
76526,0.9999993,6.665656e-07,0
76527,1.0,2.7960467e-10,0
76528,1.0,5.5806764e-09,0
76529,1.0,1.5894053e-11,0
76530,1.0,1.1399713e-10,0
76531,1.0,1.4764444e-08,0
76532,1.0,5.462084e-11,0
76533,1.0,2.7362662e-10,0
76534,0.99999905,9.599642e-07,0
76535,1.0,7.885089e-12,0
76536,1.0,9.668991e-09,0
76537,1.0,3.604664e-11,0
76538,1.0,4.9846104e-12,0
76539,1.0,1.8674641e-13,0
76540,0.9999988,1.1360934e-06,0
76541,1.0,1.4525799e-10,0
76542,1.0,2.4813414e-13,0
76543,1.0,1.5782861e-10,0
76544,1.0,9.126677e-13,0
76545,1.0,2.5969006e-12,0
76546,1.0,4.0011527e-13,0
76547,1.0,1.5259733e-11,0
76548,1.0,3.1410259e-13,0
76549,1.0,1.2286659e-11,0
76550,1.0,1.37685705e-11,0
76551,1.0,4.0732259e-13,0
76552,1.0,2.4996703e-11,0
76553,1.0,1.4242466e-12,0
76554,1.0,1.3701557e-11,0
76555,1.0,5.9080475e-12,0
76556,1.0,1.8174035e-14,0
76557,1.0,8.684088e-13,0
76558,1.0,5.03429e-14,0
76559,1.0,7.810393e-13,0
76560,1.0,5.8657385e-12,0
76561,1.0,8.590318e-13,0
76562,1.0,1.0732154e-12,0
76563,1.0,3.7745406e-13,0
76564,1.0,1.6901176e-10,0
76565,1.0,2.4871246e-11,0
76566,1.0,4.7803753e-13,0
76567,1.0,9.990113e-11,0
76568,1.0,3.755113e-11,0
76569,1.0,2.0145313e-14,0
76570,0.99999964,3.932397e-07,0
76571,1.0,2.1315072e-13,0
76572,1.0,1.7448015e-11,0
76573,1.0,4.243061e-13,0
76574,1.0,9.558293e-13,0
76575,1.0,1.4962299e-11,0
76576,1.0,7.220954e-09,0
76577,1.0,3.7358707e-13,0
76578,1.0,1.0768468e-12,0
76579,1.0,6.465072e-13,0
76580,1.0,1.8435023e-12,0
76581,1.0,7.6064745e-14,0
76582,1.0,1.4185061e-10,0
76583,1.0,2.6597962e-13,0
76584,1.0,4.1596335e-14,0
76585,1.0,5.6902996e-13,0
76586,1.0,3.2552617e-12,0
76587,1.0,8.356999e-13,0
76588,1.0,4.4011837e-13,0
76589,1.0,1.3139991e-11,0
76590,1.0,1.7464596e-11,0
76591,1.0,1.00246065e-13,0
76592,1.0,1.7023127e-12,0
76593,1.0,1.8647697e-13,0
76594,0.99999976,2.2063044e-07,0
76595,1.0,3.3796772e-13,0
76596,1.0,9.682475e-14,0
76597,1.0,3.767554e-14,0
76598,1.0,4.3683543e-11,0
76599,1.0,2.250805e-13,0
76600,1.0,2.730577e-11,0
76601,1.0,5.3850765e-12,0
76602,1.0,2.0757005e-12,0
76603,1.0,6.6384737e-10,0
76604,1.0,9.283756e-14,0
76605,1.0,6.458016e-15,0
76606,1.0,1.1751195e-14,0
76607,1.0,3.6073113e-15,0
76608,1.0,1.0621474e-12,0
76609,1.0,9.6677e-13,0
76610,1.0,2.9815407e-14,0
76611,1.0,8.4023744e-13,0
76612,0.9999863,1.3655129e-05,0
76613,1.0,1.8528033e-14,0
76614,1.0,2.0660518e-11,0
76615,1.0,1.2560305e-12,0
76616,0.9999999,8.390144e-08,0
76617,0.99999976,2.3497638e-07,0
76618,1.0,9.98744e-12,0
76619,1.0,2.8342454e-13,0
76620,1.0,2.7003156e-14,0
76621,1.0,2.7237835e-11,0
76622,1.0,2.0474278e-13,0
76623,1.0,6.5629007e-13,0
76624,1.0,8.518967e-09,0
76625,1.0,2.53974e-12,0
76626,1.0,3.9056805e-12,0
76627,1.0,3.3721901e-12,0
76628,1.0,1.0423879e-10,0
76629,1.0,1.4178655e-13,0
76630,1.0,7.8902705e-14,0
76631,1.0,7.5613187e-13,0
76632,1.0,4.029038e-12,0
76633,1.0,6.117497e-12,0
76634,1.0,1.2843842e-13,0
76635,1.0,1.31782675e-11,0
76636,1.0,1.2090047e-13,0
76637,1.0,6.770583e-13,0
76638,1.0,2.0899983e-12,0
76639,1.0,5.138917e-12,0
76640,1.0,3.1948667e-14,0
76641,1.0,3.3647308e-12,0
76642,1.0,4.748501e-11,0
76643,1.0,1.9098592e-12,0
76644,1.0,4.5084436e-13,0
76645,1.0,1.2522039e-11,0
76646,1.0,7.821548e-12,0
76647,1.0,6.234757e-14,0
76648,1.0,2.9194938e-13,0
76649,1.0,2.8059569e-10,0
76650,1.0,5.130685e-14,0
76651,1.0,7.6149417e-13,0
76652,1.0,1.1452879e-12,0
76653,1.0,6.167809e-11,0
76654,1.0,2.80452e-12,0
76655,1.0,4.8773567e-13,0
76656,1.0,3.4559692e-11,0
76657,1.0,1.1817462e-13,0
76658,1.0,1.3863093e-11,0
76659,1.0,5.0589483e-15,0
76660,1.0,9.0103234e-13,0
76661,1.0,2.2466641e-11,0
76662,1.0,2.643913e-14,0
76663,1.0,7.0732053e-12,0
76664,1.0,1.5241282e-12,0
76665,1.0,1.1204588e-09,0
76666,1.0,2.128981e-12,0
76667,1.0,2.376126e-14,0
76668,1.0,1.328889e-12,0
76669,1.0,6.1583375e-14,0
76670,1.0,2.0891572e-12,0
76671,1.0,1.22219206e-14,0
76672,1.0,5.1937014e-13,0
76673,1.0,2.7761081e-14,0
76674,1.0,4.5960213e-10,0
76675,1.0,3.2419786e-11,0
76676,1.0,3.191004e-11,0
76677,1.0,2.6102026e-13,0
76678,1.0,4.4578905e-13,0
76679,1.0,3.5387834e-14,0
76680,0.99999917,7.801402e-07,0
76681,1.0,2.0298804e-12,0
76682,1.0,1.7183759e-12,0
76683,1.0,1.983702e-12,0
76684,1.0,1.2329832e-11,0
76685,1.0,6.352409e-13,0
76686,1.0,1.1635536e-13,0
76687,1.0,1.2564953e-12,0
76688,1.0,1.1680008e-13,0
76689,1.0,1.41755e-12,0
76690,1.0,6.864751e-14,0
76691,1.0,1.4754657e-14,0
76692,1.0,1.3539326e-14,0
76693,1.0,1.1925686e-11,0
76694,1.0,2.4257308e-12,0
76695,1.0,8.733331e-11,0
76696,1.0,2.7185155e-11,0
76697,1.0,5.4288678e-11,0
76698,1.0,1.7736941e-12,0
76699,1.0,2.4578217e-10,0
76700,1.0,1.0647287e-10,0
76701,1.0,2.3661457e-13,0
76702,1.0,4.996418e-14,0
76703,0.99999905,9.929013e-07,0
76704,1.0,2.0651879e-12,0
76705,1.0,1.7209548e-11,0
76706,1.0,1.2162188e-09,0
76707,1.0,6.0866633e-13,0
76708,1.0,1.3489178e-12,0
76709,1.0,1.3897232e-09,0
76710,1.0,6.0604126e-13,0
76711,1.0,3.705829e-13,0
76712,1.0,1.8762479e-12,0
76713,0.99999785,2.1014962e-06,0
76714,1.0,5.660145e-12,0
76715,1.0,1.7283865e-14,0
76716,1.0,2.0618967e-13,0
76717,1.0,1.4576707e-13,0
76718,1.0,1.2020521e-12,0
76719,1.0,6.5602007e-12,0
76720,1.0,3.949749e-14,0
76721,1.0,1.9122487e-10,0
76722,1.0,8.748506e-14,0
76723,1.0,9.168483e-13,0
76724,1.0,2.3680682e-10,0
76725,1.0,5.404511e-13,0
76726,1.0,7.942499e-14,0
76727,1.0,2.3826945e-09,0
76728,1.0,6.7894804e-12,0
76729,1.0,4.0223017e-13,0
76730,1.0,2.8034798e-14,0
76731,1.0,1.519508e-11,0
76732,1.0,1.7312785e-12,0
76733,1.0,1.0763971e-12,0
76734,1.0,6.013821e-14,0
76735,1.0,6.832385e-13,0
76736,1.0,6.436327e-14,0
76737,1.0,2.9595784e-11,0
76738,1.0,5.1685867e-11,0
76739,1.0,9.1297724e-14,0
76740,1.0,1.6821658e-12,0
76741,1.0,3.151906e-13,0
76742,1.0,9.630431e-13,0
76743,1.0,1.5537866e-11,0
76744,1.0,1.521837e-11,0
76745,1.0,2.8595739e-11,0
76746,1.0,3.2177661e-12,0
76747,1.0,4.7055238e-14,0
76748,1.0,2.0427023e-11,0
76749,1.0,8.358366e-10,0
76750,0.9999988,1.13424e-06,0
76751,1.0,1.0756906e-13,0
76752,1.0,5.145758e-14,0
76753,1.0,6.921073e-14,0
76754,1.0,4.813296e-12,0
76755,1.0,1.2858711e-11,0
76756,1.0,3.8438675e-12,0
76757,1.0,4.9133393e-14,0
76758,1.0,2.6359975e-14,0
76759,1.0,1.8409057e-12,0
76760,1.0,3.5714977e-12,0
76761,1.0,3.7894327e-11,0
76762,1.0,3.2446123e-12,0
76763,1.0,1.7964343e-08,0
76764,1.0,2.4249802e-13,0
76765,1.0,1.2750663e-11,0
76766,1.0,5.307143e-12,0
76767,1.0,1.2707897e-09,0
76768,1.0,7.517968e-15,0
76769,1.0,3.8883008e-13,0
76770,1.0,1.4596634e-12,0
76771,1.0,3.107391e-11,0
76772,1.0,6.583142e-11,0
76773,1.0,1.081041e-12,0
76774,1.0,1.0095916e-12,0
76775,1.0,3.7784914e-11,0
76776,1.0,8.03692e-14,0
76777,1.0,1.015023e-12,0
76778,1.0,1.39225e-15,0
76779,1.0,9.932221e-11,0
76780,1.0,1.8991133e-13,0
76781,1.0,2.9618625e-13,0
76782,1.0,5.16348e-12,0
76783,1.0,1.5342807e-09,0
76784,1.0,2.250231e-12,0
76785,1.0,1.1287712e-12,0
76786,1.0,7.069004e-10,0
76787,1.0,2.0580304e-13,0
76788,1.0,2.3999121e-13,0
76789,1.0,2.088231e-14,0
76790,1.0,1.8240026e-13,0
76791,1.0,2.9664365e-13,0
76792,1.0,5.742928e-14,0
76793,1.0,3.476862e-11,0
76794,1.0,1.7369006e-13,0
76795,1.0,8.78221e-14,0
76796,1.0,2.0819125e-13,0
76797,1.0,9.159018e-11,0
76798,1.0,3.1378703e-13,0
76799,1.0,8.584974e-14,0
76800,1.0,9.666187e-13,0
76801,0.99999964,3.0967698e-07,0
76802,1.0,7.3569834e-10,0
76803,1.0,1.6011908e-10,0
76804,1.0,7.596011e-13,0
76805,1.0,8.761681e-14,0
76806,1.0,2.0137726e-12,0
76807,1.0,1.2740176e-09,0
76808,1.0,2.2606342e-11,0
76809,1.0,6.477644e-11,0
76810,1.0,4.713017e-13,0
76811,1.0,8.192731e-10,0
76812,1.0,1.480577e-10,0
76813,1.0,4.9034884e-11,0
76814,1.0,1.7778694e-13,0
76815,1.0,5.7804163e-13,0
76816,1.0,2.294591e-12,0
76817,1.0,7.815187e-14,0
76818,1.0,1.1141157e-11,0
76819,1.0,2.6226302e-12,0
76820,1.0,6.181291e-12,0
76821,1.0,2.5940257e-11,0
76822,1.0,2.0552178e-13,0
76823,1.0,7.1881655e-13,0
76824,1.0,2.8377117e-10,0
76825,1.0,3.982858e-08,0
76826,1.0,5.8082254e-12,0
76827,1.0,3.6423703e-12,0
76828,1.0,3.993709e-14,0
76829,1.0,8.047854e-11,0
76830,1.0,1.1496256e-12,0
76831,1.0,9.1883484e-10,0
76832,1.0,1.6819374e-09,0
76833,1.0,1.0123607e-12,0
76834,1.0,1.4438863e-11,0
76835,1.0,3.2409507e-12,0
76836,1.0,8.154247e-12,0
76837,1.0,5.222074e-12,0
76838,1.0,1.1099135e-08,0
76839,1.0,6.8516956e-14,0
76840,1.0,7.893199e-12,0
76841,1.0,3.4970157e-10,0
76842,1.0,2.3297952e-13,0
76843,1.0,3.703529e-11,0
76844,1.0,2.4969848e-13,0
76845,0.99999857,1.3788218e-06,0
76846,1.0,4.2778205e-11,0
76847,1.0,2.3466045e-09,0
76848,1.0,5.242455e-11,0
76849,0.9999989,1.053713e-06,0
76850,1.0,3.0446015e-13,0
76851,1.0,8.7969215e-12,0
76852,1.0,4.529498e-14,0
76853,1.0,1.769537e-13,0
76854,0.9999982,1.7454054e-06,0
76855,1.0,7.388789e-11,0
76856,1.0,1.911509e-13,0
76857,1.0,8.308762e-13,0
76858,1.0,5.5224722e-12,0
76859,1.0,6.876316e-12,0
76860,1.0,1.8689198e-11,0
76861,1.0,1.3139909e-12,0
76862,1.0,1.1131657e-12,0
76863,0.9999987,1.3461649e-06,0
76864,1.0,9.051746e-14,0
76865,1.0,8.346829e-11,0
76866,1.0,2.636536e-10,0
76867,0.9999969,3.1331558e-06,0
76868,1.0,7.987171e-12,0
76869,1.0,2.3415119e-13,0
76870,1.0,3.137716e-12,0
76871,1.0,1.0017812e-11,0
76872,1.0,3.2262196e-10,0
76873,1.0,2.1433554e-12,0
76874,1.0,1.7964785e-12,0
76875,1.0,3.2822514e-12,0
76876,1.0,9.160616e-13,0
76877,1.0,5.520016e-13,0
76878,1.0,1.0771056e-12,0
76879,1.0,2.4325761e-14,0
76880,1.0,3.1808729e-12,0
76881,1.0,3.78084e-12,0
76882,1.0,9.387196e-13,0
76883,1.0,6.203191e-11,0
76884,1.0,1.9146126e-11,0
76885,1.0,1.8921722e-12,0
76886,1.0,3.940799e-08,0
76887,1.0,7.376028e-12,0
76888,1.0,2.1767807e-08,0
76889,1.0,6.591758e-12,0
76890,1.0,7.2896046e-13,0
76891,1.0,2.7457945e-12,0
76892,1.0,3.98559e-10,0
76893,1.0,5.1650212e-14,0
76894,1.0,1.0678735e-09,0
76895,1.0,3.4043105e-11,0
76896,1.0,2.2643701e-12,0
76897,1.0,3.3123396e-11,0
76898,1.0,5.1753485e-13,0
76899,1.0,2.8775402e-12,0
76900,0.9999962,3.8491326e-06,0
76901,1.0,1.0903974e-11,0
76902,1.0,5.917359e-13,0
76903,1.0,1.7180785e-11,0
76904,1.0,4.744024e-13,0
76905,1.0,7.015487e-15,0
76906,1.0,8.9991e-15,0
76907,1.0,2.0839289e-11,0
76908,0.99999607,3.96727e-06,0
76909,1.0,4.442796e-14,0
76910,1.0,6.044441e-11,0
76911,1.0,7.4760456e-14,0
76912,1.0,1.9558888e-12,0
76913,1.0,1.1953622e-12,0
76914,1.0,1.7720676e-12,0
76915,1.0,5.0163083e-14,0
76916,1.0,4.8463424e-11,0
76917,1.0,3.3013447e-12,0
76918,1.0,2.328898e-13,0
76919,1.0,2.9530926e-12,0
76920,1.0,2.4899698e-13,0
76921,1.0,3.1966297e-13,0
76922,1.0,6.3502887e-13,0
76923,1.0,2.2078369e-11,0
76924,1.0,1.750283e-09,0
76925,0.99999595,4.0834293e-06,0
76926,1.0,2.8229712e-12,0
76927,1.0,6.36234e-13,0
76928,1.0,4.1248456e-11,0
76929,1.0,4.803034e-12,0
76930,1.0,1.1362993e-12,0
76931,1.0,3.8326062e-13,0
76932,1.0,2.6090842e-12,0
76933,1.0,4.997086e-10,0
76934,1.0,7.2865713e-10,0
76935,1.0,2.4167843e-09,0
76936,1.0,5.098376e-10,0
76937,1.0,8.1959786e-11,0
76938,1.0,9.887419e-12,0
76939,1.0,2.1956323e-12,0
76940,1.0,2.3567918e-12,0
76941,1.0,6.9363573e-12,0
76942,1.0,3.604375e-11,0
76943,1.0,1.1074878e-12,0
76944,1.0,1.1971745e-11,0
76945,1.0,5.5715367e-14,0
76946,1.0,2.478898e-11,0
76947,1.0,2.6367443e-12,0
76948,1.0,2.7316147e-14,0
76949,1.0,1.900705e-12,0
76950,1.0,1.3588042e-10,0
76951,1.0,5.4065554e-12,0
76952,1.0,6.179405e-12,0
76953,1.0,1.05200314e-10,0
76954,1.0,6.473247e-11,0
76955,1.0,1.8332768e-13,0
76956,1.0,7.806231e-11,0
76957,1.0,6.415323e-13,0
76958,1.0,8.003293e-15,0
76959,1.0,1.5649175e-13,0
76960,1.0,2.6252362e-13,0
76961,1.0,2.8147104e-10,0
76962,1.0,5.108816e-12,0
76963,1.0,1.3454483e-13,0
76964,1.0,2.2708731e-10,0
76965,1.0,1.1923128e-09,0
76966,1.0,1.288423e-13,0
76967,1.0,2.0206359e-09,0
76968,1.0,2.4081208e-12,0
76969,1.0,2.422872e-13,0
76970,1.0,1.3880992e-13,0
76971,1.0,1.4031957e-12,0
76972,1.0,1.5709661e-11,0
76973,1.0,1.488709e-11,0
76974,1.0,4.2957774e-14,0
76975,1.0,4.9268385e-12,0
76976,1.0,7.2873944e-13,0
76977,1.0,8.475066e-12,0
76978,1.0,2.4684462e-12,0
76979,1.0,1.9611595e-12,0
76980,1.0,1.7781924e-12,0
76981,1.0,3.1967945e-13,0
76982,1.0,1.0292836e-13,0
76983,1.0,1.7356221e-13,0
76984,1.0,2.6595354e-11,0
76985,1.0,9.062846e-12,0
76986,1.0,6.129153e-12,0
76987,1.0,1.2365906e-12,0
76988,1.0,1.1829742e-11,0
76989,1.0,2.4432002e-11,0
76990,1.0,1.099253e-12,0
76991,1.0,1.4037875e-12,0
76992,1.0,6.506185e-11,0
76993,1.0,3.0333375e-14,0
76994,1.0,6.625252e-11,0
76995,1.0,1.1984191e-12,0
76996,1.0,5.6819085e-12,0
76997,1.0,3.597964e-09,0
76998,1.0,2.8397553e-12,0
76999,1.0,9.012168e-12,0
77000,1.0,2.7403216e-12,0
77001,1.0,7.877362e-12,0
77002,1.0,5.900774e-11,0
77003,1.0,1.1615493e-09,0
77004,1.0,5.4336767e-14,0
77005,1.0,2.7773278e-13,0
77006,1.0,2.3654825e-13,0
77007,1.0,6.598015e-14,0
77008,1.0,3.1239082e-13,0
77009,1.0,8.574907e-11,0
77010,1.0,1.3935991e-12,0
77011,1.0,2.2105664e-12,0
77012,1.0,2.8548017e-10,0
77013,1.0,2.3195055e-12,0
77014,1.0,7.706534e-11,0
77015,1.0,2.534174e-13,0
77016,1.0,1.2655106e-11,0
77017,1.0,1.0543463e-12,0
77018,1.0,2.2855907e-10,0
77019,1.0,4.1841465e-12,0
77020,1.0,6.179732e-13,0
77021,1.0,3.25624e-10,0
77022,1.0,4.296725e-08,0
77023,1.0,1.70602e-10,0
77024,1.0,3.39241e-11,0
77025,1.0,3.537906e-14,0
77026,1.0,9.085259e-12,0
77027,0.9999989,1.0635626e-06,0
77028,1.0,3.8613546e-13,0
77029,1.0,2.05837e-11,0
77030,1.0,3.8725252e-11,0
77031,1.0,2.2117452e-10,0
77032,1.0,4.7739653e-11,0
77033,1.0,3.9350597e-12,0
77034,1.0,2.4202139e-11,0
77035,1.0,7.859837e-11,0
77036,1.0,1.0254494e-08,0
77037,1.0,2.9374588e-08,0
77038,1.0,6.193109e-14,0
77039,1.0,1.4703551e-11,0
77040,0.9999958,4.114757e-06,0
77041,1.0,2.8240131e-14,0
77042,1.0,1.1727759e-09,0
77043,1.0,3.971731e-11,0
77044,1.0,1.2509865e-11,0
77045,1.0,5.219562e-13,0
77046,1.0,6.798646e-11,0
77047,1.0,4.704264e-08,0
77048,1.0,1.0071288e-14,0
77049,1.0,7.4215856e-11,0
77050,1.0,1.3949627e-13,0
77051,1.0,1.5216593e-12,0
77052,1.0,1.040164e-09,0
77053,1.0,2.5919818e-12,0
77054,1.0,2.3271254e-10,0
77055,1.0,1.3944653e-13,0
77056,1.0,2.905168e-13,0
77057,1.0,8.08627e-12,0
77058,1.0,8.23147e-13,0
77059,1.0,8.277181e-15,0
77060,1.0,2.0794897e-11,0
77061,1.0,8.6626276e-14,0
77062,1.0,1.2722428e-12,0
77063,1.0,3.9880573e-12,0
77064,1.0,9.943685e-12,0
77065,1.0,1.0094337e-12,0
77066,1.0,4.476472e-10,0
77067,1.0,6.927895e-12,0
77068,1.0,7.65273e-12,0
77069,1.0,5.286651e-13,0
77070,1.0,8.631786e-10,0
77071,1.0,1.7674632e-12,0
77072,1.0,5.3682298e-11,0
77073,1.0,1.3551858e-10,0
77074,1.0,1.36850505e-11,0
77075,1.0,9.541832e-12,0
77076,1.0,4.973293e-11,0
77077,1.0,9.29126e-12,0
77078,1.0,9.754383e-13,0
77079,1.0,8.3415963e-10,0
77080,1.0,7.7713264e-13,0
77081,1.0,2.8266458e-12,0
77082,1.0,2.2870287e-11,0
77083,1.0,5.0191108e-11,0
77084,1.0,2.4871788e-13,0
77085,1.0,3.6379668e-09,0
77086,1.0,7.0550293e-12,0
77087,1.0,6.095742e-15,0
77088,1.0,3.4014196e-09,0
77089,1.0,1.2165133e-09,0
77090,1.0,1.6402424e-12,0
77091,1.0,3.081138e-12,0
77092,1.0,1.4150781e-12,0
77093,1.0,2.6207115e-11,0
77094,0.9999999,1.289981e-07,0
77095,1.0,4.6521673e-10,0
77096,1.0,1.0630881e-08,0
77097,1.0,3.0049813e-11,0
77098,1.0,2.1576038e-13,0
77099,1.0,3.9934957e-14,0
77100,1.0,1.5303576e-10,0
77101,1.0,1.1962923e-13,0
77102,1.0,9.436109e-10,0
77103,1.0,1.9478165e-13,0
77104,1.0,9.986354e-12,0
77105,1.0,5.437254e-10,0
77106,1.0,3.12941e-11,0
77107,1.0,7.088101e-12,0
77108,1.0,4.697852e-12,0
77109,1.0,4.233427e-12,0
77110,1.0,8.7212036e-13,0
77111,1.0,3.9078845e-13,0
77112,1.0,1.2097256e-11,0
77113,1.0,7.49392e-14,0
77114,1.0,5.1066e-10,0
77115,0.99999976,2.4158115e-07,0
77116,1.0,3.053095e-11,0
77117,1.0,8.503369e-12,0
77118,1.0,5.753862e-13,0
77119,1.0,5.127951e-12,0
77120,1.0,3.3468664e-12,0
77121,1.0,6.3730796e-12,0
77122,1.0,5.6720274e-14,0
77123,1.0,2.2058261e-10,0
77124,1.0,7.901085e-10,0
77125,1.0,3.952047e-14,0
77126,1.0,2.2819198e-13,0
77127,1.0,6.8415694e-12,0
77128,1.0,1.3101014e-13,0
77129,1.0,5.0381926e-13,0
77130,1.0,3.152849e-10,0
77131,1.0,1.0154569e-08,0
77132,1.0,6.1111814e-14,0
77133,1.0,4.1953238e-13,0
77134,1.0,1.7723549e-12,0
77135,1.0,1.6362625e-11,0
77136,1.0,1.0790473e-11,0
77137,1.0,6.022832e-14,0
77138,1.0,7.764766e-12,0
77139,1.0,5.369027e-08,0
77140,1.0,5.064522e-10,0
77141,1.0,1.2949963e-13,0
77142,1.0,1.0532715e-11,0
77143,1.0,3.353514e-11,0
77144,1.0,9.073604e-12,0
77145,1.0,2.5321257e-13,0
77146,1.0,5.963027e-14,0
77147,1.0,9.333653e-13,0
77148,1.0,3.8978443e-12,0
77149,1.0,7.0573403e-13,0
77150,1.0,4.298296e-13,0
77151,1.0,6.6699715e-11,0
77152,1.0,1.0996735e-10,0
77153,1.0,6.2483677e-13,0
77154,1.0,2.417113e-08,0
77155,1.0,1.704692e-11,0
77156,1.0,1.9133922e-12,0
77157,1.0,3.5214442e-11,0
77158,1.0,1.0905456e-14,0
77159,1.0,9.936707e-12,0
77160,1.0,5.40844e-13,0
77161,1.0,1.888637e-10,0
77162,1.0,1.02207264e-13,0
77163,1.0,1.0030379e-10,0
77164,1.0,8.769522e-14,0
77165,1.0,2.2927393e-13,0
77166,1.0,6.9105596e-14,0
77167,1.0,1.1726199e-08,0
77168,1.0,1.4807498e-13,0
77169,1.0,7.73877e-13,0
77170,1.0,4.8972916e-11,0
77171,1.0,2.1493347e-10,0
77172,1.0,4.161588e-13,0
77173,1.0,3.0596473e-11,0
77174,1.0,6.410049e-10,0
77175,1.0,6.883694e-11,0
77176,1.0,4.0415954e-10,0
77177,1.0,3.0145223e-11,0
77178,0.9999964,3.6239212e-06,0
77179,1.0,1.3527259e-12,0
77180,1.0,4.3678983e-10,0
77181,1.0,2.3425448e-12,0
77182,1.0,1.0787536e-10,0
77183,1.0,2.2937288e-12,0
77184,1.0,1.6112549e-10,0
77185,1.0,2.7932134e-12,0
77186,1.0,8.3086825e-13,0
77187,1.0,3.6708115e-12,0
77188,1.0,2.8863767e-10,0
77189,1.0,8.7531294e-14,0
77190,1.0,7.071769e-10,0
77191,1.0,2.0444046e-12,0
77192,1.0,1.1596528e-08,0
77193,1.0,4.8409246e-09,0
77194,1.0,9.296573e-13,0
77195,1.0,1.8665331e-11,0
77196,1.0,1.3714263e-11,0
77197,1.0,2.1599755e-13,0
77198,1.0,7.248524e-13,0
77199,1.0,8.566663e-12,0
77200,1.0,5.0303237e-11,0
77201,1.0,8.2903356e-13,0
77202,1.0,1.0803142e-14,0
77203,1.0,1.7983847e-12,0
77204,1.0,1.1918239e-13,0
77205,1.0,1.301132e-12,0
77206,1.0,3.9570296e-12,0
77207,0.9999919,8.091383e-06,0
77208,1.0,1.8196469e-11,0
77209,1.0,1.0073593e-14,0
77210,1.0,4.770863e-14,0
77211,1.0,2.5231549e-12,0
77212,1.0,4.3466123e-11,0
77213,1.0,7.99819e-09,0
77214,1.0,1.5826878e-13,0
77215,1.0,6.117759e-14,0
77216,1.0,2.5143995e-10,0
77217,1.0,1.8417937e-09,0
77218,1.0,1.8785163e-14,0
77219,1.0,1.8434613e-11,0
77220,1.0,4.2614983e-12,0
77221,1.0,4.986322e-12,0
77222,1.0,4.9304887e-11,0
77223,1.0,8.8996416e-10,0
77224,1.0,2.503499e-13,0
77225,1.0,1.5617346e-11,0
77226,1.0,1.0589445e-10,0
77227,1.0,2.711752e-11,0
77228,1.0,1.3879305e-12,0
77229,1.0,1.17078e-09,0
77230,1.0,2.8402684e-13,0
77231,1.0,3.1156435e-09,0
77232,1.0,1.26363885e-11,0
77233,1.0,3.359439e-13,0
77234,0.9999975,2.562861e-06,0
77235,1.0,8.554678e-12,0
77236,1.0,5.8843014e-10,0
77237,1.0,1.8014616e-11,0
77238,1.0,2.4460751e-09,0
77239,1.0,5.5231335e-13,0
77240,1.0,1.2975442e-11,0
77241,1.0,8.320093e-11,0
77242,1.0,1.9882684e-10,0
77243,1.0,5.847757e-11,0
77244,1.0,7.090012e-11,0
77245,1.0,1.6530526e-13,0
77246,1.0,5.3112893e-14,0
77247,1.0,5.3132173e-13,0
77248,1.0,1.457971e-13,0
77249,1.0,4.590237e-11,0
77250,1.0,1.6405124e-11,0
77251,1.0,1.66959e-13,0
77252,1.0,8.344245e-12,0
77253,1.0,2.065405e-08,0
77254,1.0,8.357302e-13,0
77255,1.0,1.5520842e-14,0
77256,1.0,4.838074e-12,0
77257,1.0,8.298757e-12,0
77258,1.0,6.635425e-13,0
77259,1.0,1.0149563e-10,0
77260,1.0,9.629559e-11,0
77261,1.0,3.1617253e-14,0
77262,1.0,2.0063199e-08,0
77263,1.0,3.9008476e-09,0
77264,1.0,2.3008713e-12,0
77265,1.0,1.1947787e-12,0
77266,1.0,1.1965165e-12,0
77267,1.0,6.6196343e-10,0
77268,1.0,3.0686725e-10,0
77269,1.0,2.1581212e-14,0
77270,1.0,2.516084e-13,0
77271,1.0,2.5364398e-11,0
77272,1.0,2.0822432e-12,0
77273,1.0,1.9475956e-11,0
77274,1.0,5.5960753e-14,0
77275,1.0,6.7809036e-11,0
77276,1.0,7.079809e-11,0
77277,1.0,4.432605e-14,0
77278,1.0,1.2524475e-11,0
77279,1.0,1.4736742e-14,0
77280,1.0,2.4609421e-13,0
77281,1.0,2.9059452e-12,0
77282,1.0,5.8189256e-12,0
77283,1.0,3.155165e-14,0
77284,1.0,8.235894e-14,0
77285,1.0,1.7547386e-09,0
77286,1.0,2.3097002e-12,0
77287,1.0,4.4968838e-13,0
77288,1.0,1.981732e-08,0
77289,1.0,1.2691025e-11,0
77290,1.0,4.5504687e-11,0
77291,1.0,6.450486e-10,0
77292,1.0,1.4441851e-13,0
77293,1.0,3.2563096e-13,0
77294,1.0,1.0556874e-14,0
77295,1.0,2.399173e-11,0
77296,1.0,1.1927652e-13,0
77297,1.0,4.3568274e-12,0
77298,1.0,8.872243e-12,0
77299,1.0,3.3471652e-13,0
77300,1.0,1.482732e-08,0
77301,1.0,4.2579132e-13,0
77302,1.0,9.826613e-13,0
77303,1.0,7.1577494e-10,0
77304,1.0,8.2541726e-13,0
77305,0.99999547,4.5645074e-06,0
77306,1.0,3.5576028e-11,0
77307,1.0,8.4820436e-14,0
77308,1.0,7.339334e-11,0
77309,1.0,2.3366824e-11,0
77310,1.0,2.042158e-10,0
77311,1.0,4.934245e-10,0
77312,1.0,7.917633e-14,0
77313,1.0,6.7356385e-13,0
77314,1.0,1.3307838e-12,0
77315,1.0,1.5454215e-12,0
77316,1.0,1.4877771e-12,0
77317,1.0,1.9638473e-12,0
77318,1.0,2.2322534e-10,0
77319,1.0,1.1710915e-11,0
77320,1.0,1.3600954e-10,0
77321,1.0,7.2145276e-12,0
77322,1.0,2.641849e-12,0
77323,1.0,1.1644779e-12,0
77324,1.0,7.3984563e-13,0
77325,1.0,1.2707368e-12,0
77326,1.0,1.2435373e-12,0
77327,1.0,6.838682e-13,0
77328,1.0,1.7749462e-12,0
77329,1.0,2.90209e-12,0
77330,1.0,5.9726423e-15,0
77331,1.0,3.672195e-10,0
77332,1.0,2.9474348e-10,0
77333,1.0,4.3622617e-10,0
77334,1.0,1.350035e-08,0
77335,1.0,2.1375409e-13,0
77336,1.0,2.1172639e-10,0
77337,1.0,6.426811e-13,0
77338,1.0,8.3904276e-13,0
77339,1.0,7.059098e-11,0
77340,1.0,5.6251594e-11,0
77341,1.0,1.8154166e-12,0
77342,1.0,4.5070677e-13,0
77343,1.0,5.038472e-09,0
77344,1.0,2.2213527e-12,0
77345,1.0,1.5047105e-10,0
77346,1.0,1.6736728e-11,0
77347,1.0,1.6000884e-14,0
77348,1.0,2.3875096e-11,0
77349,1.0,3.2130117e-13,0
77350,1.0,3.1362458e-11,0
77351,1.0,7.393014e-12,0
77352,1.0,5.988351e-11,0
77353,1.0,5.104346e-08,0
77354,1.0,5.8436728e-12,0
77355,1.0,1.3973342e-11,0
77356,1.0,6.627438e-11,0
77357,1.0,1.2763456e-12,0
77358,1.0,8.138368e-12,0
77359,1.0,6.5822814e-13,0
77360,1.0,5.799931e-13,0
77361,1.0,5.1938407e-13,0
77362,1.0,4.891128e-12,0
77363,1.0,3.8681287e-13,0
77364,1.0,3.1882468e-12,0
77365,1.0,8.057658e-10,0
77366,1.0,2.8146835e-10,0
77367,1.0,3.7500432e-12,0
77368,1.0,3.4981193e-12,0
77369,1.0,6.1316906e-12,0
77370,1.0,7.8587574e-11,0
77371,1.0,1.293427e-12,0
77372,1.0,3.6699194e-10,0
77373,1.0,1.6523607e-11,0
77374,1.0,8.3835455e-10,0
77375,1.0,4.808573e-11,0
77376,1.0,2.5792607e-10,0
77377,1.0,3.573898e-11,0
77378,1.0,2.795563e-09,0
77379,1.0,5.3332748e-15,0
77380,1.0,3.5899651e-12,0
77381,1.0,7.0385847e-10,0
77382,1.0,1.4781737e-09,0
77383,1.0,3.8681915e-11,0
77384,1.0,4.7552397e-13,0
77385,1.0,8.521553e-12,0
77386,1.0,7.9870604e-13,0
77387,1.0,1.2178517e-11,0
77388,1.0,1.4125427e-09,0
77389,1.0,1.7896634e-11,0
77390,1.0,7.612724e-12,0
77391,1.0,7.545461e-12,0
77392,1.0,3.9397834e-12,0
77393,1.0,1.8137988e-10,0
77394,1.0,8.3155433e-14,0
77395,1.0,5.6899824e-14,0
77396,1.0,2.9166218e-13,0
77397,1.0,6.506284e-11,0
77398,1.0,5.4258945e-12,0
77399,0.99999964,4.0520396e-07,0
77400,1.0,4.0245043e-13,0
77401,1.0,1.3500092e-12,0
77402,1.0,1.7433593e-13,0
77403,1.0,9.376244e-13,0
77404,0.9999987,1.3391864e-06,0
77405,1.0,9.726995e-10,0
77406,1.0,6.2930733e-10,0
77407,1.0,2.74767e-12,0
77408,1.0,1.263305e-13,0
77409,1.0,8.775237e-12,0
77410,0.99999976,2.1312388e-07,0
77411,1.0,1.5268618e-14,0
77412,1.0,3.8565998e-13,0
77413,1.0,3.463961e-11,0
77414,1.0,5.8757808e-09,0
77415,1.0,1.3867873e-12,0
77416,1.0,1.649282e-14,0
77417,1.0,5.7384967e-13,0
77418,1.0,1.2841131e-12,0
77419,1.0,1.127387e-13,0
77420,1.0,6.977971e-12,0
77421,1.0,7.2119966e-12,0
77422,1.0,5.674116e-10,0
77423,1.0,7.2989786e-10,0
77424,1.0,1.789119e-13,0
77425,1.0,6.7473913e-13,0
77426,1.0,1.0917662e-12,0
77427,1.0,5.2751564e-10,0
77428,1.0,1.5250594e-11,0
77429,1.0,4.3983855e-11,0
77430,1.0,1.1500736e-11,0
77431,1.0,6.3765694e-12,0
77432,1.0,2.4097329e-09,0
77433,1.0,1.3947407e-11,0
77434,1.0,3.1144267e-12,0
77435,1.0,3.947158e-14,0
77436,1.0,2.7977165e-10,0
77437,1.0,2.6157737e-10,0
77438,1.0,7.580925e-14,0
77439,1.0,2.586061e-12,0
77440,1.0,4.752812e-12,0
77441,1.0,2.689778e-10,0
77442,1.0,8.493056e-13,0
77443,1.0,4.3827732e-12,0
77444,1.0,2.433032e-13,0
77445,1.0,8.5699237e-10,0
77446,1.0,2.7386313e-14,0
77447,1.0,1.1942638e-12,0
77448,1.0,8.606878e-14,0
77449,1.0,8.164324e-14,0
77450,1.0,7.268422e-12,0
77451,1.0,1.3691936e-12,0
77452,1.0,1.1166275e-12,0
77453,1.0,8.865147e-14,0
77454,1.0,7.31209e-14,0
77455,1.0,1.183841e-11,0
77456,1.0,3.3698112e-12,0
77457,1.0,1.3657195e-12,0
77458,1.0,9.34833e-10,0
77459,1.0,8.278098e-11,0
77460,1.0,8.917707e-13,0
77461,1.0,2.5158817e-10,0
77462,1.0,3.98127e-12,0
77463,1.0,2.1325677e-10,0
77464,1.0,2.0283229e-10,0
77465,1.0,1.4034991e-11,0
77466,1.0,7.928923e-10,0
77467,1.0,3.742195e-10,0
77468,1.0,2.9827342e-11,0
77469,1.0,8.830009e-11,0
77470,1.0,3.171861e-10,0
77471,1.0,4.432037e-11,0
77472,1.0,7.370554e-13,0
77473,1.0,6.7777096e-11,0
77474,1.0,2.914006e-11,0
77475,1.0,6.4152985e-13,0
77476,1.0,9.4855696e-14,0
77477,1.0,3.403627e-12,0
77478,1.0,2.3332778e-09,0
77479,1.0,1.076906e-09,0
77480,1.0,1.003146e-12,0
77481,1.0,1.2186563e-10,0
77482,1.0,3.295409e-10,0
77483,1.0,1.3774309e-13,0
77484,1.0,6.778889e-14,0
77485,1.0,5.1829898e-11,0
77486,1.0,7.450938e-13,0
77487,1.0,2.7932283e-09,0
77488,1.0,6.37146e-13,0
77489,1.0,8.801633e-13,0
77490,1.0,2.1824612e-14,0
77491,1.0,5.278163e-11,0
77492,1.0,1.36793615e-11,0
77493,1.0,9.000877e-13,0
77494,1.0,2.8997993e-12,0
77495,1.0,1.9150298e-10,0
77496,1.0,2.7337594e-12,0
77497,1.0,2.7948562e-11,0
77498,1.0,4.3656265e-09,0
77499,1.0,4.2795037e-10,0
77500,1.0,1.4114299e-10,0
77501,1.0,1.6942166e-10,0
77502,1.0,3.0453262e-10,0
77503,1.0,3.837319e-12,0
77504,1.0,2.3469924e-14,0
77505,1.0,3.9334484e-11,0
77506,1.0,3.971716e-11,0
77507,1.0,4.769501e-13,0
77508,1.0,4.2646736e-10,0
77509,1.0,1.7007273e-14,0
77510,1.0,4.62698e-11,0
77511,1.0,1.3523686e-10,0
77512,1.0,1.8328275e-11,0
77513,1.0,5.618292e-09,0
77514,1.0,2.4691726e-11,0
77515,1.0,2.0818262e-12,0
77516,1.0,6.8672854e-12,0
77517,1.0,2.001183e-12,0
77518,1.0,2.0431854e-11,0
77519,1.0,2.3552318e-09,0
77520,1.0,9.368054e-10,0
77521,1.0,6.2884805e-13,0
77522,1.0,3.364455e-12,0
77523,1.0,5.6435252e-11,0
77524,1.0,4.8186056e-12,0
77525,1.0,1.5075479e-11,0
77526,1.0,1.4791868e-12,0
77527,1.0,1.142719e-13,0
77528,1.0,6.676256e-12,0
77529,1.0,7.6608716e-14,0
77530,1.0,4.093345e-12,0
77531,1.0,1.0132217e-13,0
77532,1.0,8.897257e-12,0
77533,1.0,8.625153e-14,0
77534,1.0,1.1405965e-12,0
77535,1.0,1.1858229e-11,0
77536,0.99999547,4.539156e-06,0
77537,1.0,1.5355498e-11,0
77538,1.0,2.0063646e-13,0
77539,1.0,1.7501868e-12,0
77540,1.0,7.1819715e-13,0
77541,1.0,1.3497884e-11,0
77542,1.0,7.782407e-13,0
77543,1.0,1.637241e-13,0
77544,1.0,3.1269545e-13,0
77545,1.0,1.4308079e-13,0
77546,1.0,2.653112e-14,0
77547,1.0,2.2834873e-13,0
77548,1.0,3.1432973e-13,0
77549,1.0,3.8526796e-10,0
77550,1.0,6.684416e-14,0
77551,1.0,1.7636976e-13,0
77552,1.0,3.4599905e-12,0
77553,1.0,8.135532e-11,0
77554,1.0,2.2847146e-10,0
77555,1.0,6.405835e-13,0
77556,1.0,1.0018926e-10,0
77557,1.0,5.197844e-13,0
77558,1.0,4.1270898e-14,0
77559,1.0,1.0191356e-12,0
77560,1.0,9.123272e-12,0
77561,1.0,3.1602493e-13,0
77562,1.0,2.9675118e-13,0
77563,1.0,4.826245e-10,0
77564,1.0,1.3473127e-13,0
77565,1.0,1.9990047e-12,0
77566,1.0,7.994377e-09,0
77567,1.0,2.5808645e-14,0
77568,1.0,1.382046e-14,0
77569,1.0,1.8537179e-11,0
77570,1.0,1.2693197e-12,0
77571,1.0,3.5558795e-11,0
77572,1.0,1.4509531e-12,0
77573,1.0,1.8010157e-14,0
77574,1.0,1.10241657e-13,0
77575,1.0,5.2836326e-11,0
77576,1.0,1.9054164e-12,0
77577,1.0,1.7192873e-12,0
77578,1.0,3.607451e-14,0
77579,1.0,1.3578021e-13,0
77580,1.0,5.711367e-11,0
77581,1.0,1.8607097e-12,0
77582,1.0,3.62662e-12,0
77583,1.0,1.6797658e-14,0
77584,1.0,3.6370923e-13,0
77585,1.0,4.8981114e-12,0
77586,1.0,3.7140836e-11,0
77587,1.0,6.4094554e-12,0
77588,1.0,1.5428944e-12,0
77589,1.0,5.668748e-11,0
77590,1.0,3.49187e-10,0
77591,1.0,7.724831e-10,0
77592,1.0,6.071219e-13,0
77593,1.0,5.836263e-09,0
77594,1.0,7.360948e-12,0
77595,1.0,4.898319e-11,0
77596,1.0,2.0044971e-10,0
77597,1.0,1.0483845e-12,0
77598,1.0,2.8787825e-11,0
77599,1.0,6.5953764e-13,0
77600,1.0,1.5299226e-14,0
77601,1.0,2.8111608e-12,0
77602,1.0,3.8454513e-12,0
77603,1.0,1.5536096e-10,0
77604,1.0,4.2337398e-13,0
77605,1.0,1.5920738e-13,0
77606,1.0,6.115872e-13,0
77607,1.0,8.915846e-11,0
77608,1.0,4.692141e-11,0
77609,1.0,9.586809e-10,0
77610,1.0,3.119309e-11,0
77611,1.0,2.1693075e-12,0
77612,1.0,4.2298134e-11,0
77613,1.0,4.101134e-13,0
77614,1.0,8.626798e-14,0
77615,1.0,2.4014048e-13,0
77616,1.0,1.9605154e-13,0
77617,1.0,1.7317326e-14,0
77618,1.0,2.2373952e-09,0
77619,1.0,4.1626755e-13,0
77620,1.0,3.0489642e-14,0
77621,1.0,2.3375383e-11,0
77622,1.0,2.9142075e-10,0
77623,1.0,5.3986004e-12,0
77624,1.0,1.0558485e-14,0
77625,1.0,8.638299e-12,0
77626,1.0,3.1954608e-12,0
77627,1.0,6.3570236e-14,0
77628,1.0,1.5399251e-12,0
77629,1.0,1.9277161e-11,0
77630,1.0,1.1118109e-10,0
77631,1.0,1.7196866e-09,0
77632,1.0,1.5065964e-11,0
77633,1.0,1.0649364e-09,0
77634,1.0,7.358996e-12,0
77635,1.0,3.2389162e-09,0
77636,1.0,8.024842e-12,0
77637,1.0,3.0826184e-09,0
77638,1.0,2.6764774e-10,0
77639,1.0,2.4708088e-10,0
77640,1.0,3.8544398e-12,0
77641,1.0,6.018753e-11,0
77642,1.0,4.0312246e-14,0
77643,1.0,7.2222237e-12,0
77644,1.0,3.6167985e-11,0
77645,1.0,2.4887403e-13,0
77646,1.0,3.8031453e-12,0
77647,1.0,1.06619595e-10,0
77648,1.0,2.4145482e-14,0
77649,1.0,8.47467e-14,0
77650,1.0,1.20468765e-11,0
77651,1.0,9.07911e-12,0
77652,1.0,4.708204e-12,0
77653,1.0,2.1832377e-12,0
77654,1.0,1.8653168e-10,0
77655,1.0,6.9185035e-09,0
77656,1.0,1.4692098e-13,0
77657,1.0,9.143365e-14,0
77658,1.0,2.634677e-13,0
77659,1.0,1.3483945e-10,0
77660,1.0,6.90917e-12,0
77661,1.0,3.615845e-12,0
77662,1.0,9.182733e-12,0
77663,1.0,6.846863e-14,0
77664,1.0,1.2563563e-12,0
77665,1.0,1.0730455e-12,0
77666,1.0,4.072917e-12,0
77667,1.0,1.0568052e-11,0
77668,1.0,5.2945075e-11,0
77669,1.0,1.5944648e-10,0
77670,1.0,1.6054093e-12,0
77671,1.0,8.2827966e-13,0
77672,1.0,4.76111e-10,0
77673,1.0,2.8171203e-11,0
77674,0.9999895,1.0464593e-05,0
77675,1.0,5.7987583e-13,0
77676,1.0,4.0971215e-10,0
77677,1.0,1.901306e-13,0
77678,1.0,4.8849796e-10,0
77679,1.0,1.7300158e-14,0
77680,1.0,1.0358632e-10,0
77681,1.0,1.5601165e-09,0
77682,1.0,1.8176514e-12,0
77683,1.0,5.6434092e-14,0
77684,1.0,1.631331e-13,0
77685,1.0,2.5421745e-11,0
77686,1.0,7.418326e-12,0
77687,1.0,3.2222218e-14,0
77688,1.0,1.0058666e-12,0
77689,1.0,3.9634292e-11,0
77690,1.0,4.333376e-11,0
77691,1.0,6.954313e-14,0
77692,1.0,7.5591346e-11,0
77693,1.0,1.9102656e-10,0
77694,1.0,3.1756036e-09,0
77695,0.99999774,2.2646698e-06,0
77696,1.0,6.9556703e-13,0
77697,1.0,1.5182296e-12,0
77698,1.0,1.7466578e-09,0
77699,1.0,5.3852287e-09,0
77700,1.0,3.9555186e-13,0
77701,1.0,4.043245e-14,0
77702,1.0,8.0404504e-13,0
77703,1.0,2.13174e-12,0
77704,1.0,8.9874093e-13,0
77705,1.0,4.3696353e-12,0
77706,1.0,5.7935788e-11,0
77707,1.0,2.387471e-09,0
77708,1.0,5.125074e-09,0
77709,1.0,1.2000786e-10,0
77710,1.0,6.067662e-10,0
77711,1.0,2.2602654e-13,0
77712,1.0,1.6622335e-10,0
77713,1.0,1.44563e-12,0
77714,1.0,1.10666545e-10,0
77715,1.0,1.9923682e-14,0
77716,1.0,3.0229517e-11,0
77717,1.0,2.597599e-12,0
77718,1.0,2.7290096e-11,0
77719,1.0,1.4110791e-11,0
77720,1.0,1.7142708e-12,0
77721,1.0,1.882373e-13,0
77722,1.0,1.4780037e-10,0
77723,1.0,2.2772621e-10,0
77724,1.0,9.596394e-14,0
77725,1.0,1.8021628e-11,0
77726,1.0,1.220367e-12,0
77727,1.0,9.370799e-15,0
77728,1.0,4.7304397e-11,0
77729,1.0,3.7749434e-13,0
77730,1.0,3.9799664e-11,0
77731,1.0,6.5940746e-11,0
77732,1.0,5.0370253e-11,0
77733,1.0,1.01949196e-11,0
77734,1.0,3.0710203e-14,0
77735,1.0,2.028545e-12,0
77736,1.0,8.6192456e-11,0
77737,1.0,1.0395153e-13,0
77738,1.0,8.2644124e-13,0
77739,1.0,9.544088e-12,0
77740,1.0,1.8239756e-12,0
77741,1.0,4.356954e-11,0
77742,1.0,3.016465e-12,0
77743,0.99999917,8.797012e-07,0
77744,1.0,2.525408e-12,0
77745,1.0,2.2274452e-12,0
77746,1.0,1.2767005e-13,0
77747,1.0,2.847277e-09,0
77748,1.0,2.0609687e-09,0
77749,1.0,6.943777e-10,0
77750,1.0,4.4106125e-13,0
77751,1.0,5.2764575e-09,0
77752,1.0,3.111458e-12,0
77753,1.0,1.4114903e-12,0
77754,1.0,4.2259325e-12,0
77755,1.0,2.9261335e-13,0
77756,1.0,2.4828823e-11,0
77757,1.0,5.9582417e-10,0
77758,1.0,1.5164448e-11,0
77759,1.0,9.11221e-12,0
77760,1.0,1.5731176e-09,0
77761,1.0,4.218013e-10,0
77762,1.0,2.7563255e-12,0
77763,1.0,6.6317594e-12,0
77764,1.0,3.8197803e-11,0
77765,1.0,1.3940212e-13,0
77766,1.0,2.9146854e-10,0
77767,1.0,1.0375448e-12,0
77768,1.0,2.716477e-12,0
77769,1.0,3.3606378e-09,0
77770,1.0,3.495155e-10,0
77771,1.0,5.7050475e-09,0
77772,1.0,5.2312057e-12,0
77773,1.0,3.4434051e-09,0
77774,1.0,1.6617445e-11,0
77775,1.0,1.5783341e-10,0
77776,1.0,1.1184474e-09,0
77777,1.0,3.3483835e-10,0
77778,1.0,4.2079362e-10,0
77779,1.0,1.4439248e-11,0
77780,1.0,2.4745675e-10,0
77781,1.0,4.201534e-11,0
77782,1.0,1.477635e-13,0
77783,1.0,7.98751e-11,0
77784,1.0,1.3561303e-09,0
77785,0.99999964,3.3001274e-07,0
77786,1.0,1.268823e-09,0
77787,1.0,1.0378978e-11,0
77788,1.0,9.2565414e-11,0
77789,0.99999535,4.664314e-06,0
77790,1.0,5.167722e-10,0
77791,1.0,2.6628027e-12,0
77792,1.0,1.283774e-10,0
77793,1.0,1.5350285e-11,0
77794,1.0,4.7142425e-12,0
77795,1.0,9.148381e-12,0
77796,1.0,2.5225475e-09,0
77797,1.0,9.487457e-09,0
77798,1.0,6.580775e-13,0
77799,1.0,8.782892e-15,0
77800,1.0,1.0998827e-11,0
77801,1.0,2.9351584e-11,0
77802,1.0,5.6423173e-12,0
77803,1.0,2.2543918e-10,0
77804,1.0,6.951837e-13,0
77805,1.0,1.7833509e-13,0
77806,1.0,9.699976e-11,0
77807,1.0,1.9609617e-08,0
77808,1.0,1.1005221e-12,0
77809,1.0,1.2536999e-11,0
77810,1.0,3.861018e-12,0
77811,1.0,1.4915512e-11,0
77812,1.0,1.2666757e-13,0
77813,1.0,3.239707e-13,0
77814,1.0,8.370619e-10,0
77815,1.0,3.6441982e-08,0
77816,1.0,1.1534815e-10,0
77817,1.0,2.704553e-10,0
77818,1.0,8.843603e-09,0
77819,1.0,3.4455143e-09,0
77820,1.0,3.090062e-11,0
77821,1.0,7.292035e-14,0
77822,1.0,1.601581e-11,0
77823,1.0,5.09554e-13,0
77824,1.0,2.3445864e-13,0
77825,1.0,2.2784739e-14,0
77826,1.0,1.2024694e-12,0
77827,1.0,2.1842386e-11,0
77828,1.0,1.689203e-13,0
77829,1.0,5.409867e-12,0
77830,1.0,5.4287674e-10,0
77831,1.0,6.659928e-11,0
77832,1.0,5.6970602e-11,0
77833,1.0,2.5939635e-13,0
77834,1.0,3.4019185e-13,0
77835,1.0,6.883983e-11,0
77836,1.0,2.4974078e-10,0
77837,1.0,6.2721416e-13,0
77838,1.0,2.4926334e-11,0
77839,1.0,5.2694044e-10,0
77840,1.0,5.200343e-13,0
77841,1.0,3.4118378e-11,0
77842,1.0,1.0988207e-09,0
77843,1.0,5.42776e-11,0
77844,1.0,5.3370654e-13,0
77845,1.0,2.8385534e-12,0
77846,1.0,5.0908067e-10,0
77847,0.9999995,4.815914e-07,0
77848,1.0,5.212707e-13,0
77849,1.0,9.276809e-12,0
77850,0.9999981,1.9339966e-06,0
77851,1.0,2.0210251e-09,0
77852,1.0,3.93768e-12,0
77853,1.0,1.0554469e-12,0
77854,1.0,5.9558247e-09,0
77855,1.0,9.275301e-09,0
77856,1.0,2.7634818e-14,0
77857,1.0,9.556365e-12,0
77858,1.0,2.9901088e-12,0
77859,1.0,2.2753084e-10,0
77860,0.9999999,1.2685919e-07,0
77861,1.0,7.8733623e-13,0
77862,1.0,7.041055e-10,0
77863,1.0,1.5723242e-11,0
77864,1.0,2.8604658e-13,0
77865,1.0,4.348368e-12,0
77866,1.0,2.6135318e-12,0
77867,1.0,7.751563e-13,0
77868,1.0,2.5618917e-12,0
77869,1.0,2.0924054e-10,0
77870,1.0,6.267047e-13,0
77871,1.0,2.2659882e-10,0
77872,1.0,9.487746e-13,0
77873,1.0,6.38857e-09,0
77874,0.9999999,1.0463753e-07,0
77875,1.0,6.596377e-11,0
77876,1.0,1.87653e-09,0
77877,1.0,1.8226004e-10,0
77878,1.0,4.2442044e-12,0
77879,1.0,7.0778106e-11,0
77880,1.0,2.6746336e-11,0
77881,1.0,4.8238816e-13,0
77882,0.9999994,5.4927125e-07,0
77883,1.0,3.2321756e-10,0
77884,1.0,1.970047e-10,0
77885,1.0,2.9112948e-11,0
77886,1.0,3.251481e-13,0
77887,1.0,9.132969e-12,0
77888,1.0,4.2168985e-12,0
77889,1.0,8.4411514e-13,0
77890,1.0,1.0527623e-09,0
77891,1.0,2.3941354e-11,0
77892,1.0,8.9619046e-13,0
77893,1.0,2.0621944e-14,0
77894,1.0,1.0799626e-09,0
77895,1.0,3.5017375e-12,0
77896,1.0,8.686909e-12,0
77897,1.0,1.7089345e-14,0
77898,1.0,9.850845e-12,0
77899,1.0,6.4234634e-10,0
77900,1.0,1.3823724e-11,0
77901,1.0,3.947486e-12,0
77902,1.0,2.65466e-11,0
77903,1.0,1.2891943e-10,0
77904,1.0,6.9077335e-12,0
77905,1.0,3.439499e-13,0
77906,1.0,1.4541004e-08,0
77907,1.0,2.5563577e-11,0
77908,1.0,1.846795e-10,0
77909,1.0,6.025138e-15,0
77910,0.9999876,1.2452018e-05,0
77911,1.0,2.5776905e-11,0
77912,1.0,2.097507e-11,0
77913,1.0,9.625876e-13,0
77914,1.0,1.76369e-14,0
77915,1.0,4.4321913e-10,0
77916,1.0,6.6359353e-12,0
77917,1.0,2.8117053e-10,0
77918,1.0,7.1298134e-11,0
77919,1.0,3.650243e-12,0
77920,1.0,1.5916678e-12,0
77921,1.0,2.0380322e-11,0
77922,1.0,1.8469179e-14,0
77923,1.0,9.523908e-11,0
77924,1.0,3.2008716e-12,0
77925,1.0,6.1542806e-12,0
77926,1.0,2.299307e-14,0
77927,1.0,5.4726237e-12,0
77928,1.0,2.2446552e-11,0
77929,1.0,2.7146891e-09,0
77930,1.0,3.921689e-10,0
77931,1.0,1.9160457e-10,0
77932,1.0,2.8452734e-13,0
77933,1.0,9.318152e-11,0
77934,1.0,7.667146e-13,0
77935,1.0,1.4695693e-12,0
77936,1.0,1.164106e-10,0
77937,1.0,7.1773603e-12,0
77938,1.0,9.973975e-13,0
77939,1.0,8.854657e-13,0
77940,0.99999976,2.6231115e-07,0
77941,1.0,8.644241e-14,0
77942,1.0,2.105857e-11,0
77943,1.0,2.1981045e-12,0
77944,1.0,5.855168e-11,0
77945,1.0,1.8519703e-13,0
77946,0.99999976,2.36585e-07,0
77947,1.0,1.7214761e-08,0
77948,1.0,3.1247355e-10,0
77949,1.0,1.2704104e-11,0
77950,1.0,1.0169866e-11,0
77951,1.0,6.0308733e-12,0
77952,1.0,2.7595268e-10,0
77953,1.0,3.820593e-09,0
77954,1.0,5.2248635e-12,0
77955,1.0,3.2361449e-12,0
77956,1.0,3.7429977e-12,0
77957,1.0,3.248729e-09,0
77958,1.0,4.7863467e-11,0
77959,1.0,2.9514184e-13,0
77960,1.0,7.3158996e-10,0
77961,1.0,5.436805e-15,0
77962,1.0,8.235282e-14,0
77963,1.0,2.1266455e-10,0
77964,1.0,2.6844364e-11,0
77965,1.0,1.1046626e-09,0
77966,1.0,5.644782e-12,0
77967,1.0,6.8476527e-12,0
77968,1.0,1.563115e-10,0
77969,0.9999999,8.69412e-08,0
77970,1.0,1.7477976e-09,0
77971,1.0,5.368438e-10,0
77972,1.0,1.8980024e-12,0
77973,1.0,1.4298927e-11,0
77974,1.0,6.879566e-13,0
77975,1.0,7.500195e-11,0
77976,1.0,1.0232255e-09,0
77977,1.0,1.985837e-12,0
77978,1.0,7.596971e-12,0
77979,1.0,3.009567e-13,0
77980,1.0,2.3234705e-14,0
77981,1.0,1.8610666e-10,0
77982,1.0,2.9324287e-14,0
77983,1.0,9.85881e-13,0
77984,1.0,1.9343385e-11,0
77985,1.0,8.4859404e-11,0
77986,1.0,6.62449e-12,0
77987,1.0,2.2835591e-11,0
77988,1.0,6.854484e-13,0
77989,1.0,1.9820936e-13,0
77990,0.99999917,8.1408035e-07,0
77991,1.0,2.6478815e-09,0
77992,1.0,8.4587345e-13,0
77993,1.0,3.9270337e-10,0
77994,1.0,1.8140312e-13,0
77995,1.0,9.210347e-11,0
77996,1.0,4.4495e-12,0
77997,1.0,1.8683976e-13,0
77998,1.0,5.7680975e-11,0
77999,1.0,3.0148757e-13,0
78000,0.9999993,7.1336854e-07,0
78001,1.0,4.5530928e-14,0
78002,1.0,3.899668e-11,0
78003,1.0,4.22132e-14,0
78004,1.0,3.0535022e-11,0
78005,1.0,1.2264078e-09,0
78006,1.0,4.0413026e-10,0
78007,1.0,6.3544122e-12,0
78008,1.0,5.7319385e-11,0
78009,1.0,5.6560735e-13,0
78010,1.0,2.858298e-11,0
78011,1.0,3.681092e-11,0
78012,1.0,9.283e-13,0
78013,1.0,1.9559148e-12,0
78014,1.0,9.251395e-13,0
78015,1.0,4.0328033e-13,0
78016,1.0,1.364814e-11,0
78017,1.0,6.2052083e-13,0
78018,1.0,1.4953054e-11,0
78019,1.0,7.632384e-11,0
78020,1.0,1.0306376e-12,0
78021,1.0,1.1265559e-12,0
78022,1.0,1.4869218e-10,0
78023,1.0,7.8538006e-14,0
78024,1.0,2.1227852e-12,0
78025,1.0,4.2387538e-11,0
78026,1.0,3.5428323e-12,0
78027,1.0,2.536874e-12,0
78028,1.0,2.6856961e-11,0
78029,1.0,1.4951557e-13,0
78030,1.0,8.5883476e-14,0
78031,1.0,3.0820332e-11,0
78032,1.0,2.046725e-13,0
78033,1.0,2.0377214e-11,0
78034,1.0,4.489922e-14,0
78035,1.0,1.9283256e-12,0
78036,1.0,7.112868e-13,0
78037,1.0,3.3153198e-13,0
78038,1.0,5.426409e-13,0
78039,1.0,5.7568484e-13,0
78040,1.0,8.832594e-13,0
78041,1.0,3.3518112e-12,0
78042,1.0,1.4936023e-13,0
78043,1.0,1.7337237e-12,0
78044,1.0,1.0373189e-09,0
78045,1.0,2.772091e-11,0
78046,1.0,2.556175e-13,0
78047,1.0,5.604599e-14,0
78048,1.0,4.303203e-12,0
78049,1.0,2.7167515e-12,0
78050,1.0,2.9255793e-14,0
78051,1.0,7.1360366e-13,0
78052,1.0,4.589177e-15,0
78053,1.0,1.0942507e-13,0
78054,1.0,4.863902e-14,0
78055,1.0,6.104061e-11,0
78056,1.0,3.3903348e-14,0
78057,1.0,2.2489169e-13,0
78058,1.0,2.913493e-12,0
78059,1.0,1.0127502e-13,0
78060,1.0,1.1871502e-13,0
78061,1.0,2.3177256e-10,0
78062,1.0,3.8224805e-13,0
78063,1.0,1.2331512e-13,0
78064,1.0,4.0781078e-13,0
78065,1.0,2.0674552e-11,0
78066,1.0,1.4723042e-09,0
78067,1.0,5.3257607e-12,0
78068,1.0,4.341239e-13,0
78069,1.0,2.114356e-12,0
78070,0.9999999,8.3621856e-08,0
78071,1.0,1.1324015e-14,0
78072,1.0,9.533086e-11,0
78073,1.0,1.4074953e-12,0
78074,1.0,2.4575051e-12,0
78075,1.0,2.0076824e-12,0
78076,1.0,1.6960818e-14,0
78077,1.0,4.6253717e-12,0
78078,1.0,1.2466744e-12,0
78079,1.0,3.6480695e-13,0
78080,1.0,3.8521872e-10,0
78081,1.0,9.653408e-15,0
78082,1.0,4.150599e-14,0
78083,1.0,1.1742648e-12,0
78084,1.0,2.9667702e-13,0
78085,1.0,1.7100701e-13,0
78086,1.0,1.5149465e-12,0
78087,1.0,1.3852057e-13,0
78088,0.9999901,9.86887e-06,0
78089,1.0,9.41016e-09,0
78090,1.0,1.0326979e-12,0
78091,1.0,3.1643483e-11,0
78092,1.0,2.5850277e-10,0
78093,1.0,4.4158148e-13,0
78094,1.0,1.3442121e-09,0
78095,1.0,1.164985e-11,0
78096,1.0,1.6063588e-12,0
78097,1.0,2.347532e-12,0
78098,1.0,4.6550207e-12,0
78099,1.0,1.8541786e-10,0
78100,1.0,6.590095e-13,0
78101,1.0,1.2232153e-11,0
78102,1.0,3.050279e-10,0
78103,1.0,1.4183964e-12,0
78104,1.0,7.058929e-13,0
78105,1.0,7.335129e-09,0
78106,1.0,2.9662088e-14,0
78107,1.0,3.605073e-13,0
78108,1.0,6.332195e-13,0
78109,1.0,3.2878797e-11,0
78110,1.0,2.4122332e-10,0
78111,1.0,2.3770079e-12,0
78112,1.0,3.5549556e-12,0
78113,1.0,2.7231119e-12,0
78114,1.0,3.6016795e-12,0
78115,1.0,1.0711929e-12,0
78116,1.0,5.373114e-12,0
78117,1.0,2.5193332e-11,0
78118,1.0,4.6449606e-13,0
78119,1.0,1.7592207e-11,0
78120,1.0,5.976207e-12,0
78121,1.0,3.079624e-11,0
78122,1.0,6.676084e-10,0
78123,1.0,2.5218412e-12,0
78124,1.0,1.2050553e-11,0
78125,1.0,6.6190087e-12,0
78126,0.99999344,6.506841e-06,0
78127,1.0,2.6865773e-11,0
78128,1.0,2.622929e-13,0
78129,1.0,2.4520366e-12,0
78130,1.0,6.0240675e-12,0
78131,1.0,3.9117085e-10,0
78132,1.0,4.1398367e-11,0
78133,1.0,4.440054e-09,0
78134,1.0,1.5844255e-12,0
78135,1.0,7.752229e-13,0
78136,1.0,4.1581905e-10,0
78137,1.0,4.2027345e-12,0
78138,1.0,1.8374924e-12,0
78139,1.0,3.7712948e-13,0
78140,1.0,2.273675e-12,0
78141,1.0,3.019402e-11,0
78142,1.0,1.7691102e-11,0
78143,1.0,3.033401e-14,0
78144,1.0,6.813379e-11,0
78145,1.0,6.685536e-11,0
78146,1.0,7.801303e-15,0
78147,1.0,1.16671e-12,0
78148,1.0,7.314382e-13,0
78149,1.0,6.2764385e-09,0
78150,1.0,5.517895e-11,0
78151,1.0,1.4039795e-13,0
78152,1.0,1.6759984e-11,0
78153,1.0,3.4850248e-13,0
78154,1.0,2.385981e-14,0
78155,1.0,2.3001284e-13,0
78156,1.0,7.1253164e-14,0
78157,1.0,2.0717088e-09,0
78158,1.0,1.4387496e-13,0
78159,1.0,2.0136152e-12,0
78160,1.0,4.3035173e-11,0
78161,1.0,3.759425e-12,0
78162,1.0,1.7553528e-11,0
78163,1.0,4.5679478e-11,0
78164,1.0,7.913517e-09,0
78165,1.0,1.5430554e-13,0
78166,1.0,2.4762672e-10,0
78167,1.0,1.6599293e-11,0
78168,1.0,3.403804e-11,0
78169,1.0,9.530186e-13,0
78170,1.0,3.688841e-13,0
78171,1.0,3.819223e-13,0
78172,1.0,1.3359351e-10,0
78173,1.0,2.4083759e-14,0
78174,1.0,1.5353668e-13,0
78175,1.0,3.034084e-14,0
78176,1.0,1.3256404e-13,0
78177,1.0,1.1213653e-09,0
78178,1.0,3.3742665e-13,0
78179,0.99999845,1.5455962e-06,0
78180,1.0,1.065088e-14,0
78181,1.0,6.956788e-12,0
78182,1.0,4.3776918e-13,0
78183,1.0,9.2174476e-11,0
78184,1.0,8.786123e-12,0
78185,1.0,2.7932346e-12,0
78186,1.0,2.8369822e-13,0
78187,1.0,2.2077926e-13,0
78188,1.0,1.4707246e-12,0
78189,1.0,1.885856e-12,0
78190,1.0,5.4715802e-12,0
78191,1.0,1.9796473e-11,0
78192,1.0,1.9406408e-13,0
78193,1.0,8.25905e-14,0
78194,1.0,8.639086e-13,0
78195,1.0,6.14837e-11,0
78196,1.0,4.945919e-10,0
78197,1.0,1.0926802e-13,0
78198,1.0,1.7087033e-10,0
78199,1.0,1.0078054e-10,0
78200,1.0,7.377041e-12,0
78201,1.0,1.7401708e-12,0
78202,1.0,6.5709666e-13,0
78203,1.0,3.7237837e-13,0
78204,1.0,1.2604769e-13,0
78205,1.0,4.8027775e-12,0
78206,1.0,3.5196748e-13,0
78207,1.0,9.252464e-11,0
78208,1.0,1.4939272e-09,0
78209,1.0,1.8272986e-11,0
78210,1.0,1.3365181e-11,0
78211,1.0,2.7805412e-12,0
78212,1.0,5.379171e-13,0
78213,1.0,1.2948698e-10,0
78214,1.0,1.2889047e-13,0
78215,1.0,2.3189879e-12,0
78216,1.0,6.0300107e-12,0
78217,1.0,6.0770756e-11,0
78218,1.0,2.604515e-12,0
78219,1.0,1.9687951e-11,0
78220,1.0,3.2634117e-12,0
78221,1.0,1.0245905e-13,0
78222,1.0,2.792982e-10,0
78223,1.0,1.2494365e-11,0
78224,1.0,7.0628785e-12,0
78225,1.0,5.045927e-12,0
78226,1.0,8.6413855e-11,0
78227,1.0,2.5556252e-12,0
78228,1.0,2.866617e-12,0
78229,1.0,2.7853091e-11,0
78230,1.0,1.5545988e-11,0
78231,1.0,6.51093e-10,0
78232,1.0,2.1196133e-12,0
78233,1.0,4.3060234e-14,0
78234,1.0,8.3402005e-09,0
78235,1.0,2.630113e-13,0
78236,1.0,1.4412442e-12,0
78237,1.0,1.2504759e-11,0
78238,1.0,6.2500755e-12,0
78239,1.0,3.6587417e-11,0
78240,1.0,1.9675244e-09,0
78241,1.0,1.3533466e-10,0
78242,1.0,4.813402e-10,0
78243,1.0,5.9695376e-10,0
78244,1.0,3.746535e-11,0
78245,1.0,9.905943e-11,0
78246,1.0,2.1669606e-10,0
78247,1.0,1.072643e-11,0
78248,1.0,5.5173927e-10,0
78249,1.0,1.9334015e-11,0
78250,1.0,1.5557534e-14,0
78251,1.0,3.801622e-12,0
78252,1.0,7.6409994e-13,0
78253,1.0,5.9328166e-14,0
78254,1.0,2.9045061e-11,0
78255,1.0,2.3415141e-11,0
78256,1.0,1.6580096e-10,0
78257,1.0,1.3094667e-13,0
78258,1.0,2.2398696e-11,0
78259,1.0,7.43125e-10,0
78260,1.0,2.5106254e-12,0
78261,1.0,9.0245476e-13,0
78262,1.0,3.732459e-13,0
78263,1.0,7.422544e-12,0
78264,1.0,1.1444608e-11,0
78265,0.9999995,5.082769e-07,0
78266,1.0,4.0763446e-08,0
78267,1.0,1.6476375e-14,0
78268,1.0,1.1405514e-11,0
78269,1.0,1.2454744e-08,0
78270,0.99999917,7.972238e-07,0
78271,1.0,8.4433615e-12,0
78272,1.0,1.6698655e-11,0
78273,1.0,1.823885e-12,0
78274,1.0,1.1089062e-12,0
78275,1.0,1.1852553e-11,0
78276,1.0,9.543933e-14,0
78277,1.0,6.663499e-11,0
78278,1.0,2.1825477e-11,0
78279,1.0,8.918728e-13,0
78280,1.0,2.3267513e-11,0
78281,1.0,1.75619e-11,0
78282,1.0,7.333012e-14,0
78283,1.0,4.3824583e-11,0
78284,1.0,2.90152e-12,0
78285,1.0,2.009598e-12,0
78286,1.0,2.774544e-12,0
78287,1.0,1.8671678e-10,0
78288,1.0,4.0175543e-10,0
78289,1.0,1.2141894e-11,0
78290,1.0,1.2604614e-11,0
78291,1.0,2.1351785e-12,0
78292,1.0,9.472038e-12,0
78293,1.0,3.0234517e-12,0
78294,1.0,1.4348205e-12,0
78295,0.9999999,1.2300985e-07,0
78296,1.0,1.620769e-11,0
78297,1.0,4.6204734e-10,0
78298,1.0,5.990404e-12,0
78299,1.0,8.948893e-12,0
78300,1.0,6.1485485e-14,0
78301,1.0,1.2147707e-11,0
78302,1.0,4.811449e-13,0
78303,1.0,6.8381737e-13,0
78304,1.0,1.8937582e-11,0
78305,1.0,6.2918883e-09,0
78306,1.0,3.4349285e-10,0
78307,1.0,1.1961097e-13,0
78308,1.0,1.91268e-09,0
78309,1.0,9.52409e-11,0
78310,1.0,2.7173825e-13,0
78311,1.0,1.7286142e-10,0
78312,1.0,9.819432e-14,0
78313,1.0,1.3181227e-12,0
78314,1.0,6.5131406e-14,0
78315,1.0,1.024657e-13,0
78316,1.0,2.3049881e-11,0
78317,1.0,1.3349183e-11,0
78318,1.0,4.2943854e-10,0
78319,1.0,4.3057366e-10,0
78320,1.0,1.0746432e-12,0
78321,1.0,4.3150696e-13,0
78322,1.0,1.825831e-12,0
78323,1.0,1.2607579e-10,0
78324,1.0,2.840438e-12,0
78325,1.0,5.163347e-10,0
78326,1.0,3.8736923e-11,0
78327,1.0,1.4333776e-10,0
78328,1.0,1.0280667e-10,0
78329,1.0,2.936904e-12,0
78330,1.0,2.3489506e-13,0
78331,1.0,2.7609203e-11,0
78332,1.0,3.560914e-12,0
78333,1.0,1.6586872e-09,0
78334,1.0,5.294871e-11,0
78335,1.0,1.959321e-11,0
78336,1.0,1.1666343e-12,0
78337,1.0,9.62265e-12,0
78338,1.0,2.887143e-13,0
78339,1.0,1.3251059e-11,0
78340,1.0,1.3559121e-14,0
78341,1.0,4.3811686e-12,0
78342,1.0,1.1678422e-10,0
78343,1.0,6.070982e-11,0
78344,1.0,1.467838e-12,0
78345,1.0,2.2078431e-13,0
78346,1.0,3.0943364e-12,0
78347,1.0,3.4072747e-10,0
78348,1.0,2.0697899e-12,0
78349,1.0,1.9537755e-11,0
78350,1.0,3.482561e-12,0
78351,1.0,1.7538117e-13,0
78352,1.0,1.1491582e-09,0
78353,1.0,2.1176748e-11,0
78354,1.0,2.743444e-12,0
78355,1.0,1.418504e-13,0
78356,1.0,4.085989e-12,0
78357,1.0,3.8101154e-12,0
78358,1.0,2.5206775e-12,0
78359,1.0,5.0144873e-08,0
78360,1.0,1.0061424e-13,0
78361,1.0,8.343967e-10,0
78362,1.0,1.9711621e-11,0
78363,1.0,5.986846e-10,0
78364,0.9999999,1.4097824e-07,0
78365,0.99999833,1.6419068e-06,0
78366,1.0,1.6907882e-10,0
78367,1.0,1.437259e-11,0
78368,1.0,2.034504e-09,0
78369,1.0,3.1497877e-15,0
78370,1.0,3.8213652e-13,0
78371,1.0,1.7082218e-13,0
78372,1.0,2.1598777e-12,0
78373,1.0,2.7776204e-12,0
78374,1.0,4.6683424e-11,0
78375,1.0,2.2239515e-12,0
78376,1.0,2.5189907e-12,0
78377,1.0,5.126601e-12,0
78378,1.0,4.474692e-12,0
78379,1.0,2.8622053e-14,0
78380,1.0,2.102239e-09,0
78381,1.0,2.36194e-12,0
78382,1.0,6.5713075e-16,0
78383,1.0,2.3125512e-13,0
78384,1.0,1.1002494e-08,0
78385,1.0,5.451299e-08,0
78386,1.0,1.2781222e-11,0
78387,1.0,6.0816613e-13,0
78388,1.0,8.074896e-12,0
78389,1.0,6.0355854e-10,0
78390,1.0,4.832488e-11,0
78391,1.0,1.7516796e-12,0
78392,1.0,2.130791e-10,0
78393,1.0,2.5756446e-12,0
78394,1.0,5.2815946e-12,0
78395,1.0,4.1778882e-11,0
78396,1.0,5.646944e-13,0
78397,1.0,3.6695863e-12,0
78398,1.0,2.3258083e-13,0
78399,1.0,2.8557314e-11,0
78400,1.0,7.0813655e-10,0
78401,1.0,1.656143e-12,0
78402,1.0,1.8467041e-13,0
78403,1.0,9.023245e-12,0
78404,1.0,8.408503e-12,0
78405,1.0,6.063312e-10,0
78406,1.0,1.9599145e-08,0
78407,1.0,5.936629e-11,0
78408,1.0,8.049277e-12,0
78409,1.0,3.4419716e-14,0
78410,1.0,3.4022316e-12,0
78411,1.0,1.9832186e-11,0
78412,1.0,9.823783e-13,0
78413,1.0,2.6214888e-09,0
78414,0.99999547,4.525839e-06,0
78415,1.0,1.1079696e-12,0
78416,1.0,2.0172084e-13,0
78417,1.0,1.7910824e-09,0
78418,1.0,3.2366405e-11,0
78419,1.0,1.0855966e-09,0
78420,1.0,1.9912988e-12,0
78421,1.0,2.2814758e-13,0
78422,1.0,4.5179792e-14,0
78423,1.0,7.472995e-14,0
78424,1.0,6.1841976e-10,0
78425,1.0,1.6546482e-10,0
78426,0.99999964,3.1644925e-07,0
78427,1.0,9.520017e-12,0
78428,1.0,1.2472645e-08,0
78429,1.0,1.06648015e-11,0
78430,1.0,3.1325122e-13,0
78431,1.0,2.3894022e-13,0
78432,1.0,5.7974035e-11,0
78433,1.0,8.0939006e-14,0
78434,0.9999999,8.486989e-08,0
78435,1.0,3.684217e-15,0
78436,1.0,3.8206526e-12,0
78437,1.0,1.6680267e-10,0
78438,0.99999964,3.7333942e-07,0
78439,1.0,4.1231758e-12,0
78440,1.0,1.04567355e-10,0
78441,1.0,8.68353e-12,0
78442,1.0,4.8816125e-12,0
78443,1.0,4.115317e-13,0
78444,1.0,6.8221606e-10,0
78445,1.0,2.1483928e-13,0
78446,1.0,3.0551436e-12,0
78447,1.0,1.2308684e-11,0
78448,1.0,2.2665285e-10,0
78449,1.0,1.231769e-13,0
78450,1.0,8.906845e-13,0
78451,1.0,1.8256392e-12,0
78452,1.0,3.1464255e-11,0
78453,1.0,6.0453935e-09,0
78454,1.0,7.949782e-12,0
78455,1.0,1.2401473e-13,0
78456,1.0,2.0767707e-11,0
78457,1.0,6.06352e-14,0
78458,1.0,4.741959e-14,0
78459,1.0,4.781212e-10,0
78460,1.0,2.7808048e-13,0
78461,1.0,4.0190656e-13,0
78462,1.0,4.2446924e-11,0
78463,1.0,7.2706306e-11,0
78464,1.0,1.019974e-08,0
78465,1.0,2.267056e-10,0
78466,1.0,6.5553223e-12,0
78467,1.0,1.8420851e-13,0
78468,1.0,2.2718619e-13,0
78469,1.0,4.874332e-10,0
78470,1.0,1.2504323e-12,0
78471,1.0,1.8570648e-12,0
78472,1.0,8.389392e-12,0
78473,1.0,1.08893106e-13,0
78474,1.0,1.3738395e-12,0
78475,1.0,1.4795988e-12,0
78476,1.0,7.846763e-14,0
78477,1.0,2.8580813e-10,0
78478,1.0,2.8494906e-11,0
78479,1.0,9.727958e-10,0
78480,1.0,1.3141169e-11,0
78481,1.0,8.700414e-14,0
78482,1.0,1.8931784e-13,0
78483,1.0,2.0121975e-13,0
78484,0.99999726,2.7924314e-06,0
78485,1.0,4.956035e-13,0
78486,1.0,4.7893737e-13,0
78487,1.0,4.273594e-12,0
78488,1.0,8.111368e-13,0
78489,1.0,1.2875602e-10,0
78490,1.0,5.4199543e-13,0
78491,1.0,1.7413828e-12,0
78492,1.0,2.715455e-13,0
78493,1.0,4.8502144e-12,0
78494,1.0,2.0344126e-11,0
78495,1.0,7.275107e-12,0
78496,1.0,7.2334076e-11,0
78497,1.0,3.3792084e-12,0
78498,1.0,4.7403657e-11,0
78499,1.0,2.0054826e-15,0
78500,1.0,2.8796045e-12,0
78501,1.0,3.990304e-11,0
78502,1.0,1.1306415e-12,0
78503,1.0,2.750933e-11,0
78504,1.0,1.4269059e-12,0
78505,1.0,8.901602e-12,0
78506,1.0,7.697316e-13,0
78507,1.0,3.7780916e-09,0
78508,1.0,2.1692828e-12,0
78509,1.0,3.782376e-12,0
78510,1.0,1.9789214e-12,0
78511,1.0,5.4339935e-12,0
78512,1.0,5.5308423e-12,0
78513,1.0,5.7656668e-11,0
78514,1.0,5.218868e-12,0
78515,1.0,2.1234424e-11,0
78516,1.0,4.56015e-14,0
78517,1.0,3.5187567e-12,0
78518,1.0,6.5492486e-12,0
78519,1.0,1.4419392e-13,0
78520,1.0,2.9722572e-14,0
78521,1.0,5.7094646e-10,0
78522,1.0,1.3392064e-13,0
78523,1.0,1.4247167e-12,0
78524,1.0,2.3582026e-13,0
78525,1.0,6.8830414e-10,0
78526,1.0,2.04362e-13,0
78527,1.0,1.292292e-13,0
78528,1.0,2.3985324e-11,0
78529,1.0,1.32991925e-11,0
78530,1.0,4.967394e-12,0
78531,1.0,6.3204815e-12,0
78532,1.0,1.621451e-09,0
78533,1.0,1.8729256e-09,0
78534,1.0,1.0250562e-12,0
78535,1.0,1.0040725e-12,0
78536,1.0,3.511956e-13,0
78537,1.0,8.230304e-14,0
78538,1.0,3.1728836e-10,0
78539,1.0,1.43016e-11,0
78540,1.0,1.5109728e-12,0
78541,1.0,9.69138e-14,0
78542,1.0,4.3835677e-12,0
78543,1.0,4.6155102e-12,0
78544,1.0,3.32578e-11,0
78545,1.0,7.4716094e-11,0
78546,1.0,1.2863469e-11,0
78547,1.0,1.0306535e-08,0
78548,1.0,1.4120038e-13,0
78549,1.0,5.0314726e-12,0
78550,1.0,1.7639851e-11,0
78551,1.0,6.4558797e-13,0
78552,1.0,2.449282e-13,0
78553,1.0,1.9466284e-09,0
78554,1.0,9.695158e-13,0
78555,1.0,3.135238e-09,0
78556,1.0,3.8106782e-14,0
78557,1.0,8.697652e-12,0
78558,1.0,1.8146861e-12,0
78559,1.0,1.3227941e-09,0
78560,1.0,9.492625e-11,0
78561,1.0,3.812377e-08,0
78562,1.0,1.004571e-11,0
78563,1.0,1.1009006e-11,0
78564,1.0,5.502787e-13,0
78565,1.0,2.992705e-12,0
78566,1.0,1.5135052e-12,0
78567,1.0,6.181678e-09,0
78568,1.0,3.5908006e-12,0
78569,1.0,3.2207337e-11,0
78570,1.0,2.6120369e-12,0
78571,1.0,1.9887501e-10,0
78572,1.0,1.5606552e-09,0
78573,1.0,2.3794583e-11,0
78574,1.0,3.3740705e-11,0
78575,1.0,4.1064552e-10,0
78576,1.0,1.3073655e-13,0
78577,1.0,6.540275e-15,0
78578,1.0,4.5919486e-13,0
78579,1.0,2.0810083e-12,0
78580,1.0,1.1425361e-09,0
78581,1.0,1.4560042e-12,0
78582,1.0,6.9013656e-14,0
78583,1.0,1.7248537e-13,0
78584,1.0,3.2707758e-13,0
78585,1.0,2.392449e-09,0
78586,1.0,1.6100966e-10,0
78587,1.0,3.9221324e-09,0
78588,1.0,9.604722e-11,0
78589,1.0,4.0888557e-13,0
78590,1.0,4.9395978e-12,0
78591,1.0,4.3560278e-13,0
78592,1.0,1.18493895e-11,0
78593,1.0,2.8587735e-14,0
78594,1.0,1.7440891e-15,0
78595,1.0,2.2486068e-14,0
78596,1.0,1.6471515e-09,0
78597,1.0,6.060541e-09,0
78598,1.0,2.2689398e-12,0
78599,1.0,8.527026e-10,0
78600,1.0,2.892323e-10,0
78601,1.0,1.11678417e-10,0
78602,1.0,2.5471738e-11,0
78603,1.0,8.895933e-12,0
78604,1.0,2.320634e-12,0
78605,1.0,5.6627236e-09,0
78606,1.0,1.1693678e-12,0
78607,1.0,2.0871437e-14,0
78608,1.0,1.959793e-10,0
78609,0.99999845,1.5987381e-06,0
78610,1.0,6.0148136e-12,0
78611,1.0,2.1244113e-14,0
78612,1.0,2.0453701e-10,0
78613,1.0,1.008978e-11,0
78614,1.0,5.3990437e-08,0
78615,1.0,3.8490346e-11,0
78616,1.0,8.858924e-11,0
78617,1.0,3.2789589e-09,0
78618,1.0,1.5010649e-13,0
78619,1.0,8.3008694e-14,0
78620,1.0,9.913568e-13,0
78621,1.0,1.8393572e-09,0
78622,1.0,8.951356e-11,0
78623,1.0,1.265732e-12,0
78624,1.0,5.3235208e-14,0
78625,1.0,3.0331168e-11,0
78626,1.0,1.7695647e-12,0
78627,1.0,6.6171656e-12,0
78628,1.0,5.5438757e-12,0
78629,1.0,5.0088014e-11,0
78630,1.0,3.6230022e-13,0
78631,1.0,7.5774426e-10,0
78632,1.0,1.1031554e-12,0
78633,1.0,1.3612387e-08,0
78634,1.0,8.852892e-15,0
78635,1.0,1.3495863e-13,0
78636,1.0,2.2207374e-09,0
78637,1.0,7.7371587e-10,0
78638,1.0,2.8541643e-14,0
78639,1.0,6.070918e-13,0
78640,1.0,1.3890812e-10,0
78641,1.0,1.36443e-13,0
78642,1.0,1.233133e-12,0
78643,1.0,1.23428015e-14,0
78644,1.0,2.3642388e-12,0
78645,1.0,4.83096e-10,0
78646,1.0,1.8569878e-11,0
78647,1.0,1.311237e-12,0
78648,1.0,1.9539769e-11,0
78649,1.0,2.3522653e-12,0
78650,1.0,1.241549e-12,0
78651,1.0,5.0516165e-09,0
78652,1.0,7.1440445e-13,0
78653,1.0,3.4724312e-13,0
78654,1.0,9.543766e-11,0
78655,1.0,1.125955e-11,0
78656,1.0,8.4333945e-13,0
78657,1.0,1.7117796e-10,0
78658,1.0,2.168194e-09,0
78659,1.0,6.914888e-13,0
78660,1.0,1.2172352e-09,0
78661,1.0,1.0416593e-12,0
78662,1.0,1.1855509e-12,0
78663,0.99999905,9.619051e-07,0
78664,1.0,7.6714435e-10,0
78665,1.0,2.0025522e-10,0
78666,1.0,3.41705e-10,0
78667,1.0,2.4020553e-13,0
78668,1.0,1.9047017e-11,0
78669,1.0,3.2830214e-12,0
78670,1.0,3.4199105e-11,0
78671,1.0,2.552477e-13,0
78672,1.0,4.7019555e-13,0
78673,1.0,2.0900022e-12,0
78674,1.0,2.724416e-12,0
78675,1.0,9.4481116e-12,0
78676,1.0,3.1398113e-12,0
78677,0.9999635,3.643362e-05,0
78678,1.0,8.924424e-14,0
78679,0.9999969,3.069038e-06,0
78680,1.0,1.4616813e-11,0
78681,1.0,3.4601475e-13,0
78682,1.0,2.073516e-12,0
78683,1.0,1.0103594e-10,0
78684,1.0,7.820082e-13,0
78685,1.0,1.2162754e-11,0
78686,1.0,1.2054927e-10,0
78687,0.9999993,6.9601714e-07,0
78688,1.0,5.8973854e-12,0
78689,1.0,1.3573974e-14,0
78690,1.0,1.7800327e-11,0
78691,1.0,1.5409828e-08,0
78692,0.9999958,4.175344e-06,0
78693,0.9999707,2.9307346e-05,0
78694,1.0,7.855015e-10,0
78695,1.0,6.949378e-11,0
78696,1.0,1.604602e-11,0
78697,0.9999995,4.2875396e-07,0
78698,1.0,4.886636e-11,0
78699,0.9999974,2.6786872e-06,0
78700,0.9999994,6.541197e-07,0
78701,1.0,1.1704496e-09,0
78702,0.9999994,5.376189e-07,0
78703,1.0,5.8291323e-09,0
78704,0.99999976,2.7768695e-07,0
78705,0.99999857,1.4035033e-06,0
78706,1.0,1.2742861e-11,0
78707,1.0,2.4882942e-09,0
78708,1.0,3.1664435e-11,0
78709,1.0,3.7731044e-11,0
78710,1.0,2.2934249e-10,0
78711,1.0,7.45344e-13,0
78712,1.0,3.1665144e-12,0
78713,1.0,7.856037e-13,0
78714,1.0,4.8183044e-11,0
78715,1.0,1.00302175e-08,0
78716,1.0,2.974245e-12,0
78717,1.0,4.1156745e-11,0
78718,1.0,1.137563e-13,0
78719,1.0,1.0773523e-12,0
78720,1.0,1.1973343e-11,0
78721,1.0,1.4524621e-12,0
78722,1.0,2.1603227e-12,0
78723,1.0,5.187534e-13,0
78724,1.0,1.5441074e-12,0
78725,1.0,9.945434e-11,0
78726,1.0,4.3556915e-11,0
78727,1.0,8.9018304e-14,0
78728,1.0,7.0567613e-13,0
78729,1.0,3.888911e-12,0
78730,1.0,3.7533802e-11,0
78731,1.0,3.4750597e-14,0
78732,1.0,3.9864582e-13,0
78733,1.0,5.919888e-13,0
78734,1.0,1.7395826e-13,0
78735,0.99999535,4.6180917e-06,0
78736,0.99997795,2.2031742e-05,0
78737,0.9999957,4.281621e-06,0
78738,0.9999931,6.9476973e-06,0
78739,1.0,4.848115e-12,0
78740,1.0,2.6724411e-11,0
78741,1.0,1.318449e-09,0
78742,1.0,2.730762e-09,0
78743,1.0,2.0588482e-08,0
78744,0.9999989,1.1098163e-06,0
78745,1.0,6.6409083e-09,0
78746,0.9999999,6.615967e-08,0
78747,1.0,1.807522e-08,0
78748,0.99999964,3.4786024e-07,0
78749,1.0,4.1348334e-11,0
78750,0.9999999,1.6675898e-07,0
78751,0.99999976,2.690205e-07,0
78752,1.0,5.5675753e-10,0
78753,1.0,2.733593e-08,0
78754,1.0,1.6553285e-08,0
78755,1.0,8.1626e-09,0
78756,1.0,1.8409989e-10,0
78757,1.0,1.2804384e-10,0
78758,1.0,1.44292e-11,0
78759,1.0,1.1952854e-11,0
78760,1.0,1.393604e-09,0
78761,1.0,1.1938187e-10,0
78762,1.0,2.0978103e-08,0
78763,1.0,4.086572e-09,0
78764,1.0,1.1797674e-08,0
78765,1.0,6.18173e-11,0
78766,0.9997737,0.00022628868,0
78767,1.0,1.820981e-10,0
78768,0.9999933,6.73274e-06,0
78769,0.9999974,2.5930558e-06,0
78770,0.9999994,6.177567e-07,0
78771,1.0,1.8912953e-12,0
78772,0.9999994,5.9190336e-07,0
78773,0.99999607,3.9242896e-06,0
78774,0.99999976,2.446476e-07,0
78775,0.9999989,1.0957875e-06,0
78776,1.0,1.2338384e-09,0
78777,0.9999994,5.471924e-07,0
78778,1.0,1.826047e-08,0
78779,0.9999995,5.235239e-07,0
78780,0.9999975,2.5617735e-06,0
78781,0.9999999,1.0988762e-07,0
78782,0.9999944,5.630735e-06,0
78783,1.0,1.5712112e-08,0
78784,1.0,2.3450575e-08,0
78785,0.99998057,1.9463827e-05,0
78786,1.0,1.5280535e-10,0
78787,1.0,4.526959e-10,0
78788,1.0,3.40916e-10,0
78789,0.99999297,6.9917787e-06,0
78790,1.0,3.6460418e-11,0
78791,1.0,1.3929828e-08,0
78792,1.0,7.1177236e-10,0
78793,1.0,9.246294e-10,0
78794,0.99999976,2.0075416e-07,0
78795,0.9999958,4.167563e-06,0
78796,1.0,3.4051794e-08,0
78797,1.0,3.9174168e-08,0
78798,1.0,8.282891e-13,0
78799,1.0,2.8791738e-10,0
78800,0.9999913,8.658227e-06,0
78801,1.0,6.2682437e-09,0
78802,0.99999154,8.478335e-06,0
78803,1.0,1.1460762e-09,0
78804,1.0,2.5213089e-11,0
78805,0.9999652,3.4765988e-05,0
78806,0.99999964,3.2908184e-07,0
78807,0.9999999,8.79241e-08,0
78808,1.0,5.5528894e-13,0
78809,1.0,1.041431e-08,0
78810,1.0,1.73875e-13,0
78811,0.99999917,8.856112e-07,0
78812,0.9999988,1.1671862e-06,0
78813,0.9999994,6.2626293e-07,0
78814,1.0,6.54046e-12,0
78815,1.0,7.392448e-09,0
78816,0.999992,8.044695e-06,0
78817,0.99999344,6.517561e-06,0
78818,1.0,9.847361e-10,0
78819,1.0,2.949043e-10,0
78820,0.99999976,2.2417369e-07,0
78821,1.0,1.0987866e-10,0
78822,1.0,5.176455e-09,0
78823,1.0,7.3761806e-09,0
78824,1.0,2.0171633e-12,0
78825,1.0,1.0011716e-08,0
78826,0.9999999,6.5863155e-08,0
78827,1.0,2.3121856e-09,0
78828,1.0,1.4944708e-10,0
78829,0.9999995,4.9529956e-07,0
78830,1.0,1.3071287e-09,0
78831,1.0,8.89123e-09,0
78832,0.9999944,5.600808e-06,0
78833,0.9999982,1.8470737e-06,0
78834,0.999997,3.0177482e-06,0
78835,0.9999993,7.5434025e-07,0
78836,0.9999993,6.6423485e-07,0
78837,1.0,5.6218263e-10,0
78838,1.0,8.490482e-09,0
78839,0.99999976,2.0269681e-07,0
78840,1.0,4.897334e-09,0
78841,0.99997926,2.0758625e-05,0
78842,1.0,1.1979746e-10,0
78843,1.0,2.3674283e-09,0
78844,1.0,4.476229e-08,0
78845,0.99999726,2.7884446e-06,0
78846,0.99999905,9.60859e-07,0
78847,1.0,1.5380643e-08,0
78848,0.9999988,1.1880693e-06,0
78849,1.0,4.930082e-12,0
78850,1.0,2.7203995e-10,0
78851,1.0,1.0052596e-10,0
78852,1.0,3.7041195e-09,0
78853,0.99996436,3.5639863e-05,0
78854,0.9999951,4.838536e-06,0
78855,1.0,5.7143836e-08,0
78856,0.9999999,1.0365801e-07,0
78857,1.0,1.7384882e-09,0
78858,0.9999993,7.325603e-07,0
78859,1.0,5.437112e-09,0
78860,0.9999939,6.0615766e-06,0
78861,0.9999987,1.3391633e-06,0
78862,0.99999964,3.5910074e-07,0
78863,1.0,1.9779563e-11,0
78864,1.0,1.4712177e-09,0
78865,1.0,7.348597e-10,0
78866,1.0,9.975208e-10,0
78867,1.0,8.280234e-10,0
78868,0.9999994,5.94796e-07,0
78869,0.99999917,8.478347e-07,0
78870,0.999998,2.0303667e-06,0
78871,1.0,9.822548e-09,0
78872,1.0,4.8116462e-11,0
78873,1.0,3.7110727e-08,0
78874,0.99999964,4.1690276e-07,0
78875,0.9999999,1.7280068e-07,0
78876,1.0,9.0119184e-10,0
78877,1.0,1.1308967e-11,0
78878,1.0,9.830841e-11,0
78879,1.0,8.893808e-09,0
78880,1.0,2.178093e-08,0
78881,1.0,1.497239e-13,0
78882,1.0,8.6452525e-09,0
78883,1.0,3.0178047e-09,0
78884,1.0,1.14861204e-10,0
78885,0.9999999,1.0614717e-07,0
78886,1.0,1.8404091e-10,0
78887,1.0,1.5228396e-10,0
78888,1.0,7.851709e-09,0
78889,1.0,3.449639e-08,0
78890,1.0,7.870311e-10,0
78891,1.0,7.854299e-09,0
78892,0.9999999,6.0672974e-08,0
78893,1.0,7.163416e-14,0
78894,1.0,1.1965097e-08,0
78895,1.0,1.0586482e-09,0
78896,1.0,9.28185e-09,0
78897,0.9999999,1.6299859e-07,0
78898,0.99999034,9.636178e-06,0
78899,1.0,3.5714443e-19,0
78900,1.0,3.399973e-09,0
78901,0.9999989,1.0137326e-06,0
78902,1.0,3.5947599e-13,0
78903,0.9999999,7.073637e-08,0
78904,0.99999964,3.1730747e-07,0
78905,1.0,4.2933582e-08,0
78906,1.0,2.0366754e-08,0
78907,0.99999964,3.0946234e-07,0
78908,1.0,4.1433502e-08,0
78909,1.0,3.553824e-08,0
78910,1.0,4.0271697e-09,0
78911,1.0,1.5930528e-08,0
78912,1.0,4.396128e-08,0
78913,0.9999974,2.6819437e-06,0
78914,1.0,3.82507e-09,0
78915,1.0,3.7316997e-08,0
78916,1.0,9.29371e-11,0
78917,1.0,2.3495346e-08,0
78918,1.0,5.165665e-09,0
78919,0.9999999,1.4985076e-07,0
78920,0.99999976,2.1207525e-07,0
78921,0.9999993,6.632315e-07,0
78922,1.0,1.8866424e-10,0
78923,1.0,3.780795e-09,0
78924,1.0,1.632776e-12,0
78925,1.0,1.1727407e-08,0
78926,1.0,3.1699878e-09,0
78927,1.0,4.0971962e-08,0
78928,0.99999905,9.452002e-07,0
78929,0.9999881,1.1881216e-05,0
78930,1.0,6.9087946e-10,0
78931,1.0,6.086715e-11,0
78932,0.9999993,7.2723594e-07,0
78933,1.0,1.5858316e-08,0
78934,0.9999999,1.7774916e-07,0
78935,0.99999976,1.9336521e-07,0
78936,1.0,3.8427737e-09,0
78937,1.0,3.4237696e-10,0
78938,0.9999999,1.3324329e-07,0
78939,0.9999994,5.4795277e-07,0
78940,1.0,4.224484e-11,0
78941,1.0,2.7208124e-08,0
78942,0.9999937,6.2832596e-06,0
78943,0.9999931,6.8661852e-06,0
78944,0.99999976,2.802297e-07,0
78945,1.0,3.548456e-10,0
78946,1.0,6.4260153e-09,0
78947,0.9999931,6.906469e-06,0
78948,1.0,6.821045e-09,0
78949,1.0,1.2504081e-09,0
78950,1.0,1.5222952e-08,0
78951,1.0,2.7441635e-10,0
78952,0.9999908,9.182449e-06,0
78953,1.0,3.2277494e-08,0
78954,0.99999917,8.239978e-07,0
78955,1.0,4.281953e-10,0
78956,1.0,5.7724754e-12,0
78957,1.0,3.301778e-09,0
78958,1.0,4.9779036e-08,0
78959,1.0,3.0419025e-09,0
78960,1.0,2.2285002e-11,0
78961,1.0,3.3617226e-08,0
78962,0.9999999,9.3457174e-08,0
78963,1.0,2.9548872e-10,0
78964,0.9999949,5.109351e-06,0
78965,0.99999833,1.6099575e-06,0
78966,0.9999964,3.6077006e-06,0
78967,1.0,1.6807468e-10,0
78968,1.0,7.976298e-09,0
78969,1.0,9.8308695e-09,0
78970,0.99999964,3.8034435e-07,0
78971,0.9999987,1.3705808e-06,0
78972,0.9999962,3.869482e-06,0
78973,1.0,2.9293851e-08,0
78974,1.0,4.4952746e-08,0
78975,0.9999976,2.4232677e-06,0
78976,1.0,1.6294816e-08,0
78977,0.99999785,2.1071676e-06,0
78978,0.99999106,8.89695e-06,0
78979,1.0,1.0166386e-09,0
78980,1.0,3.604393e-09,0
78981,1.0,1.1426494e-09,0
78982,0.9999994,6.186646e-07,0
78983,1.0,5.3614385e-10,0
78984,1.0,1.2287392e-10,0
78985,1.0,6.481225e-12,0
78986,1.0,4.4272165e-13,0
78987,1.0,6.1912227e-13,0
78988,1.0,4.4768623e-11,0
78989,1.0,3.2000953e-09,0
78990,1.0,2.447559e-09,0
78991,1.0,1.2642326e-10,0
78992,1.0,3.831282e-10,0
78993,1.0,7.533148e-09,0
78994,1.0,4.9669414e-11,0
78995,1.0,1.6670111e-11,0
78996,1.0,2.2242845e-10,0
78997,1.0,1.4741411e-10,0
78998,1.0,2.3850474e-11,0
78999,1.0,2.7458233e-10,0
79000,1.0,3.4699156e-13,0
79001,1.0,8.721669e-13,0
79002,1.0,5.451746e-12,0
79003,1.0,1.3087896e-10,0
79004,1.0,2.3138762e-08,0
79005,1.0,2.3627625e-10,0
79006,1.0,9.309762e-12,0
79007,1.0,4.514661e-11,0
79008,1.0,1.305899e-11,0
79009,1.0,2.2138165e-11,0
79010,1.0,2.7383915e-10,0
79011,1.0,2.4918524e-12,0
79012,1.0,1.1137684e-09,0
79013,1.0,6.5584835e-09,0
79014,0.99999976,2.7356387e-07,0
79015,1.0,4.0634756e-11,0
79016,1.0,3.9924657e-11,0
79017,1.0,2.8997706e-09,0
79018,1.0,2.3329219e-09,0
79019,1.0,6.14565e-11,0
79020,1.0,7.5886875e-12,0
79021,1.0,4.891982e-10,0
79022,1.0,5.363297e-11,0
79023,1.0,4.867049e-10,0
79024,1.0,9.111594e-10,0
79025,1.0,4.6847727e-11,0
79026,1.0,5.2373078e-11,0
79027,1.0,1.017328e-11,0
79028,1.0,2.2266732e-11,0
79029,1.0,3.0618873e-12,0
79030,1.0,8.405745e-12,0
79031,1.0,3.8939936e-09,0
79032,1.0,1.0576944e-11,0
79033,1.0,4.695165e-12,0
79034,1.0,2.8377883e-13,0
79035,1.0,2.6156564e-12,0
79036,1.0,9.253372e-13,0
79037,1.0,1.7002979e-08,0
79038,1.0,9.7660005e-09,0
79039,0.99999964,3.3249924e-07,0
79040,0.99999976,2.8064693e-07,0
79041,1.0,2.2789144e-09,0
79042,0.99999976,2.4600996e-07,0
79043,1.0,9.2225824e-11,0
79044,1.0,6.897675e-12,0
79045,1.0,6.938028e-11,0
79046,1.0,4.913518e-10,0
79047,1.0,9.622467e-12,0
79048,1.0,2.7200069e-09,0
79049,1.0,1.2836124e-10,0
79050,1.0,7.6801364e-11,0
79051,1.0,2.763237e-12,0
79052,1.0,8.384709e-11,0
79053,1.0,3.4051112e-10,0
79054,1.0,4.070927e-09,0
79055,1.0,3.34812e-11,0
79056,1.0,5.580708e-13,0
79057,1.0,4.526128e-11,0
79058,1.0,2.5934805e-08,0
79059,1.0,5.707281e-12,0
79060,1.0,4.1952422e-10,0
79061,1.0,1.8944445e-11,0
79062,1.0,2.6089112e-11,0
79063,1.0,6.701903e-11,0
79064,1.0,4.783718e-11,0
79065,1.0,2.3907611e-09,0
79066,1.0,1.2713037e-09,0
79067,1.0,1.535205e-10,0
79068,1.0,3.522546e-11,0
79069,1.0,3.1457836e-11,0
79070,1.0,3.194803e-08,0
79071,0.9999999,1.4318714e-07,0
79072,1.0,2.2375233e-09,0
79073,1.0,1.42659315e-08,0
79074,1.0,1.6427684e-09,0
79075,1.0,3.9589812e-10,0
79076,1.0,7.2464785e-09,0
79077,1.0,2.8226954e-09,0
79078,1.0,1.7300852e-10,0
79079,1.0,2.2279319e-10,0
79080,1.0,8.311187e-09,0
79081,1.0,1.8099704e-09,0
79082,1.0,4.772204e-09,0
79083,1.0,4.5356687e-11,0
79084,0.99999964,3.8702498e-07,0
79085,1.0,1.5561133e-09,0
79086,1.0,1.3602919e-11,0
79087,1.0,2.735859e-10,0
79088,1.0,1.8541458e-11,0
79089,1.0,1.2819877e-10,0
79090,1.0,9.1741287e-10,0
79091,1.0,2.6880843e-11,0
79092,1.0,2.7749386e-10,0
79093,1.0,4.236927e-11,0
79094,1.0,9.458259e-13,0
79095,1.0,1.2574851e-09,0
79096,1.0,1.0454952e-08,0
79097,1.0,5.1212727e-09,0
79098,1.0,3.514349e-09,0
79099,0.9999999,6.119318e-08,0
79100,1.0,3.691236e-08,0
79101,1.0,4.128779e-12,0
79102,1.0,2.1105133e-11,0
79103,1.0,7.861606e-11,0
79104,1.0,1.5884507e-11,0
79105,1.0,1.9897983e-09,0
79106,0.9999989,1.0713728e-06,0
79107,1.0,7.573343e-09,0
79108,1.0,1.1702933e-09,0
79109,1.0,9.654133e-10,0
79110,1.0,1.0282065e-09,0
79111,1.0,2.5440203e-09,0
79112,1.0,9.9676725e-11,0
79113,1.0,4.2844007e-08,0
79114,0.9999995,4.8381577e-07,0
79115,0.9999999,6.079414e-08,0
79116,1.0,5.6665456e-10,0
79117,1.0,1.176519e-10,0
79118,0.9999994,5.4859277e-07,0
79119,1.0,2.7657616e-09,0
79120,1.0,6.7496315e-09,0
79121,1.0,6.932479e-09,0
79122,1.0,8.6094243e-10,0
79123,1.0,2.9988636e-09,0
79124,1.0,4.186751e-11,0
79125,1.0,1.502063e-11,0
79126,1.0,1.5534681e-09,0
79127,1.0,7.650085e-09,0
79128,1.0,2.0241886e-09,0
79129,1.0,2.4108945e-10,0
79130,1.0,2.224027e-09,0
79131,1.0,6.336055e-11,0
79132,1.0,1.1554794e-09,0
79133,1.0,3.6299297e-11,0
79134,1.0,1.2112183e-09,0
79135,1.0,5.3463204e-08,0
79136,1.0,4.0215622e-11,0
79137,1.0,3.4841327e-10,0
79138,1.0,3.232727e-12,0
79139,1.0,3.1964317e-11,0
79140,1.0,3.371992e-15,0
79141,1.0,3.7092343e-11,0
79142,1.0,7.9487555e-11,0
79143,1.0,1.4150505e-09,0
79144,0.9999999,9.386448e-08,0
79145,1.0,1.3180071e-08,0
79146,1.0,1.0592515e-10,0
79147,1.0,1.0899536e-09,0
79148,1.0,3.157697e-08,0
79149,1.0,2.2734778e-10,0
79150,1.0,1.0347687e-11,0
79151,1.0,7.657435e-11,0
79152,0.9999994,6.3769164e-07,0
79153,1.0,1.9057554e-11,0
79154,0.99999964,3.1161446e-07,0
79155,1.0,3.6325114e-12,0
79156,0.9999995,4.3897097e-07,0
79157,0.99999905,9.07902e-07,0
79158,1.0,4.435342e-08,0
79159,1.0,2.762294e-08,0
79160,0.9999989,1.0326831e-06,0
79161,1.0,1.1103026e-09,0
79162,1.0,2.2099469e-08,0
79163,0.9999989,1.0135836e-06,0
79164,0.9999974,2.6055595e-06,0
79165,1.0,4.0518167e-09,0
79166,1.0,7.0579703e-10,0
79167,0.9999999,1.6493397e-07,0
79168,0.9999994,6.184393e-07,0
79169,1.0,2.7389163e-08,0
79170,1.0,4.7366225e-08,0
79171,1.0,1.43557894e-08,0
79172,0.9999995,4.3671741e-07,0
79173,0.9999999,8.478688e-08,0
79174,1.0,1.2343898e-08,0
79175,1.0,3.1849768e-12,0
79176,1.0,1.4388422e-10,0
79177,1.0,7.931478e-14,0
79178,1.0,1.7995266e-09,0
79179,0.99999976,1.8968959e-07,0
79180,1.0,2.8880358e-09,0
79181,1.0,1.098674e-09,0
79182,1.0,1.749758e-10,0
79183,1.0,9.407823e-10,0
79184,1.0,1.3165066e-09,0
79185,1.0,2.7645314e-10,0
79186,1.0,1.8281127e-09,0
79187,1.0,3.6275193e-12,0
79188,1.0,5.9841234e-12,0
79189,1.0,9.6986395e-12,0
79190,1.0,1.9222095e-14,0
79191,1.0,3.566933e-14,0
79192,1.0,5.6366565e-13,0
79193,1.0,2.244805e-11,0
79194,1.0,1.9905165e-12,0
79195,1.0,8.791327e-14,0
79196,1.0,2.292317e-15,0
79197,0.9999999,8.9898485e-08,0
79198,1.0,1.1853922e-09,0
79199,1.0,4.030708e-11,0
79200,1.0,6.460443e-11,0
79201,1.0,3.34058e-11,0
79202,1.0,3.5378945e-13,0
79203,1.0,3.0725013e-11,0
79204,1.0,9.28567e-10,0
79205,1.0,3.6080464e-12,0
79206,1.0,3.5747403e-13,0
79207,1.0,1.944458e-12,0
79208,1.0,2.6943467e-11,0
79209,1.0,1.558679e-10,0
79210,1.0,7.7955475e-11,0
79211,1.0,4.4180892e-13,0
79212,1.0,2.1495516e-14,0
79213,1.0,2.2102322e-13,0
79214,1.0,1.9017567e-12,0
79215,1.0,3.199143e-13,0
79216,1.0,6.3520127e-12,0
79217,0.9999994,6.1155436e-07,0
79218,1.0,1.3433521e-11,0
79219,1.0,9.7832393e-14,0
79220,1.0,2.3456054e-10,0
79221,1.0,1.4951815e-09,0
79222,1.0,1.1585302e-11,0
79223,1.0,1.5252231e-10,0
79224,1.0,1.649849e-13,0
79225,1.0,1.7379882e-12,0
79226,1.0,3.3100835e-12,0
79227,1.0,9.875489e-12,0
79228,0.9999993,7.167831e-07,0
79229,1.0,3.5225073e-10,0
79230,1.0,5.005702e-13,0
79231,1.0,9.109786e-14,0
79232,1.0,3.1086934e-12,0
79233,1.0,1.9385359e-13,0
79234,1.0,7.949384e-13,0
79235,1.0,3.303028e-11,0
79236,1.0,7.992771e-14,0
79237,1.0,7.12518e-14,0
79238,1.0,2.1693863e-08,0
79239,1.0,3.188478e-12,0
79240,1.0,6.086195e-14,0
79241,1.0,1.1887336e-10,0
79242,1.0,3.352283e-13,0
79243,1.0,2.8695603e-12,0
79244,1.0,4.550176e-10,0
79245,1.0,1.0148047e-11,0
79246,1.0,1.0275962e-10,0
79247,1.0,8.462047e-12,0
79248,1.0,4.3074886e-09,0
79249,0.99999905,9.837868e-07,0
79250,1.0,4.4756777e-14,0
79251,1.0,2.6267566e-11,0
79252,1.0,1.15353595e-11,0
79253,1.0,1.3500087e-09,0
79254,1.0,1.6206687e-09,0
79255,1.0,4.470665e-12,0
79256,1.0,8.41476e-12,0
79257,1.0,1.07650535e-13,0
79258,1.0,7.448161e-11,0
79259,1.0,6.530687e-12,0
79260,1.0,2.7071047e-12,0
79261,1.0,3.8175643e-12,0
79262,1.0,1.2071867e-13,0
79263,1.0,6.044666e-13,0
79264,1.0,1.1198016e-15,0
79265,1.0,3.6229832e-12,0
79266,1.0,4.999135e-14,0
79267,1.0,1.5613563e-11,0
79268,0.9999999,1.6988658e-07,0
79269,1.0,1.845426e-13,0
79270,1.0,1.6868318e-11,0
79271,1.0,9.03957e-13,0
79272,1.0,1.5011072e-10,0
79273,0.9999931,6.92141e-06,0
79274,1.0,7.213991e-12,0
79275,1.0,1.0513211e-10,0
79276,1.0,3.8986183e-08,0
79277,1.0,1.2979799e-11,0
79278,0.9999993,7.228197e-07,0
79279,1.0,1.0127357e-11,0
79280,1.0,5.1433194e-12,0
79281,1.0,5.971521e-13,0
79282,1.0,2.6494876e-13,0
79283,1.0,2.6954364e-11,0
79284,1.0,5.9077426e-12,0
79285,1.0,3.8338544e-14,0
79286,1.0,9.168531e-10,0
79287,1.0,3.168639e-13,0
79288,1.0,6.894028e-13,0
79289,1.0,1.0595142e-10,0
79290,1.0,1.3388112e-08,0
79291,1.0,2.8333605e-12,0
79292,0.9999995,4.660658e-07,0
79293,1.0,7.8559846e-11,0
79294,0.9999989,1.0559463e-06,0
79295,1.0,8.391205e-11,0
79296,1.0,2.3758337e-12,0
79297,1.0,3.8630657e-12,0
79298,1.0,2.9965206e-12,0
79299,1.0,5.062395e-11,0
79300,1.0,3.5627278e-12,0
79301,0.9999926,7.4116056e-06,0
79302,1.0,6.8112643e-10,0
79303,1.0,3.2721986e-13,0
79304,1.0,1.2674631e-10,0
79305,1.0,5.681583e-12,0
79306,1.0,1.1165212e-08,0
79307,1.0,7.58559e-12,0
79308,1.0,1.9070017e-12,0
79309,1.0,1.0608234e-12,0
79310,1.0,2.9119515e-10,0
79311,1.0,1.1465917e-10,0
79312,1.0,2.6993696e-13,0
79313,1.0,2.1581359e-12,0
79314,1.0,2.5345695e-10,0
79315,1.0,1.772753e-13,0
79316,1.0,2.0443929e-12,0
79317,1.0,2.5324855e-11,0
79318,1.0,2.7302502e-10,0
79319,1.0,1.6425349e-11,0
79320,1.0,8.469055e-12,0
79321,1.0,4.488833e-11,0
79322,1.0,6.379976e-12,0
79323,1.0,1.4334904e-13,0
79324,1.0,3.3141063e-09,0
79325,1.0,3.9065284e-13,0
79326,1.0,7.4149433e-09,0
79327,1.0,5.6209504e-09,0
79328,1.0,2.6371466e-12,0
79329,1.0,1.5534666e-11,0
79330,1.0,6.520036e-11,0
79331,1.0,9.23952e-11,0
79332,1.0,7.639412e-09,0
79333,1.0,3.2713218e-11,0
79334,0.9999999,1.1754799e-07,0
79335,1.0,4.0476723e-11,0
79336,1.0,5.313796e-09,0
79337,1.0,1.3428007e-12,0
79338,1.0,1.8187128e-08,0
79339,1.0,1.3255369e-13,0
79340,1.0,5.4026147e-13,0
79341,1.0,3.348377e-10,0
79342,1.0,1.025506e-12,0
79343,1.0,1.1809471e-08,0
79344,1.0,3.278891e-12,0
79345,1.0,2.106289e-09,0
79346,1.0,1.4311992e-08,0
79347,0.9999999,1.1868752e-07,0
79348,1.0,2.7064996e-13,0
79349,1.0,1.5538362e-12,0
79350,1.0,9.441293e-10,0
79351,1.0,2.1804455e-12,0
79352,1.0,4.164127e-10,0
79353,1.0,3.5612215e-11,0
79354,1.0,4.6298246e-10,0
79355,0.9999999,6.025308e-08,0
79356,1.0,3.5669812e-10,0
79357,1.0,1.0409623e-08,0
79358,0.99999964,3.0665055e-07,0
79359,1.0,2.8409148e-12,0
79360,1.0,1.9533537e-08,0
79361,1.0,6.6750464e-12,0
79362,1.0,3.1696025e-08,0
79363,1.0,1.8336187e-10,0
79364,1.0,5.9645755e-10,0
79365,0.99999845,1.5429939e-06,0
79366,1.0,1.0286695e-09,0
79367,1.0,2.3411793e-11,0
79368,1.0,6.159397e-13,0
79369,1.0,2.977989e-10,0
79370,0.9999995,4.801386e-07,0
79371,1.0,4.2299827e-11,0
79372,1.0,1.4742682e-13,0
79373,1.0,1.8158332e-11,0
79374,1.0,1.5740788e-08,0
79375,1.0,1.4209681e-13,0
79376,0.9999999,1.744517e-07,0
79377,1.0,1.7410507e-12,0
79378,1.0,4.5985205e-10,0
79379,0.9999999,7.032687e-08,0
79380,1.0,1.9847854e-11,0
79381,1.0,1.2081404e-09,0
79382,1.0,2.8579098e-08,0
79383,1.0,2.8882597e-14,0
79384,0.9999988,1.1500993e-06,0
79385,1.0,3.2755318e-10,0
79386,1.0,9.828816e-11,0
79387,1.0,1.3339051e-11,0
79388,1.0,3.2657563e-10,0
79389,1.0,1.8222944e-10,0
79390,1.0,2.4752862e-09,0
79391,0.9999999,1.4860252e-07,0
79392,1.0,9.971945e-12,0
79393,1.0,7.504212e-12,0
79394,1.0,2.7873567e-10,0
79395,1.0,1.4060062e-12,0
79396,1.0,7.5829005e-12,0
79397,1.0,3.9962603e-11,0
79398,1.0,7.856411e-13,0
79399,0.9999993,6.9160257e-07,0
79400,1.0,1.8123651e-12,0
79401,1.0,6.151051e-09,0
79402,1.0,1.0785323e-12,0
79403,1.0,3.471324e-10,0
79404,1.0,7.9414735e-13,0
79405,1.0,3.6929976e-15,0
79406,1.0,5.3966824e-13,0
79407,1.0,7.883912e-09,0
79408,0.99999964,3.6448938e-07,0
79409,1.0,2.235532e-12,0
79410,1.0,5.5061518e-11,0
79411,1.0,1.226029e-09,0
79412,1.0,4.4881723e-08,0
79413,1.0,9.309038e-11,0
79414,1.0,1.1604582e-08,0
79415,0.9999999,1.4342166e-07,0
79416,1.0,2.671e-14,0
79417,1.0,4.666966e-13,0
79418,1.0,4.089098e-09,0
79419,1.0,6.551041e-14,0
79420,1.0,1.9127522e-10,0
79421,0.9999989,1.0955796e-06,0
79422,1.0,2.2680604e-13,0
79423,1.0,8.261619e-10,0
79424,0.99999976,2.707447e-07,0
79425,0.9999999,8.961686e-08,0
79426,1.0,2.7244942e-08,0
79427,0.9999988,1.1437356e-06,0
79428,0.99999976,1.9622175e-07,0
79429,1.0,1.3829672e-09,0
79430,1.0,4.849924e-10,0
79431,1.0,4.3956582e-08,0
79432,1.0,3.807419e-09,0
79433,1.0,4.8098407e-14,0
79434,1.0,1.6371527e-14,0
79435,0.9999862,1.3809147e-05,0
79436,1.0,5.9477896e-12,0
79437,1.0,1.8858965e-11,0
79438,0.9999999,7.267812e-08,0
79439,1.0,9.47584e-14,0
79440,1.0,8.158118e-09,0
79441,1.0,4.3997805e-10,0
79442,1.0,1.0310382e-13,0
79443,1.0,6.6011315e-12,0
79444,1.0,1.1077901e-08,0
79445,1.0,6.2695786e-14,0
79446,1.0,1.209427e-09,0
79447,1.0,2.888717e-14,0
79448,1.0,1.7767423e-11,0
79449,1.0,3.7981762e-10,0
79450,1.0,2.0105173e-09,0
79451,1.0,3.5457498e-10,0
79452,1.0,1.9220271e-13,0
79453,1.0,9.886759e-12,0
79454,1.0,8.48943e-09,0
79455,1.0,4.9602197e-11,0
79456,1.0,1.760502e-12,0
79457,1.0,4.1584618e-13,0
79458,1.0,1.19770255e-14,0
79459,1.0,3.1761367e-09,0
79460,1.0,3.6569206e-11,0
79461,0.9999999,8.100411e-08,0
79462,0.9999988,1.1734139e-06,0
79463,1.0,1.5682986e-11,0
79464,1.0,3.8735296e-11,0
79465,1.0,4.679644e-12,0
79466,0.99999976,2.3715292e-07,0
79467,1.0,1.3381959e-12,0
79468,1.0,8.056942e-12,0
79469,0.99999976,2.4969015e-07,0
79470,1.0,5.14808e-12,0
79471,0.99999976,2.4474724e-07,0
79472,1.0,1.3828181e-11,0
79473,1.0,1.6045592e-11,0
79474,1.0,1.371758e-12,0
79475,1.0,1.6891642e-13,0
79476,1.0,2.6966589e-12,0
79477,1.0,1.7668011e-10,0
79478,1.0,9.2258146e-12,0
79479,1.0,1.0325734e-09,0
79480,1.0,1.1923967e-13,0
79481,0.9999999,6.79277e-08,0
79482,1.0,1.4016009e-13,0
79483,1.0,3.6568966e-09,0
79484,1.0,1.834369e-12,0
79485,1.0,3.4667533e-13,0
79486,1.0,7.7362535e-15,0
79487,1.0,3.893438e-12,0
79488,0.9999999,1.6367385e-07,0
79489,1.0,1.9526793e-12,0
79490,1.0,8.763469e-14,0
79491,1.0,1.6429665e-12,0
79492,1.0,6.730541e-09,0
79493,1.0,4.7895063e-11,0
79494,1.0,5.829829e-14,0
79495,1.0,1.0570487e-08,0
79496,1.0,2.9853123e-11,0
79497,1.0,2.5803114e-08,0
79498,1.0,1.4379631e-08,0
79499,0.9999995,4.968238e-07,0
79500,1.0,2.7267114e-10,0
79501,1.0,5.949886e-13,0
79502,1.0,3.5495815e-09,0
79503,1.0,7.244951e-11,0
79504,0.9999999,1.5695076e-07,0
79505,0.9999999,1.0084816e-07,0
79506,0.9999995,4.6916202e-07,0
79507,0.9999999,9.758035e-08,0
79508,0.99999964,4.086216e-07,0
79509,1.0,4.097309e-10,0
79510,1.0,5.2819075e-08,0
79511,1.0,5.1501225e-12,0
79512,1.0,2.7447369e-08,0
79513,1.0,2.4314135e-09,0
79514,1.0,1.7099796e-12,0
79515,1.0,2.0439993e-08,0
79516,0.99999964,3.494566e-07,0
79517,1.0,6.155065e-09,0
79518,1.0,1.9315099e-08,0
79519,0.99999714,2.8981135e-06,0
79520,1.0,1.9043656e-13,0
79521,1.0,5.940548e-11,0
79522,1.0,6.162089e-09,0
79523,0.99999976,2.7546503e-07,0
79524,1.0,8.776396e-11,0
79525,1.0,6.4897254e-11,0
79526,1.0,3.7772146e-08,0
79527,1.0,5.5618044e-09,0
79528,1.0,1.4944074e-11,0
79529,0.9999981,1.9275794e-06,0
79530,1.0,9.0268165e-10,0
79531,1.0,1.0628108e-11,0
79532,1.0,5.4554017e-10,0
79533,1.0,1.7679454e-12,0
79534,1.0,4.412355e-09,0
79535,1.0,1.1447638e-08,0
79536,0.9999999,9.903557e-08,0
79537,0.9999994,6.156535e-07,0
79538,0.99999976,1.7912205e-07,0
79539,1.0,1.5733411e-11,0
79540,0.9999999,1.1505103e-07,0
79541,1.0,1.2124526e-09,0
79542,0.9999949,5.1696775e-06,0
79543,1.0,7.078498e-15,0
79544,1.0,7.593622e-09,0
79545,0.9999994,6.014848e-07,0
79546,1.0,2.5455514e-11,0
79547,0.9999994,5.9316176e-07,0
79548,1.0,1.4203519e-11,0
79549,1.0,3.250616e-11,0
79550,0.9999993,6.9508184e-07,0
79551,0.9999993,7.7350694e-07,0
79552,1.0,9.616537e-09,0
79553,0.9999999,7.8219806e-08,0
79554,1.0,1.6601811e-09,0
79555,1.0,1.7851013e-08,0
79556,1.0,5.532383e-12,0
79557,0.99999833,1.6997391e-06,0
79558,0.9999995,4.2555737e-07,0
79559,0.9999968,3.2006392e-06,0
79560,1.0,1.5546803e-13,0
79561,1.0,1.15737565e-10,0
79562,0.99999964,4.0168158e-07,0
79563,1.0,2.4886525e-11,0
79564,0.9999993,7.410591e-07,0
79565,0.9999989,1.1185609e-06,0
79566,1.0,2.3021706e-12,0
79567,1.0,3.848025e-13,0
79568,0.99999976,1.9508522e-07,0
79569,1.0,1.2128776e-10,0
79570,1.0,1.2317744e-08,0
79571,1.0,2.982781e-10,0
79572,1.0,4.966606e-09,0
79573,0.999997,3.002551e-06,0
79574,0.9999999,7.6038575e-08,0
79575,1.0,3.1940867e-14,0
79576,1.0,7.893402e-14,0
79577,0.9999989,1.0212606e-06,0
79578,0.9999988,1.1897984e-06,0
79579,1.0,5.250303e-10,0
79580,1.0,8.806673e-09,0
79581,1.0,8.71098e-09,0
79582,1.0,1.9345081e-11,0
79583,0.99999833,1.6207922e-06,0
79584,0.99999213,7.827494e-06,0
79585,1.0,5.8528815e-10,0
79586,1.0,1.8533619e-10,0
79587,1.0,2.8203182e-08,0
79588,1.0,3.7442387e-09,0
79589,1.0,4.2743076e-10,0
79590,1.0,9.562997e-13,0
79591,1.0,1.3046524e-10,0
79592,1.0,4.0547565e-08,0
79593,1.0,1.4268801e-10,0
79594,1.0,8.8259217e-10,0
79595,1.0,2.2995824e-11,0
79596,0.9999999,6.8041814e-08,0
79597,1.0,1.871384e-08,0
79598,0.9999962,3.7724737e-06,0
79599,1.0,1.7146622e-13,0
79600,0.9999995,4.7460097e-07,0
79601,1.0,1.2279941e-10,0
79602,0.9999999,8.0590794e-08,0
79603,1.0,8.506018e-11,0
79604,0.9999995,4.3195192e-07,0
79605,1.0,1.574361e-08,0
79606,0.99999845,1.5867339e-06,0
79607,1.0,6.713165e-10,0
79608,1.0,4.7249954e-10,0
79609,1.0,3.3846173e-10,0
79610,1.0,6.367494e-11,0
79611,0.9999987,1.2665082e-06,0
79612,0.9999974,2.6587693e-06,0
79613,0.99999964,3.769493e-07,0
79614,1.0,8.5497e-09,0
79615,0.99999774,2.2303207e-06,0
79616,1.0,6.9466948e-09,0
79617,0.9999974,2.5841193e-06,0
79618,0.9999987,1.2798753e-06,0
79619,1.0,1.0797097e-12,0
79620,1.0,8.050648e-11,0
79621,0.9999999,6.368195e-08,0
79622,1.0,5.69659e-12,0
79623,1.0,4.2031872e-10,0
79624,1.0,1.4782583e-09,0
79625,1.0,8.7782254e-10,0
79626,1.0,5.4552224e-11,0
79627,1.0,5.4806486e-11,0
79628,1.0,1.4734978e-13,0
79629,1.0,2.3552832e-11,0
79630,1.0,8.287593e-11,0
79631,1.0,3.0434665e-11,0
79632,1.0,9.619723e-14,0
79633,1.0,6.972839e-11,0
79634,1.0,3.034132e-13,0
79635,1.0,3.6730788e-13,0
79636,1.0,2.277692e-14,0
79637,1.0,5.4033774e-13,0
79638,1.0,3.8097138e-13,0
79639,0.99999964,3.2892464e-07,0
79640,1.0,1.0105052e-11,0
79641,1.0,5.062786e-09,0
79642,1.0,8.5636e-10,0
79643,1.0,1.8131148e-09,0
79644,0.9999999,1.6177948e-07,0
79645,1.0,4.6836695e-09,0
79646,0.99999905,9.730303e-07,0
79647,1.0,2.1592786e-10,0
79648,1.0,8.6571444e-10,0
79649,1.0,1.0890839e-11,0
79650,1.0,9.419057e-11,0
79651,1.0,2.8801557e-11,0
79652,1.0,3.150799e-10,0
79653,1.0,1.961027e-10,0
79654,1.0,8.717342e-10,0
79655,1.0,6.771575e-10,0
79656,1.0,5.528549e-10,0
79657,1.0,2.0152523e-08,0
79658,0.99999964,3.134768e-07,0
79659,1.0,3.1355671e-09,0
79660,1.0,1.0682972e-09,0
79661,1.0,3.4938054e-08,0
79662,1.0,5.2974597e-10,0
79663,1.0,2.3879414e-08,0
79664,1.0,1.2908369e-08,0
79665,1.0,8.223699e-10,0
79666,0.99999976,2.5382693e-07,0
79667,1.0,4.515822e-08,0
79668,1.0,7.911283e-09,0
79669,0.99999964,3.2330547e-07,0
79670,1.0,2.0833803e-11,0
79671,0.9999988,1.2393745e-06,0
79672,0.99999774,2.21045e-06,0
79673,1.0,1.7553078e-09,0
79674,1.0,7.410549e-12,0
79675,1.0,8.889681e-14,0
79676,1.0,2.3108142e-09,0
79677,1.0,1.7856826e-09,0
79678,1.0,3.4714234e-10,0
79679,0.99999964,4.12867e-07,0
79680,1.0,4.9103e-08,0
79681,1.0,3.9888643e-08,0
79682,0.9999999,6.201733e-08,0
79683,1.0,3.268492e-10,0
79684,1.0,1.5086453e-09,0
79685,1.0,1.5016914e-10,0
79686,0.9999999,8.771556e-08,0
79687,1.0,6.446341e-10,0
79688,1.0,1.4681349e-12,0
79689,1.0,4.1161666e-12,0
79690,1.0,5.1866363e-12,0
79691,1.0,2.4304731e-12,0
79692,1.0,2.6578925e-11,0
79693,1.0,2.9612512e-10,0
79694,1.0,8.236661e-11,0
79695,1.0,7.065132e-11,0
79696,1.0,2.6604765e-13,0
79697,1.0,5.1120403e-13,0
79698,1.0,6.5004764e-12,0
79699,1.0,2.9304577e-12,0
79700,1.0,1.3513818e-09,0
79701,1.0,1.135016e-10,0
79702,1.0,3.8465556e-10,0
79703,1.0,1.0073833e-12,0
79704,1.0,1.627374e-10,0
79705,1.0,1.0757188e-10,0
79706,1.0,2.494479e-11,0
79707,1.0,1.0368679e-09,0
79708,1.0,2.026163e-12,0
79709,1.0,1.6987735e-09,0
79710,1.0,1.2320405e-11,0
79711,1.0,3.0573023e-11,0
79712,1.0,2.6810154e-13,0
79713,1.0,8.590557e-11,0
79714,1.0,3.3758247e-09,0
79715,1.0,4.237675e-09,0
79716,1.0,1.3474766e-10,0
79717,1.0,1.1925487e-10,0
79718,1.0,1.14574465e-08,0
79719,1.0,5.4048926e-13,0
79720,1.0,6.5572325e-13,0
79721,1.0,8.251024e-13,0
79722,1.0,8.997093e-11,0
79723,1.0,6.353897e-10,0
79724,1.0,4.447723e-10,0
79725,1.0,7.902984e-10,0
79726,1.0,6.268912e-13,0
79727,1.0,3.1761185e-09,0
79728,1.0,1.6173042e-11,0
79729,1.0,1.9946307e-10,0
79730,1.0,7.871659e-11,0
79731,1.0,1.1046425e-11,0
79732,1.0,3.3104354e-13,0
79733,1.0,1.1712373e-10,0
79734,1.0,1.2256087e-08,0
79735,1.0,2.8541047e-10,0
79736,1.0,7.93751e-12,0
79737,1.0,2.4651658e-09,0
79738,1.0,4.371736e-12,0
79739,1.0,2.834066e-10,0
79740,1.0,1.0440951e-10,0
79741,1.0,5.85841e-10,0
79742,1.0,1.4094667e-09,0
79743,1.0,4.1269566e-10,0
79744,0.99999976,1.8054689e-07,0
79745,1.0,3.8921946e-10,0
79746,0.99999976,2.3985504e-07,0
79747,0.9999993,7.136366e-07,0
79748,1.0,1.3158489e-09,0
79749,1.0,1.0814828e-11,0
79750,1.0,3.481605e-08,0
79751,1.0,2.239186e-11,0
79752,1.0,2.1818353e-08,0
79753,0.99999833,1.6899054e-06,0
79754,1.0,9.590073e-12,0
79755,1.0,1.4295123e-09,0
79756,1.0,2.399833e-10,0
79757,1.0,5.2778637e-10,0
79758,1.0,2.6056093e-11,0
79759,1.0,5.4895655e-10,0
79760,1.0,1.5896692e-11,0
79761,1.0,2.3532457e-10,0
79762,1.0,8.371226e-10,0
79763,1.0,2.8241509e-08,0
79764,1.0,1.3135813e-10,0
79765,1.0,6.2707124e-11,0
79766,1.0,1.7268816e-09,0
79767,1.0,3.1413268e-12,0
79768,1.0,1.09965044e-10,0
79769,1.0,1.3076311e-11,0
79770,1.0,1.081814e-09,0
79771,1.0,3.59174e-08,0
79772,1.0,4.6918575e-10,0
79773,1.0,1.9859905e-10,0
79774,1.0,2.5224792e-10,0
79775,0.9999995,4.7121577e-07,0
79776,0.99999607,3.9518145e-06,0
79777,0.9999995,4.478808e-07,0
79778,1.0,6.598928e-12,0
79779,1.0,1.4496057e-16,0
79780,1.0,5.003564e-13,0
79781,1.0,1.9520818e-10,0
79782,1.0,1.4142167e-09,0
79783,0.9999999,6.010364e-08,0
79784,1.0,4.9788817e-08,0
79785,1.0,1.7351837e-11,0
79786,0.9999999,1.0562449e-07,0
79787,0.9999999,9.1028994e-08,0
79788,1.0,1.04701074e-10,0
79789,1.0,5.6376996e-09,0
79790,0.9999999,1.4116041e-07,0
79791,0.9999999,1.3658973e-07,0
79792,1.0,4.4146357e-13,0
79793,1.0,2.5275865e-08,0
79794,1.0,5.0937428e-09,0
79795,1.0,4.5111082e-10,0
79796,1.0,2.3390436e-09,0
79797,1.0,1.8144995e-08,0
79798,1.0,4.467708e-08,0
79799,1.0,6.6304167e-09,0
79800,1.0,2.3455116e-10,0
79801,1.0,2.920554e-08,0
79802,1.0,2.6821726e-12,0
79803,1.0,1.1860701e-10,0
79804,1.0,6.0300196e-09,0
79805,1.0,3.7780323e-10,0
79806,1.0,9.632952e-12,0
79807,1.0,1.5565045e-10,0
79808,1.0,2.859443e-11,0
79809,1.0,7.756312e-09,0
79810,1.0,1.2823001e-11,0
79811,1.0,5.0703046e-09,0
79812,0.9999999,6.7852596e-08,0
79813,0.99999917,8.242863e-07,0
79814,1.0,1.5952413e-09,0
79815,1.0,6.225133e-10,0
79816,1.0,2.276983e-11,0
79817,0.99999964,3.2554738e-07,0
79818,1.0,4.5259622e-08,0
79819,1.0,1.7036381e-08,0
79820,0.9999995,4.6489697e-07,0
79821,1.0,4.2334683e-08,0
79822,1.0,1.978317e-09,0
79823,1.0,5.3237727e-11,0
79824,1.0,4.7132787e-09,0
79825,1.0,4.3255127e-08,0
79826,1.0,1.1889603e-10,0
79827,1.0,2.8511868e-11,0
79828,1.0,8.2271345e-10,0
79829,1.0,1.7750978e-09,0
79830,1.0,7.6449505e-09,0
79831,0.9999994,6.1993023e-07,0
79832,1.0,8.6310665e-09,0
79833,1.0,1.5478723e-09,0
79834,1.0,3.28698e-09,0
79835,1.0,7.80469e-09,0
79836,1.0,1.4115914e-10,0
79837,1.0,5.3489513e-12,0
79838,0.9999999,1.5722867e-07,0
79839,1.0,1.3074479e-09,0
79840,1.0,3.611675e-12,0
79841,1.0,3.092419e-12,0
79842,1.0,4.2884385e-12,0
79843,1.0,2.141384e-10,0
79844,1.0,5.320127e-08,0
79845,1.0,6.034976e-10,0
79846,1.0,4.3996248e-12,0
79847,0.9999999,7.520632e-08,0
79848,0.9999999,1.0496195e-07,0
79849,1.0,5.1406522e-12,0
79850,1.0,3.385106e-11,0
79851,1.0,1.4627005e-13,0
79852,0.9999999,8.924008e-08,0
79853,1.0,8.852538e-11,0
79854,1.0,3.1461905e-08,0
79855,1.0,2.7279041e-09,0
79856,1.0,7.4156715e-11,0
79857,0.99999917,7.974527e-07,0
79858,1.0,1.3416544e-11,0
79859,1.0,3.9480343e-09,0
79860,1.0,6.006774e-09,0
79861,0.9999999,6.55106e-08,0
79862,1.0,3.3302854e-08,0
79863,0.99999905,9.224967e-07,0
79864,1.0,1.1179387e-11,0
79865,1.0,8.599732e-12,0
79866,1.0,8.1266217e-13,0
79867,1.0,7.1813996e-12,0
79868,1.0,4.7540812e-12,0
79869,1.0,2.564467e-13,0
79870,1.0,2.3302798e-13,0
79871,1.0,7.524683e-11,0
79872,1.0,1.19686e-10,0
79873,1.0,1.2178713e-13,0
79874,1.0,2.1126934e-10,0
79875,1.0,7.229887e-12,0
79876,1.0,4.9425813e-10,0
79877,1.0,7.742753e-10,0
79878,1.0,1.3462286e-13,0
79879,1.0,4.035389e-09,0
79880,1.0,3.28965e-14,0
79881,1.0,8.499588e-09,0
79882,1.0,1.05168214e-10,0
79883,1.0,4.2725016e-12,0
79884,1.0,2.4643063e-12,0
79885,1.0,6.7385914e-10,0
79886,1.0,7.000187e-10,0
79887,1.0,6.158816e-11,0
79888,1.0,1.2701403e-09,0
79889,1.0,3.0123712e-12,0
79890,1.0,4.7258647e-12,0
79891,1.0,3.381973e-13,0
79892,1.0,1.2253246e-10,0
79893,1.0,9.210267e-13,0
79894,1.0,1.0792711e-12,0
79895,1.0,1.2920474e-10,0
79896,1.0,6.9458367e-12,0
79897,1.0,2.650333e-12,0
79898,1.0,6.041992e-13,0
79899,1.0,3.785693e-10,0
79900,1.0,2.2288393e-08,0
79901,1.0,1.04731425e-10,0
79902,1.0,1.0624757e-12,0
79903,1.0,4.6208152e-11,0
79904,1.0,1.1803366e-12,0
79905,1.0,8.997362e-12,0
79906,1.0,7.6607665e-11,0
79907,1.0,1.8962928e-10,0
79908,1.0,1.4698566e-10,0
79909,1.0,2.5989894e-10,0
79910,1.0,4.6921995e-09,0
79911,1.0,1.3041272e-10,0
79912,1.0,1.0451272e-10,0
79913,1.0,5.193511e-10,0
79914,1.0,7.3535076e-09,0
79915,1.0,8.3402035e-12,0
79916,1.0,1.8455253e-12,0
79917,1.0,6.7082685e-12,0
79918,1.0,2.5689097e-11,0
79919,1.0,5.542649e-12,0
79920,0.99999976,2.2623419e-07,0
79921,1.0,1.3397085e-11,0
79922,1.0,1.2536091e-11,0
79923,1.0,1.5534324e-13,0
79924,1.0,1.1991163e-12,0
79925,1.0,3.6094506e-12,0
79926,1.0,2.8513143e-13,0
79927,1.0,2.3718902e-12,0
79928,1.0,6.2776315e-14,0
79929,1.0,1.5589051e-10,0
79930,1.0,3.9215545e-10,0
79931,1.0,3.3144173e-12,0
79932,1.0,2.2573928e-12,0
79933,1.0,5.564406e-12,0
79934,1.0,3.7117713e-13,0
79935,0.9999995,4.3254425e-07,0
79936,1.0,3.136475e-10,0
79937,1.0,2.4061214e-10,0
79938,1.0,2.7745216e-13,0
79939,1.0,1.1796665e-11,0
79940,1.0,7.3998956e-13,0
79941,1.0,9.1850894e-10,0
79942,1.0,4.4517922e-12,0
79943,1.0,2.0110573e-10,0
79944,0.9999999,1.1571279e-07,0
79945,1.0,7.735152e-10,0
79946,1.0,4.5132123e-12,0
79947,1.0,2.0369275e-12,0
79948,1.0,9.746404e-13,0
79949,0.99999726,2.7765066e-06,0
79950,1.0,4.1119545e-15,0
79951,1.0,2.6143796e-12,0
79952,1.0,2.9399417e-12,0
79953,1.0,1.2290158e-10,0
79954,1.0,2.1241704e-12,0
79955,1.0,1.9522652e-09,0
79956,1.0,1.5693474e-09,0
79957,1.0,1.065802e-09,0
79958,1.0,2.637836e-12,0
79959,1.0,4.3864384e-11,0
79960,1.0,1.4712519e-12,0
79961,1.0,8.202417e-12,0
79962,1.0,4.337488e-10,0
79963,1.0,5.0946016e-15,0
79964,1.0,1.0888667e-13,0
79965,1.0,6.5480247e-12,0
79966,1.0,1.2005169e-12,0
79967,1.0,7.4815104e-10,0
79968,1.0,3.97079e-12,0
79969,1.0,7.918155e-12,0
79970,1.0,1.7907389e-11,0
79971,0.99999976,2.1611024e-07,0
79972,1.0,4.269667e-12,0
79973,1.0,8.770297e-09,0
79974,1.0,1.8187716e-12,0
79975,1.0,2.683841e-12,0
79976,1.0,7.967611e-14,0
79977,1.0,3.7279766e-13,0
79978,1.0,8.8800895e-14,0
79979,1.0,1.3071368e-12,0
79980,1.0,1.4663949e-11,0
79981,1.0,1.7773466e-10,0
79982,1.0,2.2066257e-10,0
79983,1.0,5.739162e-10,0
79984,1.0,4.4169794e-12,0
79985,1.0,1.2604464e-12,0
79986,1.0,6.4400485e-10,0
79987,1.0,1.7886686e-13,0
79988,1.0,1.0026065e-12,0
79989,1.0,2.1374125e-11,0
79990,1.0,2.8978712e-11,0
79991,1.0,9.81411e-15,0
79992,1.0,7.064872e-12,0
79993,1.0,7.125762e-11,0
79994,0.99999976,2.3064347e-07,0
79995,1.0,7.5524114e-13,0
79996,1.0,3.206778e-10,0
79997,1.0,9.815684e-11,0
79998,1.0,4.9637596e-11,0
79999,1.0,4.380018e-11,0
80000,1.0,7.676442e-12,0
80001,1.0,2.8713754e-10,0
80002,1.0,1.0695124e-09,0
80003,1.0,1.3300131e-11,0
80004,1.0,2.4073898e-09,0
80005,1.0,6.533145e-11,0
80006,1.0,3.4778852e-10,0
80007,1.0,7.4813496e-11,0
80008,1.0,4.596391e-13,0
80009,1.0,1.08841e-09,0
80010,0.99999964,3.6311337e-07,0
80011,1.0,1.4568868e-13,0
80012,1.0,1.4716127e-10,0
80013,1.0,7.4796546e-14,0
80014,1.0,3.2199764e-12,0
80015,1.0,3.5979e-14,0
80016,1.0,2.787096e-10,0
80017,1.0,1.4369958e-11,0
80018,0.99999976,2.5939536e-07,0
80019,1.0,4.9761607e-14,0
80020,1.0,1.7166569e-11,0
80021,1.0,1.4961007e-12,0
80022,1.0,6.997888e-11,0
80023,1.0,1.34094e-12,0
80024,1.0,4.924471e-12,0
80025,1.0,6.2997923e-12,0
80026,1.0,2.6731475e-09,0
80027,1.0,3.956365e-12,0
80028,1.0,2.4025651e-12,0
80029,1.0,1.3544091e-12,0
80030,1.0,1.703585e-13,0
80031,0.99999976,1.972501e-07,0
80032,1.0,1.2688648e-08,0
80033,1.0,9.5451674e-11,0
80034,1.0,1.6653983e-09,0
80035,1.0,4.913736e-09,0
80036,1.0,2.7001405e-14,0
80037,1.0,8.9511516e-11,0
80038,1.0,3.0297715e-13,0
80039,1.0,6.863835e-10,0
80040,1.0,1.2239243e-12,0
80041,1.0,5.3385064e-11,0
80042,1.0,1.8607603e-11,0
80043,1.0,1.2224183e-10,0
80044,1.0,2.237853e-12,0
80045,1.0,3.194664e-11,0
80046,1.0,1.316904e-08,0
80047,1.0,3.9311445e-08,0
80048,1.0,3.1648857e-11,0
80049,1.0,5.936057e-13,0
80050,1.0,2.8094018e-09,0
80051,1.0,6.3767005e-09,0
80052,1.0,3.064517e-08,0
80053,1.0,1.3157377e-10,0
80054,1.0,7.137674e-12,0
80055,1.0,5.351418e-13,0
80056,1.0,7.523688e-12,0
80057,1.0,1.436034e-11,0
80058,1.0,1.1365334e-12,0
80059,1.0,2.4076915e-10,0
80060,1.0,1.6913283e-12,0
80061,1.0,2.255139e-11,0
80062,1.0,5.2976445e-09,0
80063,1.0,1.6745908e-13,0
80064,1.0,8.1398544e-13,0
80065,1.0,1.017151e-12,0
80066,1.0,3.0344838e-10,0
80067,1.0,1.6836295e-12,0
80068,1.0,9.378145e-12,0
80069,1.0,1.6784435e-10,0
80070,1.0,6.952274e-13,0
80071,1.0,8.835336e-14,0
80072,1.0,4.4001264e-13,0
80073,1.0,7.413649e-11,0
80074,1.0,5.1472184e-11,0
80075,1.0,2.0052474e-13,0
80076,1.0,2.5792812e-13,0
80077,1.0,2.7722285e-11,0
80078,1.0,4.5625296e-12,0
80079,1.0,2.9191222e-12,0
80080,1.0,6.804165e-13,0
80081,1.0,9.758932e-15,0
80082,1.0,1.0278088e-12,0
80083,1.0,8.4877445e-13,0
80084,1.0,1.067001e-11,0
80085,1.0,5.1475395e-12,0
80086,1.0,4.350714e-09,0
80087,1.0,2.9688185e-10,0
80088,1.0,9.462101e-13,0
80089,1.0,3.7339235e-14,0
80090,1.0,1.0775525e-14,0
80091,1.0,1.08742175e-10,0
80092,1.0,5.934048e-11,0
80093,1.0,7.275225e-14,0
80094,0.99999726,2.7855158e-06,0
80095,1.0,5.189523e-13,0
80096,1.0,9.3015484e-11,0
80097,1.0,9.390505e-10,0
80098,1.0,2.0019126e-08,0
80099,1.0,4.3398733e-09,0
80100,1.0,1.706365e-10,0
80101,1.0,8.193219e-13,0
80102,1.0,2.1989442e-11,0
80103,1.0,1.5847422e-09,0
80104,1.0,2.0569553e-09,0
80105,1.0,6.5708446e-12,0
80106,1.0,2.0835871e-11,0
80107,1.0,2.5358485e-12,0
80108,1.0,3.8308287e-10,0
80109,1.0,1.2742599e-10,0
80110,1.0,3.322749e-11,0
80111,1.0,9.620815e-12,0
80112,1.0,3.045008e-13,0
80113,1.0,4.1779538e-14,0
80114,1.0,4.2824248e-11,0
80115,1.0,3.5431754e-13,0
80116,1.0,1.2892976e-14,0
80117,1.0,9.532736e-12,0
80118,1.0,1.5961952e-11,0
80119,1.0,2.7434896e-13,0
80120,1.0,4.3521824e-13,0
80121,1.0,7.4727495e-11,0
80122,1.0,2.8547876e-12,0
80123,1.0,8.3656077e-10,0
80124,1.0,1.3767435e-08,0
80125,1.0,4.9943627e-13,0
80126,1.0,9.940336e-14,0
80127,1.0,4.958843e-13,0
80128,1.0,6.359844e-12,0
80129,1.0,5.46018e-10,0
80130,1.0,5.1045474e-13,0
80131,1.0,9.598798e-09,0
80132,1.0,2.9936526e-12,0
80133,1.0,6.412666e-10,0
80134,1.0,2.2102977e-11,0
80135,1.0,3.049033e-11,0
80136,1.0,8.276942e-12,0
80137,1.0,4.7290454e-13,0
80138,1.0,1.7675148e-11,0
80139,1.0,3.6710214e-12,0
80140,1.0,2.2088237e-10,0
80141,1.0,4.0046154e-11,0
80142,1.0,8.210439e-10,0
80143,1.0,1.2752707e-11,0
80144,1.0,5.514176e-13,0
80145,1.0,2.0481877e-11,0
80146,1.0,1.0632026e-10,0
80147,1.0,6.725958e-13,0
80148,1.0,8.3720886e-10,0
80149,1.0,2.576895e-14,0
80150,1.0,1.2584916e-11,0
80151,1.0,3.2135004e-14,0
80152,1.0,3.951569e-12,0
80153,1.0,1.6838808e-11,0
80154,1.0,2.773507e-12,0
80155,1.0,8.2399006e-14,0
80156,1.0,1.8936797e-10,0
80157,1.0,5.5510596e-12,0
80158,1.0,3.73189e-09,0
80159,0.99999917,8.031532e-07,0
80160,0.9999995,4.533133e-07,0
80161,1.0,2.2891138e-12,0
80162,1.0,1.2771749e-10,0
80163,1.0,1.3245809e-10,0
80164,1.0,3.6919558e-11,0
80165,1.0,1.04683135e-13,0
80166,1.0,1.03549974e-10,0
80167,1.0,4.037874e-10,0
80168,1.0,5.2066906e-11,0
80169,0.9999981,1.920334e-06,0
80170,1.0,1.3266687e-11,0
80171,1.0,5.221322e-10,0
80172,1.0,6.2286187e-12,0
80173,1.0,3.187326e-10,0
80174,1.0,1.8544899e-10,0
80175,1.0,1.2882438e-09,0
80176,1.0,1.9140439e-10,0
80177,1.0,9.335339e-14,0
80178,1.0,1.3029898e-12,0
80179,0.99999726,2.7973942e-06,0
80180,1.0,4.580507e-13,0
80181,1.0,1.7662882e-11,0
80182,1.0,3.5672903e-12,0
80183,1.0,1.9853238e-10,0
80184,1.0,8.510221e-11,0
80185,0.9999987,1.3296063e-06,0
80186,0.9999994,5.86112e-07,0
80187,1.0,8.285771e-12,0
80188,1.0,2.6406802e-12,0
80189,1.0,2.6035898e-13,0
80190,1.0,2.779051e-12,0
80191,1.0,1.6914761e-09,0
80192,1.0,8.47307e-10,0
80193,1.0,1.2396984e-12,0
80194,1.0,4.6768357e-11,0
80195,1.0,1.7561709e-10,0
80196,1.0,1.1414714e-12,0
80197,1.0,2.2695847e-12,0
80198,0.9999999,1.18665334e-07,0
80199,1.0,2.466827e-12,0
80200,1.0,1.24290294e-14,0
80201,1.0,1.6676543e-10,0
80202,1.0,2.7741895e-12,0
80203,1.0,1.2118971e-10,0
80204,1.0,2.6595644e-12,0
80205,1.0,1.83004e-11,0
80206,1.0,7.5451976e-13,0
80207,1.0,5.019852e-13,0
80208,1.0,1.695507e-13,0
80209,1.0,3.7930936e-10,0
80210,1.0,5.586984e-12,0
80211,1.0,6.186814e-11,0
80212,1.0,1.0512289e-10,0
80213,1.0,3.4787704e-12,0
80214,1.0,1.2633341e-09,0
80215,1.0,1.7467569e-10,0
80216,1.0,1.0891207e-12,0
80217,1.0,4.3055395e-10,0
80218,1.0,3.8611944e-12,0
80219,1.0,5.4882435e-11,0
80220,1.0,6.7934052e-12,0
80221,1.0,5.764598e-08,0
80222,0.99999964,3.5872077e-07,0
80223,1.0,1.0904093e-12,0
80224,1.0,3.3596282e-11,0
80225,1.0,3.855173e-13,0
80226,1.0,4.384395e-12,0
80227,1.0,1.4201142e-10,0
80228,1.0,3.0846578e-10,0
80229,1.0,6.734098e-09,0
80230,1.0,1.0478387e-12,0
80231,1.0,4.5046657e-11,0
80232,1.0,1.643269e-10,0
80233,1.0,2.6873628e-10,0
80234,1.0,1.6741783e-10,0
80235,1.0,6.346058e-11,0
80236,1.0,2.1028467e-11,0
80237,1.0,6.685835e-13,0
80238,1.0,7.881619e-11,0
80239,1.0,1.0590495e-10,0
80240,1.0,2.395644e-10,0
80241,1.0,9.980299e-12,0
80242,1.0,6.629363e-10,0
80243,1.0,2.8730665e-11,0
80244,1.0,3.0600002e-13,0
80245,1.0,1.0237906e-11,0
80246,1.0,1.4460442e-11,0
80247,1.0,2.9370624e-11,0
80248,1.0,8.441579e-11,0
80249,1.0,2.533605e-12,0
80250,1.0,3.1495986e-13,0
80251,1.0,7.6467874e-13,0
80252,1.0,8.4547105e-11,0
80253,1.0,1.6936867e-10,0
80254,1.0,5.536576e-15,0
80255,1.0,1.1206854e-09,0
80256,1.0,3.7000166e-13,0
80257,1.0,2.958471e-12,0
80258,1.0,8.605696e-14,0
80259,1.0,3.7059175e-11,0
80260,1.0,1.7352753e-12,0
80261,1.0,1.5823717e-12,0
80262,1.0,1.0984125e-12,0
80263,1.0,5.4558286e-10,0
80264,1.0,1.5035027e-10,0
80265,1.0,3.9702486e-10,0
80266,1.0,6.196959e-11,0
80267,1.0,2.2037644e-11,0
80268,1.0,4.8460125e-10,0
80269,1.0,9.8368015e-12,0
80270,1.0,2.5481527e-13,0
80271,1.0,5.833517e-12,0
80272,1.0,5.0737355e-14,0
80273,1.0,2.2632733e-12,0
80274,1.0,1.3684144e-10,0
80275,1.0,1.2223757e-11,0
80276,1.0,5.0169285e-11,0
80277,1.0,5.815747e-10,0
80278,1.0,2.5203591e-13,0
80279,1.0,4.6972224e-13,0
80280,1.0,3.3080528e-11,0
80281,1.0,7.1423453e-12,0
80282,1.0,2.920023e-13,0
80283,1.0,4.3463426e-13,0
80284,1.0,2.336619e-08,0
80285,1.0,2.3925015e-11,0
80286,1.0,1.0150464e-08,0
80287,1.0,3.7916146e-12,0
80288,1.0,2.3175882e-14,0
80289,1.0,6.8151045e-12,0
80290,1.0,4.0370846e-08,0
80291,1.0,1.7880232e-10,0
80292,1.0,6.4530055e-11,0
80293,1.0,3.0482157e-13,0
80294,1.0,2.885247e-11,0
80295,1.0,5.6246337e-11,0
80296,1.0,2.3532483e-08,0
80297,1.0,4.6664284e-11,0
80298,1.0,1.7204262e-11,0
80299,1.0,6.826153e-11,0
80300,1.0,3.1984518e-10,0
80301,1.0,6.632645e-12,0
80302,1.0,8.757083e-11,0
80303,1.0,2.21274e-11,0
80304,1.0,8.31378e-11,0
80305,1.0,1.516254e-11,0
80306,1.0,2.6379164e-12,0
80307,1.0,1.3620892e-10,0
80308,1.0,1.2441583e-09,0
80309,1.0,9.196856e-13,0
80310,1.0,4.5411938e-10,0
80311,1.0,7.4479214e-14,0
80312,1.0,1.2403447e-11,0
80313,1.0,3.4586745e-10,0
80314,1.0,5.407189e-14,0
80315,1.0,5.5277967e-15,0
80316,0.9999999,7.4081036e-08,0
80317,1.0,2.9785042e-11,0
80318,1.0,9.197777e-11,0
80319,0.99999905,9.463412e-07,0
80320,1.0,8.9702973e-10,0
80321,1.0,1.8324458e-08,0
80322,1.0,1.6631524e-11,0
80323,1.0,5.8282285e-10,0
80324,1.0,1.9013977e-12,0
80325,1.0,8.721374e-12,0
80326,1.0,9.08018e-09,0
80327,1.0,6.0929616e-12,0
80328,1.0,1.5135934e-10,0
80329,1.0,2.3549743e-10,0
80330,1.0,2.8180125e-11,0
80331,1.0,1.3983587e-10,0
80332,1.0,1.5818175e-11,0
80333,1.0,1.3265334e-09,0
80334,1.0,1.319588e-10,0
80335,1.0,7.8473015e-14,0
80336,1.0,2.7051825e-10,0
80337,1.0,7.5014284e-10,0
80338,1.0,2.7941057e-14,0
80339,1.0,2.8816925e-12,0
80340,1.0,1.3788866e-10,0
80341,1.0,5.3059745e-10,0
80342,1.0,1.049687e-12,0
80343,1.0,9.2208274e-10,0
80344,1.0,4.0593738e-13,0
80345,1.0,4.875745e-14,0
80346,1.0,9.005874e-13,0
80347,1.0,1.3999359e-10,0
80348,1.0,4.7756746e-12,0
80349,1.0,7.4532525e-10,0
80350,1.0,3.080054e-14,0
80351,1.0,4.5550042e-10,0
80352,1.0,1.5811387e-11,0
80353,1.0,2.39961e-13,0
80354,1.0,5.6933047e-10,0
80355,1.0,2.0022484e-12,0
80356,1.0,3.9498868e-13,0
80357,1.0,1.3230869e-09,0
80358,1.0,3.6385353e-13,0
80359,1.0,1.2666014e-12,0
80360,1.0,4.3709397e-14,0
80361,1.0,8.596166e-10,0
80362,1.0,1.5082762e-14,0
80363,1.0,1.9559035e-12,0
80364,1.0,7.956211e-09,0
80365,1.0,1.4901884e-12,0
80366,1.0,3.6635845e-09,0
80367,1.0,7.053845e-12,0
80368,1.0,9.199181e-11,0
80369,1.0,2.2461721e-14,0
80370,1.0,1.816106e-08,0
80371,1.0,1.4674078e-11,0
80372,1.0,3.655522e-13,0
80373,1.0,1.1645934e-12,0
80374,1.0,5.07986e-12,0
80375,1.0,1.2190927e-11,0
80376,1.0,4.393755e-12,0
80377,1.0,7.34079e-11,0
80378,1.0,1.5695015e-11,0
80379,1.0,1.2119917e-14,0
80380,1.0,3.08142e-12,0
80381,1.0,4.7824433e-10,0
80382,1.0,2.5323119e-11,0
80383,1.0,4.3707378e-11,0
80384,1.0,1.5769433e-11,0
80385,1.0,2.3486072e-08,0
80386,1.0,1.9599743e-12,0
80387,1.0,1.7781042e-12,0
80388,0.99999976,2.192875e-07,0
80389,1.0,7.832834e-12,0
80390,1.0,5.8208765e-13,0
80391,1.0,1.3577879e-11,0
80392,1.0,4.980434e-10,0
80393,1.0,9.368897e-13,0
80394,1.0,9.532699e-12,0
80395,1.0,8.7593626e-13,0
80396,1.0,3.021839e-11,0
80397,1.0,1.4939379e-10,0
80398,1.0,8.541064e-12,0
80399,1.0,9.704376e-12,0
80400,1.0,1.7484951e-12,0
80401,1.0,6.3377806e-12,0
80402,1.0,4.520938e-13,0
80403,1.0,1.4399802e-12,0
80404,1.0,3.1997075e-11,0
80405,1.0,1.0574221e-11,0
80406,1.0,7.037765e-14,0
80407,1.0,1.1927471e-13,0
80408,1.0,1.0488685e-12,0
80409,1.0,5.718058e-08,0
80410,1.0,1.5133906e-11,0
80411,1.0,3.902864e-13,0
80412,1.0,1.7552657e-11,0
80413,1.0,9.523426e-13,0
80414,1.0,4.109105e-13,0
80415,1.0,1.13140894e-13,0
80416,1.0,2.4065966e-12,0
80417,1.0,2.7479581e-12,0
80418,1.0,1.0731072e-08,0
80419,1.0,1.083828e-12,0
80420,1.0,9.076703e-12,0
80421,1.0,5.837485e-10,0
80422,1.0,7.107092e-09,0
80423,0.9999995,4.846891e-07,0
80424,1.0,6.2585215e-12,0
80425,0.9999969,3.0517306e-06,0
80426,1.0,4.8455218e-14,0
80427,1.0,5.3016134e-14,0
80428,1.0,1.415976e-10,0
80429,1.0,8.7811015e-11,0
80430,1.0,3.177006e-11,0
80431,1.0,2.9262034e-11,0
80432,1.0,1.0357378e-08,0
80433,1.0,3.0556246e-10,0
80434,1.0,4.9298445e-13,0
80435,1.0,5.3214683e-11,0
80436,1.0,6.756841e-10,0
80437,1.0,1.2611287e-13,0
80438,1.0,4.6997034e-10,0
80439,1.0,1.8821385e-14,0
80440,1.0,2.6894896e-11,0
80441,1.0,3.8919326e-15,0
80442,1.0,2.4608107e-13,0
80443,1.0,2.66436e-10,0
80444,1.0,2.4416735e-10,0
80445,1.0,3.773146e-12,0
80446,1.0,1.18006264e-11,0
80447,1.0,2.0628584e-11,0
80448,1.0,3.945038e-13,0
80449,1.0,3.68315e-11,0
80450,1.0,1.1505914e-11,0
80451,1.0,9.566323e-12,0
80452,1.0,4.8320887e-12,0
80453,1.0,5.2564675e-13,0
80454,1.0,1.9910674e-08,0
80455,1.0,5.1746452e-14,0
80456,1.0,5.7905743e-11,0
80457,1.0,2.2903377e-11,0
80458,1.0,4.485807e-13,0
80459,1.0,8.8018606e-11,0
80460,1.0,2.8189801e-11,0
80461,1.0,2.1345341e-13,0
80462,1.0,2.1255435e-09,0
80463,1.0,1.1619004e-11,0
80464,1.0,2.9213375e-13,0
80465,1.0,4.6260397e-13,0
80466,1.0,1.5519992e-09,0
80467,1.0,7.477719e-09,0
80468,0.99999046,9.551675e-06,0
80469,1.0,3.1086096e-09,0
80470,1.0,1.07372236e-10,0
80471,1.0,4.936737e-11,0
80472,1.0,3.6333276e-09,0
80473,1.0,9.5587175e-12,0
80474,1.0,9.8054e-13,0
80475,0.9999993,6.6773754e-07,0
80476,1.0,3.6786754e-12,0
80477,1.0,4.9971545e-13,0
80478,1.0,5.676417e-12,0
80479,1.0,3.4762948e-13,0
80480,1.0,1.7141359e-09,0
80481,1.0,8.928303e-11,0
80482,1.0,6.9707674e-14,0
80483,1.0,4.0754427e-12,0
80484,1.0,2.9211315e-13,0
80485,1.0,3.5234966e-13,0
80486,1.0,1.2516153e-13,0
80487,1.0,5.026511e-13,0
80488,1.0,3.1366988e-12,0
80489,1.0,5.577465e-12,0
80490,1.0,1.6034874e-12,0
80491,1.0,6.0951006e-12,0
80492,1.0,5.5184132e-14,0
80493,1.0,1.0614398e-10,0
80494,1.0,3.956292e-11,0
80495,1.0,6.2827494e-13,0
80496,1.0,4.118238e-09,0
80497,1.0,6.0553682e-15,0
80498,1.0,2.2082919e-11,0
80499,1.0,7.0083557e-12,0
80500,1.0,3.1401828e-12,0
80501,1.0,1.5962624e-11,0
80502,1.0,2.2128886e-10,0
80503,1.0,2.2470132e-13,0
80504,1.0,1.8089488e-13,0
80505,1.0,1.6922183e-09,0
80506,1.0,1.055697e-11,0
80507,1.0,1.0279926e-13,0
80508,0.99999905,9.811333e-07,0
80509,1.0,5.2143606e-12,0
80510,1.0,1.4232684e-13,0
80511,1.0,5.4850832e-11,0
80512,1.0,9.816906e-10,0
80513,1.0,6.1848174e-12,0
80514,1.0,1.4259046e-12,0
80515,1.0,4.349382e-11,0
80516,1.0,3.1339e-12,0
80517,1.0,2.7310675e-14,0
80518,1.0,4.468926e-12,0
80519,1.0,1.6381665e-12,0
80520,1.0,8.0574184e-12,0
80521,1.0,1.4743083e-12,0
80522,1.0,6.5139856e-14,0
80523,1.0,3.923509e-13,0
80524,1.0,1.1800312e-11,0
80525,1.0,2.8738736e-10,0
80526,1.0,2.1280543e-13,0
80527,1.0,2.5940328e-13,0
80528,1.0,2.2100509e-13,0
80529,1.0,1.17800275e-11,0
80530,1.0,2.3096726e-13,0
80531,1.0,3.565269e-09,0
80532,1.0,4.5099423e-12,0
80533,1.0,3.4449108e-12,0
80534,1.0,2.0406317e-10,0
80535,1.0,1.0822973e-12,0
80536,1.0,6.110249e-14,0
80537,0.9999989,1.0992279e-06,0
80538,1.0,5.5352537e-12,0
80539,1.0,1.677652e-11,0
80540,1.0,2.6618267e-13,0
80541,1.0,6.9784467e-13,0
80542,1.0,1.1347513e-11,0
80543,1.0,4.456584e-12,0
80544,1.0,2.8923173e-14,0
80545,1.0,1.5517972e-10,0
80546,1.0,4.798472e-13,0
80547,1.0,1.9601274e-12,0
80548,1.0,8.5545196e-11,0
80549,1.0,8.350797e-14,0
80550,1.0,6.5257776e-13,0
80551,1.0,2.8691128e-11,0
80552,1.0,1.9044346e-13,0
80553,1.0,3.3341808e-12,0
80554,1.0,2.7959612e-10,0
80555,1.0,2.924928e-13,0
80556,1.0,8.2074796e-14,0
80557,1.0,1.5083057e-13,0
80558,1.0,7.834478e-12,0
80559,1.0,7.031566e-14,0
80560,1.0,3.076165e-08,0
80561,1.0,5.949908e-13,0
80562,1.0,5.5299246e-12,0
80563,0.999998,2.0851464e-06,0
80564,1.0,2.965943e-10,0
80565,0.99999905,9.31507e-07,0
80566,1.0,1.1146785e-08,0
80567,0.9999958,4.151382e-06,0
80568,1.0,2.8708142e-08,0
80569,1.0,6.4057125e-13,0
80570,1.0,1.2514364e-09,0
80571,1.0,8.0404155e-14,0
80572,1.0,6.6692846e-11,0
80573,1.0,2.4136772e-11,0
80574,1.0,3.6780264e-14,0
80575,1.0,4.535314e-11,0
80576,1.0,1.6979124e-12,0
80577,1.0,8.496584e-14,0
80578,1.0,3.9441597e-12,0
80579,1.0,4.4142676e-12,0
80580,0.99993765,6.2346764e-05,0
80581,1.0,1.8908562e-11,0
80582,1.0,3.1840292e-12,0
80583,1.0,1.9634502e-12,0
80584,1.0,2.8105697e-13,0
80585,1.0,7.05103e-13,0
80586,1.0,1.2184546e-13,0
80587,1.0,2.996915e-08,0
80588,1.0,5.907661e-13,0
80589,1.0,9.814596e-15,0
80590,1.0,2.2621338e-12,0
80591,1.0,2.1235495e-13,0
80592,1.0,1.08851895e-11,0
80593,1.0,5.2880602e-14,0
80594,1.0,7.534628e-13,0
80595,1.0,1.8513613e-11,0
80596,1.0,5.1580463e-12,0
80597,1.0,2.4850497e-13,0
80598,1.0,9.17177e-13,0
80599,1.0,3.1524834e-13,0
80600,1.0,5.2457507e-13,0
80601,1.0,6.693204e-11,0
80602,1.0,3.8208114e-13,0
80603,1.0,6.895669e-10,0
80604,1.0,2.50998e-11,0
80605,1.0,3.4744056e-13,0
80606,1.0,2.1222035e-11,0
80607,1.0,3.2175209e-12,0
80608,1.0,1.3881906e-11,0
80609,1.0,5.014905e-13,0
80610,1.0,5.116308e-11,0
80611,1.0,1.8758788e-09,0
80612,1.0,9.1556124e-11,0
80613,1.0,6.1085445e-15,0
80614,1.0,7.857655e-13,0
80615,1.0,3.0078412e-12,0
80616,1.0,1.103559e-09,0
80617,1.0,8.6318765e-12,0
80618,0.9999999,6.900426e-08,0
80619,1.0,3.1010305e-12,0
80620,1.0,3.9573785e-11,0
80621,1.0,7.0487914e-11,0
80622,1.0,3.5753402e-13,0
80623,1.0,3.904716e-14,0
80624,1.0,9.211607e-12,0
80625,1.0,7.0113604e-13,0
80626,1.0,1.5871234e-12,0
80627,1.0,4.3158663e-10,0
80628,1.0,2.0706222e-13,0
80629,1.0,2.2994497e-12,0
80630,1.0,1.09470336e-10,0
80631,0.9999999,8.1695816e-08,0
80632,1.0,9.76951e-15,0
80633,1.0,2.0134894e-11,0
80634,1.0,5.894655e-11,0
80635,1.0,1.2009423e-13,0
80636,1.0,2.9860028e-10,0
80637,1.0,1.4431546e-10,0
80638,1.0,4.8667813e-13,0
80639,1.0,6.363442e-10,0
80640,0.9999982,1.7509819e-06,0
80641,0.9999988,1.1930115e-06,0
80642,1.0,4.468724e-11,0
80643,1.0,2.916138e-13,0
80644,1.0,1.9299456e-11,0
80645,1.0,5.3737844e-14,0
80646,1.0,4.1143793e-11,0
80647,1.0,2.300055e-12,0
80648,1.0,7.270072e-12,0
80649,1.0,3.679572e-13,0
80650,1.0,8.788197e-13,0
80651,1.0,2.1242614e-14,0
80652,1.0,2.3740663e-09,0
80653,1.0,3.9023282e-13,0
80654,1.0,1.5279172e-13,0
80655,1.0,1.1128397e-14,0
80656,1.0,3.8559672e-13,0
80657,1.0,9.686586e-12,0
80658,1.0,1.009723e-11,0
80659,1.0,7.769488e-13,0
80660,1.0,6.525383e-12,0
80661,1.0,1.218394e-13,0
80662,1.0,7.2996786e-09,0
80663,1.0,6.785162e-14,0
80664,1.0,2.0667287e-12,0
80665,1.0,3.422475e-11,0
80666,1.0,1.0389931e-11,0
80667,0.9999988,1.2000348e-06,0
80668,1.0,1.1753539e-12,0
80669,1.0,1.4550687e-08,0
80670,0.99999547,4.4809326e-06,0
80671,1.0,2.9135623e-14,0
80672,1.0,2.570457e-12,0
80673,1.0,2.3605025e-09,0
80674,1.0,1.0307047e-08,0
80675,0.9999975,2.4617805e-06,0
80676,0.9999963,3.7043021e-06,0
80677,1.0,4.928326e-11,0
80678,1.0,8.3951945e-10,0
80679,1.0,1.11948846e-10,0
80680,0.99999964,3.0391442e-07,0
80681,1.0,2.106767e-09,0
80682,0.99998224,1.7752596e-05,0
80683,1.0,2.5123874e-09,0
80684,1.0,3.3736843e-11,0
80685,1.0,4.209606e-10,0
80686,1.0,6.8859957e-10,0
80687,1.0,1.318149e-10,0
80688,1.0,6.3865935e-10,0
80689,1.0,1.7616441e-12,0
80690,1.0,1.0859636e-12,0
80691,1.0,4.8117174e-12,0
80692,1.0,1.2364215e-11,0
80693,1.0,7.148212e-14,0
80694,1.0,4.237941e-13,0
80695,1.0,1.1718095e-10,0
80696,1.0,8.3549595e-13,0
80697,1.0,3.458066e-11,0
80698,1.0,6.513399e-11,0
80699,1.0,6.910821e-11,0
80700,1.0,2.25817e-14,0
80701,1.0,6.200819e-13,0
80702,1.0,8.947737e-11,0
80703,1.0,7.822111e-13,0
80704,1.0,1.01093136e-11,0
80705,1.0,7.586155e-12,0
80706,1.0,3.4653667e-12,0
80707,0.9999937,6.3250313e-06,0
80708,1.0,2.2831355e-12,0
80709,1.0,2.8323286e-12,0
80710,1.0,3.2710068e-13,0
80711,1.0,3.5542083e-13,0
80712,1.0,3.8838534e-13,0
80713,0.99948406,0.000515907,0
80714,1.0,1.4382618e-12,0
80715,1.0,5.185417e-13,0
80716,1.0,1.5262992e-11,0
80717,1.0,6.016367e-14,0
80718,1.0,1.8501546e-14,0
80719,1.0,4.3793035e-13,0
80720,1.0,1.4995677e-10,0
80721,1.0,6.175216e-14,0
80722,0.9999949,5.1046172e-06,0
80723,1.0,4.595245e-12,0
80724,1.0,1.280052e-11,0
80725,1.0,1.9956571e-11,0
80726,0.9999993,6.856225e-07,0
80727,1.0,4.1817184e-13,0
80728,1.0,2.5667975e-12,0
80729,1.0,9.194931e-12,0
80730,1.0,7.640562e-13,0
80731,1.0,3.0932282e-15,0
80732,1.0,4.867566e-11,0
80733,1.0,1.2428966e-09,0
80734,1.0,1.0572621e-12,0
80735,1.0,4.3398025e-11,0
80736,1.0,4.820509e-08,0
80737,1.0,8.316916e-12,0
80738,1.0,3.0318008e-09,0
80739,1.0,7.247293e-13,0
80740,1.0,4.511842e-09,0
80741,1.0,3.5548113e-13,0
80742,1.0,3.2611018e-13,0
80743,1.0,4.071779e-14,0
80744,1.0,1.6382236e-11,0
80745,1.0,2.0778353e-12,0
80746,1.0,4.8555967e-14,0
80747,0.9999994,5.645832e-07,0
80748,1.0,2.3070773e-11,0
80749,1.0,7.289393e-14,0
80750,1.0,1.7496704e-11,0
80751,1.0,3.151758e-08,0
80752,1.0,9.757374e-14,0
80753,1.0,8.3806226e-13,0
80754,0.99999976,2.6733585e-07,0
80755,1.0,1.8533493e-12,0
80756,1.0,1.999183e-13,0
80757,1.0,1.5891581e-13,0
80758,1.0,1.4776845e-11,0
80759,1.0,4.0812687e-12,0
80760,1.0,1.4964689e-12,0
80761,1.0,2.2721564e-13,0
80762,1.0,1.6485028e-13,0
80763,1.0,2.9754025e-12,0
80764,1.0,8.919558e-10,0
80765,1.0,6.734579e-11,0
80766,0.9999999,1.7130395e-07,0
80767,1.0,7.506316e-12,0
80768,1.0,1.5302752e-11,0
80769,1.0,6.059465e-13,0
80770,1.0,2.8083758e-11,0
80771,1.0,1.942539e-11,0
80772,1.0,1.1743751e-15,0
80773,1.0,4.6346394e-14,0
80774,1.0,3.451458e-14,0
80775,1.0,1.7564139e-08,0
80776,1.0,4.3529465e-13,0
80777,1.0,3.1810245e-12,0
80778,1.0,2.5058172e-12,0
80779,1.0,1.0730707e-11,0
80780,1.0,3.2671083e-10,0
80781,1.0,1.01645905e-11,0
80782,1.0,7.9612196e-13,0
80783,1.0,3.431911e-13,0
80784,1.0,1.6585598e-10,0
80785,1.0,2.5923144e-11,0
80786,1.0,2.4750004e-11,0
80787,1.0,1.4340673e-13,0
80788,1.0,4.3300272e-12,0
80789,1.0,1.342234e-13,0
80790,1.0,1.6016458e-14,0
80791,1.0,2.0299114e-12,0
80792,0.99999356,6.39016e-06,0
80793,0.99999535,4.6984896e-06,0
80794,1.0,7.113435e-10,0
80795,1.0,1.3622905e-12,0
80796,0.9999974,2.5923484e-06,0
80797,0.99999607,3.8832072e-06,0
80798,1.0,3.1780623e-10,0
80799,0.9999889,1.10572455e-05,0
80800,1.0,3.0838107e-10,0
80801,0.99999964,4.0268995e-07,0
80802,1.0,5.9475966e-12,0
80803,1.0,3.110977e-12,0
80804,1.0,9.902494e-13,0
80805,1.0,4.2099733e-11,0
80806,1.0,1.5562883e-13,0
80807,1.0,1.6871108e-12,0
80808,1.0,3.711421e-11,0
80809,1.0,1.0466029e-11,0
80810,1.0,7.2538075e-13,0
80811,1.0,2.796576e-13,0
80812,1.0,6.2293226e-11,0
80813,1.0,4.5451674e-08,0
80814,1.0,4.3960873e-11,0
80815,1.0,2.6078268e-11,0
80816,1.0,2.3395945e-11,0
80817,0.99997187,2.8157392e-05,0
80818,1.0,1.1124127e-11,0
80819,1.0,5.5357574e-13,0
80820,1.0,9.773584e-13,0
80821,1.0,7.506079e-14,0
80822,1.0,1.2438291e-12,0
80823,1.0,4.0392928e-13,0
80824,1.0,1.4745058e-11,0
80825,1.0,4.6157652e-12,0
80826,1.0,5.615851e-12,0
80827,1.0,1.5573454e-13,0
80828,1.0,4.324937e-11,0
80829,0.9999999,1.3078969e-07,0
80830,1.0,8.872579e-09,0
80831,1.0,3.5339967e-09,0
80832,0.9999995,4.822652e-07,0
80833,1.0,1.9841865e-12,0
80834,1.0,1.6853193e-12,0
80835,0.99999917,7.9022055e-07,0
80836,1.0,5.3409288e-08,0
80837,1.0,2.7306172e-12,0
80838,1.0,4.1703346e-10,0
80839,1.0,1.6040932e-12,0
80840,1.0,8.703773e-09,0
80841,1.0,8.287665e-09,0
80842,1.0,8.9577935e-15,0
80843,1.0,1.5966126e-11,0
80844,0.9999982,1.7983357e-06,0
80845,0.99999666,3.3420752e-06,0
80846,0.9999999,1.1455834e-07,0
80847,1.0,2.628274e-08,0
80848,0.9999945,5.4280345e-06,0
80849,1.0,3.1925596e-13,0
80850,1.0,3.127407e-10,0
80851,1.0,4.2571205e-08,0
80852,0.9999919,8.11359e-06,0
80853,1.0,2.551038e-08,0
80854,0.9999958,4.1645317e-06,0
80855,1.0,2.1932822e-10,0
80856,0.9999999,1.6935373e-07,0
80857,1.0,3.0914236e-11,0
80858,1.0,1.2064099e-11,0
80859,1.0,7.278182e-10,0
80860,1.0,1.3649187e-10,0
80861,1.0,3.800903e-09,0
80862,0.99999714,2.850751e-06,0
80863,1.0,3.6664291e-13,0
80864,1.0,7.115039e-13,0
80865,1.0,5.0880446e-12,0
80866,1.0,6.955003e-14,0
80867,1.0,1.0975544e-11,0
80868,1.0,8.984543e-14,0
80869,1.0,1.331776e-13,0
80870,1.0,5.19864e-12,0
80871,1.0,1.7498163e-12,0
80872,1.0,2.9864968e-11,0
80873,1.0,7.4588724e-13,0
80874,1.0,6.7862144e-13,0
80875,1.0,3.5395618e-13,0
80876,0.9999999,1.6273236e-07,0
80877,1.0,5.5374528e-11,0
80878,1.0,3.0714536e-14,0
80879,1.0,1.73976e-11,0
80880,1.0,3.4838153e-13,0
80881,1.0,4.2981277e-15,0
80882,1.0,1.2549217e-12,0
80883,0.99996006,3.987954e-05,0
80884,1.0,6.6614496e-12,0
80885,1.0,5.875615e-12,0
80886,0.99999917,8.1430244e-07,0
80887,1.0,4.766193e-12,0
80888,1.0,2.1400968e-11,0
80889,1.0,2.5843719e-14,0
80890,1.0,2.7071913e-13,0
80891,0.9999999,1.4734432e-07,0
80892,1.0,2.9155404e-11,0
80893,1.0,2.4383297e-12,0
80894,1.0,4.1061768e-12,0
80895,1.0,2.2553272e-12,0
80896,1.0,3.570556e-13,0
80897,1.0,1.3300562e-11,0
80898,1.0,2.5080755e-11,0
80899,1.0,1.44031054e-11,0
80900,1.0,4.5559856e-14,0
80901,1.0,9.185023e-09,0
80902,1.0,3.3295066e-14,0
80903,1.0,3.5649608e-14,0
80904,1.0,3.6579568e-09,0
80905,1.0,4.190935e-12,0
80906,1.0,1.6450604e-13,0
80907,1.0,2.9520394e-12,0
80908,1.0,6.148927e-13,0
80909,1.0,4.0612945e-13,0
80910,1.0,1.4775063e-12,0
80911,1.0,3.8946595e-14,0
80912,1.0,1.7580719e-13,0
80913,1.0,9.9152654e-14,0
80914,1.0,1.9940818e-11,0
80915,1.0,1.6805357e-13,0
80916,1.0,9.046435e-13,0
80917,1.0,3.893215e-12,0
80918,1.0,2.2409173e-14,0
80919,1.0,1.7321722e-10,0
80920,1.0,9.981694e-11,0
80921,0.9999999,7.279716e-08,0
80922,1.0,1.1535038e-13,0
80923,0.99999726,2.7401554e-06,0
80924,1.0,3.1838408e-12,0
80925,1.0,1.5142373e-10,0
80926,0.9999875,1.248217e-05,0
80927,1.0,5.667859e-12,0
80928,1.0,2.0472736e-11,0
80929,1.0,3.860795e-13,0
80930,1.0,3.3684155e-09,0
80931,1.0,1.8794203e-13,0
80932,1.0,6.9954173e-15,0
80933,1.0,9.273383e-11,0
80934,1.0,1.5102324e-12,0
80935,1.0,1.2900462e-09,0
80936,1.0,6.3165766e-12,0
80937,1.0,7.8963684e-14,0
80938,1.0,6.785328e-11,0
80939,1.0,2.1443043e-12,0
80940,1.0,2.5509085e-14,0
80941,1.0,5.6856755e-14,0
80942,1.0,7.71807e-14,0
80943,1.0,6.2811204e-13,0
80944,1.0,8.190911e-12,0
80945,1.0,3.085702e-12,0
80946,1.0,4.550588e-12,0
80947,1.0,2.500941e-13,0
80948,1.0,2.243092e-12,0
80949,1.0,3.6860345e-13,0
80950,1.0,6.588785e-14,0
80951,0.99999976,1.9046016e-07,0
80952,1.0,1.5451282e-10,0
80953,1.0,2.267309e-12,0
80954,1.0,2.6173895e-11,0
80955,1.0,3.2254252e-14,0
80956,1.0,8.80891e-12,0
80957,1.0,9.719431e-13,0
80958,0.99999976,2.8156725e-07,0
80959,1.0,2.2488696e-13,0
80960,1.0,2.013768e-09,0
80961,1.0,1.7368358e-11,0
80962,1.0,1.2084035e-12,0
80963,1.0,2.0652746e-12,0
80964,1.0,3.6582967e-14,0
80965,1.0,1.9506432e-12,0
80966,1.0,9.476605e-09,0
80967,1.0,6.6196925e-15,0
80968,1.0,4.061877e-12,0
80969,1.0,3.0374741e-12,0
80970,1.0,7.9882295e-14,0
80971,1.0,2.4008539e-14,0
80972,1.0,1.784621e-12,0
80973,1.0,3.831269e-09,0
80974,1.0,1.045693e-11,0
80975,1.0,2.4284064e-12,0
80976,1.0,1.0015037e-12,0
80977,1.0,1.4116014e-11,0
80978,1.0,1.1224251e-08,0
80979,1.0,5.211092e-11,0
80980,1.0,1.2079577e-14,0
80981,1.0,2.5962023e-12,0
80982,1.0,8.675443e-10,0
80983,0.99999416,5.895378e-06,0
80984,1.0,7.422371e-13,0
80985,1.0,4.514585e-14,0
80986,1.0,3.8167997e-12,0
80987,1.0,4.7131812e-12,0
80988,1.0,1.0561144e-14,0
80989,1.0,7.8291e-12,0
80990,1.0,7.320886e-13,0
80991,1.0,8.896331e-14,0
80992,1.0,4.3447967e-11,0
80993,1.0,7.719492e-12,0
80994,1.0,1.096856e-10,0
80995,1.0,1.6224562e-13,0
80996,1.0,1.3447415e-11,0
80997,1.0,4.871274e-14,0
80998,1.0,1.4956763e-11,0
80999,1.0,1.4554599e-12,0
81000,1.0,5.72184e-13,0
81001,1.0,9.546673e-12,0
81002,1.0,2.0754096e-10,0
81003,1.0,4.0280796e-11,0
81004,1.0,1.7767006e-12,0
81005,1.0,1.1237805e-09,0
81006,0.9999839,1.60781e-05,0
81007,1.0,1.0485211e-11,0
81008,1.0,4.0642797e-12,0
81009,1.0,1.9377624e-14,0
81010,1.0,2.9074437e-11,0
81011,1.0,6.31757e-14,0
81012,1.0,3.739011e-11,0
81013,1.0,8.607367e-15,0
81014,1.0,3.9158423e-11,0
81015,1.0,2.4869652e-13,0
81016,1.0,2.3827726e-12,0
81017,1.0,4.5709042e-14,0
81018,1.0,2.9305348e-13,0
81019,0.99997926,2.0715433e-05,0
81020,1.0,5.923172e-10,0
81021,1.0,2.097271e-11,0
81022,1.0,2.0087264e-10,0
81023,1.0,8.6148975e-13,0
81024,1.0,1.1478947e-12,0
81025,1.0,1.0700657e-12,0
81026,1.0,1.2540533e-12,0
81027,1.0,6.5858256e-12,0
81028,1.0,4.3797924e-11,0
81029,1.0,2.2252116e-12,0
81030,1.0,7.103798e-13,0
81031,1.0,1.6879171e-14,0
81032,0.9999968,3.2079367e-06,0
81033,1.0,4.812596e-13,0
81034,1.0,1.2750604e-09,0
81035,1.0,2.5048234e-12,0
81036,1.0,8.51165e-11,0
81037,1.0,1.8627062e-11,0
81038,1.0,2.4396565e-11,0
81039,0.99999905,9.568391e-07,0
81040,1.0,9.247938e-13,0
81041,1.0,4.4401574e-12,0
81042,1.0,4.9324755e-14,0
81043,1.0,1.3148829e-13,0
81044,1.0,4.008505e-11,0
81045,1.0,1.084798e-12,0
81046,1.0,6.289869e-14,0
81047,1.0,2.514428e-10,0
81048,1.0,3.1747724e-10,0
81049,1.0,3.7646383e-10,0
81050,1.0,1.7420722e-10,0
81051,1.0,3.0963185e-13,0
81052,1.0,5.6894125e-12,0
81053,1.0,8.628453e-12,0
81054,1.0,2.2491067e-12,0
81055,1.0,1.7228755e-08,0
81056,1.0,2.5667498e-11,0
81057,1.0,2.6995359e-08,0
81058,0.9999931,6.8800086e-06,0
81059,1.0,7.096743e-09,0
81060,1.0,2.1053319e-10,0
81061,1.0,1.27346525e-14,0
81062,1.0,5.7910923e-15,0
81063,1.0,2.1215952e-12,0
81064,1.0,1.9660004e-10,0
81065,0.9999956,4.4571175e-06,0
81066,0.99999833,1.7027487e-06,0
81067,1.0,5.4466993e-14,0
81068,1.0,1.633494e-10,0
81069,1.0,2.5141403e-10,0
81070,1.0,3.865352e-11,0
81071,1.0,2.108961e-10,0
81072,0.99999833,1.6723372e-06,0
81073,1.0,6.6650785e-10,0
81074,0.9999999,9.641628e-08,0
81075,0.9999999,9.990584e-08,0
81076,1.0,2.0602506e-08,0
81077,1.0,3.3648546e-11,0
81078,1.0,2.8309433e-10,0
81079,1.0,2.5243066e-11,0
81080,1.0,2.6171162e-10,0
81081,1.0,1.5673798e-12,0
81082,1.0,3.6175937e-14,0
81083,1.0,3.9917405e-12,0
81084,1.0,2.0658312e-11,0
81085,1.0,4.892621e-12,0
81086,1.0,1.5443665e-12,0
81087,1.0,5.9537194e-14,0
81088,1.0,6.867485e-11,0
81089,0.9999999,1.1588948e-07,0
81090,1.0,1.2331655e-13,0
81091,1.0,9.3542856e-14,0
81092,1.0,1.1571179e-13,0
81093,1.0,2.3520655e-14,0
81094,1.0,2.190129e-11,0
81095,1.0,7.381678e-14,0
81096,1.0,5.689505e-14,0
81097,1.0,3.1977686e-14,0
81098,1.0,3.157522e-12,0
81099,1.0,1.9618068e-12,0
81100,1.0,1.2205003e-11,0
81101,1.0,8.667908e-12,0
81102,1.0,7.3139425e-11,0
81103,1.0,4.89927e-12,0
81104,1.0,2.9327464e-11,0
81105,1.0,1.2818275e-12,0
81106,1.0,2.9515788e-15,0
81107,1.0,1.405846e-11,0
81108,1.0,3.479582e-11,0
81109,1.0,7.719727e-12,0
81110,1.0,2.0510481e-12,0
81111,1.0,1.3875348e-10,0
81112,1.0,6.0032604e-12,0
81113,1.0,2.907664e-12,0
81114,1.0,4.0148595e-13,0
81115,1.0,3.7058876e-12,0
81116,1.0,1.3526632e-13,0
81117,1.0,1.9211146e-13,0
81118,1.0,8.087535e-12,0
81119,1.0,1.4866794e-12,0
81120,1.0,2.100104e-12,0
81121,1.0,4.574537e-12,0
81122,1.0,2.5232173e-12,0
81123,1.0,1.0255389e-09,0
81124,1.0,1.21886485e-11,0
81125,1.0,2.9905464e-13,0
81126,1.0,5.829805e-11,0
81127,1.0,8.083318e-10,0
81128,1.0,4.380899e-09,0
81129,1.0,6.435527e-11,0
81130,1.0,1.3020624e-13,0
81131,1.0,4.011423e-09,0
81132,1.0,4.390134e-13,0
81133,1.0,7.1383277e-12,0
81134,1.0,1.502981e-10,0
81135,1.0,8.7221354e-13,0
81136,1.0,2.7428187e-10,0
81137,1.0,6.587956e-10,0
81138,1.0,3.0650978e-14,0
81139,1.0,1.1224711e-10,0
81140,0.9999999,1.0149673e-07,0
81141,1.0,3.8501446e-14,0
81142,1.0,8.186514e-10,0
81143,0.99999857,1.4884067e-06,0
81144,1.0,8.478781e-13,0
81145,1.0,9.355434e-09,0
81146,1.0,1.0661378e-12,0
81147,1.0,2.0489133e-12,0
81148,1.0,4.5316133e-11,0
81149,1.0,9.212366e-15,0
81150,1.0,3.2391306e-14,0
81151,1.0,1.5486672e-12,0
81152,0.9999988,1.2177093e-06,0
81153,1.0,1.4316713e-12,0
81154,1.0,1.450081e-09,0
81155,1.0,1.5466194e-11,0
81156,1.0,1.2123999e-12,0
81157,1.0,5.837886e-10,0
81158,1.0,3.9766062e-14,0
81159,1.0,3.0847166e-10,0
81160,1.0,1.4066298e-10,0
81161,1.0,7.323948e-12,0
81162,1.0,5.1161102e-12,0
81163,1.0,6.124584e-12,0
81164,1.0,1.609562e-14,0
81165,1.0,3.94337e-12,0
81166,1.0,7.9487475e-13,0
81167,1.0,3.295566e-14,0
81168,0.9999999,8.186772e-08,0
81169,0.9999999,1.0129019e-07,0
81170,1.0,6.5534655e-14,0
81171,1.0,1.3363309e-09,0
81172,1.0,3.4607495e-12,0
81173,1.0,1.4205488e-12,0
81174,1.0,5.00991e-11,0
81175,0.9999982,1.8240719e-06,0
81176,1.0,2.348665e-12,0
81177,1.0,1.9886535e-08,0
81178,1.0,2.113331e-13,0
81179,1.0,3.1226928e-13,0
81180,1.0,2.1908657e-10,0
81181,0.9999981,1.9289532e-06,0
81182,1.0,1.7134542e-11,0
81183,1.0,3.2999374e-14,0
81184,1.0,6.7032263e-13,0
81185,1.0,3.698145e-14,0
81186,1.0,4.8284037e-12,0
81187,1.0,5.8753232e-12,0
81188,1.0,1.536713e-11,0
81189,1.0,9.453087e-12,0
81190,1.0,4.9368048e-14,0
81191,1.0,9.634082e-14,0
81192,1.0,1.1085964e-10,0
81193,1.0,5.3125256e-14,0
81194,1.0,2.1523109e-12,0
81195,1.0,2.2509704e-11,0
81196,1.0,4.358137e-10,0
81197,1.0,1.3671528e-12,0
81198,1.0,1.4197091e-12,0
81199,1.0,1.7224654e-11,0
81200,0.99999917,8.330314e-07,0
81201,1.0,4.8056277e-12,0
81202,1.0,2.4346521e-13,0
81203,1.0,3.4473333e-10,0
81204,0.9999974,2.6624764e-06,0
81205,1.0,9.072052e-11,0
81206,1.0,1.1748945e-08,0
81207,1.0,1.6341354e-11,0
81208,0.9999993,6.9472736e-07,0
81209,0.99997866,2.133968e-05,0
81210,1.0,2.404102e-11,0
81211,1.0,7.218485e-10,0
81212,1.0,1.129244e-10,0
81213,1.0,3.2458502e-12,0
81214,0.99998903,1.090837e-05,0
81215,1.0,2.3566018e-13,0
81216,1.0,4.1339935e-13,0
81217,1.0,1.2505564e-12,0
81218,1.0,2.894293e-14,0
81219,1.0,2.3953393e-09,0
81220,1.0,2.7651312e-11,0
81221,1.0,6.263283e-13,0
81222,1.0,1.3964448e-14,0
81223,1.0,3.2979585e-12,0
81224,0.99999964,3.4011234e-07,0
81225,1.0,8.876645e-12,0
81226,1.0,2.886579e-11,0
81227,1.0,2.7449905e-14,0
81228,1.0,7.7243115e-11,0
81229,0.99997485,2.5208683e-05,0
81230,1.0,3.6714576e-11,0
81231,0.9999981,1.918293e-06,0
81232,1.0,9.007991e-12,0
81233,1.0,9.863958e-14,0
81234,1.0,1.1005521e-11,0
81235,0.9999964,3.5994185e-06,0
81236,1.0,6.3750107e-09,0
81237,1.0,3.507231e-09,0
81238,1.0,2.3273142e-08,0
81239,1.0,6.846696e-13,0
81240,1.0,1.7048277e-12,0
81241,1.0,4.104787e-10,0
81242,0.9999994,6.433192e-07,0
81243,1.0,2.438975e-09,0
81244,1.0,1.0097885e-11,0
81245,1.0,3.5044352e-13,0
81246,1.0,1.7862548e-13,0
81247,1.0,2.7466089e-14,0
81248,1.0,1.0208209e-11,0
81249,0.9999999,1.1773996e-07,0
81250,1.0,1.04561325e-11,0
81251,1.0,5.2157996e-13,0
81252,1.0,5.6979486e-12,0
81253,1.0,1.6214889e-08,0
81254,1.0,8.99321e-12,0
81255,1.0,2.7966829e-09,0
81256,1.0,7.6366824e-14,0
81257,1.0,4.350678e-14,0
81258,1.0,5.0565496e-10,0
81259,1.0,1.0466423e-12,0
81260,1.0,1.5775201e-12,0
81261,1.0,7.143792e-15,0
81262,1.0,2.227064e-11,0
81263,1.0,4.8631186e-12,0
81264,1.0,9.28725e-13,0
81265,1.0,2.7956559e-11,0
81266,1.0,3.4083857e-14,0
81267,1.0,1.4371464e-15,0
81268,1.0,2.193991e-12,0
81269,1.0,1.705971e-14,0
81270,1.0,5.033889e-13,0
81271,1.0,1.330017e-09,0
81272,1.0,7.6226114e-10,0
81273,1.0,1.01929065e-13,0
81274,1.0,1.499075e-11,0
81275,1.0,2.7207732e-14,0
81276,1.0,6.454922e-12,0
81277,1.0,1.6544824e-08,0
81278,1.0,8.679314e-14,0
81279,1.0,3.8054724e-13,0
81280,1.0,1.6206887e-11,0
81281,1.0,1.5667671e-12,0
81282,1.0,1.5078196e-13,0
81283,1.0,5.203791e-15,0
81284,0.9999995,4.4757383e-07,0
81285,0.99999976,1.8869362e-07,0
81286,1.0,1.8052208e-15,0
81287,1.0,6.7347274e-09,0
81288,1.0,1.2329889e-13,0
81289,0.99999833,1.6554443e-06,0
81290,1.0,3.1451988e-09,0
81291,1.0,7.1555137e-13,0
81292,1.0,2.1979452e-12,0
81293,1.0,2.294346e-12,0
81294,1.0,9.700452e-12,0
81295,0.9999987,1.2759912e-06,0
81296,1.0,1.0911958e-12,0
81297,1.0,1.0541382e-10,0
81298,0.99999845,1.5728625e-06,0
81299,1.0,4.577343e-14,0
81300,1.0,7.278462e-13,0
81301,1.0,2.8294615e-12,0
81302,1.0,1.2841671e-08,0
81303,1.0,5.6115482e-08,0
81304,0.9999999,6.152719e-08,0
81305,1.0,1.7861032e-11,0
81306,1.0,1.3784539e-12,0
81307,1.0,3.7394283e-09,0
81308,1.0,7.174356e-10,0
81309,1.0,5.402221e-10,0
81310,1.0,2.4750746e-12,0
81311,1.0,8.118349e-13,0
81312,1.0,1.8625164e-09,0
81313,0.99999094,9.029956e-06,0
81314,1.0,9.851023e-14,0
81315,1.0,1.3691389e-08,0
81316,1.0,1.5310797e-09,0
81317,1.0,1.861173e-10,0
81318,1.0,1.2379251e-14,0
81319,1.0,1.1208323e-10,0
81320,1.0,1.0468515e-09,0
81321,0.9999821,1.7863593e-05,0
81322,0.9999976,2.3413156e-06,0
81323,1.0,1.2057025e-13,0
81324,1.0,2.4887436e-14,0
81325,0.9999969,3.1295663e-06,0
81326,1.0,4.025036e-12,0
81327,1.0,1.1785454e-13,0
81328,1.0,1.3030738e-09,0
81329,1.0,1.3960973e-12,0
81330,0.99999404,5.938749e-06,0
81331,0.9999876,1.23960945e-05,0
81332,0.99996877,3.1285577e-05,0
81333,1.0,4.932459e-13,0
81334,0.99998,2.006187e-05,0
81335,1.0,3.7917464e-11,0
81336,0.99998355,1.6411603e-05,0
81337,1.0,2.2337665e-09,0
81338,1.0,3.2597136e-10,0
81339,1.0,6.304483e-11,0
81340,1.0,7.697063e-10,0
81341,1.0,3.7701228e-13,0
81342,0.9999999,1.7561197e-07,0
81343,1.0,2.2789512e-11,0
81344,1.0,1.1411715e-11,0
81345,1.0,4.0946389e-13,0
81346,1.0,2.3098457e-12,0
81347,1.0,3.368982e-12,0
81348,1.0,4.894924e-13,0
81349,1.0,1.351024e-12,0
81350,1.0,2.0180929e-10,0
81351,1.0,3.7682735e-10,0
81352,1.0,4.246206e-11,0
81353,1.0,5.483326e-11,0
81354,1.0,3.087596e-13,0
81355,1.0,8.577789e-14,0
81356,1.0,2.8254937e-11,0
81357,1.0,1.10555404e-13,0
81358,0.9946221,0.0053779506,0
81359,1.0,1.5681156e-08,0
81360,1.0,6.4853484e-14,0
81361,1.0,2.3597155e-12,0
81362,1.0,3.1272307e-08,0
81363,1.0,5.5182763e-14,0
81364,1.0,3.0098441e-12,0
81365,0.99999976,2.7440993e-07,0
81366,1.0,1.9158874e-11,0
81367,1.0,8.778016e-12,0
81368,1.0,2.3626968e-12,0
81369,1.0,6.3426266e-13,0
81370,1.0,1.2569233e-10,0
81371,1.0,3.5758163e-10,0
81372,1.0,7.029029e-11,0
81373,1.0,1.4050659e-11,0
81374,1.0,5.1410492e-14,0
81375,1.0,7.9629844e-12,0
81376,1.0,7.599932e-11,0
81377,1.0,2.904902e-13,0
81378,1.0,7.1016066e-12,0
81379,1.0,8.473067e-11,0
81380,1.0,5.1543063e-13,0
81381,1.0,9.641306e-14,0
81382,1.0,7.160883e-12,0
81383,1.0,1.156763e-12,0
81384,1.0,4.4258004e-12,0
81385,1.0,2.5040592e-12,0
81386,1.0,3.5391328e-15,0
81387,0.9999695,3.0524054e-05,0
81388,1.0,1.9625666e-12,0
81389,1.0,3.5149886e-11,0
81390,1.0,4.4345035e-12,0
81391,1.0,2.096422e-12,0
81392,1.0,2.7366722e-11,0
81393,1.0,5.2453156e-11,0
81394,1.0,5.389238e-12,0
81395,1.0,5.364724e-13,0
81396,1.0,4.4469592e-10,0
81397,1.0,5.3491115e-13,0
81398,1.0,2.165968e-11,0
81399,1.0,3.3226774e-12,0
81400,1.0,1.6620987e-12,0
81401,1.0,1.782053e-08,0
81402,1.0,5.980055e-14,0
81403,1.0,6.229052e-10,0
81404,1.0,1.3998451e-10,0
81405,1.0,7.189886e-15,0
81406,1.0,7.2672125e-13,0
81407,1.0,1.0985562e-10,0
81408,1.0,1.6628398e-13,0
81409,1.0,1.3781733e-11,0
81410,1.0,1.4573997e-11,0
81411,1.0,1.179147e-11,0
81412,1.0,1.0100891e-11,0
81413,1.0,8.5603866e-13,0
81414,1.0,1.9412677e-12,0
81415,1.0,1.6325028e-11,0
81416,1.0,5.7830216e-12,0
81417,1.0,2.6141502e-12,0
81418,1.0,1.3515124e-14,0
81419,1.0,3.0692404e-10,0
81420,1.0,5.032368e-11,0
81421,1.0,3.9246614e-13,0
81422,1.0,1.3446851e-11,0
81423,1.0,2.010171e-14,0
81424,1.0,2.5665588e-11,0
81425,1.0,1.6012471e-12,0
81426,1.0,1.5863599e-13,0
81427,1.0,2.769229e-13,0
81428,1.0,1.2784074e-11,0
81429,1.0,2.2462644e-12,0
81430,1.0,2.1315804e-13,0
81431,1.0,2.0056529e-13,0
81432,1.0,2.4808883e-12,0
81433,1.0,3.9477484e-09,0
81434,1.0,1.6986615e-11,0
81435,1.0,2.0278798e-12,0
81436,1.0,4.8729883e-12,0
81437,1.0,5.102929e-10,0
81438,1.0,6.2956574e-13,0
81439,1.0,9.308181e-12,0
81440,1.0,2.9828644e-15,0
81441,1.0,6.0169474e-12,0
81442,1.0,4.4120582e-10,0
81443,1.0,7.829011e-12,0
81444,1.0,3.859168e-09,0
81445,1.0,1.29483455e-11,0
81446,1.0,1.8993658e-14,0
81447,1.0,3.2145395e-12,0
81448,1.0,6.063058e-10,0
81449,1.0,1.25145e-10,0
81450,1.0,8.861217e-12,0
81451,1.0,7.944564e-13,0
81452,1.0,4.040803e-13,0
81453,1.0,8.008752e-13,0
81454,1.0,2.5504576e-09,0
81455,1.0,2.5330942e-11,0
81456,1.0,6.6488286e-13,0
81457,1.0,9.477689e-13,0
81458,1.0,7.152474e-12,0
81459,1.0,1.1759105e-11,0
81460,1.0,2.4198261e-11,0
81461,1.0,3.0354053e-13,0
81462,1.0,2.7520822e-11,0
81463,1.0,2.9682748e-10,0
81464,1.0,6.6585283e-12,0
81465,1.0,1.0790926e-11,0
81466,1.0,1.4401554e-09,0
81467,1.0,1.593061e-13,0
81468,1.0,4.3793953e-13,0
81469,1.0,1.8808009e-13,0
81470,1.0,2.3222101e-12,0
81471,1.0,2.4387549e-14,0
81472,1.0,9.0921805e-11,0
81473,1.0,2.6280447e-11,0
81474,1.0,8.109013e-14,0
81475,1.0,3.639148e-12,0
81476,1.0,4.2910567e-12,0
81477,1.0,1.9394883e-11,0
81478,1.0,8.8711355e-10,0
81479,1.0,4.9046278e-08,0
81480,0.9999999,5.978796e-08,0
81481,1.0,4.2308114e-12,0
81482,1.0,2.3099193e-13,0
81483,1.0,2.1636495e-09,0
81484,1.0,6.325719e-11,0
81485,1.0,2.327294e-10,0
81486,1.0,8.9918676e-13,0
81487,1.0,4.553619e-08,0
81488,1.0,2.4445546e-09,0
81489,0.9999999,1.0117068e-07,0
81490,1.0,7.204837e-11,0
81491,1.0,3.948832e-13,0
81492,1.0,3.716479e-11,0
81493,1.0,8.549955e-14,0
81494,1.0,2.2912257e-10,0
81495,1.0,7.36377e-12,0
81496,1.0,2.995025e-11,0
81497,0.99999976,2.706058e-07,0
81498,1.0,3.079251e-09,0
81499,1.0,1.2010312e-10,0
81500,0.9999863,1.3722673e-05,0
81501,0.9999993,7.3789545e-07,0
81502,1.0,7.2344984e-11,0
81503,1.0,1.1313956e-10,0
81504,1.0,7.780545e-11,0
81505,1.0,6.582856e-10,0
81506,1.0,1.1342221e-13,0
81507,1.0,4.0902308e-12,0
81508,1.0,1.5398495e-11,0
81509,1.0,3.7045064e-10,0
81510,1.0,1.1549273e-11,0
81511,1.0,3.3059555e-13,0
81512,1.0,1.615449e-10,0
81513,1.0,1.017332e-11,0
81514,1.0,3.1443647e-13,0
81515,1.0,1.3640169e-12,0
81516,1.0,2.8536241e-11,0
81517,1.0,1.1061981e-08,0
81518,1.0,9.031569e-14,0
81519,1.0,1.1514098e-08,0
81520,1.0,2.56517e-14,0
81521,1.0,5.2179146e-11,0
81522,1.0,2.0747614e-13,0
81523,1.0,4.6900683e-10,0
81524,1.0,9.595753e-14,0
81525,1.0,6.777124e-12,0
81526,1.0,4.9781827e-14,0
81527,1.0,5.6128422e-12,0
81528,1.0,1.111804e-11,0
81529,1.0,8.096573e-10,0
81530,1.0,6.708902e-14,0
81531,1.0,8.550094e-12,0
81532,1.0,4.3367553e-12,0
81533,1.0,3.9183188e-13,0
81534,1.0,2.5257102e-13,0
81535,1.0,1.01211844e-10,0
81536,1.0,6.82002e-12,0
81537,1.0,3.4509236e-11,0
81538,1.0,9.7351773e-14,0
81539,1.0,9.053625e-11,0
81540,1.0,1.3615126e-10,0
81541,0.9999988,1.2373042e-06,0
81542,1.0,3.9820677e-12,0
81543,1.0,5.1569863e-11,0
81544,1.0,6.864329e-11,0
81545,1.0,4.2165286e-12,0
81546,1.0,2.139249e-10,0
81547,1.0,4.3035684e-14,0
81548,1.0,2.5559287e-11,0
81549,1.0,3.7990344e-12,0
81550,0.99999845,1.5214032e-06,0
81551,1.0,5.650812e-13,0
81552,0.9999999,1.1109221e-07,0
81553,1.0,4.041595e-14,0
81554,0.99999654,3.49532e-06,0
81555,1.0,1.0284845e-10,0
81556,1.0,1.5308648e-11,0
81557,1.0,7.642286e-12,0
81558,1.0,1.5522826e-10,0
81559,1.0,1.5136209e-08,0
81560,1.0,2.0696586e-13,0
81561,1.0,2.7398865e-13,0
81562,1.0,1.2698308e-08,0
81563,1.0,3.5196813e-13,0
81564,1.0,1.0948566e-12,0
81565,1.0,2.342135e-11,0
81566,1.0,6.734036e-12,0
81567,1.0,1.1974759e-11,0
81568,1.0,1.1073617e-11,0
81569,1.0,3.711226e-13,0
81570,1.0,2.6320213e-12,0
81571,1.0,3.8852965e-10,0
81572,1.0,2.6762886e-10,0
81573,1.0,5.638592e-13,0
81574,1.0,1.9288359e-13,0
81575,1.0,4.6255702e-10,0
81576,1.0,2.168111e-13,0
81577,1.0,1.00629784e-13,0
81578,1.0,1.1142984e-11,0
81579,1.0,1.1093918e-10,0
81580,1.0,4.3890522e-10,0
81581,1.0,4.381971e-12,0
81582,1.0,1.0381664e-12,0
81583,1.0,1.0502123e-11,0
81584,1.0,4.8976555e-11,0
81585,1.0,5.755819e-12,0
81586,1.0,6.765781e-13,0
81587,1.0,1.6553038e-11,0
81588,1.0,3.1027865e-09,0
81589,1.0,1.0526056e-13,0
81590,1.0,9.790343e-12,0
81591,1.0,2.592125e-12,0
81592,1.0,2.5565342e-14,0
81593,1.0,3.4483312e-11,0
81594,1.0,8.176265e-13,0
81595,1.0,1.5772914e-12,0
81596,1.0,8.814289e-12,0
81597,1.0,4.972662e-13,0
81598,1.0,2.967945e-11,0
81599,1.0,1.03670865e-11,0
81600,1.0,2.3276181e-10,0
81601,1.0,4.2902012e-14,0
81602,1.0,8.6127245e-14,0
81603,1.0,7.391442e-14,0
81604,1.0,5.4780487e-14,0
81605,1.0,3.904804e-11,0
81606,1.0,1.5922804e-09,0
81607,1.0,3.759031e-12,0
81608,0.9999988,1.1569794e-06,0
81609,0.99999964,3.328587e-07,0
81610,1.0,3.2330668e-08,0
81611,0.98722965,0.0127703715,0
81612,1.0,5.1023183e-13,0
81613,1.0,6.5930046e-15,0
81614,1.0,1.7697243e-11,0
81615,1.0,2.475357e-13,0
81616,1.0,5.9947674e-13,0
81617,1.0,6.967115e-13,0
81618,1.0,9.465866e-11,0
81619,1.0,1.2899095e-11,0
81620,1.0,6.9827444e-10,0
81621,1.0,3.0169957e-11,0
81622,1.0,7.458862e-12,0
81623,1.0,2.758007e-13,0
81624,1.0,2.860182e-13,0
81625,1.0,7.6992657e-10,0
81626,1.0,8.1627554e-13,0
81627,1.0,2.3661244e-12,0
81628,1.0,5.103129e-12,0
81629,1.0,7.650741e-13,0
81630,1.0,7.4462614e-10,0
81631,1.0,1.8187665e-10,0
81632,1.0,3.156789e-11,0
81633,0.9999994,5.7579604e-07,0
81634,1.0,5.0581045e-13,0
81635,1.0,2.1869149e-11,0
81636,1.0,2.7896355e-12,0
81637,0.9999927,7.2533785e-06,0
81638,0.99999976,2.406834e-07,0
81639,1.0,3.0411657e-13,0
81640,1.0,1.2163759e-10,0
81641,1.0,8.984128e-11,0
81642,1.0,9.596001e-12,0
81643,1.0,7.533603e-14,0
81644,1.0,8.33894e-10,0
81645,1.0,3.9584116e-08,0
81646,1.0,3.9916265e-12,0
81647,1.0,5.7895644e-09,0
81648,1.0,7.451798e-11,0
81649,1.0,2.3450093e-11,0
81650,1.0,1.8574606e-13,0
81651,1.0,1.9926618e-13,0
81652,1.0,1.13814565e-11,0
81653,1.0,9.5707765e-12,0
81654,1.0,3.944308e-13,0
81655,1.0,3.4573765e-13,0
81656,1.0,1.2713625e-08,0
81657,1.0,1.00344016e-13,0
81658,1.0,3.184345e-12,0
81659,1.0,1.6615145e-13,0
81660,1.0,8.380068e-12,0
81661,1.0,1.0177933e-12,0
81662,1.0,3.6159592e-10,0
81663,1.0,7.6496323e-13,0
81664,1.0,1.5114623e-09,0
81665,1.0,5.2822346e-10,0
81666,1.0,1.5710462e-12,0
81667,1.0,6.0130666e-13,0
81668,1.0,8.4911726e-14,0
81669,1.0,1.4403113e-10,0
81670,1.0,3.4798473e-11,0
81671,1.0,2.9346112e-10,0
81672,1.0,5.361556e-12,0
81673,1.0,6.9496893e-13,0
81674,1.0,1.7369435e-13,0
81675,1.0,3.3227375e-14,0
81676,1.0,4.3794642e-12,0
81677,1.0,3.3780465e-13,0
81678,1.0,8.011055e-14,0
81679,1.0,9.231271e-12,0
81680,1.0,1.1716389e-11,0
81681,1.0,2.4113211e-11,0
81682,1.0,4.7687138e-15,0
81683,1.0,1.05878493e-10,0
81684,1.0,8.1453675e-13,0
81685,1.0,1.5827115e-10,0
81686,1.0,1.5387522e-10,0
81687,1.0,2.928817e-11,0
81688,1.0,1.2655769e-13,0
81689,1.0,1.3697533e-11,0
81690,1.0,1.1994944e-11,0
81691,1.0,4.472403e-13,0
81692,0.9999993,7.4417665e-07,0
81693,1.0,4.489516e-12,0
81694,1.0,3.5344245e-11,0
81695,0.9999999,8.6327496e-08,0
81696,1.0,1.10476746e-10,0
81697,1.0,1.3459044e-14,0
81698,1.0,1.2623897e-13,0
81699,1.0,9.427011e-09,0
81700,1.0,1.1179125e-12,0
81701,1.0,8.021728e-14,0
81702,1.0,1.032493e-12,0
81703,1.0,1.4495514e-11,0
81704,1.0,8.044827e-12,0
81705,1.0,3.294298e-13,0
81706,1.0,1.3744582e-12,0
81707,1.0,1.4282457e-12,0
81708,1.0,1.1161454e-10,0
81709,1.0,3.244948e-11,0
81710,1.0,6.257167e-10,0
81711,0.99999917,8.936235e-07,0
81712,0.99999595,3.9966426e-06,0
81713,0.9999994,5.5752844e-07,0
81714,0.9999989,1.1033492e-06,0
81715,1.0,8.539596e-09,0
81716,0.9999982,1.7617439e-06,0
81717,1.0,2.2682554e-09,0
81718,0.99999917,7.9998694e-07,0
81719,1.0,5.043029e-09,0
81720,1.0,6.6338773e-14,0
81721,1.0,2.8214006e-11,0
81722,1.0,1.2959817e-10,0
81723,1.0,1.4389966e-13,0
81724,1.0,5.391824e-10,0
81725,1.0,3.7310106e-11,0
81726,1.0,9.623541e-10,0
81727,1.0,4.1841222e-12,0
81728,1.0,9.321391e-10,0
81729,1.0,2.9859615e-11,0
81730,1.0,2.4873914e-10,0
81731,0.99999774,2.2639701e-06,0
81732,0.9999993,7.505263e-07,0
81733,1.0,1.2843374e-10,0
81734,1.0,4.27151e-11,0
81735,0.99999917,8.4391417e-07,0
81736,1.0,4.5483516e-11,0
81737,1.0,2.4672295e-10,0
81738,1.0,1.1002216e-09,0
81739,1.0,4.1849804e-10,0
81740,1.0,2.5089982e-08,0
81741,1.0,1.3968279e-11,0
81742,1.0,4.1997213e-12,0
81743,1.0,4.7662837e-12,0
81744,1.0,7.0706826e-12,0
81745,1.0,9.0194494e-14,0
81746,1.0,7.706205e-09,0
81747,1.0,1.2281481e-11,0
81748,1.0,1.3532414e-13,0
81749,1.0,6.001666e-13,0
81750,1.0,9.231311e-11,0
81751,1.0,1.21125e-10,0
81752,1.0,1.5536265e-11,0
81753,1.0,4.3927995e-12,0
81754,1.0,3.8772567e-14,0
81755,1.0,4.3996732e-13,0
81756,1.0,2.6458542e-11,0
81757,1.0,2.6115313e-10,0
81758,1.0,4.0231325e-12,0
81759,1.0,1.1177874e-11,0
81760,1.0,2.5030586e-14,0
81761,1.0,7.6964685e-12,0
81762,1.0,8.954886e-12,0
81763,1.0,3.2187452e-14,0
81764,1.0,8.4735425e-13,0
81765,1.0,1.5015396e-10,0
81766,1.0,2.188781e-14,0
81767,1.0,2.668813e-12,0
81768,1.0,1.1264737e-09,0
81769,1.0,5.387866e-10,0
81770,1.0,1.1020687e-11,0
81771,1.0,1.3975854e-10,0
81772,1.0,4.829304e-13,0
81773,1.0,1.9874892e-12,0
81774,1.0,2.831533e-13,0
81775,1.0,6.9729986e-11,0
81776,1.0,8.0501876e-11,0
81777,1.0,7.7416193e-13,0
81778,1.0,3.3598216e-14,0
81779,1.0,6.0622193e-12,0
81780,1.0,2.2342288e-11,0
81781,1.0,2.9904838e-13,0
81782,0.99999285,7.100318e-06,0
81783,1.0,3.1221109e-12,0
81784,1.0,2.1726978e-13,0
81785,1.0,7.4815273e-13,0
81786,1.0,6.368341e-12,0
81787,1.0,8.0113124e-11,0
81788,1.0,4.8605868e-12,0
81789,1.0,5.3397414e-10,0
81790,1.0,6.395306e-11,0
81791,1.0,9.859206e-09,0
81792,1.0,6.044802e-14,0
81793,1.0,1.7020862e-11,0
81794,1.0,5.6529386e-12,0
81795,1.0,5.2352702e-11,0
81796,1.0,7.517462e-12,0
81797,1.0,1.6942642e-11,0
81798,1.0,5.6593494e-11,0
81799,1.0,2.0548465e-12,0
81800,1.0,2.118094e-12,0
81801,1.0,3.4374137e-13,0
81802,1.0,2.3894523e-13,0
81803,1.0,8.678063e-09,0
81804,1.0,5.9542765e-10,0
81805,1.0,2.8617346e-11,0
81806,1.0,5.162456e-12,0
81807,1.0,2.8986644e-13,0
81808,1.0,1.1887345e-12,0
81809,1.0,1.626723e-13,0
81810,1.0,1.2151422e-10,0
81811,1.0,2.6051397e-13,0
81812,1.0,9.765315e-12,0
81813,1.0,1.9235355e-12,0
81814,1.0,7.254063e-11,0
81815,1.0,6.0088167e-12,0
81816,1.0,1.291934e-10,0
81817,1.0,1.8739804e-12,0
81818,1.0,8.398625e-13,0
81819,1.0,2.639473e-11,0
81820,1.0,3.651169e-12,0
81821,1.0,1.5521678e-13,0
81822,1.0,4.695203e-11,0
81823,1.0,5.384432e-11,0
81824,1.0,2.4713362e-14,0
81825,1.0,6.2784044e-12,0
81826,1.0,3.013568e-11,0
81827,1.0,7.639848e-13,0
81828,1.0,4.8393477e-12,0
81829,1.0,1.7451277e-11,0
81830,1.0,9.983655e-11,0
81831,1.0,7.071401e-11,0
81832,1.0,5.7965414e-11,0
81833,1.0,4.400458e-11,0
81834,1.0,7.451955e-11,0
81835,1.0,2.3298524e-10,0
81836,1.0,6.585286e-12,0
81837,1.0,2.9047912e-13,0
81838,1.0,9.97118e-13,0
81839,1.0,4.0670948e-12,0
81840,1.0,5.354208e-12,0
81841,1.0,1.7675441e-12,0
81842,1.0,7.8194595e-12,0
81843,1.0,2.8109557e-13,0
81844,1.0,3.7776556e-11,0
81845,1.0,1.4097602e-12,0
81846,1.0,1.9361756e-12,0
81847,1.0,3.6960878e-13,0
81848,1.0,2.493405e-10,0
81849,1.0,1.899335e-12,0
81850,1.0,1.6779422e-12,0
81851,1.0,1.02798586e-11,0
81852,1.0,1.1487769e-09,0
81853,1.0,1.3242721e-11,0
81854,1.0,2.4947438e-12,0
81855,1.0,4.6357354e-14,0
81856,1.0,8.2852897e-10,0
81857,1.0,6.9906533e-12,0
81858,1.0,4.98256e-11,0
81859,1.0,3.8237e-12,0
81860,1.0,1.7607372e-12,0
81861,1.0,3.7208442e-13,0
81862,1.0,5.6150107e-10,0
81863,1.0,1.9594115e-14,0
81864,1.0,5.9230336e-11,0
81865,1.0,1.1714836e-09,0
81866,1.0,3.819396e-14,0
81867,1.0,2.4212828e-13,0
81868,1.0,8.659258e-14,0
81869,1.0,1.2874031e-10,0
81870,1.0,2.8150364e-11,0
81871,1.0,2.783088e-12,0
81872,1.0,6.255159e-11,0
81873,1.0,4.784353e-09,0
81874,1.0,3.494775e-10,0
81875,1.0,3.2851985e-10,0
81876,1.0,3.315412e-11,0
81877,1.0,2.6580836e-12,0
81878,1.0,3.66247e-11,0
81879,1.0,2.7075864e-11,0
81880,1.0,4.966352e-12,0
81881,1.0,4.574073e-13,0
81882,1.0,2.8564614e-11,0
81883,1.0,3.151531e-11,0
81884,1.0,5.666872e-13,0
81885,0.999998,2.0432879e-06,0
81886,1.0,6.347026e-11,0
81887,1.0,2.709817e-12,0
81888,0.99999976,2.5196283e-07,0
81889,0.9999995,5.2821645e-07,0
81890,0.9999995,5.171923e-07,0
81891,1.0,5.948459e-12,0
81892,1.0,1.2497415e-11,0
81893,1.0,5.410744e-12,0
81894,0.9999999,6.875018e-08,0
81895,1.0,3.77168e-11,0
81896,1.0,3.516568e-13,0
81897,1.0,5.2093773e-13,0
81898,1.0,3.324113e-14,0
81899,1.0,2.765495e-11,0
81900,1.0,1.101517e-13,0
81901,1.0,2.582454e-11,0
81902,1.0,3.7406975e-13,0
81903,1.0,2.3687356e-11,0
81904,1.0,7.128256e-13,0
81905,1.0,2.4324499e-11,0
81906,1.0,2.3555066e-12,0
81907,1.0,2.2378538e-11,0
81908,1.0,2.176358e-11,0
81909,1.0,2.2518766e-11,0
81910,1.0,1.0091557e-10,0
81911,1.0,5.555525e-10,0
81912,1.0,6.0748295e-14,0
81913,1.0,3.204288e-11,0
81914,1.0,5.684274e-11,0
81915,1.0,8.994912e-15,0
81916,1.0,9.762708e-12,0
81917,1.0,3.727507e-13,0
81918,1.0,9.435195e-13,0
81919,1.0,1.9654688e-13,0
81920,1.0,2.9791836e-09,0
81921,1.0,2.1991384e-10,0
81922,1.0,3.600452e-11,0
81923,1.0,1.053813e-09,0
81924,1.0,9.462024e-14,0
81925,1.0,2.8656274e-12,0
81926,1.0,1.3592868e-13,0
81927,1.0,3.3970314e-12,0
81928,1.0,2.1357142e-10,0
81929,1.0,1.092759e-10,0
81930,1.0,2.074898e-11,0
81931,1.0,1.6623967e-12,0
81932,1.0,1.4027397e-10,0
81933,1.0,2.4140984e-13,0
81934,1.0,4.7540523e-09,0
81935,1.0,1.2361546e-08,0
81936,1.0,4.6751963e-14,0
81937,1.0,3.718762e-11,0
81938,1.0,3.504878e-12,0
81939,1.0,1.8152436e-12,0
81940,1.0,6.798506e-10,0
81941,1.0,1.6024816e-12,0
81942,1.0,6.1201294e-10,0
81943,1.0,5.4733336e-12,0
81944,1.0,1.8933672e-12,0
81945,1.0,2.4740092e-11,0
81946,1.0,3.5580946e-13,0
81947,1.0,1.868323e-09,0
81948,1.0,6.699501e-11,0
81949,1.0,1.0965674e-10,0
81950,1.0,2.0985653e-13,0
81951,1.0,5.8802122e-08,0
81952,1.0,1.1812522e-10,0
81953,1.0,1.0946423e-11,0
81954,1.0,7.243276e-12,0
81955,1.0,1.1510222e-10,0
81956,1.0,2.624384e-10,0
81957,1.0,6.394461e-12,0
81958,1.0,1.0334782e-12,0
81959,1.0,6.4485726e-12,0
81960,1.0,1.7353525e-11,0
81961,1.0,2.0130487e-14,0
81962,1.0,4.563931e-12,0
81963,1.0,2.496771e-09,0
81964,1.0,9.420711e-11,0
81965,1.0,4.126482e-11,0
81966,1.0,1.6820599e-12,0
81967,1.0,1.4825868e-13,0
81968,1.0,2.615009e-11,0
81969,1.0,9.683156e-11,0
81970,1.0,3.3422353e-12,0
81971,1.0,2.0378911e-12,0
81972,1.0,5.103708e-10,0
81973,1.0,1.2774472e-11,0
81974,1.0,1.00714185e-11,0
81975,1.0,1.184125e-12,0
81976,1.0,6.9123336e-12,0
81977,1.0,4.2410806e-12,0
81978,1.0,3.6820066e-10,0
81979,1.0,3.9609996e-13,0
81980,1.0,3.458752e-11,0
81981,1.0,1.7684658e-11,0
81982,1.0,2.7226808e-12,0
81983,0.9999994,5.618782e-07,0
81984,1.0,2.9493016e-10,0
81985,1.0,3.3297197e-12,0
81986,1.0,1.6322476e-11,0
81987,1.0,1.1669615e-12,0
81988,1.0,1.8996023e-13,0
81989,1.0,7.359583e-09,0
81990,1.0,3.6753954e-11,0
81991,0.99999166,8.332401e-06,0
81992,1.0,1.1763444e-13,0
81993,1.0,1.5372831e-13,0
81994,0.9999994,5.923065e-07,0
81995,1.0,2.4066963e-13,0
81996,1.0,1.0591418e-11,0
81997,1.0,6.959147e-13,0
81998,1.0,5.908185e-11,0
81999,1.0,1.909179e-11,0
82000,1.0,1.2890002e-10,0
82001,1.0,3.2079767e-14,0
82002,1.0,3.474097e-15,0
82003,1.0,9.816318e-15,0
82004,1.0,2.7947482e-12,0
82005,1.0,4.859032e-11,0
82006,1.0,3.3780212e-09,0
82007,1.0,1.4088847e-11,0
82008,1.0,1.5261987e-13,0
82009,1.0,3.4602809e-12,0
82010,1.0,9.675632e-13,0
82011,1.0,1.0518822e-11,0
82012,1.0,3.716456e-12,0
82013,1.0,2.5081435e-14,0
82014,1.0,4.9178845e-11,0
82015,1.0,1.0026726e-10,0
82016,1.0,4.6264303e-12,0
82017,1.0,4.168756e-12,0
82018,1.0,2.638124e-11,0
82019,1.0,2.1038048e-08,0
82020,1.0,4.815576e-11,0
82021,1.0,3.584083e-11,0
82022,0.99999976,2.702463e-07,0
82023,1.0,3.4218278e-08,0
82024,1.0,2.328465e-11,0
82025,1.0,2.0432808e-13,0
82026,1.0,1.11896756e-10,0
82027,1.0,2.0668401e-11,0
82028,1.0,9.726743e-12,0
82029,1.0,1.0443187e-09,0
82030,1.0,9.585784e-14,0
82031,1.0,1.7016004e-10,0
82032,1.0,2.9055544e-14,0
82033,1.0,1.673371e-13,0
82034,1.0,7.607415e-11,0
82035,1.0,7.911761e-14,0
82036,0.9999975,2.529454e-06,0
82037,1.0,6.713984e-14,0
82038,1.0,9.654077e-14,0
82039,1.0,2.1050859e-11,0
82040,1.0,4.6974244e-11,0
82041,1.0,3.416077e-11,0
82042,1.0,3.8218243e-13,0
82043,1.0,4.040246e-14,0
82044,1.0,1.8352972e-11,0
82045,1.0,3.506561e-13,0
82046,1.0,8.640113e-12,0
82047,1.0,4.0295757e-12,0
82048,1.0,8.694799e-12,0
82049,1.0,1.2012652e-13,0
82050,1.0,4.9733997e-14,0
82051,1.0,2.0696471e-09,0
82052,1.0,1.7084589e-10,0
82053,1.0,1.3057912e-12,0
82054,1.0,1.2510287e-12,0
82055,1.0,7.439423e-09,0
82056,1.0,6.301634e-11,0
82057,1.0,2.547062e-11,0
82058,1.0,7.186559e-10,0
82059,1.0,7.354226e-12,0
82060,1.0,8.962032e-15,0
82061,1.0,5.927196e-10,0
82062,0.99999905,1.0013646e-06,0
82063,1.0,2.8768833e-11,0
82064,1.0,1.5769516e-12,0
82065,0.9999976,2.4380754e-06,0
82066,0.9999989,1.0865127e-06,0
82067,1.0,8.586579e-14,0
82068,1.0,8.7716605e-11,0
82069,1.0,4.2524327e-14,0
82070,1.0,6.115289e-13,0
82071,0.999998,2.0435841e-06,0
82072,1.0,2.8825557e-12,0
82073,1.0,2.6551056e-11,0
82074,1.0,4.9274546e-10,0
82075,0.99999166,8.387947e-06,0
82076,1.0,3.3425576e-10,0
82077,1.0,5.706067e-14,0
82078,1.0,4.8464206e-13,0
82079,0.99999404,6.01049e-06,0
82080,1.0,7.802021e-14,0
82081,1.0,1.6680711e-10,0
82082,1.0,7.1656e-11,0
82083,1.0,9.727567e-14,0
82084,0.9999993,7.3688e-07,0
82085,0.9999999,1.1991445e-07,0
82086,1.0,2.7525682e-09,0
82087,0.9999999,1.3863807e-07,0
82088,1.0,2.1290024e-11,0
82089,1.0,1.954162e-12,0
82090,1.0,7.270651e-13,0
82091,1.0,2.8259384e-09,0
82092,1.0,1.2118838e-09,0
82093,1.0,5.9904903e-10,0
82094,1.0,3.3692168e-10,0
82095,1.0,4.9236215e-10,0
82096,1.0,6.2546135e-10,0
82097,1.0,1.1678828e-09,0
82098,1.0,1.148076e-09,0
82099,1.0,9.403889e-11,0
82100,1.0,2.9294495e-10,0
82101,0.99999857,1.4136359e-06,0
82102,1.0,8.169227e-11,0
82103,1.0,1.0342612e-08,0
82104,1.0,1.1022585e-10,0
82105,1.0,5.4668e-13,0
82106,1.0,2.11361e-12,0
82107,0.9996605,0.0003394532,0
82108,1.0,4.4535735e-13,0
82109,1.0,1.5039773e-12,0
82110,1.0,3.3588014e-11,0
82111,1.0,7.545892e-12,0
82112,1.0,3.029058e-11,0
82113,1.0,2.580946e-12,0
82114,1.0,1.3837672e-12,0
82115,1.0,1.1815942e-11,0
82116,1.0,2.4868507e-10,0
82117,1.0,2.7590846e-10,0
82118,1.0,7.954909e-12,0
82119,1.0,4.8553934e-14,0
82120,1.0,9.571898e-14,0
82121,1.0,1.0993551e-13,0
82122,1.0,2.3201825e-12,0
82123,1.0,8.3516416e-10,0
82124,1.0,7.1365615e-11,0
82125,1.0,1.9033317e-12,0
82126,1.0,4.5729077e-15,0
82127,1.0,7.813734e-12,0
82128,1.0,2.8444638e-10,0
82129,1.0,5.658383e-13,0
82130,1.0,7.36481e-12,0
82131,1.0,5.2246017e-13,0
82132,1.0,9.695712e-13,0
82133,1.0,5.6629067e-13,0
82134,1.0,1.0167854e-10,0
82135,1.0,3.9945586e-12,0
82136,1.0,8.122492e-11,0
82137,1.0,2.3822476e-14,0
82138,1.0,6.4953576e-12,0
82139,1.0,8.965559e-14,0
82140,1.0,4.734662e-12,0
82141,1.0,1.0850432e-14,0
82142,1.0,2.9326482e-13,0
82143,1.0,4.383415e-13,0
82144,1.0,2.4728993e-12,0
82145,1.0,4.073119e-12,0
82146,1.0,4.813616e-09,0
82147,1.0,2.52614e-12,0
82148,1.0,8.438608e-13,0
82149,1.0,7.150009e-11,0
82150,1.0,5.5124984e-11,0
82151,1.0,1.2072817e-12,0
82152,1.0,4.1648495e-14,0
82153,1.0,3.3389638e-10,0
82154,1.0,3.853572e-12,0
82155,1.0,1.2472881e-12,0
82156,1.0,6.0709754e-13,0
82157,1.0,6.2437846e-12,0
82158,1.0,9.073975e-14,0
82159,1.0,8.369179e-11,0
82160,1.0,2.7731815e-14,0
82161,1.0,1.487663e-13,0
82162,1.0,7.122253e-12,0
82163,1.0,1.1937543e-11,0
82164,1.0,9.823408e-13,0
82165,1.0,3.9379994e-10,0
82166,1.0,7.172987e-14,0
82167,1.0,1.4703921e-10,0
82168,1.0,1.8730319e-10,0
82169,1.0,1.4722324e-11,0
82170,1.0,1.4184957e-13,0
82171,1.0,2.3887213e-11,0
82172,1.0,1.2674728e-10,0
82173,1.0,4.694502e-12,0
82174,1.0,1.3770513e-11,0
82175,1.0,1.0302323e-09,0
82176,1.0,3.27914e-13,0
82177,1.0,4.211021e-13,0
82178,1.0,1.2423715e-11,0
82179,1.0,1.4567479e-13,0
82180,1.0,2.487611e-09,0
82181,1.0,3.6313461e-09,0
82182,1.0,1.6308985e-13,0
82183,1.0,2.1527183e-11,0
82184,1.0,7.976864e-12,0
82185,1.0,1.4193592e-13,0
82186,1.0,6.992314e-10,0
82187,1.0,2.7446999e-12,0
82188,1.0,2.9304117e-13,0
82189,1.0,2.4930294e-10,0
82190,1.0,3.7714822e-09,0
82191,1.0,6.4602186e-12,0
82192,1.0,5.549377e-12,0
82193,1.0,3.450634e-11,0
82194,1.0,3.6280294e-13,0
82195,1.0,1.2515598e-10,0
82196,1.0,3.6263395e-14,0
82197,1.0,1.7274311e-10,0
82198,1.0,8.4940605e-13,0
82199,1.0,2.062338e-12,0
82200,1.0,2.2686164e-11,0
82201,1.0,3.4941486e-10,0
82202,1.0,2.9599949e-12,0
82203,1.0,5.947966e-10,0
82204,1.0,2.8727858e-12,0
82205,1.0,9.443131e-10,0
82206,1.0,1.3171544e-13,0
82207,1.0,3.4307623e-11,0
82208,1.0,1.0856032e-12,0
82209,1.0,3.2254456e-13,0
82210,0.9999999,1.1933376e-07,0
82211,1.0,3.7953484e-08,0
82212,1.0,5.767154e-14,0
82213,1.0,2.2219059e-10,0
82214,1.0,4.6443253e-12,0
82215,1.0,1.2505939e-13,0
82216,1.0,3.633376e-13,0
82217,1.0,1.3233989e-14,0
82218,1.0,5.217676e-11,0
82219,1.0,1.8574493e-10,0
82220,0.99999416,5.814344e-06,0
82221,1.0,4.948679e-12,0
82222,1.0,4.739041e-13,0
82223,1.0,2.2512344e-13,0
82224,1.0,7.8654677e-13,0
82225,1.0,1.9156244e-11,0
82226,1.0,8.996152e-14,0
82227,1.0,1.9901835e-11,0
82228,1.0,5.222769e-13,0
82229,1.0,3.4572297e-14,0
82230,1.0,3.001397e-10,0
82231,1.0,3.7606833e-14,0
82232,1.0,6.416511e-09,0
82233,1.0,2.213258e-12,0
82234,1.0,3.1774084e-13,0
82235,1.0,6.9960526e-09,0
82236,1.0,1.0175075e-09,0
82237,1.0,6.1736055e-13,0
82238,1.0,1.4832883e-13,0
82239,1.0,6.328914e-12,0
82240,1.0,2.6099602e-12,0
82241,1.0,1.8555893e-11,0
82242,1.0,1.911633e-13,0
82243,1.0,3.483744e-08,0
82244,1.0,1.95587e-12,0
82245,1.0,1.759985e-12,0
82246,1.0,1.3712675e-10,0
82247,1.0,8.140056e-13,0
82248,1.0,7.417082e-12,0
82249,1.0,1.4919653e-09,0
82250,1.0,4.6609067e-10,0
82251,1.0,1.1592169e-12,0
82252,1.0,2.1279324e-13,0
82253,1.0,7.4684963e-13,0
82254,1.0,1.8988199e-13,0
82255,1.0,1.6989733e-14,0
82256,1.0,4.876673e-11,0
82257,1.0,9.05627e-14,0
82258,1.0,1.9624777e-11,0
82259,1.0,2.2700881e-11,0
82260,1.0,1.4818548e-09,0
82261,1.0,1.5023115e-12,0
82262,1.0,6.150745e-13,0
82263,1.0,4.7420146e-10,0
82264,1.0,2.4080841e-12,0
82265,1.0,6.992166e-14,0
82266,1.0,2.6357676e-13,0
82267,1.0,3.1693767e-13,0
82268,1.0,2.7835035e-11,0
82269,1.0,2.7918817e-12,0
82270,1.0,4.5416938e-11,0
82271,1.0,1.0511888e-10,0
82272,1.0,1.1346171e-11,0
82273,1.0,2.150776e-12,0
82274,1.0,3.52721e-12,0
82275,1.0,9.925175e-15,0
82276,1.0,3.3329048e-11,0
82277,1.0,3.3207487e-10,0
82278,1.0,2.0002836e-11,0
82279,1.0,4.8098407e-14,0
82280,1.0,2.0475118e-15,0
82281,1.0,7.3647924e-13,0
82282,1.0,3.158385e-11,0
82283,1.0,1.941886e-12,0
82284,1.0,8.676846e-11,0
82285,1.0,7.194513e-14,0
82286,1.0,7.963528e-13,0
82287,1.0,4.0718663e-13,0
82288,1.0,7.7898365e-12,0
82289,1.0,3.4541783e-10,0
82290,1.0,7.867144e-14,0
82291,1.0,1.2892165e-10,0
82292,1.0,5.7244435e-11,0
82293,1.0,5.1435795e-14,0
82294,1.0,1.9041252e-10,0
82295,1.0,6.9657203e-13,0
82296,1.0,5.9339507e-13,0
82297,1.0,2.0896224e-13,0
82298,1.0,8.494324e-12,0
82299,1.0,3.4292072e-10,0
82300,1.0,1.722668e-12,0
82301,1.0,1.0314577e-12,0
82302,1.0,1.3165341e-13,0
82303,1.0,1.765633e-13,0
82304,1.0,6.3604083e-10,0
82305,1.0,1.8033102e-12,0
82306,1.0,2.333728e-12,0
82307,1.0,2.5180812e-13,0
82308,1.0,5.0473467e-14,0
82309,1.0,2.8382189e-11,0
82310,1.0,3.376984e-09,0
82311,1.0,4.1820342e-11,0
82312,1.0,6.89128e-13,0
82313,1.0,1.814015e-08,0
82314,1.0,4.389435e-11,0
82315,1.0,1.0317258e-11,0
82316,1.0,1.00802205e-11,0
82317,1.0,2.0350713e-12,0
82318,1.0,3.8576445e-13,0
82319,1.0,5.336275e-12,0
82320,1.0,1.954877e-13,0
82321,1.0,6.5086304e-11,0
82322,1.0,6.3682015e-10,0
82323,1.0,1.3420837e-12,0
82324,1.0,5.295293e-12,0
82325,1.0,3.6952637e-09,0
82326,1.0,6.672698e-10,0
82327,1.0,1.7448372e-12,0
82328,1.0,7.272378e-11,0
82329,1.0,3.403734e-14,0
82330,1.0,8.435538e-12,0
82331,1.0,5.169148e-11,0
82332,1.0,1.313471e-10,0
82333,1.0,1.8351353e-12,0
82334,1.0,2.416375e-12,0
82335,1.0,2.715208e-12,0
82336,1.0,2.5659555e-12,0
82337,1.0,1.4021645e-10,0
82338,1.0,8.2416136e-14,0
82339,1.0,4.787492e-13,0
82340,1.0,1.980271e-14,0
82341,1.0,1.1074709e-12,0
82342,1.0,9.974018e-12,0
82343,1.0,6.4910935e-13,0
82344,1.0,2.2555358e-10,0
82345,1.0,9.494801e-14,0
82346,1.0,7.1805056e-13,0
82347,1.0,1.2962961e-13,0
82348,1.0,6.796214e-13,0
82349,1.0,5.1776444e-11,0
82350,1.0,1.7965645e-08,0
82351,1.0,3.1413268e-12,0
82352,1.0,5.7842706e-11,0
82353,1.0,6.502159e-13,0
82354,1.0,4.0498446e-10,0
82355,1.0,5.8549524e-12,0
82356,1.0,1.6404536e-14,0
82357,1.0,1.46249e-11,0
82358,1.0,9.68903e-11,0
82359,1.0,9.9343846e-14,0
82360,1.0,4.1237734e-12,0
82361,1.0,2.1103062e-09,0
82362,1.0,1.0973592e-12,0
82363,1.0,7.0166414e-14,0
82364,1.0,2.1821637e-12,0
82365,1.0,2.3558313e-11,0
82366,1.0,1.9997887e-10,0
82367,1.0,2.1913918e-14,0
82368,1.0,1.5245825e-11,0
82369,1.0,3.0340438e-10,0
82370,1.0,8.681381e-11,0
82371,1.0,9.2132857e-10,0
82372,1.0,7.2703735e-13,0
82373,1.0,9.407845e-13,0
82374,1.0,1.0715915e-08,0
82375,1.0,1.5888233e-11,0
82376,1.0,2.4566607e-09,0
82377,1.0,8.28904e-09,0
82378,1.0,5.715544e-10,0
82379,1.0,5.218233e-11,0
82380,1.0,5.6978124e-14,0
82381,1.0,1.0954887e-10,0
82382,1.0,9.32236e-12,0
82383,1.0,4.911159e-13,0
82384,1.0,9.578478e-13,0
82385,1.0,4.921662e-09,0
82386,1.0,1.0953934e-12,0
82387,1.0,1.4246998e-09,0
82388,1.0,7.34503e-12,0
82389,1.0,3.05212e-09,0
82390,1.0,4.103822e-11,0
82391,1.0,2.7108418e-11,0
82392,1.0,1.3736118e-08,0
82393,1.0,3.357943e-11,0
82394,1.0,2.649964e-12,0
82395,1.0,1.0803571e-11,0
82396,1.0,1.4509766e-10,0
82397,1.0,1.5025665e-12,0
82398,1.0,4.187535e-14,0
82399,1.0,2.4671083e-13,0
82400,1.0,8.6419824e-14,0
82401,1.0,3.359673e-11,0
82402,1.0,7.621001e-13,0
82403,1.0,6.6931844e-13,0
82404,1.0,1.8894934e-11,0
82405,1.0,1.5691552e-10,0
82406,1.0,9.22614e-14,0
82407,1.0,1.4542064e-11,0
82408,1.0,2.4126907e-12,0
82409,1.0,1.4904641e-12,0
82410,1.0,3.8756953e-11,0
82411,1.0,1.2124382e-10,0
82412,1.0,4.7094146e-09,0
82413,1.0,4.8550697e-10,0
82414,1.0,1.3623469e-13,0
82415,1.0,8.0655177e-13,0
82416,1.0,1.2934615e-12,0
82417,1.0,4.2645578e-11,0
82418,1.0,4.686913e-13,0
82419,1.0,1.4009523e-08,0
82420,1.0,4.4089014e-11,0
82421,1.0,1.8219408e-13,0
82422,1.0,1.6198341e-13,0
82423,1.0,4.2246247e-13,0
82424,1.0,7.0641314e-12,0
82425,1.0,1.594128e-09,0
82426,1.0,1.3259517e-09,0
82427,1.0,1.1157702e-11,0
82428,1.0,6.889382e-11,0
82429,1.0,4.8183874e-11,0
82430,1.0,1.0333402e-12,0
82431,1.0,2.0755728e-13,0
82432,1.0,1.5364227e-11,0
82433,1.0,3.2070438e-12,0
82434,0.99999964,3.253022e-07,0
82435,1.0,1.2147013e-11,0
82436,1.0,5.6398397e-13,0
82437,1.0,7.470651e-12,0
82438,1.0,8.409257e-12,0
82439,1.0,2.4718855e-12,0
82440,1.0,3.5323758e-11,0
82441,1.0,7.1807185e-11,0
82442,1.0,3.1567691e-12,0
82443,1.0,5.21142e-11,0
82444,1.0,4.0441688e-11,0
82445,1.0,1.765601e-11,0
82446,1.0,4.0546456e-13,0
82447,1.0,2.1036581e-10,0
82448,1.0,1.41487915e-11,0
82449,1.0,3.8937034e-13,0
82450,1.0,1.2527008e-11,0
82451,1.0,8.1223293e-13,0
82452,1.0,3.3666812e-09,0
82453,1.0,4.3137736e-11,0
82454,1.0,6.3884384e-12,0
82455,1.0,1.2542171e-10,0
82456,1.0,7.7116515e-11,0
82457,1.0,4.3404235e-11,0
82458,1.0,2.362208e-14,0
82459,1.0,1.8177443e-09,0
82460,0.99999607,3.89365e-06,0
82461,1.0,3.99736e-10,0
82462,1.0,6.3340067e-13,0
82463,1.0,1.4511026e-08,0
82464,1.0,5.153584e-11,0
82465,1.0,1.3444538e-08,0
82466,1.0,1.2953187e-11,0
82467,1.0,3.6546997e-13,0
82468,1.0,1.2874128e-10,0
82469,1.0,3.344528e-14,0
82470,1.0,1.1004477e-10,0
82471,1.0,7.457468e-12,0
82472,1.0,3.1945727e-11,0
82473,1.0,4.83429e-13,0
82474,1.0,2.4997404e-12,0
82475,1.0,4.076607e-09,0
82476,1.0,9.182843e-11,0
82477,1.0,2.6990375e-11,0
82478,1.0,2.6495105e-11,0
82479,1.0,1.5581448e-09,0
82480,1.0,6.335468e-13,0
82481,1.0,2.4690031e-11,0
82482,1.0,2.0306985e-11,0
82483,1.0,1.8724113e-09,0
82484,1.0,1.3443562e-12,0
82485,0.9999994,6.0569494e-07,0
82486,1.0,1.2933634e-11,0
82487,1.0,5.0380486e-09,0
82488,1.0,1.3223487e-11,0
82489,1.0,8.075747e-11,0
82490,1.0,1.4395918e-10,0
82491,1.0,2.180175e-12,0
82492,1.0,1.1353802e-09,0
82493,1.0,1.40870995e-11,0
82494,1.0,8.815864e-13,0
82495,1.0,6.875339e-10,0
82496,1.0,4.0235987e-13,0
82497,1.0,1.5602549e-11,0
82498,0.99999917,7.7645353e-07,0
82499,0.9999999,7.3920425e-08,0
82500,1.0,1.8495294e-11,0
82501,0.9999999,9.248366e-08,0
82502,0.9999987,1.3440559e-06,0
82503,1.0,8.89909e-12,0
82504,1.0,3.1169956e-11,0
82505,1.0,2.6968247e-11,0
82506,1.0,4.8984007e-12,0
82507,1.0,2.1249799e-13,0
82508,1.0,2.4524585e-11,0
82509,1.0,4.6260244e-12,0
82510,1.0,9.547412e-10,0
82511,1.0,2.0564963e-09,0
82512,1.0,1.8656708e-12,0
82513,1.0,3.1533484e-10,0
82514,1.0,5.883973e-11,0
82515,1.0,8.768674e-13,0
82516,1.0,4.748193e-11,0
82517,1.0,1.1602838e-11,0
82518,1.0,3.7081803e-11,0
82519,1.0,2.60354e-13,0
82520,1.0,6.80791e-11,0
82521,0.9999943,5.6663416e-06,0
82522,1.0,5.284456e-12,0
82523,1.0,3.880753e-08,0
82524,1.0,1.3230388e-13,0
82525,1.0,1.40953785e-11,0
82526,1.0,5.7524527e-11,0
82527,1.0,6.0775414e-14,0
82528,1.0,1.5746485e-13,0
82529,1.0,4.7155957e-10,0
82530,1.0,2.3414146e-12,0
82531,1.0,6.121749e-11,0
82532,1.0,3.7430052e-08,0
82533,1.0,9.840588e-13,0
82534,1.0,7.2486624e-13,0
82535,1.0,8.196126e-13,0
82536,1.0,9.330235e-13,0
82537,1.0,1.3090486e-11,0
82538,1.0,4.760757e-13,0
82539,1.0,1.0172413e-10,0
82540,1.0,1.2464421e-11,0
82541,1.0,9.292358e-12,0
82542,1.0,2.3286391e-14,0
82543,1.0,1.1752446e-11,0
82544,1.0,2.0374598e-12,0
82545,1.0,1.946848e-12,0
82546,1.0,3.1530053e-14,0
82547,1.0,2.3541783e-11,0
82548,1.0,7.555844e-12,0
82549,1.0,2.604628e-09,0
82550,0.9999987,1.3341435e-06,0
82551,1.0,6.813437e-13,0
82552,1.0,1.4263454e-12,0
82553,1.0,2.0886841e-11,0
82554,1.0,8.571398e-13,0
82555,1.0,4.1686827e-09,0
82556,1.0,3.9958765e-12,0
82557,1.0,9.392895e-12,0
82558,1.0,1.9952118e-11,0
82559,1.0,2.097911e-11,0
82560,1.0,5.2616182e-11,0
82561,1.0,1.4543071e-10,0
82562,1.0,1.2594466e-12,0
82563,1.0,2.2046114e-13,0
82564,1.0,2.254652e-12,0
82565,1.0,1.2204647e-12,0
82566,1.0,1.5656266e-11,0
82567,1.0,1.4480199e-08,0
82568,1.0,7.583464e-12,0
82569,0.9999999,8.068215e-08,0
82570,1.0,2.290724e-13,0
82571,1.0,2.5804157e-11,0
82572,1.0,8.3302835e-12,0
82573,1.0,3.6232255e-08,0
82574,1.0,1.7248094e-11,0
82575,1.0,4.5326076e-11,0
82576,1.0,1.7078862e-13,0
82577,1.0,1.7598634e-13,0
82578,1.0,3.2961474e-12,0
82579,1.0,4.4736462e-14,0
82580,1.0,2.1892353e-11,0
82581,1.0,9.697942e-11,0
82582,1.0,1.3157407e-13,0
82583,1.0,1.2071453e-13,0
82584,0.9999995,4.796096e-07,0
82585,1.0,5.0140155e-13,0
82586,1.0,8.676212e-12,0
82587,1.0,9.051988e-14,0
82588,1.0,4.422695e-12,0
82589,1.0,3.1785345e-14,0
82590,1.0,5.9879004e-09,0
82591,1.0,6.0055966e-12,0
82592,1.0,5.7511468e-11,0
82593,1.0,6.5679724e-09,0
82594,1.0,7.182441e-12,0
82595,1.0,3.5566087e-13,0
82596,1.0,1.0535396e-13,0
82597,0.9999963,3.6898534e-06,0
82598,1.0,6.27906e-13,0
82599,1.0,7.665358e-14,0
82600,1.0,3.777938e-14,0
82601,1.0,7.2509884e-12,0
82602,0.99999416,5.8990786e-06,0
82603,1.0,2.5375515e-12,0
82604,1.0,1.0493213e-11,0
82605,1.0,9.883931e-12,0
82606,1.0,6.748669e-12,0
82607,1.0,1.9773256e-12,0
82608,1.0,1.7013234e-15,0
82609,1.0,1.3110081e-10,0
82610,1.0,3.3113498e-10,0
82611,1.0,1.509616e-12,0
82612,1.0,1.3540721e-10,0
82613,1.0,3.403812e-14,0
82614,1.0,4.510822e-11,0
82615,1.0,1.7686485e-14,0
82616,1.0,1.6146333e-13,0
82617,1.0,1.7023972e-12,0
82618,1.0,3.6675063e-13,0
82619,1.0,3.0053466e-12,0
82620,1.0,2.4974743e-14,0
82621,1.0,4.71572e-11,0
82622,1.0,2.9529894e-13,0
82623,1.0,6.629754e-14,0
82624,1.0,1.6976406e-08,0
82625,1.0,6.4026276e-15,0
82626,1.0,1.0526593e-14,0
82627,1.0,2.9474356e-13,0
82628,1.0,5.8243417e-13,0
82629,1.0,4.7019498e-08,0
82630,0.99999917,8.8073114e-07,0
82631,1.0,3.944673e-11,0
82632,1.0,2.2617531e-13,0
82633,1.0,6.0107046e-13,0
82634,1.0,1.7205364e-09,0
82635,1.0,9.419377e-12,0
82636,1.0,3.8965754e-11,0
82637,1.0,2.0714142e-11,0
82638,1.0,3.325066e-13,0
82639,1.0,4.2756856e-10,0
82640,1.0,7.144777e-14,0
82641,0.99999905,9.738658e-07,0
82642,1.0,6.621471e-12,0
82643,1.0,6.159894e-12,0
82644,1.0,5.3352537e-13,0
82645,1.0,1.2328507e-12,0
82646,1.0,1.2563024e-14,0
82647,1.0,3.9677694e-08,0
82648,1.0,1.9329749e-10,0
82649,1.0,1.1895325e-09,0
82650,1.0,4.1230858e-10,0
82651,1.0,2.4624894e-11,0
82652,1.0,3.367111e-13,0
82653,1.0,1.0886139e-12,0
82654,1.0,6.989423e-13,0
82655,1.0,6.9157456e-13,0
82656,1.0,1.5597006e-12,0
82657,1.0,2.807453e-12,0
82658,1.0,3.955249e-12,0
82659,1.0,5.8830446e-10,0
82660,1.0,5.803087e-12,0
82661,1.0,6.289546e-10,0
82662,1.0,2.868983e-10,0
82663,1.0,9.499081e-13,0
82664,1.0,2.0121526e-12,0
82665,1.0,3.3092453e-15,0
82666,1.0,6.331093e-10,0
82667,1.0,5.726622e-13,0
82668,1.0,4.074792e-11,0
82669,1.0,5.2691426e-14,0
82670,1.0,1.7933521e-13,0
82671,1.0,9.105717e-11,0
82672,1.0,7.918544e-13,0
82673,1.0,2.3333455e-12,0
82674,1.0,1.12781694e-10,0
82675,1.0,7.497158e-12,0
82676,1.0,1.7424766e-11,0
82677,1.0,1.1329866e-11,0
82678,1.0,5.7698693e-11,0
82679,1.0,2.369732e-13,0
82680,1.0,2.8406208e-13,0
82681,1.0,1.940628e-11,0
82682,1.0,4.439023e-12,0
82683,1.0,1.5232869e-10,0
82684,1.0,2.6419777e-10,0
82685,1.0,4.6362155e-13,0
82686,1.0,2.3197346e-09,0
82687,1.0,5.3837696e-13,0
82688,1.0,1.2574071e-11,0
82689,1.0,3.9142702e-09,0
82690,1.0,4.8890997e-10,0
82691,1.0,1.1530564e-11,0
82692,1.0,4.5120934e-12,0
82693,1.0,2.6163323e-14,0
82694,1.0,3.2573687e-11,0
82695,1.0,6.8338415e-14,0
82696,1.0,7.109707e-13,0
82697,1.0,7.438886e-12,0
82698,1.0,5.2656018e-12,0
82699,1.0,6.106655e-12,0
82700,1.0,2.0580335e-10,0
82701,1.0,4.266897e-13,0
82702,1.0,8.0573e-11,0
82703,1.0,8.849322e-13,0
82704,1.0,9.812632e-11,0
82705,1.0,5.1619043e-12,0
82706,1.0,7.635347e-13,0
82707,1.0,3.1068873e-11,0
82708,1.0,2.478612e-13,0
82709,1.0,4.49946e-12,0
82710,1.0,1.873966e-12,0
82711,1.0,8.271485e-11,0
82712,1.0,1.8630758e-11,0
82713,1.0,4.3007688e-11,0
82714,1.0,1.0089299e-11,0
82715,1.0,4.344045e-10,0
82716,1.0,2.9235268e-14,0
82717,1.0,1.3428244e-11,0
82718,1.0,1.6195475e-12,0
82719,1.0,1.9429753e-12,0
82720,1.0,2.4486747e-13,0
82721,1.0,1.4160746e-08,0
82722,1.0,4.2647488e-13,0
82723,1.0,9.513246e-12,0
82724,1.0,7.016427e-14,0
82725,1.0,3.8778426e-13,0
82726,1.0,9.927283e-10,0
82727,1.0,2.2019503e-10,0
82728,1.0,5.048052e-13,0
82729,1.0,5.8358505e-13,0
82730,1.0,6.184475e-12,0
82731,1.0,4.538202e-12,0
82732,1.0,8.049811e-13,0
82733,1.0,8.709335e-13,0
82734,1.0,1.2187607e-14,0
82735,1.0,6.883582e-13,0
82736,1.0,1.599374e-11,0
82737,1.0,7.577573e-10,0
82738,1.0,1.2756279e-08,0
82739,1.0,7.0354834e-14,0
82740,1.0,2.53711e-09,0
82741,1.0,8.3955184e-13,0
82742,1.0,1.8293525e-11,0
82743,1.0,2.9270113e-12,0
82744,1.0,1.2087528e-10,0
82745,1.0,4.9209786e-12,0
82746,1.0,7.665253e-11,0
82747,1.0,1.8861572e-13,0
82748,1.0,3.2234666e-12,0
82749,1.0,7.572826e-12,0
82750,1.0,6.4810914e-11,0
82751,1.0,4.5088523e-11,0
82752,1.0,8.3847365e-12,0
82753,1.0,1.9027019e-10,0
82754,1.0,3.317844e-13,0
82755,0.9999995,4.5782386e-07,0
82756,1.0,9.42009e-13,0
82757,1.0,8.1905515e-12,0
82758,1.0,5.8876857e-12,0
82759,1.0,9.196658e-14,0
82760,0.9999994,6.2288325e-07,0
82761,1.0,7.560194e-13,0
82762,1.0,1.3175094e-12,0
82763,1.0,6.1317285e-11,0
82764,1.0,6.267783e-11,0
82765,1.0,1.1388831e-09,0
82766,1.0,1.3469015e-13,0
82767,1.0,9.519094e-15,0
82768,1.0,2.5457152e-12,0
82769,1.0,2.3215481e-10,0
82770,1.0,4.0899928e-14,0
82771,1.0,5.2870577e-12,0
82772,1.0,2.316425e-11,0
82773,1.0,9.037821e-11,0
82774,1.0,2.5095684e-11,0
82775,1.0,5.1529623e-12,0
82776,1.0,3.78422e-10,0
82777,1.0,1.8255419e-12,0
82778,1.0,9.975592e-13,0
82779,1.0,2.2217711e-13,0
82780,1.0,1.3894787e-10,0
82781,1.0,4.630456e-12,0
82782,1.0,2.3947725e-13,0
82783,1.0,1.465164e-12,0
82784,1.0,7.7066885e-13,0
82785,1.0,2.9107017e-14,0
82786,1.0,3.2528486e-15,0
82787,1.0,2.9398376e-14,0
82788,1.0,9.502342e-13,0
82789,1.0,4.055854e-12,0
82790,1.0,9.366511e-15,0
82791,1.0,8.0179197e-10,0
82792,1.0,6.765678e-13,0
82793,1.0,1.0918209e-11,0
82794,1.0,7.9267114e-11,0
82795,1.0,5.4880523e-12,0
82796,1.0,2.9601221e-10,0
82797,1.0,2.870465e-11,0
82798,1.0,1.499399e-10,0
82799,1.0,7.0512584e-13,0
82800,1.0,5.217335e-12,0
82801,1.0,1.2696656e-09,0
82802,1.0,3.3945846e-11,0
82803,1.0,3.631528e-08,0
82804,1.0,5.0773394e-13,0
82805,1.0,6.695672e-10,0
82806,1.0,1.8382943e-13,0
82807,1.0,1.2967241e-09,0
82808,1.0,4.6261328e-11,0
82809,1.0,3.4953234e-09,0
82810,0.99998033,1.9652582e-05,0
82811,1.0,2.1668635e-12,0
82812,1.0,5.3032516e-14,0
82813,1.0,3.6498843e-10,0
82814,1.0,2.6647784e-09,0
82815,1.0,1.8336589e-12,0
82816,1.0,2.8912076e-11,0
82817,1.0,3.868058e-15,0
82818,1.0,1.1706956e-12,0
82819,1.0,7.448579e-13,0
82820,1.0,1.0525474e-13,0
82821,1.0,1.10919534e-13,0
82822,1.0,4.5530084e-13,0
82823,1.0,2.8878207e-13,0
82824,1.0,4.11793e-10,0
82825,1.0,4.9689243e-14,0
82826,1.0,1.9350127e-12,0
82827,1.0,1.0053339e-11,0
82828,1.0,6.926597e-13,0
82829,1.0,1.1159642e-14,0
82830,1.0,6.7503034e-12,0
82831,1.0,4.2283393e-10,0
82832,1.0,1.1321057e-10,0
82833,1.0,8.31309e-13,0
82834,1.0,6.901419e-10,0
82835,1.0,1.395907e-10,0
82836,1.0,5.6197566e-14,0
82837,1.0,6.8309685e-12,0
82838,1.0,4.7347275e-11,0
82839,1.0,1.5159581e-12,0
82840,1.0,1.1373857e-12,0
82841,1.0,2.7199324e-14,0
82842,1.0,1.3837772e-09,0
82843,1.0,6.7669204e-12,0
82844,0.9999999,7.657592e-08,0
82845,1.0,3.4581034e-12,0
82846,1.0,1.1003632e-11,0
82847,1.0,3.2876027e-08,0
82848,1.0,8.204021e-10,0
82849,1.0,6.960588e-11,0
82850,1.0,3.6025176e-12,0
82851,1.0,7.4173046e-13,0
82852,1.0,3.4198892e-12,0
82853,1.0,1.617099e-13,0
82854,1.0,1.1282847e-12,0
82855,1.0,1.4816293e-12,0
82856,1.0,6.479621e-11,0
82857,1.0,2.4379875e-14,0
82858,0.9999999,1.3762164e-07,0
82859,1.0,1.1446115e-11,0
82860,1.0,1.1692038e-14,0
82861,1.0,2.0948583e-09,0
82862,1.0,4.4418032e-11,0
82863,1.0,1.3536616e-10,0
82864,1.0,3.9296094e-11,0
82865,1.0,1.3251217e-10,0
82866,1.0,6.6493835e-14,0
82867,1.0,6.1929e-13,0
82868,1.0,2.1716114e-10,0
82869,1.0,2.7660067e-11,0
82870,1.0,6.1189326e-12,0
82871,1.0,6.0128236e-10,0
82872,1.0,5.304942e-10,0
82873,1.0,8.709738e-12,0
82874,1.0,9.186569e-12,0
82875,1.0,3.492909e-10,0
82876,1.0,1.5986198e-12,0
82877,1.0,5.2780176e-09,0
82878,1.0,1.789723e-13,0
82879,1.0,2.0056167e-11,0
82880,1.0,8.952829e-10,0
82881,1.0,4.0279217e-13,0
82882,1.0,2.2146937e-12,0
82883,1.0,1.3505031e-13,0
82884,1.0,3.283571e-13,0
82885,1.0,9.45178e-10,0
82886,1.0,2.8843857e-13,0
82887,1.0,2.0959444e-10,0
82888,1.0,7.471364e-12,0
82889,1.0,4.2428953e-11,0
82890,1.0,4.7037076e-08,0
82891,1.0,2.3658118e-13,0
82892,1.0,4.8865148e-11,0
82893,1.0,1.5288449e-12,0
82894,0.99999976,2.874305e-07,0
82895,1.0,1.7696002e-14,0
82896,1.0,2.4895308e-11,0
82897,1.0,2.0051653e-11,0
82898,1.0,6.431554e-14,0
82899,1.0,2.6168678e-09,0
82900,1.0,6.460074e-11,0
82901,1.0,1.1168405e-12,0
82902,1.0,8.571566e-12,0
82903,1.0,8.174425e-13,0
82904,1.0,7.7920137e-10,0
82905,1.0,4.3823514e-10,0
82906,0.9999982,1.7920695e-06,0
82907,1.0,1.1856398e-11,0
82908,1.0,3.973182e-13,0
82909,1.0,3.4169848e-10,0
82910,1.0,3.0340856e-13,0
82911,1.0,1.5594313e-10,0
82912,1.0,7.2349913e-12,0
82913,1.0,7.2187534e-12,0
82914,1.0,8.5588844e-13,0
82915,1.0,1.7258911e-12,0
82916,1.0,6.1222213e-13,0
82917,1.0,1.0345229e-13,0
82918,1.0,1.760372e-11,0
82919,1.0,4.419082e-10,0
82920,1.0,8.2684705e-15,0
82921,1.0,9.144695e-13,0
82922,0.9999995,5.045418e-07,0
82923,1.0,1.1967602e-09,0
82924,1.0,2.6411612e-14,0
82925,0.999984,1.5948113e-05,0
82926,1.0,2.6872677e-12,0
82927,1.0,1.13106975e-10,0
82928,1.0,2.7606264e-14,0
82929,1.0,3.3137221e-12,0
82930,1.0,1.1759414e-12,0
82931,1.0,3.5727143e-10,0
82932,1.0,7.581743e-12,0
82933,1.0,9.515401e-13,0
82934,1.0,1.7262656e-13,0
82935,1.0,3.7910183e-10,0
82936,1.0,2.2812169e-11,0
82937,1.0,1.3290433e-09,0
82938,1.0,1.479948e-13,0
82939,1.0,6.942912e-15,0
82940,1.0,3.8817205e-13,0
82941,1.0,1.1507174e-13,0
82942,1.0,2.6416445e-14,0
82943,1.0,1.426991e-11,0
82944,1.0,6.1705914e-13,0
82945,1.0,4.9428e-13,0
82946,1.0,1.7096749e-10,0
82947,1.0,2.2257197e-13,0
82948,1.0,1.0758179e-09,0
82949,1.0,2.0177887e-10,0
82950,1.0,8.383457e-12,0
82951,1.0,4.959717e-08,0
82952,1.0,2.6404586e-12,0
82953,1.0,6.4968475e-11,0
82954,1.0,6.4024545e-12,0
82955,0.99999785,2.1296369e-06,0
82956,1.0,7.0783546e-10,0
82957,1.0,1.6303099e-10,0
82958,1.0,2.1500716e-11,0
82959,1.0,1.2686759e-12,0
82960,1.0,6.972336e-14,0
82961,1.0,1.0888476e-10,0
82962,1.0,1.0319334e-13,0
82963,1.0,2.3217596e-11,0
82964,1.0,2.3761635e-13,0
82965,1.0,1.6891738e-13,0
82966,1.0,2.04565e-11,0
82967,1.0,2.0561794e-12,0
82968,1.0,4.9718016e-12,0
82969,1.0,8.0531935e-12,0
82970,1.0,1.3776483e-14,0
82971,1.0,3.844423e-13,0
82972,1.0,7.42872e-12,0
82973,1.0,7.555797e-13,0
82974,0.99999976,2.453085e-07,0
82975,1.0,1.7199514e-10,0
82976,1.0,2.1054634e-11,0
82977,1.0,5.3568208e-09,0
82978,1.0,2.6823304e-09,0
82979,1.0,3.1363264e-13,0
82980,1.0,2.408169e-14,0
82981,1.0,1.4585716e-13,0
82982,1.0,2.0106514e-13,0
82983,1.0,4.4404262e-13,0
82984,1.0,1.2313528e-10,0
82985,1.0,6.796241e-09,0
82986,1.0,5.595016e-11,0
82987,1.0,2.6089187e-13,0
82988,1.0,2.5838238e-11,0
82989,1.0,6.3773146e-11,0
82990,1.0,5.327871e-13,0
82991,1.0,7.48317e-09,0
82992,1.0,8.7637335e-11,0
82993,1.0,3.387183e-09,0
82994,1.0,1.0858025e-11,0
82995,1.0,3.764152e-09,0
82996,1.0,4.3542624e-11,0
82997,0.9999976,2.4003407e-06,0
82998,1.0,9.207237e-15,0
82999,1.0,1.0095849e-10,0
83000,1.0,5.294038e-13,0
83001,1.0,1.2010256e-08,0
83002,1.0,1.1095188e-10,0
83003,1.0,2.4420763e-12,0
83004,1.0,3.7673553e-09,0
83005,1.0,1.6275424e-13,0
83006,1.0,1.2206616e-10,0
83007,1.0,3.7037373e-13,0
83008,1.0,2.057161e-11,0
83009,1.0,3.1939956e-10,0
83010,1.0,1.3946968e-09,0
83011,1.0,8.658759e-11,0
83012,1.0,5.272116e-11,0
83013,1.0,1.3432841e-13,0
83014,1.0,1.0195309e-11,0
83015,1.0,1.220651e-12,0
83016,1.0,8.3503666e-14,0
83017,1.0,2.1593785e-09,0
83018,1.0,8.8477486e-10,0
83019,1.0,1.3940385e-11,0
83020,0.9999999,7.044393e-08,0
83021,1.0,6.182662e-11,0
83022,1.0,3.7414733e-14,0
83023,1.0,1.5068428e-12,0
83024,1.0,1.4120975e-10,0
83025,1.0,3.5165731e-10,0
83026,1.0,1.39448e-11,0
83027,1.0,2.8709836e-12,0
83028,1.0,1.0003755e-12,0
83029,1.0,6.6503795e-12,0
83030,1.0,7.372452e-13,0
83031,0.99999845,1.5844882e-06,0
83032,1.0,4.2309526e-14,0
83033,1.0,1.3807214e-13,0
83034,1.0,3.8266e-14,0
83035,1.0,1.3495825e-11,0
83036,1.0,2.5534694e-10,0
83037,1.0,9.296502e-13,0
83038,1.0,2.4441313e-12,0
83039,1.0,8.566752e-14,0
83040,1.0,8.121245e-13,0
83041,1.0,6.647377e-11,0
83042,1.0,1.2370335e-13,0
83043,1.0,4.9138433e-11,0
83044,1.0,3.9543867e-13,0
83045,1.0,1.8721736e-11,0
83046,1.0,2.197792e-14,0
83047,1.0,1.6409254e-11,0
83048,1.0,1.2489306e-12,0
83049,1.0,1.7377745e-14,0
83050,1.0,3.2963912e-13,0
83051,1.0,3.7547854e-10,0
83052,1.0,2.4482397e-10,0
83053,1.0,2.7356895e-12,0
83054,1.0,1.2533975e-13,0
83055,1.0,3.4301977e-12,0
83056,1.0,2.8107844e-13,0
83057,1.0,7.515804e-11,0
83058,1.0,2.5899606e-12,0
83059,1.0,2.379093e-13,0
83060,1.0,2.7241421e-11,0
83061,1.0,6.044119e-11,0
83062,1.0,1.4682131e-12,0
83063,1.0,1.8689537e-13,0
83064,1.0,8.203092e-15,0
83065,1.0,2.7058569e-11,0
83066,1.0,1.01279655e-13,0
83067,1.0,1.12087506e-10,0
83068,1.0,4.1447193e-11,0
83069,1.0,1.9982653e-12,0
83070,1.0,1.7690165e-10,0
83071,0.99999976,2.8234786e-07,0
83072,1.0,4.65287e-13,0
83073,1.0,1.6328952e-11,0
83074,1.0,2.0546526e-10,0
83075,1.0,3.8779461e-13,0
83076,0.99999917,8.2154264e-07,0
83077,1.0,9.475823e-10,0
83078,1.0,3.6060512e-12,0
83079,1.0,2.0907599e-12,0
83080,1.0,1.7951161e-11,0
83081,1.0,9.841314e-10,0
83082,1.0,3.5197654e-11,0
83083,1.0,3.4283795e-12,0
83084,1.0,5.5905974e-12,0
83085,1.0,1.5660261e-12,0
83086,1.0,3.3336117e-14,0
83087,1.0,2.7697945e-13,0
83088,1.0,2.5234292e-12,0
83089,1.0,3.3117365e-13,0
83090,1.0,1.060261e-12,0
83091,1.0,2.647506e-14,0
83092,1.0,2.3831737e-11,0
83093,1.0,6.016256e-13,0
83094,1.0,2.2737595e-10,0
83095,1.0,3.0642303e-12,0
83096,1.0,1.1368119e-14,0
83097,1.0,3.1645398e-12,0
83098,1.0,2.3646332e-14,0
83099,1.0,1.1173705e-13,0
83100,1.0,4.9397604e-11,0
83101,1.0,1.7366712e-10,0
83102,1.0,1.7307436e-12,0
83103,1.0,2.8497135e-11,0
83104,1.0,8.280609e-11,0
83105,1.0,7.419318e-12,0
83106,1.0,5.3316557e-12,0
83107,1.0,2.5563529e-11,0
83108,1.0,2.9862447e-12,0
83109,1.0,2.03363e-10,0
83110,1.0,1.272746e-11,0
83111,1.0,1.275186e-14,0
83112,0.99999976,1.8748302e-07,0
83113,1.0,2.7369591e-11,0
83114,1.0,1.1787944e-10,0
83115,1.0,3.1047589e-12,0
83116,1.0,2.401712e-09,0
83117,1.0,2.6722411e-08,0
83118,1.0,4.1750857e-14,0
83119,1.0,1.3052122e-10,0
83120,1.0,1.8507397e-11,0
83121,1.0,1.27876355e-11,0
83122,1.0,6.061734e-12,0
83123,1.0,1.6578732e-14,0
83124,1.0,1.6523323e-11,0
83125,1.0,2.8734437e-08,0
83126,1.0,2.7439646e-14,0
83127,1.0,2.5802102e-10,0
83128,0.9999981,1.9172887e-06,0
83129,1.0,1.8540354e-12,0
83130,1.0,1.6069402e-13,0
83131,1.0,2.5686805e-10,0
83132,1.0,2.9772532e-12,0
83133,1.0,1.4816526e-11,0
83134,1.0,4.6719655e-12,0
83135,1.0,3.1893281e-09,0
83136,1.0,3.1603357e-12,0
83137,0.9999999,7.65584e-08,0
83138,1.0,1.37617435e-11,0
83139,1.0,2.5056658e-11,0
83140,1.0,5.6650514e-11,0
83141,1.0,2.1346513e-10,0
83142,1.0,6.531004e-14,0
83143,1.0,1.6678421e-10,0
83144,1.0,3.463817e-14,0
83145,1.0,5.0912626e-14,0
83146,1.0,5.6450992e-14,0
83147,1.0,7.8387146e-14,0
83148,1.0,1.3251652e-13,0
83149,1.0,1.0231966e-12,0
83150,1.0,1.7597451e-10,0
83151,1.0,1.1940617e-11,0
83152,1.0,4.9343667e-14,0
83153,1.0,1.255117e-10,0
83154,1.0,2.230104e-14,0
83155,1.0,3.5138126e-09,0
83156,1.0,5.625178e-12,0
83157,1.0,7.090245e-10,0
83158,1.0,6.441022e-13,0
83159,1.0,4.7923185e-12,0
83160,1.0,7.746959e-11,0
83161,1.0,6.2275665e-14,0
83162,1.0,1.5983584e-11,0
83163,1.0,4.187094e-11,0
83164,1.0,3.1202688e-10,0
83165,1.0,2.4122976e-10,0
83166,1.0,9.260523e-13,0
83167,1.0,2.2189885e-13,0
83168,1.0,2.0318512e-13,0
83169,1.0,2.9591577e-13,0
83170,1.0,1.05269194e-13,0
83171,1.0,2.730392e-13,0
83172,1.0,8.6654545e-10,0
83173,1.0,6.6395662e-09,0
83174,1.0,1.9727336e-08,0
83175,1.0,1.3026524e-11,0
83176,1.0,9.841149e-13,0
83177,1.0,2.4343597e-13,0
83178,1.0,3.5622215e-14,0
83179,0.9999982,1.7690085e-06,0
83180,1.0,2.513197e-13,0
83181,0.9999982,1.8038183e-06,0
83182,1.0,4.9532166e-14,0
83183,1.0,6.4284324e-12,0
83184,1.0,6.2718815e-12,0
83185,1.0,1.1921228e-11,0
83186,1.0,1.4821549e-12,0
83187,1.0,3.507083e-13,0
83188,1.0,4.2509607e-12,0
83189,1.0,2.1457105e-13,0
83190,1.0,1.4215125e-10,0
83191,1.0,2.143047e-10,0
83192,1.0,1.9157586e-12,0
83193,1.0,9.541021e-14,0
83194,1.0,1.7852739e-13,0
83195,0.99999976,2.2863698e-07,0
83196,1.0,8.537399e-12,0
83197,1.0,2.7138632e-11,0
83198,1.0,4.895419e-13,0
83199,1.0,1.6702342e-12,0
83200,1.0,9.754359e-14,0
83201,1.0,1.9572797e-13,0
83202,1.0,4.46964e-13,0
83203,1.0,4.383294e-11,0
83204,1.0,3.7199573e-13,0
83205,1.0,7.855381e-12,0
83206,1.0,3.2461462e-09,0
83207,1.0,7.47748e-12,0
83208,1.0,1.7370223e-10,0
83209,1.0,5.0308997e-11,0
83210,1.0,3.4075275e-14,0
83211,1.0,1.757584e-11,0
83212,1.0,1.8273883e-12,0
83213,1.0,1.6744073e-11,0
83214,1.0,1.335688e-10,0
83215,1.0,5.7688763e-12,0
83216,0.99999964,3.7471986e-07,0
83217,1.0,7.2617606e-11,0
83218,1.0,1.5531509e-13,0
83219,1.0,4.177589e-13,0
83220,1.0,7.642687e-10,0
83221,1.0,3.348746e-11,0
83222,1.0,3.5993925e-12,0
83223,1.0,1.3443908e-14,0
83224,1.0,3.0303394e-12,0
83225,1.0,7.7227867e-13,0
83226,1.0,1.8430319e-15,0
83227,0.99999964,3.825131e-07,0
83228,1.0,4.799875e-12,0
83229,1.0,2.0887689e-10,0
83230,1.0,8.9583445e-14,0
83231,1.0,5.8089787e-12,0
83232,1.0,2.8161749e-11,0
83233,1.0,7.5219773e-13,0
83234,1.0,2.02245e-11,0
83235,1.0,1.626289e-09,0
83236,1.0,8.193422e-13,0
83237,1.0,4.503987e-11,0
83238,1.0,9.189461e-12,0
83239,1.0,3.1991016e-12,0
83240,1.0,3.229906e-11,0
83241,1.0,2.4365092e-14,0
83242,1.0,3.3170656e-13,0
83243,1.0,4.1553874e-12,0
83244,1.0,1.9055501e-13,0
83245,1.0,1.2245231e-10,0
83246,1.0,3.1078397e-12,0
83247,1.0,3.244962e-10,0
83248,1.0,2.0185972e-10,0
83249,1.0,1.2248386e-10,0
83250,1.0,4.052396e-13,0
83251,1.0,7.392042e-12,0
83252,1.0,2.1044666e-12,0
83253,1.0,3.302984e-11,0
83254,1.0,5.2123243e-11,0
83255,1.0,5.4561125e-09,0
83256,1.0,2.6295413e-13,0
83257,1.0,3.5252864e-12,0
83258,1.0,2.3655978e-11,0
83259,1.0,3.82835e-15,0
83260,1.0,3.6176513e-09,0
83261,1.0,3.9692093e-11,0
83262,1.0,1.56192e-10,0
83263,1.0,4.726444e-15,0
83264,1.0,3.742923e-10,0
83265,1.0,4.345089e-10,0
83266,1.0,9.1177296e-14,0
83267,1.0,1.1656868e-12,0
83268,1.0,4.8475416e-12,0
83269,1.0,8.497014e-12,0
83270,1.0,3.0192925e-11,0
83271,1.0,1.1187312e-09,0
83272,1.0,1.25061905e-11,0
83273,1.0,3.3154388e-10,0
83274,1.0,3.5173225e-11,0
83275,1.0,2.1282351e-11,0
83276,1.0,2.036377e-11,0
83277,1.0,3.602901e-13,0
83278,1.0,1.03316786e-10,0
83279,1.0,7.003488e-13,0
83280,1.0,1.6790234e-13,0
83281,1.0,1.8350165e-12,0
83282,1.0,2.7154683e-11,0
83283,1.0,5.0976974e-13,0
83284,1.0,7.3769e-12,0
83285,1.0,8.3656904e-13,0
83286,1.0,1.4676989e-11,0
83287,1.0,8.821415e-13,0
83288,1.0,2.8311579e-11,0
83289,1.0,9.353783e-11,0
83290,1.0,5.8977792e-12,0
83291,1.0,2.2898647e-12,0
83292,1.0,3.293976e-14,0
83293,1.0,1.3596804e-10,0
83294,1.0,1.3381156e-10,0
83295,1.0,2.9438105e-14,0
83296,1.0,1.5761901e-09,0
83297,1.0,1.1456439e-12,0
83298,1.0,6.390928e-11,0
83299,1.0,3.5074076e-11,0
83300,1.0,6.9232584e-12,0
83301,1.0,3.1032668e-12,0
83302,1.0,5.9704533e-12,0
83303,1.0,1.952642e-12,0
83304,1.0,4.59136e-10,0
83305,1.0,5.964367e-11,0
83306,1.0,4.650958e-11,0
83307,1.0,1.0713283e-11,0
83308,1.0,4.6488786e-09,0
83309,1.0,1.838205e-11,0
83310,1.0,7.8038194e-11,0
83311,1.0,4.3011213e-11,0
83312,1.0,7.449862e-12,0
83313,1.0,3.6441035e-14,0
83314,1.0,2.8245424e-13,0
83315,1.0,1.14790625e-11,0
83316,1.0,1.2232183e-10,0
83317,0.99999976,1.813929e-07,0
83318,1.0,3.0069163e-13,0
83319,0.9999995,4.41709e-07,0
83320,1.0,3.466446e-11,0
83321,1.0,7.429684e-12,0
83322,1.0,1.267113e-13,0
83323,1.0,3.7460708e-11,0
83324,1.0,9.6374596e-11,0
83325,1.0,1.4476109e-12,0
83326,1.0,1.300972e-14,0
83327,1.0,1.5301183e-10,0
83328,1.0,9.0606044e-11,0
83329,1.0,1.7521358e-10,0
83330,1.0,6.191125e-14,0
83331,1.0,3.7679227e-13,0
83332,1.0,8.996504e-12,0
83333,1.0,1.8408024e-10,0
83334,1.0,1.2250913e-13,0
83335,1.0,4.10011e-09,0
83336,1.0,3.334413e-14,0
83337,1.0,2.421098e-13,0
83338,1.0,5.344566e-12,0
83339,1.0,5.563581e-11,0
83340,1.0,1.4237422e-11,0
83341,1.0,6.951834e-10,0
83342,1.0,8.797375e-12,0
83343,1.0,6.886314e-13,0
83344,1.0,3.706568e-11,0
83345,1.0,2.319491e-13,0
83346,1.0,1.7458568e-11,0
83347,1.0,2.7299574e-11,0
83348,1.0,3.2137884e-14,0
83349,1.0,7.184379e-14,0
83350,1.0,8.5745265e-12,0
83351,1.0,4.7096277e-10,0
83352,1.0,9.215021e-11,0
83353,1.0,7.033233e-13,0
83354,1.0,3.0188403e-13,0
83355,1.0,4.5990906e-10,0
83356,1.0,4.3458035e-13,0
83357,1.0,1.902181e-12,0
83358,1.0,4.5765746e-14,0
83359,1.0,8.8035807e-13,0
83360,1.0,5.0291507e-12,0
83361,1.0,4.7347112e-14,0
83362,1.0,7.9184305e-11,0
83363,1.0,9.8327865e-12,0
83364,1.0,1.5003393e-11,0
83365,1.0,7.494038e-13,0
83366,1.0,3.0015413e-13,0
83367,1.0,3.6888778e-12,0
83368,1.0,7.850779e-13,0
83369,1.0,3.0373063e-12,0
83370,1.0,1.6535264e-12,0
83371,1.0,1.2487997e-12,0
83372,1.0,1.7284137e-13,0
83373,1.0,3.7761967e-13,0
83374,1.0,4.5828607e-08,0
83375,1.0,2.8521317e-12,0
83376,1.0,3.399822e-10,0
83377,1.0,6.139232e-14,0
83378,1.0,6.1586664e-10,0
83379,1.0,2.6230618e-11,0
83380,1.0,1.750075e-14,0
83381,1.0,3.9649395e-12,0
83382,1.0,4.5398255e-10,0
83383,1.0,3.113013e-12,0
83384,1.0,1.0656104e-10,0
83385,1.0,4.549605e-13,0
83386,1.0,4.578186e-12,0
83387,1.0,1.0337069e-12,0
83388,1.0,6.758062e-11,0
83389,1.0,8.111855e-15,0
83390,1.0,2.9523298e-10,0
83391,1.0,2.569194e-11,0
83392,1.0,3.8042063e-11,0
83393,1.0,5.699628e-14,0
83394,1.0,3.0193775e-12,0
83395,1.0,4.4622825e-12,0
83396,1.0,2.2556637e-11,0
83397,1.0,1.7248842e-12,0
83398,1.0,1.93996e-13,0
83399,1.0,2.7151937e-11,0
83400,1.0,2.2163586e-12,0
83401,1.0,8.705752e-12,0
83402,1.0,6.9084154e-13,0
83403,1.0,2.513861e-11,0
83404,1.0,1.401033e-11,0
83405,1.0,9.334352e-12,0
83406,1.0,2.258462e-11,0
83407,1.0,4.0651694e-13,0
83408,1.0,1.2054225e-12,0
83409,1.0,1.5374714e-12,0
83410,1.0,3.778544e-10,0
83411,1.0,4.7886977e-13,0
83412,1.0,9.135395e-11,0
83413,1.0,1.1209151e-11,0
83414,1.0,4.5278133e-14,0
83415,1.0,3.5565748e-13,0
83416,1.0,2.3165728e-13,0
83417,1.0,3.171395e-10,0
83418,1.0,1.0123915e-12,0
83419,1.0,2.7408536e-13,0
83420,1.0,3.4095302e-14,0
83421,1.0,1.9559286e-13,0
83422,1.0,4.3675832e-13,0
83423,1.0,1.1994251e-12,0
83424,1.0,1.4079968e-13,0
83425,1.0,1.3614944e-10,0
83426,1.0,1.4165026e-10,0
83427,1.0,2.7844077e-10,0
83428,1.0,1.4562896e-09,0
83429,1.0,1.0650851e-12,0
83430,1.0,7.780763e-12,0
83431,1.0,3.710683e-12,0
83432,1.0,3.2543646e-14,0
83433,1.0,6.68323e-14,0
83434,1.0,2.2089669e-10,0
83435,1.0,1.13851976e-10,0
83436,1.0,1.1758914e-13,0
83437,1.0,4.847419e-13,0
83438,1.0,1.287509e-13,0
83439,1.0,3.3094712e-12,0
83440,1.0,5.393522e-10,0
83441,1.0,1.1614152e-11,0
83442,1.0,5.268636e-12,0
83443,1.0,2.2633997e-11,0
83444,1.0,4.19481e-10,0
83445,1.0,3.427976e-11,0
83446,1.0,1.3832804e-10,0
83447,1.0,8.61445e-14,0
83448,1.0,4.5227647e-10,0
83449,1.0,7.880943e-11,0
83450,1.0,1.0672243e-12,0
83451,1.0,9.181407e-11,0
83452,1.0,8.698113e-13,0
83453,1.0,6.6206555e-14,0
83454,1.0,3.2425273e-12,0
83455,1.0,1.1265435e-11,0
83456,1.0,3.5717176e-11,0
83457,1.0,1.6364488e-12,0
83458,1.0,2.5129468e-10,0
83459,1.0,1.9571969e-10,0
83460,1.0,1.7658755e-13,0
83461,1.0,3.21982e-14,0
83462,1.0,9.333675e-12,0
83463,1.0,4.0621e-13,0
83464,1.0,6.754976e-13,0
83465,1.0,5.359296e-12,0
83466,1.0,1.1520232e-11,0
83467,1.0,1.6652146e-12,0
83468,1.0,2.680558e-11,0
83469,1.0,3.733942e-12,0
83470,1.0,4.5059637e-11,0
83471,1.0,9.195392e-11,0
83472,1.0,5.4371834e-13,0
83473,1.0,5.6575523e-13,0
83474,1.0,3.8013922e-11,0
83475,1.0,5.2782713e-12,0
83476,1.0,4.2818697e-11,0
83477,1.0,2.0812595e-11,0
83478,1.0,9.226413e-12,0
83479,1.0,5.510084e-10,0
83480,1.0,5.9799015e-12,0
83481,1.0,6.560172e-13,0
83482,1.0,1.3553312e-09,0
83483,1.0,6.1825644e-12,0
83484,1.0,9.7909084e-11,0
83485,1.0,1.4952827e-11,0
83486,1.0,1.8210287e-11,0
83487,1.0,5.8643487e-13,0
83488,1.0,7.421044e-12,0
83489,1.0,1.0781509e-10,0
83490,1.0,5.105265e-14,0
83491,1.0,1.2853375e-13,0
83492,1.0,1.0594368e-11,0
83493,1.0,8.063214e-12,0
83494,1.0,3.1331862e-10,0
83495,1.0,1.8787843e-11,0
83496,1.0,6.18559e-10,0
83497,1.0,6.152473e-12,0
83498,1.0,9.343887e-11,0
83499,1.0,4.3192774e-13,0
83500,1.0,7.143312e-12,0
83501,1.0,1.3650268e-12,0
83502,1.0,5.896154e-10,0
83503,1.0,1.8779255e-10,0
83504,1.0,1.0656738e-13,0
83505,1.0,4.2022833e-13,0
83506,1.0,8.6268845e-13,0
83507,1.0,1.5067704e-09,0
83508,1.0,1.0370917e-12,0
83509,1.0,2.244274e-11,0
83510,1.0,2.4866406e-11,0
83511,1.0,6.340782e-11,0
83512,1.0,4.768245e-13,0
83513,1.0,1.8693201e-10,0
83514,1.0,5.63931e-10,0
83515,1.0,4.239045e-11,0
83516,0.99999976,2.5655993e-07,0
83517,1.0,3.2502985e-12,0
83518,1.0,8.5372974e-13,0
83519,1.0,1.3010093e-10,0
83520,1.0,1.2127308e-08,0
83521,1.0,9.569681e-12,0
83522,1.0,3.84824e-12,0
83523,1.0,4.6361318e-11,0
83524,1.0,4.93815e-11,0
83525,1.0,4.3262464e-12,0
83526,1.0,3.1623236e-13,0
83527,1.0,1.4259449e-09,0
83528,1.0,5.5834178e-11,0
83529,1.0,6.150941e-14,0
83530,1.0,1.5508613e-11,0
83531,1.0,3.4541539e-09,0
83532,1.0,3.1856432e-13,0
83533,1.0,5.4055653e-12,0
83534,1.0,5.3871616e-12,0
83535,1.0,2.4948283e-13,0
83536,1.0,1.2151978e-10,0
83537,1.0,2.3060786e-11,0
83538,1.0,4.7053153e-11,0
83539,1.0,6.535151e-11,0
83540,1.0,7.473573e-12,0
83541,1.0,2.6144207e-11,0
83542,1.0,3.072312e-12,0
83543,1.0,8.268326e-12,0
83544,1.0,2.0653585e-11,0
83545,1.0,2.7642016e-12,0
83546,1.0,2.1186917e-12,0
83547,1.0,1.0476448e-12,0
83548,1.0,1.6791732e-14,0
83549,1.0,2.3598878e-11,0
83550,1.0,1.637319e-13,0
83551,1.0,1.5718234e-11,0
83552,1.0,1.4840348e-10,0
83553,1.0,1.42090785e-14,0
83554,1.0,4.885867e-13,0
83555,1.0,1.306102e-09,0
83556,1.0,1.888211e-11,0
83557,1.0,2.0994734e-10,0
83558,1.0,4.540689e-11,0
83559,1.0,3.7047357e-12,0
83560,1.0,1.3548381e-12,0
83561,1.0,5.566258e-14,0
83562,1.0,3.5784663e-12,0
83563,1.0,1.9554262e-08,0
83564,1.0,6.740221e-11,0
83565,1.0,2.8844423e-12,0
83566,1.0,1.3594457e-12,0
83567,1.0,1.8387546e-12,0
83568,1.0,4.048535e-12,0
83569,1.0,6.8868557e-12,0
83570,1.0,4.9964707e-12,0
83571,1.0,7.5477455e-13,0
83572,1.0,1.0314813e-12,0
83573,1.0,8.155842e-10,0
83574,1.0,1.1251965e-12,0
83575,1.0,4.396509e-10,0
83576,1.0,4.4665618e-10,0
83577,1.0,9.672315e-12,0
83578,1.0,2.5804564e-10,0
83579,1.0,8.20611e-12,0
83580,1.0,4.809953e-13,0
83581,1.0,1.7516271e-11,0
83582,1.0,1.7075474e-13,0
83583,1.0,3.1345397e-12,0
83584,1.0,1.6362873e-11,0
83585,1.0,4.0677132e-13,0
83586,1.0,1.8327917e-12,0
83587,1.0,3.580344e-12,0
83588,1.0,4.9488913e-14,0
83589,1.0,1.4361717e-10,0
83590,1.0,3.7029906e-12,0
83591,1.0,2.3439986e-11,0
83592,1.0,1.0678025e-12,0
83593,1.0,1.0343859e-11,0
83594,1.0,6.9842465e-11,0
83595,1.0,1.4123454e-10,0
83596,1.0,4.5643125e-09,0
83597,1.0,1.4047013e-15,0
83598,1.0,3.004514e-13,0
83599,1.0,5.020673e-14,0
83600,1.0,1.1839205e-14,0
83601,1.0,1.0738569e-11,0
83602,1.0,5.5645487e-14,0
83603,1.0,6.48781e-14,0
83604,1.0,8.031722e-11,0
83605,1.0,1.6251392e-12,0
83606,1.0,1.0107303e-12,0
83607,1.0,6.0958616e-10,0
83608,1.0,4.1928497e-14,0
83609,1.0,1.6594599e-12,0
83610,1.0,6.097126e-11,0
83611,1.0,1.5222289e-11,0
83612,1.0,2.945007e-10,0
83613,1.0,4.793843e-13,0
83614,0.9999995,4.632908e-07,0
83615,0.9999999,9.748473e-08,0
83616,1.0,1.7548851e-10,0
83617,0.9999999,7.207623e-08,0
83618,1.0,1.0761144e-11,0
83619,1.0,7.2112295e-11,0
83620,1.0,3.4578977e-09,0
83621,1.0,7.433684e-11,0
83622,1.0,2.5758143e-10,0
83623,1.0,6.2360603e-12,0
83624,1.0,2.9419778e-12,0
83625,1.0,4.700604e-12,0
83626,1.0,1.8709367e-13,0
83627,1.0,7.252881e-09,0
83628,1.0,1.04090576e-10,0
83629,1.0,1.6211021e-12,0
83630,1.0,2.3006692e-12,0
83631,1.0,1.4285748e-09,0
83632,1.0,1.478435e-14,0
83633,1.0,1.391907e-12,0
83634,1.0,1.8939575e-14,0
83635,1.0,1.0574335e-12,0
83636,1.0,1.0651262e-11,0
83637,1.0,4.63498e-12,0
83638,1.0,1.7374548e-08,0
83639,1.0,3.902769e-12,0
83640,1.0,2.7276135e-12,0
83641,1.0,1.17932695e-11,0
83642,1.0,1.5169929e-13,0
83643,1.0,3.0854902e-12,0
83644,1.0,7.927765e-12,0
83645,0.9999999,1.6570603e-07,0
83646,1.0,1.0578123e-13,0
83647,1.0,4.301376e-11,0
83648,1.0,3.4501109e-09,0
83649,1.0,9.6938394e-14,0
83650,1.0,6.1844397e-12,0
83651,1.0,1.1348286e-12,0
83652,1.0,1.1570313e-10,0
83653,1.0,2.052329e-11,0
83654,1.0,2.1112542e-11,0
83655,1.0,9.785154e-12,0
83656,1.0,5.123549e-13,0
83657,1.0,3.4034053e-09,0
83658,1.0,9.8547774e-11,0
83659,1.0,1.9804395e-08,0
83660,1.0,1.0003721e-11,0
83661,1.0,8.119684e-12,0
83662,1.0,4.6791824e-11,0
83663,1.0,2.0492583e-11,0
83664,1.0,3.0835722e-12,0
83665,1.0,7.774166e-11,0
83666,1.0,1.2110006e-10,0
83667,1.0,5.008335e-14,0
83668,1.0,5.4819742e-12,0
83669,1.0,5.21009e-14,0
83670,1.0,1.6413605e-11,0
83671,1.0,5.953297e-11,0
83672,1.0,1.1189664e-12,0
83673,1.0,9.535754e-12,0
83674,1.0,1.5047684e-13,0
83675,1.0,1.09556644e-13,0
83676,1.0,2.1952794e-13,0
83677,1.0,2.1944306e-12,0
83678,1.0,7.0530005e-11,0
83679,1.0,9.466167e-12,0
83680,1.0,1.8219563e-11,0
83681,1.0,1.2162666e-14,0
83682,1.0,1.6677131e-12,0
83683,1.0,2.4796026e-11,0
83684,1.0,3.1828044e-11,0
83685,1.0,9.896697e-13,0
83686,1.0,7.8203095e-12,0
83687,1.0,4.100843e-10,0
83688,1.0,1.3216743e-09,0
83689,1.0,8.579058e-12,0
83690,1.0,2.9402404e-11,0
83691,1.0,6.5048045e-12,0
83692,1.0,3.012874e-10,0
83693,1.0,7.478018e-13,0
83694,1.0,2.5875496e-13,0
83695,1.0,4.0307715e-10,0
83696,1.0,1.8918608e-13,0
83697,1.0,9.0168395e-13,0
83698,1.0,1.4527579e-09,0
83699,1.0,1.5393612e-12,0
83700,1.0,5.2801215e-13,0
83701,1.0,3.6552577e-09,0
83702,1.0,1.8379859e-13,0
83703,1.0,8.906114e-13,0
83704,1.0,4.2019282e-14,0
83705,1.0,1.2230794e-12,0
83706,1.0,7.466762e-12,0
83707,1.0,1.7894006e-11,0
83708,1.0,1.9551718e-09,0
83709,1.0,4.8180703e-13,0
83710,1.0,2.6673574e-12,0
83711,1.0,1.4715647e-14,0
83712,1.0,5.464423e-13,0
83713,1.0,6.700038e-11,0
83714,1.0,3.845525e-12,0
83715,1.0,8.813439e-14,0
83716,1.0,5.812708e-14,0
83717,1.0,2.1874083e-10,0
83718,1.0,3.971964e-12,0
83719,1.0,2.1870233e-11,0
83720,1.0,3.432752e-11,0
83721,1.0,1.0146316e-09,0
83722,1.0,1.7276746e-14,0
83723,1.0,7.077773e-14,0
83724,1.0,3.4064948e-10,0
83725,1.0,1.229065e-10,0
83726,1.0,1.4324492e-09,0
83727,1.0,1.6344399e-12,0
83728,1.0,5.747506e-11,0
83729,1.0,8.281403e-10,0
83730,1.0,1.6281269e-12,0
83731,1.0,4.3239058e-11,0
83732,1.0,8.472844e-10,0
83733,1.0,1.8525541e-12,0
83734,1.0,6.211452e-12,0
83735,1.0,1.0641758e-11,0
83736,1.0,2.648399e-11,0
83737,1.0,6.6623486e-13,0
83738,1.0,3.5660216e-14,0
83739,1.0,2.7543613e-11,0
83740,1.0,9.180207e-13,0
83741,1.0,5.0885017e-08,0
83742,1.0,2.0945686e-11,0
83743,1.0,1.6367873e-14,0
83744,1.0,7.233239e-12,0
83745,1.0,1.13286394e-10,0
83746,1.0,7.2543604e-13,0
83747,1.0,2.0075974e-09,0
83748,1.0,1.5571095e-11,0
83749,1.0,2.0557177e-11,0
83750,1.0,1.8750682e-11,0
83751,0.9999999,1.0124056e-07,0
83752,1.0,2.3644664e-10,0
83753,0.9999789,2.1083588e-05,0
83754,1.0,5.623684e-13,0
83755,1.0,4.8811583e-11,0
83756,1.0,2.966513e-11,0
83757,1.0,1.0345418e-11,0
83758,1.0,2.0609894e-12,0
83759,1.0,1.2158331e-10,0
83760,1.0,1.1142204e-10,0
83761,1.0,4.101048e-13,0
83762,1.0,2.3311154e-13,0
83763,1.0,1.978012e-12,0
83764,1.0,6.680013e-12,0
83765,1.0,9.125817e-11,0
83766,1.0,9.884082e-12,0
83767,1.0,1.4800942e-10,0
83768,1.0,5.2931563e-14,0
83769,1.0,2.5179425e-09,0
83770,1.0,4.8443324e-13,0
83771,1.0,2.1579846e-11,0
83772,1.0,1.970277e-13,0
83773,1.0,3.8172912e-14,0
83774,1.0,3.0890822e-12,0
83775,1.0,8.111353e-13,0
83776,1.0,3.3627868e-12,0
83777,1.0,3.1432115e-14,0
83778,1.0,5.054372e-13,0
83779,1.0,4.422617e-13,0
83780,1.0,2.8346744e-08,0
83781,1.0,1.31013264e-11,0
83782,1.0,3.904917e-14,0
83783,1.0,2.3072974e-11,0
83784,1.0,6.711066e-10,0
83785,1.0,3.3850564e-10,0
83786,1.0,1.8773934e-12,0
83787,1.0,2.3295933e-11,0
83788,1.0,3.8515408e-10,0
83789,1.0,4.6301734e-12,0
83790,1.0,2.3005577e-10,0
83791,1.0,5.3731877e-11,0
83792,1.0,5.260901e-13,0
83793,1.0,1.4589063e-12,0
83794,1.0,1.6095751e-13,0
83795,1.0,1.5871311e-10,0
83796,1.0,1.3741933e-12,0
83797,1.0,1.0669114e-11,0
83798,1.0,2.0447566e-11,0
83799,1.0,1.9234867e-13,0
83800,1.0,1.874522e-14,0
83801,1.0,5.9209126e-10,0
83802,1.0,5.702409e-11,0
83803,1.0,6.125001e-13,0
83804,1.0,6.420618e-11,0
83805,1.0,6.6095844e-12,0
83806,1.0,3.689453e-13,0
83807,1.0,4.4842395e-14,0
83808,1.0,5.022572e-13,0
83809,1.0,7.168614e-13,0
83810,1.0,1.6436075e-10,0
83811,1.0,2.0437586e-11,0
83812,1.0,8.9127084e-13,0
83813,1.0,1.4962242e-11,0
83814,1.0,1.8314132e-10,0
83815,1.0,1.3448376e-13,0
83816,1.0,5.7085326e-12,0
83817,1.0,3.0791173e-12,0
83818,1.0,8.2820983e-10,0
83819,1.0,1.1715501e-10,0
83820,1.0,1.9211768e-13,0
83821,1.0,5.79624e-12,0
83822,1.0,1.5513901e-12,0
83823,1.0,4.8195916e-11,0
83824,1.0,2.1787025e-13,0
83825,1.0,1.6290867e-12,0
83826,1.0,7.096817e-11,0
83827,1.0,1.4604543e-12,0
83828,1.0,4.5174604e-11,0
83829,1.0,8.335115e-12,0
83830,0.99999976,1.8232217e-07,0
83831,1.0,4.3128665e-12,0
83832,1.0,1.3961939e-11,0
83833,0.99998486,1.5086141e-05,0
83834,0.9999999,1.04497516e-07,0
83835,1.0,2.8982778e-09,0
83836,0.9999827,1.7265522e-05,0
83837,1.0,7.4779765e-09,0
83838,0.9999888,1.120001e-05,0
83839,0.99999774,2.2929148e-06,0
83840,1.0,3.1999015e-08,0
83841,1.0,1.3712453e-08,0
83842,0.9999993,6.62521e-07,0
83843,1.0,1.8367742e-12,0
83844,0.99999356,6.421977e-06,0
83845,1.0,1.991127e-09,0
83846,0.9999999,8.7219576e-08,0
83847,1.0,1.9017824e-08,0
83848,1.0,9.74843e-13,0
83849,0.9999995,4.8195164e-07,0
83850,1.0,2.1144924e-09,0
83851,1.0,8.273686e-13,0
83852,1.0,1.7121705e-11,0
83853,1.0,3.2615564e-09,0
83854,0.99999726,2.7813085e-06,0
83855,1.0,6.38684e-09,0
83856,0.9999994,5.977701e-07,0
83857,1.0,4.3448406e-10,0
83858,1.0,5.1621512e-08,0
83859,1.0,2.8100688e-11,0
83860,0.9999988,1.215906e-06,0
83861,0.9999993,7.2405123e-07,0
83862,1.0,2.7709163e-12,0
83863,0.9999999,7.513922e-08,0
83864,0.9999857,1.42916215e-05,0
83865,0.9999995,4.6881317e-07,0
83866,1.0,1.1502437e-09,0
83867,1.0,2.8711536e-08,0
83868,0.9999945,5.454041e-06,0
83869,1.0,1.5341431e-09,0
83870,0.99999964,3.7898585e-07,0
83871,0.99999964,3.1244113e-07,0
83872,0.9999976,2.4145204e-06,0
83873,1.0,5.097411e-11,0
83874,1.0,2.9862977e-11,0
83875,0.99999964,3.272176e-07,0
83876,0.9999999,1.7249937e-07,0
83877,1.0,1.3560372e-09,0
83878,0.9999938,6.1474916e-06,0
83879,0.9999474,5.2522435e-05,0
83880,0.9999999,1.11653435e-07,0
83881,1.0,1.1487538e-11,0
83882,0.9999944,5.592028e-06,0
83883,0.9999999,1.6671511e-07,0
83884,1.0,4.6180116e-08,0
83885,1.0,1.8508432e-10,0
83886,0.9999914,8.572385e-06,0
83887,0.9999995,4.8219346e-07,0
83888,1.0,3.6541653e-08,0
83889,0.99999523,4.7438375e-06,0
83890,0.99999774,2.2680588e-06,0
83891,1.0,1.6189107e-09,0
83892,1.0,1.0441448e-14,0
83893,0.9999852,1.4732603e-05,0
83894,1.0,1.0431506e-12,0
83895,1.0,8.000844e-09,0
83896,1.0,2.463038e-08,0
83897,0.9999999,1.1804094e-07,0
83898,0.9999918,8.173965e-06,0
83899,0.9999994,6.2573633e-07,0
83900,0.99999976,2.710816e-07,0
83901,1.0,1.3685437e-08,0
83902,1.0,4.051417e-08,0
83903,1.0,3.4470474e-08,0
83904,1.0,1.825629e-08,0
83905,1.0,2.2984799e-09,0
83906,1.0,1.5435663e-11,0
83907,1.0,1.9433601e-09,0
83908,1.0,7.2948914e-09,0
83909,0.9999969,3.0752462e-06,0
83910,0.9999999,1.7163755e-07,0
83911,1.0,2.7158657e-12,0
83912,1.0,2.2933179e-08,0
83913,1.0,8.3462e-09,0
83914,0.9999988,1.137966e-06,0
83915,0.99999654,3.4072307e-06,0
83916,0.99999774,2.2569468e-06,0
83917,0.9999902,9.737778e-06,0
83918,1.0,2.8559795e-09,0
83919,1.0,6.4521105e-10,0
83920,0.99999166,8.376475e-06,0
83921,0.99999964,3.144682e-07,0
83922,1.0,2.3386064e-09,0
83923,1.0,1.5124736e-10,0
83924,1.0,2.8089746e-08,0
83925,1.0,9.1757735e-10,0
83926,1.0,6.9852257e-09,0
83927,1.0,3.7129066e-08,0
83928,0.99999857,1.3797162e-06,0
83929,0.99999964,3.117619e-07,0
83930,0.9999999,8.329123e-08,0
83931,1.0,1.9625761e-10,0
83932,1.0,1.1668046e-10,0
83933,1.0,1.04985035e-10,0
83934,0.99999726,2.7166282e-06,0
83935,0.99999976,1.9196183e-07,0
83936,1.0,7.325077e-09,0
83937,1.0,6.1628584e-11,0
83938,0.9999993,7.179413e-07,0
83939,1.0,2.2395824e-08,0
83940,0.9999453,5.4661163e-05,0
83941,1.0,3.423218e-08,0
83942,0.99999917,8.932486e-07,0
83943,1.0,1.0414767e-08,0
83944,1.0,4.868948e-08,0
83945,1.0,6.0804326e-09,0
83946,1.0,1.0842474e-09,0
83947,0.99999976,2.2281046e-07,0
83948,1.0,2.6154308e-09,0
83949,1.0,2.1767026e-11,0
83950,1.0,3.5098588e-10,0
83951,1.0,2.6860587e-08,0
83952,1.0,8.385189e-11,0
83953,0.9999976,2.4123888e-06,0
83954,0.9999974,2.6755417e-06,0
83955,1.0,4.3570278e-08,0
83956,0.9999999,8.657285e-08,0
83957,1.0,1.9562098e-08,0
83958,0.99999976,2.977243e-07,0
83959,1.0,3.2522895e-08,0
83960,0.9999993,6.826858e-07,0
83961,1.0,3.9871124e-09,0
83962,0.9999999,1.1435924e-07,0
83963,1.0,1.9090363e-08,0
83964,0.9999999,8.732761e-08,0
83965,1.0,1.0086072e-10,0
83966,1.0,2.7718796e-11,0
83967,1.0,3.309257e-08,0
83968,1.0,5.019764e-10,0
83969,1.0,9.546159e-13,0
83970,1.0,1.0960978e-12,0
83971,0.99999654,3.419888e-06,0
83972,1.0,8.286613e-11,0
83973,1.0,3.7738495e-13,0
83974,0.9999999,8.2943416e-08,0
83975,1.0,2.1702306e-08,0
83976,0.9999999,1.489993e-07,0
83977,1.0,5.4350795e-09,0
83978,0.9999994,5.6625e-07,0
83979,0.9999951,4.8331262e-06,0
83980,0.99999905,9.765349e-07,0
83981,1.0,5.7569288e-08,0
83982,1.0,4.564107e-11,0
83983,0.99999046,9.551548e-06,0
83984,0.99999857,1.4553874e-06,0
83985,1.0,2.1062405e-09,0
83986,1.0,1.4801945e-08,0
83987,1.0,1.0422726e-10,0
83988,0.9999924,7.672396e-06,0
83989,0.99999714,2.8400918e-06,0
83990,0.9999945,5.5260098e-06,0
83991,1.0,8.2118525e-09,0
83992,1.0,2.1391696e-08,0
83993,1.0,5.512691e-10,0
83994,1.0,7.8303206e-13,0
83995,0.99999917,7.794085e-07,0
83996,1.0,6.1732086e-12,0
83997,0.9999999,9.584495e-08,0
83998,1.0,1.2909691e-09,0
83999,0.99999964,3.390003e-07,0
84000,1.0,5.1916414e-13,0
84001,1.0,5.62112e-17,0
84002,1.0,1.6553529e-09,0
84003,0.99999976,2.6974985e-07,0
84004,1.0,1.12853384e-13,0
84005,1.0,1.3820567e-10,0
84006,0.9999988,1.1333868e-06,0
84007,0.99999785,2.1067174e-06,0
84008,1.0,1.0119452e-09,0
84009,1.0,1.0484221e-09,0
84010,1.0,1.6461497e-09,0
84011,1.0,1.3633461e-08,0
84012,0.9999999,6.0745926e-08,0
84013,1.0,3.9557657e-10,0
84014,1.0,1.7577344e-08,0
84015,0.99999833,1.6239516e-06,0
84016,0.99999654,3.4196662e-06,0
84017,1.0,4.9962257e-11,0
84018,1.0,6.764246e-09,0
84019,1.0,1.7175404e-08,0
84020,1.0,6.7281562e-12,0
84021,0.9999995,4.7381224e-07,0
84022,0.9999999,1.4103958e-07,0
84023,0.99999976,2.7775476e-07,0
84024,0.9999999,1.06966425e-07,0
84025,0.9999999,7.8915434e-08,0
84026,0.9999995,5.085853e-07,0
84027,1.0,8.274851e-10,0
84028,1.0,3.1993595e-11,0
84029,0.9999994,5.9941414e-07,0
84030,1.0,4.1537476e-08,0
84031,1.0,1.3790353e-08,0
84032,1.0,3.832937e-12,0
84033,1.0,3.6694853e-10,0
84034,0.99998915,1.0891106e-05,0
84035,1.0,1.6853863e-09,0
84036,0.99999964,4.1124719e-07,0
84037,0.9999932,6.792667e-06,0
84038,1.0,1.7020175e-08,0
84039,0.99999976,1.8830443e-07,0
84040,1.0,1.0112858e-08,0
84041,1.0,7.897428e-09,0
84042,1.0,2.3557079e-09,0
84043,0.9999994,6.484922e-07,0
84044,0.99999666,3.3091862e-06,0
84045,0.9999987,1.3296343e-06,0
84046,1.0,8.481118e-11,0
84047,1.0,3.401304e-12,0
84048,0.9999994,5.471089e-07,0
84049,0.9999968,3.2467844e-06,0
84050,1.0,5.7193206e-09,0
84051,0.99999714,2.8740853e-06,0
84052,0.99999917,8.4389325e-07,0
84053,1.0,5.1218226e-08,0
84054,0.999998,2.0361101e-06,0
84055,1.0,3.5272069e-10,0
84056,1.0,2.8670426e-09,0
84057,1.0,3.3987133e-10,0
84058,0.9999939,6.0419425e-06,0
84059,1.0,1.192327e-08,0
84060,0.99999964,3.0965333e-07,0
84061,0.9999999,6.8616295e-08,0
84062,0.99999416,5.8901123e-06,0
84063,0.9999932,6.783572e-06,0
84064,1.0,1.0364333e-08,0
84065,1.0,6.355503e-12,0
84066,0.9999993,7.429655e-07,0
84067,0.9999981,1.8736501e-06,0
84068,0.99999976,1.8446374e-07,0
84069,0.99999976,2.386376e-07,0
84070,1.0,1.554038e-08,0
84071,1.0,2.0970262e-08,0
84072,0.9999995,4.2270617e-07,0
84073,0.99999905,9.748192e-07,0
84074,0.9999994,5.553888e-07,0
84075,0.99999964,3.1762238e-07,0
84076,1.0,3.810566e-12,0
84077,1.0,2.6936557e-09,0
84078,0.99999857,1.4413675e-06,0
84079,1.0,3.5036618e-12,0
84080,1.0,1.07747084e-13,0
84081,0.9999999,1.7528103e-07,0
84082,0.9999999,9.077932e-08,0
84083,1.0,5.0798854e-10,0
84084,0.9999969,3.1028883e-06,0
84085,0.9999999,1.0770507e-07,0
84086,0.9999987,1.2941744e-06,0
84087,1.0,3.9449913e-10,0
84088,1.0,4.3189133e-10,0
84089,0.9999974,2.6656242e-06,0
84090,0.9999902,9.791473e-06,0
84091,0.9999894,1.0571943e-05,0
84092,0.99999785,2.1323845e-06,0
84093,0.99999917,8.696348e-07,0
84094,0.9999999,1.1517134e-07,0
84095,0.99999964,3.587468e-07,0
84096,1.0,1.2258774e-12,0
84097,1.0,1.796358e-09,0
84098,1.0,1.1556336e-09,0
84099,1.0,1.5315186e-08,0
84100,1.0,2.9389552e-08,0
84101,1.0,7.532969e-11,0
84102,1.0,3.7193352e-08,0
84103,0.9999995,4.3760917e-07,0
84104,0.9999999,1.2591279e-07,0
84105,1.0,5.642541e-09,0
84106,1.0,1.8822377e-08,0
84107,1.0,1.1722084e-08,0
84108,1.0,4.580979e-09,0
84109,1.0,5.6543946e-08,0
84110,1.0,6.643765e-11,0
84111,0.9999969,3.0520625e-06,0
84112,1.0,1.7195645e-10,0
84113,0.99999285,7.135263e-06,0
84114,1.0,1.5048232e-09,0
84115,0.99999976,1.9201163e-07,0
84116,1.0,1.591504e-08,0
84117,0.99999726,2.7074102e-06,0
84118,1.0,8.219469e-09,0
84119,1.0,6.5684574e-10,0
84120,0.9999981,1.8580838e-06,0
84121,1.0,1.1883255e-10,0
84122,0.99999833,1.6168584e-06,0
84123,0.9999974,2.6599307e-06,0
84124,0.9999999,8.542157e-08,0
84125,1.0,3.1560018e-10,0
84126,1.0,1.7260692e-08,0
84127,0.99999905,9.0701667e-07,0
84128,0.99999964,2.9957155e-07,0
84129,1.0,9.356683e-09,0
84130,0.9999795,2.0454463e-05,0
84131,1.0,7.501085e-10,0
84132,1.0,1.2105493e-08,0
84133,1.0,4.0685788e-11,0
84134,1.0,2.776973e-09,0
84135,0.99999964,3.862072e-07,0
84136,0.9999999,1.212004e-07,0
84137,1.0,1.3116436e-10,0
84138,1.0,1.3646818e-10,0
84139,1.0,1.4991959e-10,0
84140,1.0,5.3347358e-09,0
84141,0.99998415,1.5822345e-05,0
84142,1.0,3.8043152e-11,0
84143,1.0,3.4689318e-08,0
84144,1.0,3.7270295e-10,0
84145,0.9999999,6.62036e-08,0
84146,1.0,1.2988833e-08,0
84147,0.9999999,1.747236e-07,0
84148,1.0,1.6283366e-10,0
84149,1.0,1.3836695e-12,0
84150,0.99999964,3.6403358e-07,0
84151,1.0,9.13896e-09,0
84152,1.0,5.263441e-09,0
84153,0.99999726,2.7878598e-06,0
84154,1.0,9.390832e-09,0
84155,0.9999999,1.0523116e-07,0
84156,1.0,2.0839574e-14,0
84157,1.0,1.1227388e-10,0
84158,1.0,2.5276925e-08,0
84159,0.99999976,2.1566511e-07,0
84160,0.9999821,1.7927767e-05,0
84161,0.999997,2.928525e-06,0
84162,0.9999999,1.0944584e-07,0
84163,1.0,7.2616535e-10,0
84164,1.0,3.8359177e-10,0
84165,0.99999976,2.438791e-07,0
84166,0.99999475,5.301754e-06,0
84167,1.0,1.2814597e-10,0
84168,0.99999857,1.4436181e-06,0
84169,0.99999976,2.4708024e-07,0
84170,0.99998057,1.9424442e-05,0
84171,1.0,1.5333805e-08,0
84172,1.0,1.7830272e-10,0
84173,0.99999964,3.3501027e-07,0
84174,1.0,4.635697e-08,0
84175,0.99999964,3.3838722e-07,0
84176,1.0,1.6728192e-09,0
84177,1.0,9.627102e-10,0
84178,0.9999999,7.861332e-08,0
84179,1.0,3.3469835e-11,0
84180,1.0,8.07622e-12,0
84181,1.0,8.013155e-09,0
84182,1.0,2.575952e-10,0
84183,1.0,1.4935226e-09,0
84184,0.9999999,1.3385667e-07,0
84185,0.999998,2.0457835e-06,0
